4 0.43907156673114117 0.27388535031847133 0.44294003868471954 0.27909669947886506 0.44642166344294004 0.28044779000193015 0.45164410058027077 0.28044779000193015 0.4562862669245648 0.2777456089558 0.46034816247582205 0.2785176606832658 0.46131528046421666 0.28450106157112526 0.4611218568665377 0.2933796564369813 0.4636363636363636 0.30978575564562827 0.4634429400386847 0.3258058289905424 0.4644100580270793 0.3279289712410732 0.4669245647969052 0.33043813935533684 0.47059961315280463 0.3325612816058676 0.4738878143133462 0.3333333333333333 0.47504835589941974 0.3315962169465354 0.4758220502901354 0.3244547384674773 0.4781431334622824 0.31769928585215207 0.4781431334622824 0.31403204014668984 0.4769825918762089 0.31036479444122755 0.4827852998065764 0.3001351090523065 0.4851063829787234 0.289712410731519 0.48665377176015473 0.2870102296853889 0.49110251450676984 0.28295695811619376 0.5011605415860735 0.2686740011580776 0.5019342359767892 0.2617255356108859 0.4990328820116054 0.25149585022196486 0.4839458413926499 0.22389500096506465 0.47408123791102513 0.21984172939586952 0.4671179883945841 0.221385832850801 0.4640232108317215 0.22003474232773595 0.46034816247582205 0.21656050955414013 0.4566731141199226 0.21520941903107507 0.4529980657640232 0.21559544489480795 0.4497098646034816 0.2192626906002702 0.4388781431334623 0.2412661648330438 0.4381044487427466 0.2449334105385061 0.4379110251450677 0.2538120054043621 0.43907156673114117 0.27388535031847133
2 0.3723404255319149 0 0.3723404255319149 0.0019301293186643506 0.3736943907156673 0.004632310364794441 0.37311411992263055 0.005790387955993051 0.36963249516441005 0.005018336228527312 0.36924564796905224 0.006369426751592357 0.3659574468085106 0.008299556070256708 0.365183752417795 0.009650646593321753 0.35938104448742747 0.010229685388921057 0.3547388781431335 0.018915267322910635 0.35357833655705995 0.029337965643698127 0.35493230174081236 0.048253232966608765 0.3555125725338491 0.05037637521713955 0.36054158607350095 0.05771086662806408 0.3624758220502901 0.0704497201312488 0.3620889748549323 0.0748890175641768 0.36479690522243713 0.08511870295309786 0.3729206963249516 0.10364794441227562 0.37833655705996133 0.1129125651418645 0.38007736943907156 0.11503570739239528 0.3833655705996131 0.11696583671105965 0.3911025145067698 0.11657981084732677 0.39690522243713733 0.11522872032426172 0.4094777562862669 0.11059640995946729 0.41121856866537715 0.10866628064080293 0.4123791102514507 0.09940165991121405 0.4148936170212766 0.09168114263655665 0.41682785299806574 0.0820304960432349 0.41644100580270793 0.06755452615325226 0.41876208897485495 0.060992086469793476 0.41895551257253383 0.05655278903686547 0.416247582205029 0.04748118123914302 0.41353965183752417 0.04246284501061571 0.40831721470019344 0.04014668982821849 0.40425531914893614 0.0407257286238178 0.4011605415860735 0.039953676896352056 0.39729206963249514 0.03532136653155762 0.39709864603481626 0.02798687512063308 0.3988394584139265 0.0225825130283729 0.3980657640232108 0.018915267322910635 0.3945841392649903 0.014282956958116193 0.38568665377176015 0.005597375024126616 0.3823984526112186 0 0.3723404255319149 0
5 0.6011605415860735 0 0.6011605415860735 0.0017371163867979154 0.5990328820116054 0.003860258637328701 0.5951644100580271 0.010615711252653927 0.593036750483559 0.012545840571318278 0.5878143133462282 0.022389500096506466 0.5849129593810445 0.025863732870102296 0.5787234042553191 0.03956765103261919 0.5781431334622824 0.047288168307276585 0.5802707930367504 0.050955414012738856 0.5835589941972921 0.05385060799073538 0.5862669245647969 0.05848291835552982 0.5893617021276596 0.06079907353792704 0.5899419729206963 0.06272920285659139 0.5914893617021276 0.06408029337965644 0.5899419729206963 0.06794055201698514 0.5856866537717601 0.07025670719938236 0.5854932301740813 0.07122177185871453 0.5876208897485493 0.07450299170044393 0.5922630560928434 0.0754680563597761 0.5965827852998066 0.07353792704111176 0.5990328820116054 0.07353792704111176 0.6158607350096712 0.07778421154217333 0.6237911025145068 0.07624010808724184 0.6266924564796905 0.07430997876857749 0.6272727272727273 0.07122177185871453 0.6311411992263056 0.06562439683458791 0.6392649903288201 0.04362092260181432 0.641972920696325 0.025670719938235862 0.6423597678916828 0.017757189731712024 0.6454545454545455 0.008685581933989578 0.6450676982591876 0 0.6011605415860735 0
5 0.5381044487427467 0.1685002895193978 0.539651837524178 0.17371163867979156 0.5423597678916828 0.1789229878401853 0.5468085106382978 0.1833622852731133 0.5500967117988395 0.18567844045551052 0.5572533849129594 0.18645049218297627 0.5617021276595745 0.18239722061378114 0.5632495164410058 0.1785369619764524 0.5723404255319149 0.17216753522486006 0.5756286266924565 0.1679212507237985 0.5773694390715667 0.15827060413047675 0.5756286266924565 0.1370391816251689 0.5746615087040619 0.13453001351090524 0.5667311411992263 0.12275622466705269 0.5607350096711798 0.11908897896159043 0.5504835589941973 0.11870295309785756 0.5357833655705996 0.12198417293958695 0.5346228239845261 0.12352827639451844 0.5381044487427467 0.1685002895193978
5 0.41895551257253383 0.12700250916811426 0.42127659574468085 0.13530206523837096 0.4253384912959381 0.14456668596795985 0.4288201160541586 0.14495271183169273 0.4353965183752418 0.1474618799459564 0.43849129593810443 0.14726886701408995 0.4425531914893617 0.1459177764910249 0.44642166344294004 0.1426365566492955 0.4504835589941973 0.14051341439876472 0.4514506769825919 0.1333719359197066 0.44893617021276594 0.12468635398571705 0.4479690522243714 0.11812391430225826 0.4462282398452611 0.07353792704111176 0.4460348162475822 0.07083574599498166 0.4444874274661509 0.06871260374445087 0.44294003868471954 0.06794055201698514 0.44177949709864606 0.06851959081258445 0.43036750483558994 0.07990735379270411 0.4280464216634429 0.084732677089365 0.42727272727272725 0.09090909090909091 0.42088974854932304 0.10094576336614554 0.41779497098646035 0.11156147461879946 0.4176015473887814 0.1173518625747925 0.41895551257253383 0.12700250916811426
4 0.8336557059961315 0.4504921829762594 0.8462282398452611 0.45512449334105387 0.8504835589941973 0.45570353213665316 0.8591876208897485 0.45512449334105387 0.8762088974854932 0.4499131441806601 0.8810444874274661 0.4474039760663964 0.8843326885880077 0.4437367303609342 0.8874274661508704 0.4385253812005404 0.8889748549323018 0.43254198031268093 0.8889748549323018 0.42868172167535223 0.8872340425531915 0.4238563983786914 0.8845261121856867 0.41941710094576334 0.8802707930367505 0.4157498552403011 0.8765957446808511 0.41381972592163674 0.8663442940038685 0.41150357073923954 0.8601547388781431 0.41169658367110595 0.8423597678916828 0.41555684230843465 0.8377176015473888 0.41767998455896543 0.8340425531914893 0.42096120440069484 0.8313346228239845 0.4252074889017564 0.8292069632495165 0.4365952518818761 0.830174081237911 0.4460528855433314 0.8336557059961315 0.4504921829762594
5 0.3864603481624758 0.35881104033970274 0.38916827852998065 0.3696197645242231 0.411605415860735 0.3916232387569967 0.4150870406189555 0.3941324068712604 0.4183752417794971 0.39451843273499326 0.4210831721470019 0.3902721482339317 0.42224371373307545 0.3831306697548736 0.4193423597678917 0.37309399729781895 0.41528046421663445 0.3626712989770315 0.4123791102514507 0.34935340667824744 0.4106382978723404 0.3315962169465354 0.40870406189555125 0.3209805056938815 0.40754352030947777 0.31808531171588494 0.4054158607350097 0.3039953676896352 0.4044487427466151 0.3018722254391044 0.4011605415860735 0.29917004439297434 0.39729206963249514 0.3007141478479058 0.39032882011605413 0.30804863925883036 0.38916827852998065 0.3113298591005597 0.3882011605415861 0.32348967380814514 0.38568665377176015 0.3346844238563984 0.3854932301740812 0.3462651997683845 0.3864603481624758 0.35881104033970274
5 0.6752417794970986 0.1640609920864698 0.6787234042553192 0.16830727658753136 0.683752417794971 0.1702374059061957 0.6922630560928433 0.1702374059061957 0.7001934235976789 0.16425400501833623 0.7032882011605416 0.1592356687898089 0.7065764023210832 0.14861995753715498 0.7071566731141199 0.14398764717236054 0.7056092843326885 0.14186450492182975 0.6978723404255319 0.13530206523837096 0.6833655705996131 0.12758154796371357 0.6752417794970986 0.12430032812198417 0.6731141199226306 0.1298977031461108 0.6729206963249517 0.1343370005790388 0.6711798839458414 0.14032040146689828 0.6713733075435203 0.15441034549314805 0.6752417794970986 0.1640609920864698
4 0.5553191489361702 0.4217332561281606 0.5576402321083173 0.4252074889017564 0.5647969052224371 0.4252074889017564 0.567504835589942 0.4234703725149585 0.5686653771760155 0.42154024319629413 0.5692456479690522 0.41883806215016406 0.5692456479690522 0.40590619571511294 0.5686653771760155 0.4035900405327157 0.567504835589942 0.40262497587338353 0.5642166344294004 0.4068712603744451 0.5570599613152805 0.4201891526732291 0.5553191489361702 0.4217332561281606
4 0.516247582205029 0.46709129511677283 0.5222437137330754 0.47944412275622467 0.5290135396518375 0.48928778228141284 0.5328820116054158 0.4894807952132793 0.5336557059961315 0.4881297046902142 0.5334622823984526 0.4840764331210191 0.5299806576402321 0.47037251495850224 0.5307543520309478 0.459177764910249 0.5294003868471954 0.45744064852345107 0.5263056092843327 0.45589654506851957 0.5224371373307544 0.45570353213665316 0.520889748549323 0.45782667438718394 0.5174081237911026 0.4599498166377147 0.5152804642166344 0.46342404941131055 0.516247582205029 0.46709129511677283
4 0.5052224371373307 0.4003088206909863 0.5083172147001934 0.40243196294151706 0.5158607350096712 0.41053850607990733 0.5189555125725338 0.417486971627099 0.5206963249516441 0.41710094576336615 0.5222437137330754 0.4151708164447018 0.5222437137330754 0.40976645435244163 0.5206963249516441 0.3923952904844625 0.520889748549323 0.37309399729781895 0.5191489361702127 0.36942675159235666 0.5156673114119923 0.3684616869330245 0.5121856866537717 0.3688477127967574 0.5081237911025145 0.37270797143408607 0.504835589941973 0.3812005404362092 0.5038684719535783 0.3885350318471338 0.5038684719535783 0.3970276008492569 0.5052224371373307 0.4003088206909863
2 0.5119922630560928 0.5886894421926269 0.5137330754352031 0.5952518818760857 0.5183752417794971 0.600270218104613 0.5249516441005803 0.6049025284694074 0.5284332688588008 0.6162902914495271 0.5319148936170213 0.6228527311329859 0.5352030947775629 0.6270990156340475 0.5369439071566731 0.6332754294537734 0.5373307543520309 0.6404169079328315 0.5423597678916828 0.6510326191854854 0.5497098646034816 0.6608762787106737 0.555899419729207 0.6660876278710673 0.5607350096711798 0.6670526925303996 0.5700193423597679 0.6722640416907932 0.5746615087040619 0.6712989770314611 0.5889748549323017 0.6587531364601428 0.5918762088974855 0.6541208260953484 0.5924564796905223 0.6500675545261533 0.5909090909090909 0.6332754294537734 0.5911025145067699 0.6228527311329859 0.5874274661508704 0.5956379077398186 0.5825918762088975 0.5771086662806408 0.5794970986460348 0.5724763559158463 0.5765957446808511 0.5653348774367882 0.5752417794970986 0.5607025670719938 0.574468085106383 0.5535610885929357 0.5715667311411993 0.5502798687512064 0.567504835589942 0.5475776877050762 0.5640232108317215 0.5433314032040146 0.5551257253384912 0.5388921057710867 0.5502901353965184 0.5348388342018915 0.5468085106382978 0.5348388342018915 0.5435203094777563 0.5361899247249565 0.539651837524178 0.5358038988612237 0.5352030947775629 0.5383130669754873 0.5263056092843327 0.5475776877050762 0.5226305609284333 0.5495078170237406 0.5183752417794971 0.5531750627292028 0.5135396518375241 0.5608955800038603 0.5083172147001934 0.5744064852345108 0.5083172147001934 0.5819339895773017 0.5119922630560928 0.5886894421926269
2 0.3945841392649903 0.5707392395290485 0.3967117988394584 0.5776877050762401 0.39961315280464216 0.5834780930322332 0.40077369439071564 0.5886894421926269 0.4019342359767892 0.602007334491411 0.4021276595744681 0.619764524223123 0.40618955512572535 0.6338544682493727 0.4172147001934236 0.645049218297626 0.42166344294003866 0.647751399343756 0.4249516441005803 0.6489094769349546 0.4290135396518375 0.6489094769349546 0.4357833655705996 0.6467863346844238 0.4400386847195358 0.644663192433893 0.4437137330754352 0.6411889596602972 0.4450676982591876 0.6375217139548349 0.44545454545454544 0.6332754294537734 0.4497098646034816 0.6292221578845782 0.45164410058027077 0.6232387569967188 0.4570599613152805 0.5925497008299556 0.460541586073501 0.5840571318278325 0.4618955512572534 0.5664929550279869 0.46421663442940037 0.557228334298398 0.46460348162475823 0.5371549893842887 0.4634429400386847 0.5313646014282957 0.46131528046421666 0.5282763945184328 0.44777562862669246 0.5155375410152481 0.43965183752417797 0.5112912565141865 0.4290135396518375 0.5099401659911214 0.4145067698259188 0.5105192047867207 0.41121856866537715 0.5114842694460529 0.40773694390715665 0.5138004246284501 0.4044487427466151 0.5180467091295117 0.39729206963249514 0.5334877436788265 0.39439071566731143 0.5444894807952133 0.39400386847195357 0.5655278903686547 0.3945841392649903 0.5707392395290485
2 0.4640232108317215 0.6423470372514959 0.4626692456479691 0.6471723605481567 0.4620889748549323 0.6548928778228141 0.46595744680851064 0.6645435244161358 0.467504835589942 0.671685002895194 0.4671179883945841 0.6794055201698513 0.46769825918762087 0.6824937270797143 0.47408123791102513 0.6994788650839606 0.4738878143133462 0.707199382358618 0.47524177949709867 0.7168500289519398 0.47891682785299805 0.7270797143408608 0.4808510638297872 0.7373093997297819 0.4808510638297872 0.741362671298977 0.48239845261121855 0.74445087820884 0.4847195357833656 0.7459949816637714 0.4947775628626692 0.7467670333912372 0.5 0.748890175641768 0.5085106382978724 0.750241266164833 0.5123791102514507 0.7494692144373672 0.5143133462282399 0.7477320980505694 0.5170212765957447 0.7394325419803127 0.5239845261121857 0.7342211928199189 0.5268858800773695 0.7307469600463231 0.5334622823984526 0.7062343176992859 0.535009671179884 0.6797915460335843 0.535009671179884 0.6601042269832079 0.5353965183752418 0.6539278131634819 0.5363636363636364 0.6506465933217526 0.5336557059961315 0.6377147268867014 0.5336557059961315 0.6336614553175063 0.5323017408123791 0.6267129897703146 0.527852998065764 0.6224667052692531 0.5259187620889748 0.6170623431769928 0.5259187620889748 0.6128160586759313 0.5243713733075436 0.6120440069484655 0.5228239845261122 0.6093418259023354 0.5189555125725338 0.6058675931287396 0.511798839458414 0.6050955414012739 0.506963249516441 0.6066396448562054 0.504835589941973 0.6056745801968731 0.49729206963249517 0.6074116965836711 0.49284332688588006 0.6049025284694074 0.490715667311412 0.604709515537541 0.4878143133462282 0.6058675931287396 0.4700193423597679 0.6228527311329859 0.4667311411992263 0.6249758733835167 0.4636363636363636 0.6290291449527118 0.4622823984526112 0.6336614553175063 0.46170212765957447 0.6371356880911021 0.4640232108317215 0.6423470372514959
4 0.5203094777562862 0.7515923566878981 0.5222437137330754 0.7558386411889597 0.5249516441005803 0.7589268480988226 0.5292069632495164 0.7604709515537541 0.5390715667311412 0.7624010808724184 0.5433268858800774 0.7620150550086856 0.5462282398452611 0.7598919127581548 0.5524177949709864 0.7531364601428295 0.5547388781431335 0.7475390851187029 0.558027079303675 0.7320980505693881 0.5586073500967118 0.714726886701409 0.5624758220502901 0.7000579038795599 0.562862669245648 0.6882841150357074 0.564990328820116 0.6830727658753136 0.5663442940038684 0.6749662227369234 0.5636363636363636 0.6712989770314611 0.5560928433268859 0.6680177571897317 0.5493230174081238 0.6635784597568037 0.5471953578336557 0.6602972399150743 0.5446808510638298 0.65836711059641 0.5427466150870406 0.6545068519590812 0.5398452611218568 0.6521906967766841 0.5377176015473888 0.6537348002316156 0.5363636363636364 0.6574020459370777 0.5357833655705996 0.6830486392588303 0.5342359767891682 0.7039181625168887 0.5313346228239846 0.7185871453387377 0.5270793036750484 0.7317120247056553 0.521083172147002 0.7378884385253812 0.5168278529980658 0.7446438911407064 0.5166344294003868 0.7481181239143022 0.5203094777562862 0.7515923566878981
4 0.42649903288201163 0.7411696583671106 0.4305609284332689 0.7724377533294731 0.43384912959381045 0.7828604516502605 0.4367504835589942 0.7867207102875893 0.43965183752417797 0.7884578266743871 0.4462282398452611 0.7905809689249179 0.4566731141199226 0.7907739818567844 0.460541586073501 0.7888438525381201 0.46808510638297873 0.7751399343756031 0.47678916827852996 0.7517853696197645 0.4796905222437137 0.741362671298977 0.4796905222437137 0.7346072186836518 0.4748549323017408 0.7158849642926076 0.4738878143133462 0.7056552789036865 0.474468085106383 0.7023740590619572 0.4731141199226306 0.693881490059834 0.46731141199226306 0.6817216753522486 0.46769825918762087 0.6776684037830535 0.4657640232108317 0.6732291063501255 0.46421663442940037 0.671685002895194 0.4634429400386847 0.6691758347809303 0.46150870406189554 0.6687898089171974 0.45938104448742745 0.6664736537348003 0.45899419729206964 0.6647365373480023 0.4562862669245648 0.661455317506273 0.4531914893617021 0.6602972399150743 0.4497098646034816 0.6608762787106737 0.4475822050290135 0.6653155761436016 0.44429400386847195 0.6653155761436016 0.4425531914893617 0.6631924338930708 0.44197292069632493 0.6651225632117352 0.4427466150870406 0.6676317313259988 0.4410058027079304 0.6705269253039954 0.4353965183752418 0.6751592356687898 0.42862669245647966 0.7305539471144566 0.42649903288201163 0.7411696583671106
3 0 0.6421540243196294 0.0015473887814313346 0.6421540243196294 0.004835589941972921 0.6396448562053657 0.010444874274661509 0.6336614553175063 0.012379110251450677 0.6272920285659139 0.017408123791102514 0.6168693302451265 0.018568665377176014 0.6022003474232773 0.02147001934235977 0.5925497008299556 0.020889748549323017 0.5884964292607605 0.0183752417794971 0.5811619378498359 0.015473887814313346 0.5607025670719938 0.009671179883945842 0.5502798687512064 0.005222437137330754 0.5454545454545454 0.0017408123791102514 0.5437174290677476 0 0.5437174290677476 0 0.6421540243196294
4 0.1195357833655706 0.9152673229106351 0.12437137330754353 0.9220227755259602 0.12940038684719535 0.9262690600270218 0.1344294003868472 0.925883034163289 0.1415860735009671 0.9222157884578267 0.14584139264990328 0.9187415556842309 0.14796905222437137 0.9158463617062343 0.14970986460348162 0.9114070642733063 0.15106382978723404 0.9044585987261147 0.15164410058027078 0.8953869909283922 0.15087040618955513 0.8903686546998649 0.14874274661508705 0.885543331403204 0.1450676982591876 0.8807180081065431 0.14390715667311413 0.8770507624010808 0.14216634429400388 0.8795599305153445 0.14061895551257253 0.8801389693109438 0.13636363636363635 0.8868944219262691 0.12978723404255318 0.8924917969503957 0.12572533849129594 0.9005983400887859 0.11972920696324951 0.9079328314997105 0.11914893617021277 0.910828025477707 0.1195357833655706 0.9152673229106351