3 0.3477756286266925 0.21578845782667438 0.34874274661508703 0.2181046130090716 0.351257253384913 0.22042076819146883 0.3526112185686654 0.22061378112333527 0.35589941972920697 0.21675352248600657 0.3572533849129594 0.2109631345300135 0.3620889748549323 0.20304960432348967 0.362862669245648 0.19918934568616098 0.36015473887814314 0.19281991893456862 0.3560928433268859 0.19031075082030496 0.35145067698259186 0.19088978961590428 0.34796905222437136 0.19417100945763366 0.3468085106382979 0.1970662034356302 0.34622823984526113 0.20343563018722255 0.3477756286266925 0.21578845782667438
4 0.3367504835589942 0.2240880138969311 0.33849129593810445 0.22543910441999615 0.3425531914893617 0.22447403976066396 0.34622823984526113 0.21945570353213664 0.3473887814313346 0.2142443543717429 0.3470019342359768 0.2059447983014862 0.34545454545454546 0.20169851380042464 0.34410058027079304 0.20034742327735958 0.341779497098646 0.19957537154989385 0.3381044487427466 0.2026635784597568 0.334816247582205 0.21443736730360935 0.3346228239845261 0.21945570353213664 0.3367504835589942 0.2240880138969311
5 0.8032882011605416 0.14726886701408995 0.804642166344294 0.14765489287782282 0.8071566731141199 0.14765489287782282 0.8106382978723404 0.14553175062729204 0.8150870406189555 0.14070642733063116 0.8160541586073501 0.1372321945570353 0.8147001934235977 0.13472302644277168 0.8108317214700194 0.13066975487357652 0.8034816247582205 0.1337579617834395 0.8 0.1370391816251689 0.8003868471953578 0.14418066010422698 0.8032882011605416 0.14726886701408995
5 0.8001934235976789 0.21270025091681144 0.8073500967117988 0.2098050569388149 0.8106382978723404 0.20497973364215402 0.8127659574468085 0.19938235861802742 0.8125725338491296 0.1933989577301679 0.8108317214700194 0.19031075082030496 0.8071566731141199 0.19031075082030496 0.8050290135396518 0.19185485427523644 0.7998065764023211 0.19938235861802742 0.7980657640232108 0.203628643119089 0.7980657640232108 0.20883999227948272 0.8001934235976789 0.21270025091681144
5 0.7738878143133462 0.25303995367689636 0.7793036750483558 0.2559351476548929 0.7825918762088975 0.2540050183362285 0.7856866537717602 0.24802161744836904 0.7872340425531915 0.24184520362864312 0.7862669245647969 0.23489673808145145 0.7849129593810444 0.23277359583092067 0.7829787234042553 0.23084346651225632 0.7793036750483558 0.2323875699671878 0.7750483558994198 0.2368268674001158 0.7725338491295938 0.24184520362864312 0.772147001934236 0.24512642347037253 0.7738878143133462 0.25303995367689636
5 0.7481624758220503 0.24917969503956766 0.75357833655706 0.24995174676703338 0.7584139264990328 0.24802161744836904 0.7617021276595745 0.24474039760663965 0.762669245647969 0.24184520362864312 0.762669245647969 0.23779193205944799 0.7601547388781431 0.2323875699671878 0.7588007736943907 0.23103647944412276 0.7553191489361702 0.22987840185292416 0.7510638297872341 0.23200154410345494 0.7489361702127659 0.2356687898089172 0.7470019342359768 0.24203821656050956 0.7468085106382979 0.2457054622659718 0.7481624758220503 0.24917969503956766
5 0.8268858800773694 0.2968538892105771 0.8280464216634429 0.2980119668017757 0.8350096711798839 0.29878401852924147 0.8390715667311412 0.29530978575564565 0.8421663442940038 0.2873962555491218 0.8423597678916828 0.28430804863925885 0.8419729206963249 0.2817988805249952 0.8384912959381045 0.2746574020459371 0.8350096711798839 0.2748504149778035 0.8270793036750483 0.28295695811619376 0.8263056092843327 0.28488708743485813 0.8261121856866538 0.29318664350511486 0.8268858800773694 0.2968538892105771
4 0.8522243713733075 0.25921636749662225 0.8537717601547389 0.26288361320208453 0.8558994197292069 0.2648137425207489 0.8628626692456479 0.2621115614746188 0.8657640232108317 0.25863732870102296 0.8671179883945841 0.2526539278131635 0.8665377176015474 0.24647751399343756 0.8638297872340426 0.2412661648330438 0.8597678916827853 0.23933603551437946 0.8562862669245648 0.2401080872418452 0.8541586073500967 0.2412661648330438 0.8514506769825919 0.24512642347037253 0.851063829787234 0.25246091488129707 0.8522243713733075 0.25921636749662225
4 0.8148936170212766 0.30476741941710095 0.8172147001934236 0.3059254970082996 0.8206963249516441 0.3059254970082996 0.8247582205029014 0.3038023547577688 0.8268858800773694 0.3003281219841729 0.8272727272727273 0.2966608762787107 0.8243713733075435 0.28990542366338545 0.8241779497098646 0.28276394518432735 0.8235976789168279 0.2819918934568616 0.8206963249516441 0.2814128546612623 0.8176015473887814 0.2850801003667246 0.8139264990328821 0.2951167728237792 0.8137330754352031 0.30148619957537154 0.8148936170212766 0.30476741941710095
4 0.844100580270793 0.34568616097278515 0.8452611218568665 0.3480023161551824 0.8489361702127659 0.3474232773595831 0.8516441005802708 0.34510712217718587 0.8537717601547389 0.3406678247442579 0.8549323017408124 0.33217525574213475 0.8549323017408124 0.3277359583092067 0.8539651837524178 0.3248407643312102 0.8524177949709865 0.32175255742134723 0.8506769825918762 0.3204014668982822 0.8491295938104448 0.31962941517081644 0.8466150870406189 0.3200154410345493 0.8450676982591876 0.32078749276201507 0.8421663442940038 0.3277359583092067 0.8417794970986461 0.3319822428102683 0.844100580270793 0.34568616097278515
4 0.8305609284332689 0.34549314804091874 0.8350096711798839 0.35263462651997685 0.8384912959381045 0.3568809110210384 0.8415860735009671 0.3555298204979734 0.8446808510638298 0.34896738081451456 0.8419729206963249 0.3364215402431963 0.8384912959381045 0.3333333333333333 0.8348162475822051 0.3335263462651998 0.8326885880077369 0.3346844238563984 0.8297872340425532 0.33835166956186064 0.8295938104448742 0.3424049411310558 0.8305609284332689 0.34549314804091874
5 0.313926499032882 0.3514765489287782 0.32108317214700194 0.3516695618606447 0.3230174081237911 0.34877436788264815 0.32359767891682784 0.3445280833815866 0.32321083172147 0.33835166956186064 0.32147001934235975 0.33449141092453194 0.31798839458413924 0.33275429453773403 0.31411992263056093 0.33275429453773403 0.31199226305609284 0.3348774367882648 0.3104448742746615 0.3387376954255935 0.31063829787234043 0.3495464196101139 0.313926499032882 0.3514765489287782
5 0.3156673114119923 0.37579617834394907 0.3191489361702128 0.3852538120054044 0.32456479690522244 0.3893070835745995 0.3282398452611219 0.3893070835745995 0.3321083172147002 0.38776298011966803 0.3342359767891683 0.38390272148233934 0.3342359767891683 0.3798494499131442 0.33268858800773693 0.37521713954834973 0.32978723404255317 0.37135688091102104 0.3274661508704062 0.36904072572862384 0.32456479690522244 0.36768963520555875 0.3187620889748549 0.3682686740011581 0.31682785299806576 0.36923373866049025 0.31586073500967116 0.37077784211542175 0.3152804642166344 0.37251495850221966 0.3156673114119923 0.37579617834394907
5 0.2918762088974855 0.3719359197066203 0.2936170212765957 0.3738660490252847 0.2965183752417795 0.37521713954834973 0.3 0.3740590619571511 0.30251450676982594 0.3711638679791546 0.30464216634429403 0.3663385446824937 0.30464216634429403 0.3557228334298398 0.3011605415860735 0.3539857170430419 0.2940038684719536 0.35456475583864117 0.290715667311412 0.35668789808917195 0.28936170212765955 0.3607411696583671 0.2895551257253385 0.3665315576143602 0.2918762088974855 0.3719359197066203
5 0.2866537717601547 0.41555684230843465 0.290715667311412 0.4159428681721675 0.29342359767891685 0.41536382937656824 0.29690522243713735 0.41150357073923954 0.2986460348162476 0.40783632503377726 0.3 0.40108087241845203 0.2988394584139265 0.38950009650646594 0.29690522243713735 0.386411889596603 0.29342359767891685 0.3871839413240687 0.2874274661508704 0.3947114456668597 0.28568665377176017 0.3991507430997877 0.28433268858800775 0.4089944026249759 0.28471953578336556 0.41343370005790386 0.2866537717601547 0.41555684230843465
2 0.3009671179883946 0.4012738853503185 0.30193423597678914 0.40281798880524994 0.3056092843326886 0.40667824744257863 0.31102514506769824 0.40995946728430804 0.31411992263056093 0.4107315190117738 0.31760154738878144 0.4089944026249759 0.3191489361702128 0.40590619571511294 0.3197292069632495 0.40165991121405137 0.3197292069632495 0.3869909283922023 0.31856866537717604 0.38351669561860646 0.3156673114119923 0.37869137232194555 0.31102514506769824 0.3759891912758155 0.30676982591876206 0.3761822042076819 0.30154738878143134 0.3790773981856784 0.29845261121856864 0.38409573441420575 0.297678916827853 0.3869909283922023 0.3009671179883946 0.4012738853503185
2 0.21566731141199227 0.40050183362285274 0.21992263056092842 0.40552016985138006 0.2241779497098646 0.40783632503377726 0.23017408123791103 0.4051341439876472 0.23520309477756285 0.40011580775911987 0.23771760154738877 0.3964485620536576 0.24119922630560928 0.3866049025284694 0.2413926499032882 0.37676124300328123 0.2400386847195358 0.36981277745608954 0.2381044487427466 0.3678826481374252 0.2344294003868472 0.36595251881876084 0.2311411992263056 0.3661455317506273 0.2297872340425532 0.36711059640995947 0.22263056092843328 0.3759891912758155 0.2170212765957447 0.3869909283922023 0.21528046421663444 0.3925883034163289 0.2148936170212766 0.3977996525767226 0.21566731141199227 0.40050183362285274
3 0.24294003868471953 0.386411889596603 0.24468085106382978 0.38776298011966803 0.24816247582205028 0.3883420189152673 0.2524177949709865 0.38737695425593516 0.25570599613152806 0.3850607990735379 0.25918762088974856 0.38042848870874346 0.2646034816247582 0.3705848291835553 0.2653771760154739 0.3667245705462266 0.26518375241779496 0.3626712989770315 0.2636363636363636 0.35823200154410345 0.2618955512572534 0.35591584636170626 0.2586073500967118 0.35417872997490835 0.2545454545454545 0.35437174290677476 0.2506769825918762 0.3555298204979734 0.2470019342359768 0.3591970662034356 0.24197292069632495 0.3701988033198224 0.2415860735009671 0.3810075275043428 0.24294003868471953 0.386411889596603
3 0.2495164410058027 0.3346844238563984 0.2545454545454545 0.3391237212893264 0.2618955512572534 0.3414398764717236 0.2690522243713733 0.3408608376761243 0.2733075435203095 0.3393167342211928 0.2771760154738878 0.3350704497201312 0.27872340425531916 0.33082416521906965 0.27949709864603484 0.3244547384674773 0.27891682785299804 0.32310364794441226 0.27640232108317214 0.32117351862574794 0.27214700193423597 0.32117351862574794 0.26518375241779496 0.32310364794441226 0.25822050290135395 0.3263848677861417 0.2514506769825919 0.3279289712410732 0.2493230174081238 0.33005211349160396 0.24874274661508705 0.33236826867400115 0.2495164410058027 0.3346844238563984
4 0.19787234042553192 0.40764331210191085 0.19941972920696324 0.40976645435244163 0.20270793036750484 0.4113105578073731 0.2079303675048356 0.4107315190117738 0.21083172147001933 0.40841536382937654 0.21199226305609284 0.404169079328315 0.21353965183752419 0.3900791353020652 0.21295938104448742 0.38409573441420575 0.21179883945841393 0.38042848870874346 0.2102514506769826 0.37849835939007914 0.20696324951644102 0.37656823007141477 0.20309477756286268 0.3756031654120826 0.2 0.3798494499131442 0.1974854932301741 0.3869909283922023 0.19690522243713732 0.3970276008492569 0.19787234042553192 0.40764331210191085
4 0.18916827852998067 0.38737695425593516 0.19226305609284333 0.3883420189152673 0.19613152804642167 0.3883420189152673 0.19690522243713732 0.38756996718780157 0.20193423597678917 0.37695425593514764 0.20309477756286268 0.37290098436595254 0.20309477756286268 0.36382937656823006 0.202321083172147 0.36151322138583286 0.19961315280464217 0.3586180274078363 0.19709864603481625 0.3611271955221 0.19458413926499032 0.36711059640995947 0.18897485493230173 0.37483111368461686 0.18588007736943907 0.3821656050955414 0.18588007736943907 0.3842887473460722 0.18916827852998067 0.38737695425593516
4 0.17311411992263057 0.3385446824937271 0.17466150870406189 0.33970276008492567 0.18916827852998067 0.3414398764717236 0.19264990328820117 0.3393167342211928 0.19632495164410058 0.3350704497201312 0.19690522243713732 0.3279289712410732 0.19593810444874274 0.3261918548542752 0.19400386847195358 0.32522679019494305 0.1897485493230174 0.32464775139934376 0.18529980657640233 0.32503377726307664 0.17485493230174082 0.3275429453773403 0.172147001934236 0.33178922987840187 0.17176015473887815 0.3354564755838641 0.17311411992263057 0.3385446824937271
5 0.15570599613152805 0.38042848870874346 0.15802707930367504 0.38235861802740784 0.16131528046421664 0.3829376568230071 0.16595744680851063 0.3756031654120826 0.17504835589941972 0.3661455317506273 0.1758220502901354 0.3634433507044972 0.17524177949709865 0.3607411696583671 0.17176015473887815 0.3595830920671685 0.16827852998065765 0.3622852731132986 0.1609284332688588 0.3661455317506273 0.15725338491295937 0.36923373866049025 0.15531914893617021 0.3732870102296854 0.15473887814313347 0.3771472688670141 0.15570599613152805 0.38042848870874346
4 0.14235976789168278 0.43176992858521523 0.14680851063829786 0.43736730360934184 0.15087040618955513 0.43968345879173903 0.1541586073500967 0.43563018722254393 0.1576402321083172 0.42636556649295504 0.15899419729206962 0.4252074889017564 0.15841392649903288 0.42250530785562634 0.15918762088974855 0.4184520362864312 0.15667311411992263 0.40822235089751013 0.15473887814313347 0.4053271569195136 0.15087040618955513 0.40378305346458215 0.14429400386847197 0.4074502991700444 0.14177949709864604 0.4113105578073731 0.14119922630560927 0.4211542173325613 0.14235976789168278 0.43176992858521523
4 0.09284332688588008 0.42211928199189347 0.09497098646034816 0.42443543717429066 0.09864603481624758 0.42597954062922216 0.10251450676982592 0.42482146303802354 0.10502901353965184 0.42154024319629413 0.10773694390715667 0.413047674194171 0.10831721470019343 0.4074502991700444 0.10715667311411992 0.404169079328315 0.1058027079303675 0.40281798880524994 0.10212765957446808 0.4014668982821849 0.09516441005802707 0.4003088206909863 0.09206963249516441 0.40223895000965065 0.09052224371373307 0.408608376761243 0.09052224371373307 0.4163288940359004 0.09284332688588008 0.42211928199189347
4 0.12321083172147002 0.4807952132792897 0.12804642166344293 0.4811812391430226 0.13539651837524178 0.47790001930129317 0.13868471953578337 0.4746187994595638 0.1415860735009671 0.46998648909476937 0.14390715667311413 0.460528855433314 0.14294003868471952 0.4566685967959853 0.13713733075435203 0.4528083381586566 0.13288201160541585 0.45184327349932446 0.13172147001934237 0.4530013510905231 0.13017408123791102 0.4570546226597182 0.1276595744680851 0.4582127002509168 0.12243713733075436 0.46458212700250917 0.12108317214700193 0.47037251495850224 0.1206963249516441 0.4775139934375603 0.12321083172147002 0.4807952132792897
4 0.109284332688588 0.4811812391430226 0.11257253384912959 0.4819532908704883 0.11566731141199227 0.4811812391430226 0.11972920696324951 0.4773209805056939 0.12088974854932302 0.46342404941131055 0.1195357833655706 0.46168693302451264 0.11624758220502901 0.4599498166377147 0.11179883945841393 0.45898475197838257 0.109284332688588 0.45570353213665316 0.10541586073500966 0.46998648909476937 0.10541586073500966 0.47712796757382747 0.109284332688588 0.4811812391430226
4 0.08781431334622825 0.4786720710287589 0.09439071566731141 0.476934954641961 0.102321083172147 0.47654892877822813 0.10367504835589941 0.4746187994595638 0.10406189555125725 0.4707585408222351 0.10386847195357833 0.46342404941131055 0.10251450676982592 0.45898475197838257 0.09922630560928433 0.45724763559158466 0.09593810444874275 0.4568616097278518 0.09206963249516441 0.4585987261146497 0.0885880077369439 0.46342404941131055 0.08588007736943908 0.4750048253232967 0.08568665377176016 0.4775139934375603 0.08781431334622825 0.4786720710287589
4 0.10858143133462282 0.44866415749855243 0.11164003868471953 0.4573119088978962 0.12744294003868473 0.45985543331403206 0.13254061895551258 0.45222505307855626 0.12642340425531914 0.44612082609534837 0.12948201160541586 0.43696429260760467 0.12234526112185687 0.43391217911600083 0.11520851063829789 0.44103397027600844 0.10858143133462282 0.44866415749855243
4 0.10657640232108317 0.5255742134723026 0.10754352030947775 0.5329087048832272 0.11102514506769826 0.5392781316348195 0.1127659574468085 0.5410152480216175 0.11624758220502901 0.5414012738853503 0.12205029013539652 0.5383130669754873 0.12379110251450677 0.5361899247249565 0.12437137330754353 0.5325226790194943 0.12166344294003868 0.5240301100173712 0.11992263056092843 0.5134143987647173 0.11760154738878142 0.50839606253619 0.11624758220502901 0.5072379849449913 0.11295938104448743 0.5062729202856592 0.10909090909090909 0.5070449720131249 0.10599613152804642 0.5118702953097858 0.10483558994197292 0.5165026056745802 0.104642166344294 0.5193977996525767 0.10657640232108317 0.5255742134723026
4 0.0851063829787234 0.5253812005404362 0.08820116054158607 0.5271183169272341 0.09187620889748549 0.5269253039953677 0.09381044487427466 0.5259602393360355 0.09671179883945841 0.5236440841536383 0.09748549323017408 0.521713954834974 0.09941972920696325 0.5093611271955221 0.09864603481624758 0.5058868944219262 0.09671179883945841 0.5047288168307277 0.09206963249516441 0.5039567651032619 0.08781431334622825 0.5039567651032619 0.0851063829787234 0.5049218297625941 0.08413926499032882 0.5072379849449913 0.08297872340425531 0.5153445280833816 0.08317214700193423 0.5226790194943061 0.0851063829787234 0.5253812005404362
5 0.08878143133462282 0.5502798687512064 0.09187620889748549 0.5552982049797336 0.09535783365570599 0.555877243775333 0.0988394584139265 0.5539471144566686 0.10328820116054159 0.5444894807952133 0.10483558994197292 0.5352248600656244 0.10386847195357833 0.5292414591777649 0.10212765957446808 0.5271183169272341 0.0988394584139265 0.5251881876085698 0.0932301740812379 0.5265392781316348 0.09168278529980657 0.5273113298591006 0.09052224371373307 0.5290484462458985 0.08936170212765958 0.5352248600656244 0.08839458413926499 0.5464196101138776 0.08878143133462282 0.5502798687512064
4 0.1595744680851064 0.5915846361706234 0.16150870406189555 0.5952518818760857 0.16499032882011605 0.5993051534452808 0.16750483558994197 0.5998841922408802 0.17195357833655706 0.5993051534452808 0.17485493230174082 0.5954448948079522 0.17756286266924565 0.5815479637135688 0.17775628626692455 0.5745994981663771 0.1760154738878143 0.5690021231422505 0.17176015473887815 0.5653348774367882 0.16769825918762088 0.5651418645049219 0.16518375241779498 0.5659139162323875 0.16228239845261122 0.5686160972785177 0.16034816247582204 0.5726693688477128 0.15918762088974855 0.5776877050762401 0.15860735009671179 0.5850221964871647 0.1595744680851064 0.5915846361706234
4 0.13075435203094776 0.6128160586759313 0.13365570599613152 0.6151322138583285 0.13713733075435203 0.615325226790195 0.14042553191489363 0.6145531750627292 0.14429400386847197 0.6081837483111369 0.14680851063829786 0.6022003474232773 0.14912959381044488 0.5921636749662227 0.14816247582205028 0.588303416328894 0.14410058027079303 0.5834780930322332 0.14081237911025146 0.5823200154410345 0.13771760154738877 0.582513028372901 0.13597678916827852 0.5834780930322332 0.13307543520309478 0.5886894421926269 0.1288201160541586 0.6018143215595445 0.1290135396518375 0.6085697741748697 0.13075435203094776 0.6128160586759313
4 0.15589941972920696 0.5392781316348195 0.15512572533849128 0.5471916618413434 0.15725338491295937 0.5502798687512064 0.16150870406189555 0.5502798687512064 0.1644100580270793 0.5477707006369427 0.1655705996131528 0.543910441999614 0.16595744680851063 0.5329087048832272 0.16479690522243715 0.524802161744837 0.16382978723404254 0.5226790194943061 0.16131528046421664 0.5209419031075082 0.1560928433268859 0.5257672264041691 0.15357833655705996 0.5294344721096313 0.15589941972920696 0.5392781316348195
2 0.12804642166344293 0.5776877050762401 0.13346228239845262 0.5800038602586374 0.13849129593810444 0.5790387955993052 0.14177949709864604 0.5740204593707778 0.14216634429400388 0.5707392395290485 0.14100580270793037 0.5676510326191855 0.13017408123791102 0.5614746187994596 0.12669245647969052 0.5607025670719938 0.12611218568665378 0.5622466705269253 0.12591876208897484 0.5713182783246478 0.12804642166344293 0.5776877050762401
5 0.16344294003868473 0.6222736923373866 0.16576402321083172 0.6305732484076433 0.1690522243713733 0.6379077398185679 0.17098646034816248 0.6475583864118896 0.1725338491295938 0.649488515730554 0.17504835589941972 0.650839606253619 0.1793036750483559 0.6500675545261533 0.181431334622824 0.6485234510712218 0.1829787234042553 0.6448562053657595 0.18375241779497098 0.6342404941131056 0.17988394584139264 0.6056745801968731 0.1781431334622824 0.6029723991507431 0.17543520309477756 0.6008492569002123 0.16827852998065765 0.6023933603551438 0.16595744680851063 0.6056745801968731 0.1644100580270793 0.6112719552209998 0.1632495164410058 0.6187994595637908 0.16344294003868473 0.6222736923373866
4 0.12920696324951644 0.6427330631152287 0.13365570599613152 0.6462072958888245 0.13713733075435203 0.6465933217525575 0.1381044487427466 0.6460142829569581 0.14042553191489363 0.6429260760470952 0.14758220502901354 0.6267129897703146 0.14758220502901354 0.6226597182011194 0.14680851063829786 0.621115614746188 0.14197292069632494 0.6157112526539278 0.1402321083172147 0.6151322138583285 0.13346228239845262 0.6176413819725922 0.12843326885880077 0.6342404941131056 0.12785299806576403 0.6373287010229686 0.12920696324951644 0.6427330631152287
5 0.14119922630560927 0.6546998648909477 0.14410058027079303 0.6585601235282764 0.1470019342359768 0.6595251881876085 0.15106382978723404 0.6585601235282764 0.15570599613152805 0.6545068519590812 0.1597678916827853 0.6429260760470952 0.15996131528046423 0.629994209612044 0.15783365570599614 0.6267129897703146 0.15493230174081238 0.6257479251109824 0.15087040618955513 0.6263269639065817 0.14738878143133463 0.6296081837483112 0.14274661508704062 0.6379077398185679 0.14119922630560927 0.645049218297626 0.14061895551257253 0.650839606253619 0.14119922630560927 0.6546998648909477
5 0.2241779497098646 0.5641767998455897 0.2274661508704062 0.5695811619378498 0.2309477756286267 0.5703532136653156 0.23423597678916827 0.5670719938235862 0.23539651837524178 0.5589654506851959 0.2346228239845261 0.5495078170237406 0.23191489361702128 0.5425593514765489 0.23056092843326886 0.5412082609534838 0.22785299806576403 0.5404362092260181 0.22572533849129595 0.5412082609534838 0.22379110251450676 0.543910441999614 0.22263056092843328 0.5495078170237406 0.22243713733075435 0.5578073730939973 0.2241779497098646 0.5641767998455897
5 0.365183752417795 0.6554719166184134 0.3694390715667311 0.6570160200733449 0.37446808510638296 0.6572090330052114 0.3773694390715667 0.6562439683458792 0.3802707930367505 0.6537348002316156 0.3833655705996131 0.6475583864118896 0.38355899419729206 0.6435051148426945 0.38181818181818183 0.6406099208646979 0.38007736943907156 0.6394518432734994 0.37659574468085105 0.6386797915460336 0.3735009671179884 0.6392588303416329 0.3655705996131528 0.6427330631152287 0.36228239845261123 0.6479444122756225 0.36228239845261123 0.6516116579810848 0.365183752417795 0.6554719166184134
5 0.27562862669245647 0.6653155761436016 0.2793036750483559 0.6670526925303996 0.28239845261121854 0.6612623045744065 0.2835589941972921 0.6487164640030882 0.2831721470019342 0.6390658174097664 0.27988394584139265 0.6350125458405713 0.27678916827853 0.6359776104999035 0.2748549323017408 0.6382937656823007 0.2723404255319149 0.6471723605481567 0.27253384912959383 0.661455317506273 0.27562862669245647 0.6653155761436016
5 0.4878143133462282 0.5734414205751786 0.4912959381044487 0.5755645628257093 0.49497098646034815 0.5761436016213086 0.49671179883945843 0.5753715498938429 0.497678916827853 0.5744064852345108 0.4992263056092843 0.5695811619378498 0.5009671179883946 0.5589654506851959 0.5003868471953579 0.5512449334105385 0.49806576402321084 0.5446824937270797 0.49110251450676984 0.5442964678633468 0.48936170212765956 0.5462265971820112 0.48800773694390714 0.5502798687512064 0.486073500967118 0.5624396834587917 0.4862669245647969 0.5680370584829183 0.4878143133462282 0.5734414205751786
5 0.5040618955512572 0.5813549507817024 0.504835589941973 0.5823200154410345 0.5085106382978724 0.5836711059640995 0.5123791102514507 0.5828990542366339 0.513926499032882 0.5815479637135688 0.5152804642166344 0.5782667438718394 0.518762088974855 0.5610885929357267 0.518568665377176 0.557228334298398 0.5156673114119923 0.5522099980698707 0.5119922630560928 0.5518239722061378 0.5054158607350097 0.5551051920478672 0.502127659574468 0.5556842308434665 0.5005802707930368 0.5634047481181239 0.5009671179883946 0.5747925110982436 0.5040618955512572 0.5813549507817024
5 0.5017408123791103 0.5549121791160008 0.5056092843326886 0.5556842308434665 0.5123791102514507 0.554526153252268 0.5154738878143134 0.5556842308434665 0.5164410058027079 0.5539471144566686 0.5168278529980658 0.543910441999614 0.5193423597678917 0.5313646014282957 0.5189555125725338 0.526153252267902 0.5170212765957447 0.5188187608569774 0.5156673114119923 0.5172746574020459 0.5121856866537717 0.5157305539471144 0.5085106382978724 0.5165026056745802 0.5015473887814313 0.5242231229492376 0.4992263056092843 0.5302065238370971 0.49980657640232107 0.5469986489094769 0.5017408123791103 0.5549121791160008
5 0.4982591876208897 0.535031847133758 0.5017408123791103 0.5228720324261725 0.5075435203094778 0.5174676703339124 0.511605415860735 0.5151515151515151 0.5127659574468085 0.5120633082416521 0.5129593810444875 0.50839606253619 0.5052224371373307 0.5020266357845976 0.5017408123791103 0.5018336228527311 0.4978723404255319 0.5076240108087242 0.49593810444874276 0.5180467091295117 0.495357833655706 0.5294344721096313 0.4982591876208897 0.535031847133758
5 0.5336557059961315 0.5089751013317892 0.5361702127659574 0.5126423470372515 0.5398452611218568 0.5145724763559159 0.5433268858800774 0.5130283729009844 0.5460348162475822 0.509747153059255 0.5481624758220502 0.5051148426944605 0.5506769825918763 0.4944991314418066 0.551063829787234 0.48542752364408415 0.5502901353965184 0.47828604516502604 0.5471953578336557 0.4732677089364987 0.5400386847195358 0.47114456668596794 0.5382978723404256 0.47268867014089944 0.5334622823984526 0.49430611850994016 0.532688588007737 0.5051148426944605 0.5336557059961315 0.5089751013317892
4 0.6369439071566732 0.4564755838641189 0.6425531914893617 0.46284501061571126 0.6458413926499033 0.4653541787299749 0.6473887814313346 0.4659332175255742 0.6508704061895552 0.4653541787299749 0.6529980657640232 0.46342404941131055 0.6549323017408124 0.4599498166377147 0.6560928433268859 0.45242231229492375 0.6543520309477756 0.4460528855433314 0.6510638297872341 0.44122756224667053 0.6471953578336557 0.4419996139741363 0.6361702127659574 0.45184327349932446 0.6353965183752418 0.4531943640223895 0.6369439071566732 0.4564755838641189
3 0.6092843326885881 0.5589654506851959 0.6129593810444874 0.5601235282763946 0.6164410058027079 0.5593514765489288 0.6205029013539651 0.557228334298398 0.6239845261121857 0.5535610885929357 0.6270793036750484 0.5466126230457441 0.627852998065764 0.5429453773402818 0.6282398452611219 0.5294344721096313 0.6264990328820116 0.5222929936305732 0.6230174081237911 0.5211349160393747 0.6168278529980658 0.5255742134723026 0.6106382978723405 0.5284694074502991 0.6077369439071567 0.5329087048832272 0.6073500967117988 0.5396641574985525 0.6073500967117988 0.5525960239336035 0.6092843326885881 0.5589654506851959
4 0.6 0.5043427909669947 0.6034816247582205 0.5120633082416521 0.6038684719535783 0.518625747925111 0.6027079303675048 0.5207488901756417 0.599806576402321 0.5219069677668404 0.5986460348162476 0.5219069677668404 0.5965183752417795 0.5203628643119089 0.5943907156673114 0.5205558772437753 0.5932301740812379 0.5220999806987068 0.5932301740812379 0.5257672264041691 0.5947775628626693 0.5294344721096313 0.5982591876208897 0.5331017178150936 0.602321083172147 0.5336807566106929 0.6054158607350096 0.5329087048832272 0.606963249516441 0.5294344721096313 0.6058027079303675 0.5234510712217718 0.6065764023210831 0.5161165798108474 0.6059961315280464 0.5060799073537927 0.6042553191489362 0.49816637714726886 0.6021276595744681 0.49469214437367304 0.5984526112185686 0.4944991314418066 0.5967117988394585 0.49797336421540245 0.5972920696324951 0.5016406099208647 0.6 0.5043427909669947
4 0.5918762088974855 0.6097278517660684 0.595357833655706 0.6112719552209998 0.5994197292069633 0.6112719552209998 0.6021276595744681 0.6104999034935341 0.6044487427466151 0.6087627871067361 0.606769825918762 0.6043234896738081 0.6081237911025145 0.598533101717815 0.611798839458414 0.5888824551244933 0.611798839458414 0.5848291835552982 0.6108317214700193 0.5813549507817024 0.6092843326885881 0.5778807180081066 0.6065764023210831 0.57498552403011 0.6021276595744681 0.5742134723026443 0.5988394584139265 0.5755645628257093 0.5963249516441006 0.5780737309399729 0.5918762088974855 0.5871453387376955 0.5897485493230175 0.5960239336035514 0.5897485493230175 0.6049025284694074 0.5918762088974855 0.6097278517660684
4 0.6272727272727273 0.6162902914495271 0.6342359767891683 0.6303802354757769 0.6369439071566732 0.6340474811812391 0.6392649903288201 0.6355915846361706 0.6431334622823984 0.6365566492955028 0.6458413926499033 0.6357845975680371 0.6475822050290135 0.634433507044972 0.6493230174081238 0.6301872225439105 0.6499032882011605 0.6218876664736538 0.6483558994197292 0.6132020845396642 0.6427466150870407 0.598919127581548 0.6369439071566732 0.5929357266936884 0.6336557059961315 0.5942868172167535 0.6295938104448743 0.5977610499903494 0.6272727272727273 0.6022003474232773 0.6264990328820116 0.6054815672650068 0.6264990328820116 0.6128160586759313 0.6272727272727273 0.6162902914495271
4 0.6266924564796905 0.5834780930322332 0.6224371373307543 0.5884964292607605 0.6228239845261122 0.5923566878980892 0.6264990328820116 0.5954448948079522 0.6307543520309478 0.5942868172167535 0.6355899419729207 0.5902335456475584 0.6369439071566732 0.5877243775332948 0.6367504835589942 0.5707392395290485 0.6336557059961315 0.5628257093225246 0.632688588007737 0.5643698127774561 0.6295938104448743 0.5767226404169079 0.6266924564796905 0.5834780930322332
4 0.6040618955512572 0.6612623045744065 0.6092843326885881 0.6699478865083961 0.6127659574468085 0.6703339123721289 0.6172147001934236 0.6631924338930708 0.6210831721470019 0.6512256321173518 0.6216634429400387 0.6409959467284309 0.620889748549323 0.6326963906581741 0.6197292069632495 0.6288361320208454 0.6162475822050291 0.6245898475197839 0.6127659574468085 0.6232387569967188 0.611605415860735 0.6249758733835167 0.6090909090909091 0.625554912179116 0.6056092843326886 0.6288361320208454 0.6027079303675048 0.6338544682493727 0.6015473887814313 0.6390658174097664 0.6017408123791103 0.6543138390272148 0.6040618955512572 0.6612623045744065
4 0.681624758220503 0.6581740976645435 0.6882011605415861 0.6570160200733449 0.6889748549323017 0.6562439683458792 0.6912959381044488 0.6568230071414785 0.6936170212765957 0.6579810847326771 0.6941972920696325 0.6591391623238757 0.6961315280464216 0.659718201119475 0.6996131528046422 0.6558579424821463 0.7 0.6541208260953484 0.7005802707930368 0.6423470372514959 0.6996131528046422 0.6377147268867014 0.6959381044487427 0.6326963906581741 0.6924564796905223 0.6305732484076433 0.6889748549323017 0.6296081837483112 0.6847195357833655 0.6334684423856398 0.6820116054158607 0.6390658174097664 0.6791102514506769 0.6481374252074888 0.6785299806576403 0.6541208260953484 0.681624758220503 0.6581740976645435
4 0.655899419729207 0.6967766840378306 0.6580270793036751 0.6996718780158271 0.6613152804642166 0.7006369426751592 0.6651837524177949 0.7002509168114264 0.6705996131528047 0.6960046323103648 0.6762088974854932 0.6855819339895773 0.6800773694390716 0.6722640416907932 0.6804642166344294 0.6684037830534646 0.6796905222437137 0.6651225632117352 0.6758220502901354 0.6602972399150743 0.6682785299806576 0.6577880718008107 0.6636363636363637 0.6601042269832079 0.660541586073501 0.6645435244161358 0.6570599613152804 0.6728430804863926 0.6551257253384913 0.6851959081258444 0.6549323017408124 0.6933024512642347 0.655899419729207 0.6967766840378306
4 0.8381044487427466 0.5923566878980892 0.8413926499032882 0.5952518818760857 0.8452611218568665 0.5962169465354179 0.8499032882011606 0.5942868172167535 0.8518375241779497 0.5925497008299556 0.85357833655706 0.5890754680563598 0.8566731141199226 0.5759505886894422 0.8568665377176016 0.5690021231422505 0.8547388781431334 0.5639837869137232 0.8489361702127659 0.5605095541401274 0.8450676982591876 0.5603165412082609 0.8417794970986461 0.5612816058675931 0.8375241779497099 0.564755838641189 0.8355899419729207 0.5707392395290485 0.8357833655705996 0.5848291835552982 0.8381044487427466 0.5923566878980892
4 0.8085106382978723 0.5622466705269253 0.8102514506769826 0.5643698127774561 0.8141199226305609 0.566106929164254 0.818568665377176 0.5655278903686547 0.8199226305609284 0.5641767998455897 0.8201160541586073 0.5607025670719938 0.8168278529980658 0.557228334298398 0.8177949709864604 0.5525960239336035 0.8210831721470019 0.5506658946149392 0.8251450676982592 0.5502798687512064 0.8245647969052224 0.5398571704304188 0.8235976789168279 0.5361899247249565 0.8214700193423597 0.5327156919513607 0.8177949709864604 0.5313646014282957 0.8133462282398453 0.5327156919513607 0.809477756286267 0.5379270411117545 0.806963249516441 0.5468056359776104 0.8067698259187621 0.5574213472302644 0.8085106382978723 0.5622466705269253
4 0.9177949709864603 0.5946728430804864 0.9224371373307544 0.5967959853310172 0.9288201160541586 0.5973750241266165 0.9353965183752417 0.5927427137618221 0.9411992263056093 0.5850221964871647 0.9425531914893617 0.5817409766454352 0.9425531914893617 0.5778807180081066 0.9413926499032882 0.5742134723026443 0.9400386847195358 0.5720903300521135 0.9355899419729207 0.5682300714147848 0.9317214700193424 0.5682300714147848 0.9272727272727272 0.5693881490059834 0.9247582205029014 0.5707392395290485 0.9216634429400387 0.5745994981663771 0.9158607350096711 0.5854082223508975 0.9154738878143134 0.5919706620343563 0.9177949709864603 0.5946728430804864
4 0.9052224371373307 0.6168693302451265 0.90715667311412 0.6187994595637908 0.9114119922630561 0.6201505500868558 0.9154738878143134 0.6193784983593901 0.918568665377176 0.6174483690407258 0.9224371373307544 0.613588110403397 0.9263056092843327 0.6079907353792704 0.9274661508704062 0.6050955414012739 0.9274661508704062 0.598919127581548 0.9251450676982592 0.5969889982628837 0.9214700193423597 0.5967959853310172 0.9189555125725338 0.595830920671685 0.9148936170212766 0.5923566878980892 0.9073500967117989 0.6010422698320788 0.904642166344294 0.6066396448562054 0.9042553191489362 0.6132020845396642 0.9052224371373307 0.6168693302451265
5 0.9353965183752417 0.4914109245319436 0.9392649903288202 0.4956572090330052 0.9427466150870406 0.4973943254198031 0.9460348162475822 0.49642926076047095 0.9516441005802708 0.48909476934954643 0.9549323017408123 0.48176027793862186 0.9553191489361702 0.476934954641961 0.9531914893617022 0.4701795020266358 0.9491295938104449 0.46670526925303996 0.9462282398452612 0.4659332175255742 0.9421663442940039 0.46670526925303996 0.9390715667311412 0.4692144373673036 0.9342359767891683 0.4819532908704883 0.9338491295938104 0.4879366917583478 0.9353965183752417 0.4914109245319436
4 0.9330754352030948 0.6367496622273693 0.9352030947775629 0.6408029337965644 0.9392649903288202 0.6431190889789616 0.9460348162475822 0.6442771665701602 0.9497098646034816 0.6408029337965644 0.9543520309477757 0.6338544682493727 0.958220502901354 0.6232387569967188 0.9586073500967118 0.6159042655857943 0.9564796905222437 0.613588110403397 0.9529980657640232 0.6124300328121984 0.9491295938104449 0.6120440069484655 0.941972920696325 0.6130090716077977 0.9390715667311412 0.6155182397220614 0.9369439071566731 0.6193784983593901 0.9326885880077369 0.6309592742713762 0.9323017408123792 0.6336614553175063 0.9330754352030948 0.6367496622273693
5 0.9073500967117989 0.6546998648909477 0.9112185686653772 0.6572090330052114 0.9148936170212766 0.6581740976645435 0.9183752417794971 0.6575950588689442 0.925531914893617 0.650839606253619 0.9294003868471954 0.6452422312294924 0.930174081237911 0.6400308820690986 0.9290135396518375 0.6371356880911021 0.9292069632495165 0.6336614553175063 0.9251450676982592 0.6311522872032426 0.9181818181818182 0.6307662613395097 0.914119922630561 0.6323103647944412 0.9075435203094777 0.6388728044779001 0.9058027079303675 0.6436981277745609 0.9056092843326886 0.647751399343756 0.9073500967117989 0.6546998648909477
4 0.9079303675048356 0.6400308820690986 0.911605415860735 0.6353985717043041 0.9156673114119923 0.6323103647944412 0.9218568665377176 0.6315383130669755 0.9286266924564797 0.633082416521907 0.9297872340425531 0.6303802354757769 0.9295938104448743 0.626906002702181 0.9251450676982592 0.6172553561088593 0.9216634429400387 0.615325226790195 0.9172147001934235 0.6184134337000579 0.9114119922630561 0.6253618992472496 0.906963249516441 0.6334684423856398 0.9059961315280464 0.6373287010229686 0.9079303675048356 0.6400308820690986
4 0.9384912959381044 0.6751592356687898 0.944100580270793 0.6826867400115808 0.9466150870406189 0.6842308434665123 0.9497098646034816 0.6838448176027794 0.9537717601547389 0.6819146882841151 0.955899419729207 0.6782474425786528 0.9557059961315281 0.671685002895194 0.9537717601547389 0.6651225632117352 0.9500967117988395 0.6574020459370777 0.9458413926499033 0.6545068519590812 0.9421663442940039 0.6539278131634819 0.9390715667311412 0.6550858907546806 0.9377176015473888 0.6564369812777456 0.9352030947775629 0.6622273692337387 0.9353965183752417 0.6691758347809303 0.9384912959381044 0.6751592356687898
4 0.9205029013539652 0.7046902142443544 0.9253384912959381 0.7110596409959468 0.9288201160541586 0.7104806022003475 0.9294003868471954 0.7100945763366145 0.9288201160541586 0.705848291835553 0.9270793036750483 0.7010229685388921 0.9292069632495165 0.6913723219455703 0.9309477756286267 0.689442192626906 0.9303675048355899 0.6859679598533102 0.9284332688588007 0.6832657788071801 0.918568665377176 0.6799845589654507 0.9156673114119923 0.6840378305346458 0.9152804642166344 0.6892491796950395 0.9205029013539652 0.7046902142443544
5 0.9288201160541586 0.7099015634047481 0.9336557059961316 0.7145338737695426 0.9386847195357834 0.7176220806794055 0.9423597678916827 0.7170430418838062 0.9446808510638298 0.7137618220420768 0.9452611218568665 0.708936498745416 0.9444874274661509 0.70276008492569 0.9421663442940039 0.6958116193784983 0.9390715667311412 0.692144373673036 0.9355899419729207 0.6902142443543717 0.9321083172147002 0.6896352055587724 0.928046421663443 0.6960046323103648 0.9274661508704062 0.6998648909476934 0.9288201160541586 0.7099015634047481
4 0.8473887814313347 0.6402238950009651 0.8541586073500967 0.6560509554140127 0.8557059961315281 0.6574020459370777 0.8601547388781431 0.656629994209612 0.8626692456479691 0.6575950588689442 0.8638297872340426 0.6570160200733449 0.8659574468085106 0.6550858907546806 0.8669245647969053 0.6518046709129511 0.867504835589942 0.6417679984558965 0.8665377176015474 0.6359776104999035 0.8636363636363636 0.6280640802933797 0.8599613152804643 0.6236247828604516 0.8555125725338492 0.6216946535417873 0.8499032882011606 0.6261339509747154 0.8470019342359768 0.6303802354757769 0.8462282398452611 0.634433507044972 0.8473887814313347 0.6402238950009651
4 0.8332688588007737 0.6763173132599885 0.8379110251450677 0.6795985331017178 0.8419729206963249 0.679212507237985 0.8458413926499033 0.6755452615325227 0.8481624758220503 0.671685002895194 0.8502901353965183 0.6655085890754681 0.851063829787234 0.6599112140513415 0.8504835589941973 0.6512256321173518 0.8450676982591876 0.6438911407064273 0.8382978723404255 0.6417679984558965 0.8361702127659575 0.6454352441613588 0.8317214700193424 0.661455317506273 0.8313346228239845 0.6689828218490639 0.8332688588007737 0.6763173132599885
4 0.8235976789168279 0.6624203821656051 0.8276595744680851 0.6639644856205366 0.8315280464216634 0.6626133950974715 0.8375241779497099 0.6411889596602972 0.837137330754352 0.6369426751592356 0.8348162475822051 0.6336614553175063 0.8313346228239845 0.6328894035900405 0.8272727272727273 0.6355915846361706 0.8237911025145068 0.6417679984558965 0.8189555125725339 0.6535417872997491 0.8199226305609284 0.6581740976645435 0.8235976789168279 0.6624203821656051
5 0.851257253384913 0.6823007141478479 0.8557059961315281 0.6851959081258444 0.8597678916827853 0.6851959081258444 0.8626692456479691 0.6842308434665123 0.865183752417795 0.6795985331017178 0.8667311411992263 0.6734221192819919 0.8667311411992263 0.6637714726886701 0.8649903288201161 0.6587531364601428 0.8638297872340426 0.6575950588689442 0.8611218568665377 0.6568230071414785 0.8555125725338492 0.6564369812777456 0.85357833655706 0.6574020459370777 0.8518375241779497 0.6601042269832079 0.8499032882011606 0.6705269253039954 0.8497098646034816 0.676124300328122 0.851257253384913 0.6823007141478479
2 0.8143133462282398 0.6334684423856398 0.8187620889748549 0.6373287010229686 0.8210831721470019 0.6382937656823007 0.8245647969052224 0.6381007527504343 0.8295938104448742 0.6334684423856398 0.8334622823984527 0.6207295888824551 0.8330754352030948 0.6176413819725922 0.8280464216634429 0.6035514379463424 0.8261121856866538 0.6012352827639452 0.8245647969052224 0.600270218104613 0.8206963249516441 0.6008492569002123 0.8170212765957446 0.6027793862188766 0.8141199226305609 0.609148812970469 0.8143133462282398 0.6128160586759313 0.8133462282398453 0.6172553561088593 0.8131528046421663 0.6301872225439105 0.8143133462282398 0.6334684423856398
3 0.6922630560928433 0.7320980505693881 0.6959381044487427 0.7394325419803127 0.6994197292069633 0.7409766454352441 0.7030947775628626 0.7409766454352441 0.7073500967117988 0.7376954255935148 0.7110251450676982 0.7299749083188574 0.7117988394584139 0.7210963134530014 0.7141199226305609 0.7099015634047481 0.7106382978723405 0.6985138004246284 0.7083172147001934 0.6948465547191662 0.7065764023210832 0.6934954641961011 0.7029013539651837 0.6927234124686354 0.6978723404255319 0.6942675159235668 0.6951644100580271 0.6958116193784983 0.6928433268858801 0.698320787492762 0.6911025145067698 0.7017950202663579 0.690522243713733 0.7054622659718202 0.6899419729206964 0.7209033005211349 0.6922630560928433 0.7320980505693881
4 0.6555125725338491 0.7515923566878981 0.6578336557059962 0.7544875506658946 0.6611218568665377 0.7560316541208261 0.6647969052224372 0.756417679984559 0.6661508704061896 0.7558386411889597 0.6725338491295938 0.7496622273692337 0.6760154738878144 0.7411696583671106 0.6762088974854932 0.7373093997297819 0.6752417794970986 0.7361513221385833 0.6729206963249517 0.7371163867979155 0.6680851063829787 0.7375024126616483 0.6649903288201161 0.7361513221385833 0.6638297872340425 0.7338351669561861 0.6661508704061896 0.7284308048639259 0.6682785299806576 0.7272727272727273 0.6690522243713733 0.7243775332947308 0.6719535783365571 0.7203242617255357 0.6711798839458414 0.7193591970662034 0.6678916827852998 0.7189731712024706 0.6647969052224372 0.7197452229299363 0.660541586073501 0.7245705462265972 0.6578336557059962 0.7305539471144566 0.6549323017408124 0.7450299170044393 0.6547388781431335 0.7485041497780351 0.6555125725338491 0.7515923566878981
4 0.683752417794971 0.7938621887666474 0.6895551257253385 0.7988805249951747 0.6936170212765957 0.8044779000193013 0.6959381044487427 0.8112333526346265 0.6996131528046422 0.8100752750434279 0.7027079303675048 0.8075661069291643 0.7036750483558994 0.8054429646786335 0.7052224371373308 0.7967573827446439 0.7052224371373308 0.7927041111754487 0.7040618955512572 0.7832464775139935 0.6961315280464216 0.754680563597761 0.6926499032882012 0.7515923566878981 0.6891682785299806 0.7521713954834974 0.6876208897485493 0.753329473074696 0.6856866537717602 0.755066589461494 0.6822050290135396 0.7608569774174869 0.6798839458413927 0.7687705076240108 0.6810444874274661 0.7863346844238563 0.683752417794971 0.7938621887666474
5 0.7187620889748549 0.8195329087048833 0.7203094777562863 0.8212700250916811 0.7216634429400387 0.821656050955414 0.7239845261121857 0.8218490638872804 0.7272727272727273 0.8208839992279483 0.7294003868471953 0.8108473267708937 0.727852998065764 0.8006176413819726 0.725531914893617 0.7961783439490446 0.7205029013539652 0.7915460335842501 0.718568665377176 0.7934761629029145 0.7176015473887815 0.8031268094962363 0.7172147001934236 0.814128546612623 0.7187620889748549 0.8195329087048833
5 0.6746615087040619 0.8314997104806022 0.6785299806576403 0.8347809303223316 0.6823984526112186 0.8353599691179309 0.6856866537717602 0.8343949044585988 0.6901353965183752 0.8313066975487358 0.693036750483559 0.8245512449334106 0.6951644100580271 0.8131634819532909 0.693036750483559 0.803898861223702 0.6895551257253385 0.7996525767226405 0.6856866537717602 0.7975294344721097 0.6822050290135396 0.7973364215402432 0.6791102514506769 0.8002316155182397 0.6740812379110251 0.8193398957730168 0.6742746615087041 0.8303416328894035 0.6746615087040619 0.8314997104806022
5 0.65357833655706 0.8417293958695232 0.6545454545454545 0.8426944605288554 0.6613152804642166 0.8444315769156534 0.6649903288201161 0.843852538120054 0.6735009671179883 0.8286045165026057 0.6752417794970986 0.8104613009071607 0.6748549323017408 0.8033198224281027 0.6729206963249517 0.7996525767226405 0.6717601547388782 0.7990735379270412 0.6678916827852998 0.7992665508589075 0.6647969052224372 0.8019687319050376 0.6611218568665377 0.8069870681335649 0.6526112185686653 0.8282184906388728 0.6518375241779497 0.8359390079135302 0.65357833655706 0.8417293958695232
5 0.6667311411992263 0.7955993051534452 0.6680851063829787 0.7965643698127775 0.6709864603481625 0.796371356880911 0.6736943907156673 0.7954062922215789 0.6754352030947776 0.7938621887666474 0.6771760154738878 0.7898089171974523 0.6769825918762089 0.7863346844238563 0.6758220502901354 0.7828604516502605 0.6721470019342359 0.7774560895580004 0.6682785299806576 0.7774560895580004 0.6663442940038685 0.7790001930129319 0.6647969052224372 0.7809303223315962 0.6640232108317214 0.7840185292414592 0.6640232108317214 0.7903879559930516 0.6667311411992263 0.7955993051534452
5 0.6179883945841392 0.6753522486006562 0.6193423597678916 0.6817216753522486 0.6232108317214701 0.6888631538313067 0.6266924564796905 0.6929164254005018 0.6301740812379111 0.695232580582899 0.6323017408123791 0.692530399536769 0.6350096711798839 0.6842308434665123 0.6357833655705997 0.6658946149392009 0.6377176015473888 0.6612623045744065 0.6350096711798839 0.6577880718008107 0.6309477756286267 0.6564369812777456 0.6290135396518375 0.6545068519590812 0.6263056092843327 0.6535417872997491 0.6199226305609284 0.659718201119475 0.6181818181818182 0.6653155761436016 0.6176015473887815 0.6682107701215981 0.6179883945841392 0.6753522486006562
5 0.625725338491296 0.6519976838448176 0.6282398452611219 0.6546998648909477 0.6357833655705997 0.6587531364601428 0.6371373307543521 0.6620343563018722 0.6404255319148936 0.6606832657788072 0.6411992263056093 0.6506465933217526 0.6377176015473888 0.6375217139548349 0.6334622823984526 0.633082416521907 0.6301740812379111 0.6321173518625748 0.6259187620889749 0.6350125458405713 0.6245647969052225 0.6386797915460336 0.6245647969052225 0.6465933217525575 0.625725338491296 0.6519976838448176
5 0.57678916827853 0.6680177571897317 0.5783365570599613 0.6699478865083961 0.5825918762088975 0.6714919899633276 0.5882011605415861 0.6705269253039954 0.590715667311412 0.6685967959853311 0.5957446808510638 0.6577880718008107 0.597678916827853 0.6491024898668211 0.5974854932301741 0.6438911407064273 0.5963249516441006 0.6404169079328315 0.5924564796905223 0.6361706234317699 0.5887814313346228 0.6367496622273693 0.5841392649903289 0.6402238950009651 0.5779497098646035 0.6516116579810848 0.5762088974854932 0.6589461493920092 0.5762088974854932 0.6655085890754681 0.57678916827853 0.6680177571897317
5 0.5085106382978724 0.673036093418259 0.511798839458414 0.6753522486006562 0.5156673114119923 0.6745801968731905 0.5206963249516441 0.6697548735765296 0.5241779497098646 0.6647365373480023 0.525725338491296 0.6587531364601428 0.525725338491296 0.6543138390272148 0.5241779497098646 0.650839606253619 0.5224371373307544 0.6489094769349546 0.518568665377176 0.6471723605481567 0.5147001934235976 0.6487164640030882 0.5112185686653772 0.6518046709129511 0.5083172147001934 0.6585601235282764 0.506963249516441 0.6658946149392009 0.5067698259187621 0.6682107701215981 0.5085106382978724 0.673036093418259
5 0.5259187620889748 0.7160779772244741 0.5290135396518375 0.7174290677475391 0.5332688588007737 0.7160779772244741 0.5352030947775629 0.7141478479058097 0.5369439071566731 0.710287589268481 0.5384912959381044 0.7031461107894229 0.5384912959381044 0.6992858521520942 0.5363636363636364 0.6950395676510326 0.5330754352030947 0.6931094383323683 0.5295938104448743 0.6948465547191662 0.5253384912959381 0.704111175448755 0.5245647969052224 0.7108666280640803 0.5259187620889748 0.7160779772244741
2 0.5203094777562862 0.7100945763366145 0.5226305609284333 0.7127967573827446 0.5247582205029013 0.7106736151322138 0.5247582205029013 0.7064273306311523 0.527852998065764 0.6971627099015634 0.5288201160541586 0.6950395676510326 0.5317214700193423 0.692530399536769 0.5313346228239846 0.6857749469214437 0.5299806576402321 0.6824937270797143 0.5263056092843327 0.6797915460335843 0.5235976789168278 0.6807566106929164 0.5214700193423598 0.6830727658753136 0.5195357833655706 0.6888631538313067 0.5197292069632495 0.7070063694267515 0.5203094777562862 0.7100945763366145
2 0.4713733075435203 0.6888631538313067 0.47427466150870407 0.6923373866049025 0.48065764023210833 0.6927234124686354 0.4829787234042553 0.691179309013704 0.48588007736943906 0.6877050762401081 0.48762088974854934 0.6817216753522486 0.4934235976789168 0.6701408994402624 0.4940038684719536 0.6676317313259988 0.49381044487427467 0.6579810847326771 0.4922630560928433 0.6523837097085504 0.4878143133462282 0.6502605674580196 0.47988394584139266 0.6502605674580196 0.47640232108317215 0.6514186450492183 0.47408123791102513 0.6535417872997491 0.4727272727272727 0.6562439683458792 0.47059961315280463 0.6682107701215981 0.46982591876208896 0.6811426365566493 0.4713733075435203 0.6888631538313067
2 0.48588007736943906 0.7307469600463231 0.48762088974854934 0.7336421540243196 0.4912959381044487 0.7363443350704497 0.4955512572533849 0.7322910635012546 0.5007736943907156 0.7239915074309978 0.5044487427466151 0.7100945763366145 0.5030947775628627 0.7046902142443544 0.5019342359767892 0.7037251495850222 0.49806576402321084 0.7043041883806215 0.4940038684719536 0.7106736151322138 0.4864603481624758 0.7176220806794055 0.4851063829787234 0.7214823393167342 0.4849129593810445 0.7261146496815286 0.48588007736943906 0.7307469600463231
2 0.5029013539651838 0.7672264041690793 0.5042553191489362 0.7708936498745416 0.5073500967117989 0.7747539085118703 0.5112185686653772 0.7772630766261339 0.5154738878143134 0.7774560895580004 0.5183752417794971 0.7724377533294731 0.521083172147002 0.7625940938042849 0.521083172147002 0.7465740204593708 0.5189555125725338 0.738660490252847 0.5172147001934236 0.7363443350704497 0.5137330754352031 0.735572283342984 0.5050290135396518 0.7378884385253812 0.5030947775628627 0.740011580775912 0.5025145067698259 0.7411696583671106 0.5029013539651838 0.7672264041690793
2 0.47504835589941974 0.7797722447403976 0.47678916827852996 0.781702374059062 0.4816247582205029 0.7820883999227948 0.4839458413926499 0.7809303223315962 0.486073500967118 0.7774560895580004 0.4912959381044487 0.7724377533294731 0.49632495164410056 0.7587338351669561 0.495357833655706 0.7521713954834974 0.49110251450676984 0.7440648523451071 0.48762088974854934 0.7423277359583093 0.4843326885880077 0.7440648523451071 0.4804642166344294 0.7475390851187029 0.4769825918762089 0.755066589461494 0.4756286266924565 0.7625940938042849 0.47427466150870407 0.7716657016020073 0.47504835589941974 0.7797722447403976
3 0.5156673114119923 0.7934761629029145 0.5135396518375241 0.8004246284501062 0.51605415860735 0.8035128353599691 0.518762088974855 0.8031268094962363 0.5226305609284333 0.8002316155182397 0.5253384912959381 0.7928971241073152 0.5266924564796905 0.779965257672264 0.5264990328820116 0.7751399343756031 0.5247582205029013 0.7668403783053465 0.5226305609284333 0.7635591584636171 0.5206963249516441 0.7662613395097472 0.5148936170212766 0.7793862188766647 0.5158607350096712 0.784404555105192 0.5156673114119923 0.7934761629029145
3 0.4831721470019342 0.8069870681335649 0.4874274661508704 0.8121984172939587 0.49110251450676984 0.8120054043620922 0.4934235976789168 0.8104613009071607 0.4974854932301741 0.8000386025863733 0.5019342359767892 0.7928971241073152 0.5019342359767892 0.7867207102875893 0.49941972920696326 0.7788071800810654 0.495357833655706 0.7743678826481374 0.490715667311412 0.7735958309206716 0.48684719535783366 0.7768770507624011 0.4852998065764023 0.7791932059447984 0.48239845261121855 0.7894228913337193 0.48239845261121855 0.8021617448369041 0.4831721470019342 0.8069870681335649
5 0.5034816247582206 0.7934761629029145 0.5085106382978724 0.799459563790774 0.5119922630560928 0.7998455896545068 0.5154738878143134 0.7911600077205173 0.5145067698259188 0.7793862188766647 0.5058027079303675 0.7734028179888053 0.5050290135396518 0.7718587145338738 0.502127659574468 0.7722447403976066 0.5015473887814313 0.7732098050569388 0.5007736943907156 0.7801582706041305 0.5034816247582206 0.7934761629029145
4 0.49845261121856865 0.814128546612623 0.5015473887814313 0.8149005983400888 0.5059961315280465 0.8118123914302259 0.5087040618955513 0.8035128353599691 0.5083172147001934 0.8000386025863733 0.504835589941973 0.7944412275622467 0.5015473887814313 0.7936691758347809 0.497678916827853 0.8006176413819726 0.49593810444874276 0.8056359776104999 0.4947775628626692 0.8106543138390272 0.49845261121856865 0.814128546612623
5 0.4882011605415861 0.6927234124686354 0.48897485493230175 0.6944605288554333 0.49148936170212765 0.6963906581740976 0.49458413926499034 0.6948465547191662 0.49593810444874276 0.6933024512642347 0.5007736943907156 0.6821077012159815 0.5017408123791103 0.674773209805057 0.5003868471953579 0.6701408994402624 0.49845261121856865 0.6684037830534646 0.4947775628626692 0.6697548735765296 0.4934235976789168 0.6714919899633276 0.49032882011605416 0.6782474425786528 0.488394584139265 0.6853889210577109 0.4878143133462282 0.6888631538313067 0.4882011605415861 0.6927234124686354
5 0.38704061895551256 0.8257093225246092 0.39052224371373306 0.832271762208068 0.39400386847195357 0.8328508010036673 0.3984526112185687 0.8280254777070064 0.39961315280464216 0.8249372707971434 0.4011605415860735 0.8069870681335649 0.3998065764023211 0.8017757189731712 0.39748549323017407 0.798108473267709 0.39400386847195357 0.7975294344721097 0.3911025145067698 0.798108473267709 0.388394584139265 0.8002316155182397 0.38529980657640234 0.817216753522486 0.3849129593810445 0.8245512449334106 0.38704061895551256 0.8257093225246092
5 0.3932301740812379 0.8525381200540436 0.3965183752417795 0.8571704304188381 0.4009671179883946 0.8571704304188381 0.4036750483558994 0.8521520941903108 0.404642166344294 0.8457826674387184 0.40406189555125727 0.8347809303223316 0.4009671179883946 0.8284115035707392 0.39748549323017407 0.8287975294344722 0.3959381044487427 0.8303416328894035 0.3932301740812379 0.8347809303223316 0.39226305609284334 0.8384481760277939 0.3918762088974855 0.8459756803705848 0.3932301740812379 0.8525381200540436
5 0.38704061895551256 0.8517660683265779 0.39052224371373306 0.8527311329859101 0.3918762088974855 0.848677861416715 0.39226305609284334 0.8369040725728624 0.39381044487427463 0.8314997104806022 0.3928433268858801 0.8299556070256707 0.3895551257253385 0.8287975294344722 0.38878143133462284 0.826963906581741 0.38704061895551256 0.8133564948851573 0.3864603481624758 0.8174097664543525 0.3820116054158607 0.8278324647751399 0.3823984526112186 0.8457826674387184 0.38704061895551256 0.8517660683265779
5 0.3574468085106383 0.8461686933024513 0.35918762088974854 0.8479058096892492 0.362862669245648 0.8479058096892492 0.3644100580270793 0.8471337579617835 0.37059961315280465 0.8386411889596603 0.37176015473887813 0.8351669561860645 0.3736943907156673 0.8284115035707392 0.3733075435203095 0.8247442578652769 0.3723404255319149 0.8232001544103454 0.369825918762089 0.8214630380235476 0.3663442940038685 0.8220420768191469 0.36266924564796904 0.8264813742520749 0.3555125725338491 0.8378691372321946 0.35570599613152803 0.8417293958695232 0.3574468085106383 0.8461686933024513
5 0.3504835589941973 0.834973943254198 0.35241779497098646 0.8367110596409959 0.35589941972920697 0.8378691372321946 0.3607350096711799 0.8314997104806022 0.36228239845261123 0.8280254777070064 0.3644100580270793 0.826095348388342 0.36615087040618954 0.8204979733642154 0.36615087040618954 0.8108473267708937 0.3646034816247582 0.8058289905423663 0.36266924564796904 0.8029337965643698 0.35938104448742747 0.8023547577687705 0.35454545454545455 0.8069870681335649 0.3518375241779497 0.8131634819532909 0.34893617021276596 0.8262883613202084 0.34893617021276596 0.8314997104806022 0.3504835589941973 0.834973943254198
5 0.3555125725338491 0.7946342404941131 0.35918762088974854 0.797722447403976 0.36266924564796904 0.7975294344721097 0.3663442940038685 0.7911600077205173 0.3694390715667311 0.7834394904458599 0.372147001934236 0.7724377533294731 0.372147001934236 0.7687705076240108 0.3694390715667311 0.7641381972592164 0.36615087040618954 0.7633661455317506 0.3620889748549323 0.7658753136460142 0.3553191489361702 0.7759119861030689 0.3541586073500967 0.7822814128546612 0.3539651837524178 0.7890368654699865 0.3555125725338491 0.7946342404941131
5 0.42727272727272725 0.5782667438718394 0.42862669245647966 0.5817409766454352 0.4323017408123791 0.5873383516695618 0.4353965183752418 0.5830920671685003 0.43597678916827853 0.5811619378498359 0.43733075435203095 0.5730553947114456 0.43694390715667314 0.5676510326191855 0.43268858800773696 0.5653348774367882 0.4297872340425532 0.5657209033005212 0.42862669245647966 0.5664929550279869 0.42727272727272725 0.5707392395290485 0.42649903288201163 0.5745994981663771 0.42727272727272725 0.5782667438718394
4 0.28994197292069634 0.9027214823393167 0.2936170212765957 0.9021424435437174 0.2967117988394584 0.9005983400887859 0.2974854932301741 0.8994402624975874 0.29941972920696325 0.8934568616097278 0.30077369439071566 0.8820690986296081 0.3001934235976789 0.8724184520362864 0.29825918762088977 0.87492762015055 0.2967117988394584 0.8756996718780158 0.2941972920696325 0.8828411503570739 0.2874274661508704 0.8936498745415943 0.2866537717601547 0.8963520555877244 0.2876208897485493 0.9007913530206524 0.28994197292069634 0.9027214823393167
4 0.27040618955512574 0.9957537154989384 0.2723404255319149 0.9980698706813357 0.2723404255319149 0.9998069870681335 0.28297872340425534 0.9998069870681335 0.2852998065764023 0.9882262111561475 0.2852998065764023 0.9706620343563018 0.28433268858800775 0.9666087627871067 0.2825918762088975 0.9640995946728431 0.2793036750483559 0.9625554912179116 0.27601547388781433 0.9623624782860452 0.27169574468085106 0.964356880911021 0.2692456479690522 0.9669947886508397 0.26847195357833653 0.9698899826288361 0.26943907156673114 0.9915074309978769 0.27040618955512574 0.9957537154989384
5 0.2680851063829787 0.9998069870681335 0.26866537717601546 0.9953676896352056 0.26827852998065765 0.9872611464968153 0.26595744680851063 0.9824358232001544 0.2618955512572534 0.9828218490638873 0.25822050290135395 0.9889982628836133 0.25609284332688587 0.9944026249758734 0.2553191489361702 0.9998069870681335 0.2680851063829787 0.9998069870681335
4 0.3415860735009671 0.983593900791353 0.3448742746615087 0.9862960818374831 0.3470019342359768 0.9861030689056167 0.34893617021276596 0.9847519783825517 0.34990328820116057 0.9803126809496236 0.35009671179883944 0.9704690214244355 0.34893617021276596 0.9660297239915074 0.3421663442940039 0.9669947886508397 0.3402321083172147 0.9696969696969697 0.3402321083172147 0.9774174869716271 0.3415860735009671 0.983593900791353
3 0.4437137330754352 0.9805056938814901 0.45222437137330757 0.9837869137232195 0.4564796905222437 0.9834008878594865 0.4574468085106383 0.9806987068133565 0.45686653771760155 0.9743292800617641 0.44854932301740813 0.9544489480795213 0.4460348162475822 0.9515537541015248 0.44332688588007735 0.9521327928971242 0.4425531914893617 0.952518818760857 0.44119922630560926 0.9565720903300521 0.44081237911025145 0.9779965257672264 0.4437137330754352 0.9805056938814901
4 0.44119922630560926 0.876664736537348 0.4462282398452611 0.8851573055394711 0.44912959381044487 0.8861223701988034 0.45338491295938105 0.8853503184713376 0.45822050290135397 0.8832271762208068 0.4611218568665377 0.8805249951746768 0.46034816247582205 0.875313646014283 0.4576402321083172 0.8699092839220228 0.45338491295938105 0.864697934761629 0.4497098646034816 0.8618027407836325 0.4425531914893617 0.8639258830341633 0.4400386847195358 0.8675931287396256 0.43984526112185685 0.8708743485813549 0.44119922630560926 0.876664736537348
4 0.7692920696324951 0.9549835939007915 0.0009941972920696957 0.0004960432348966819
4 0.7593810444874275 0.9666087627871067 0.7659574468085106 0.967187801582706 0.7700193423597679 0.965836711059641 0.772147001934236 0.9639065817409767 0.7746615087040619 0.9598533101717815 0.7750483558994198 0.9565720903300521 0.7727272727272727 0.9500096506465934 0.7690522243713733 0.9451843273499324 0.7644100580270793 0.9490445859872612 0.7597678916827852 0.9559930515344528 0.755705996131528 0.9598533101717815 0.755705996131528 0.9639065817409767 0.7593810444874275 0.9666087627871067