5 0.35222437137330753 0.10808724184520363 0.35589941972920697 0.1096313453001351 0.36054158607350095 0.1084732677089365 0.3638297872340426 0.1046130090716078 0.36537717601547387 0.10152480216174484 0.3667311411992263 0.0930322331596217 0.36537717601547387 0.08743485813549508 0.36228239845261123 0.08569774174869717 0.35938104448742747 0.08589075468056359 0.35570599613152803 0.08801389693109438 0.35241779497098646 0.09283922022775526 0.34970986460348163 0.09998069870681335 0.3495164410058027 0.10268287975294345 0.35222437137330753 0.10808724184520363
5 0.3470019342359768 0.1349160393746381 0.34893617021276596 0.13684616869330246 0.35241779497098646 0.13839027214823393 0.3564796905222437 0.1364601428295696 0.3607350096711799 0.13028372900984367 0.36363636363636365 0.12140513414398765 0.3634429400386847 0.1161937849835939 0.3597678916827853 0.11078942289133371 0.3555125725338491 0.11021038409573441 0.35222437137330753 0.11156147461879946 0.3485493230174081 0.11928199189345687 0.3450676982591876 0.13009071607797723 0.3470019342359768 0.1349160393746381
5 0.38317214700193425 0.13221385832850802 0.38704061895551256 0.13356494885157305 0.39090909090909093 0.13202084539664158 0.39400386847195357 0.12700250916811426 0.3949709864603482 0.11271955220999808 0.39381044487427463 0.11001737116386798 0.39052224371373306 0.10635012545840572 0.3874274661508704 0.10519204786720711 0.386073500967118 0.10596409959467284 0.3820116054158607 0.1129125651418645 0.3806576402321083 0.11928199189345687 0.38007736943907156 0.12661648330438138 0.38317214700193425 0.13221385832850802
5 0.3876208897485493 0.14186450492182975 0.38800773694390717 0.15151515151515152 0.39032882011605413 0.15518239722061378 0.3941972920696325 0.15498938428874734 0.39748549323017407 0.15325226790194943 0.3988394584139265 0.1509361127195522 0.3994197292069632 0.14514572476355916 0.3988394584139265 0.1370391816251689 0.39729206963249514 0.13356494885157305 0.39400386847195357 0.1310557807373094 0.3882011605415861 0.13356494885157305 0.3864603481624758 0.13684616869330246 0.3876208897485493 0.14186450492182975
5 0.37794970986460347 0.16483304381393554 0.38007736943907156 0.1675352248600656 0.3833655705996131 0.16714919899633277 0.3862669245647969 0.16270990156340476 0.38878143133462284 0.15498938428874734 0.38800773694390717 0.1420575178536962 0.38704061895551256 0.13858328508010037 0.38355899419729206 0.13761822042076818 0.3794970986460348 0.1399343756031654 0.3760154738878143 0.14726886701408995 0.37620889748549324 0.15788457826674387 0.37794970986460347 0.16483304381393554
5 0.3555125725338491 0.16483304381393554 0.362862669245648 0.16521906967766842 0.3646034816247582 0.16348195329087048 0.3676982591876209 0.1563404748118124 0.3686653771760155 0.14881297046902142 0.3680851063829787 0.1437946342404941 0.36615087040618954 0.14147847905809688 0.36228239845261123 0.14186450492182975 0.3574468085106383 0.14630380235475776 0.3547388781431335 0.15074309978768577 0.3537717601547389 0.15672650067554525 0.35357833655705995 0.1613588110403397 0.3555125725338491 0.16483304381393554
2 0.48936170212765956 0.04941131055780737 0.49032882011605416 0.05192047867207103 0.4918762088974855 0.05423663385446825 0.49458413926499034 0.0561667631731326 0.49806576402321084 0.05732484076433121 0.5032882011605416 0.05635977610499904 0.5052224371373307 0.05442964678633468 0.5063829787234042 0.05018336228527311 0.5071566731141199 0.03223315962169465 0.5058027079303675 0.027021810461300907 0.5017408123791103 0.019687319050376375 0.4947775628626692 0.020073344914109247 0.4912959381044487 0.022003474232773594 0.488394584139265 0.029337965643698127 0.48800773694390714 0.0368654699864891 0.48936170212765956 0.04941131055780737
2 0.4632495164410058 0.07990735379270411 0.4665377176015474 0.08183748311136846 0.4686653771760155 0.08125844431576916 0.4704061895551257 0.07952132792897124 0.4713733075435203 0.07218683651804671 0.4746615087040619 0.06620343563018723 0.48123791102514507 0.06060606060606061 0.4822050290135397 0.058289905423663385 0.4831721470019342 0.05037637521713955 0.48065764023210833 0.04670912951167728 0.47756286266924564 0.04497201312487937 0.4738878143133462 0.044199961397413626 0.4702127659574468 0.04651611657981085 0.46499032882011604 0.05693881490059834 0.46247582205029014 0.07064273306311523 0.4622823984526112 0.07797722447403976 0.4632495164410058 0.07990735379270411
3 0.4727272727272727 0.09534838834201892 0.4773694390715667 0.09785755645628257 0.4804642166344294 0.09689249179695039 0.4829787234042553 0.0930322331596217 0.4895551257253385 0.07797722447403976 0.48897485493230175 0.0710287589268481 0.4870406189555126 0.06620343563018723 0.4847195357833656 0.06350125458405713 0.4808510638297872 0.06157112526539278 0.4771760154738878 0.06369426751592357 0.4748549323017408 0.06620343563018723 0.47176015473887817 0.07122177185871453 0.4700193423597679 0.08067940552016985 0.4702127659574468 0.08839992279482725 0.4727272727272727 0.09534838834201892
3 0.5030947775628627 0.07122177185871453 0.5013539651837524 0.07624010808724184 0.49729206963249517 0.0814514572476356 0.4974854932301741 0.08878594865856013 0.4996131528046422 0.09380428488708743 0.5013539651837524 0.09496236247828604 0.5052224371373307 0.09515537541015248 0.5094777562862669 0.09245319436402238 0.5110251450676982 0.08859293572669369 0.5123791102514507 0.0781702374059062 0.5123791102514507 0.07180081065431385 0.511605415860735 0.06736151322138584 0.5085106382978724 0.060992086469793476 0.5052224371373307 0.05848291835552982 0.502321083172147 0.06060606060606061 0.5034816247582206 0.06658946149392009 0.5030947775628627 0.07122177185871453
5 0.4920696324951644 0.0781702374059062 0.4943907156673114 0.07971434086083767 0.4982591876208897 0.07971434086083767 0.5019342359767892 0.0748890175641768 0.5027079303675048 0.0710287589268481 0.5013539651837524 0.06060606060606061 0.4974854932301741 0.058289905423663385 0.4912959381044487 0.05751785369619764 0.4885880077369439 0.06079907353792704 0.48800773694390714 0.06272920285659139 0.4885880077369439 0.06755452615325226 0.4920696324951644 0.0781702374059062
4 0.4843326885880077 0.10828025477707007 0.4878143133462282 0.11310557807373094 0.49110251450676984 0.11252653927813164 0.4932301740812379 0.11021038409573441 0.49497098646034815 0.10615711252653928 0.49709864603481624 0.09554140127388536 0.4961315280464217 0.08511870295309786 0.4943907156673114 0.08260953483883421 0.49110251450676984 0.0814514572476356 0.48723404255319147 0.08415363829376568 0.4839458413926499 0.09110210384095735 0.4822050290135397 0.09708550472881683 0.48239845261121855 0.10229685388921057 0.4843326885880077 0.10828025477707007
5 0.6353965183752418 0 0.6353965183752418 0.0017371163867979154 0.6299806576402321 0.013317892298784018 0.6295938104448743 0.01988033198224281 0.632495164410058 0.029144952711831693 0.6334622823984526 0.03821656050955414 0.634816247582205 0.04053271569195136 0.6375241779497098 0.04169079328314997 0.6404255319148936 0.0407257286238178 0.6475822050290135 0.03397027600849257 0.6514506769825918 0.02605674580196873 0.6526112185686653 0.01602007334491411 0.6506769825918762 0 0.6353965183752418 0
4 0.8694390715667312 0 0.8671179883945841 0.006948465547191662 0.8669245647969053 0.008878594865856012 0.8694390715667312 0.01910828025477707 0.8725338491295939 0.02451264234703725 0.8765957446808511 0.027407836325033776 0.8800773694390716 0.026635784597568036 0.8823984526112185 0.02451264234703725 0.8841392649903288 0.0225825130283729 0.886073500967118 0.01833622852731133 0.8920696324951644 0.011966801775718973 0.8934235976789169 0.008878594865856012 0.8924564796905222 0 0.8694390715667312 0
4 0.2866537717601547 0.22003474232773595 0.29129593810444876 0.22389500096506465 0.2932301740812379 0.2329666087627871 0.2967117988394584 0.23315962169465354 0.30058027079303673 0.22756224667052694 0.30154738878143134 0.22099980698706814 0.3011605415860735 0.21347230264427716 0.29903288201160544 0.20671685002895193 0.2967117988394584 0.20304960432348967 0.2932301740812379 0.20343563018722255 0.28897485493230174 0.2098050569388149 0.2862669245647969 0.21656050955414013 0.2866537717601547 0.22003474232773595
5 0.1760154738878143 0.25516309592742714 0.17872340425531916 0.25921636749662225 0.18239845261121856 0.2621115614746188 0.18588007736943907 0.2597954062922216 0.18762088974854932 0.2557421347230264 0.18742746615087041 0.24821463038023547 0.1827852998065764 0.23972206137811233 0.17872340425531916 0.2356687898089172 0.17524177949709865 0.23644084153638295 0.1736943907156673 0.23991507430997877 0.1736943907156673 0.24512642347037253 0.1760154738878143 0.25516309592742714
5 0.195357833655706 0.26462072958888244 0.20212765957446807 0.27678054429646787 0.20618955512572534 0.2787106736151322 0.20967117988394585 0.2777456089558 0.21102514506769826 0.27562246670526924 0.21102514506769826 0.26848098822621114 0.20696324951644102 0.25844431576915655 0.204642166344294 0.2549700829955607 0.2025145067698259 0.25323296660876277 0.1988394584139265 0.25246091488129707 0.19574468085106383 0.25342597954062923 0.1941972920696325 0.2565141864504922 0.19400386847195358 0.2594093804284887 0.195357833655706 0.26462072958888244
5 0.22379110251450676 0.2727272727272727 0.2264990328820116 0.2781316348195329 0.2311411992263056 0.280833815865663 0.23423597678916827 0.27890368654699865 0.23578336557059962 0.2744643891140706 0.23500967117988394 0.2653927813163482 0.23268858800773695 0.2578652769735572 0.23075435203094777 0.25535610885929355 0.22727272727272727 0.25477707006369427 0.22437137330754353 0.2565141864504922 0.22282398452611218 0.26018143215595446 0.22282398452611218 0.26732291063501257 0.22379110251450676 0.2727272727272727
5 0.20560928433268857 0.3036093418259023 0.2102514506769826 0.30978575564562827 0.21334622823984525 0.3111368461686933 0.2170212765957447 0.30804863925883036 0.2183752417794971 0.30476741941710095 0.2170212765957447 0.298591005597375 0.21295938104448742 0.29357266936884774 0.21005802707930368 0.2918355529820498 0.20657640232108318 0.292800617641382 0.2044487427466151 0.2966608762787107 0.20425531914893616 0.3005211349160394 0.20560928433268857 0.3036093418259023
5 0.19961315280464217 0.3200154410345493 0.20309477756286268 0.323875699671878 0.2079303675048356 0.32348967380814514 0.20947775628626691 0.3221385832850801 0.21063829787234042 0.31943640223895003 0.21102514506769826 0.31403204014668984 0.20638297872340425 0.3018722254391044 0.20309477756286268 0.2995560702567072 0.1988394584139265 0.3022582513028373 0.19729206963249515 0.3057324840764331 0.19709864603481625 0.3109438332368269 0.19961315280464217 0.3200154410345493
5 0.1597678916827853 0.30708357459949814 0.16866537717601549 0.3165412082609535 0.17176015473887815 0.31924338930708357 0.17640232108317214 0.31731325998841925 0.1781431334622824 0.31422505307855625 0.17891682785299806 0.3109438332368269 0.17852998065764022 0.30708357459949814 0.1771760154738878 0.30264427716657016 0.1736943907156673 0.29878401852924147 0.16827852998065765 0.29608183748311134 0.16421663442940038 0.29588882455124493 0.1611218568665377 0.2968538892105771 0.15880077369439072 0.3003281219841729 0.15860735009671179 0.3036093418259023 0.1597678916827853 0.30708357459949814
4 0.27427466150870405 0.3242617255356109 0.27775628626692456 0.3279289712410732 0.28297872340425534 0.33024512642347037 0.2862669245647969 0.3279289712410732 0.2876208897485493 0.32310364794441226 0.28820116054158607 0.30843466512256323 0.2872340425531915 0.30418838062150166 0.2825918762088975 0.2995560702567072 0.2793036750483559 0.29762594093804284 0.2746615087040619 0.3001351090523065 0.27292069632495164 0.3057324840764331 0.27253384912959383 0.31190889789615905 0.27427466150870405 0.3242617255356109
1 0.18568665377176016 0.30804863925883036 0.1918762088974855 0.30843466512256323 0.19361702127659575 0.3078556263269639 0.19593810444874274 0.30534645821270023 0.197678916827853 0.3005211349160394 0.1974854932301741 0.2966608762787107 0.19574468085106383 0.2933796564369813 0.1955512572533849 0.29144952711831695 0.18897485493230173 0.2910635012545841 0.18762088974854932 0.2918355529820498 0.1862669245647969 0.29395869523258056 0.18568665377176016 0.3003281219841729 0.1851063829787234 0.30689056166763173 0.18568665377176016 0.30804863925883036
4 0.3413926499032882 0.3557228334298398 0.3448742746615087 0.3572669368847713 0.3485493230174081 0.35630187222543913 0.34970986460348163 0.35282763945184326 0.34990328820116057 0.3485813549507817 0.3470019342359768 0.3348774367882648 0.34545454545454546 0.3333333333333333 0.341779497098646 0.33294730746960044 0.33965183752417794 0.3350704497201312 0.3386847195357834 0.33893070835746 0.3386847195357834 0.34896738081451456 0.3413926499032882 0.3557228334298398
3 0.4344294003868472 0.30708357459949814 0.4458413926499033 0.30824165219069677 0.4471953578336557 0.30708357459949814 0.44777562862669246 0.30322331596216945 0.4462282398452611 0.2968538892105771 0.4437137330754352 0.29318664350511486 0.43907156673114117 0.2889403590040533 0.43636363636363634 0.292800617641382 0.43423597678916825 0.3001351090523065 0.4336557059961315 0.3043813935533681 0.4344294003868472 0.30708357459949814
2 0.34661508704061894 0.38583285080100366 0.3555125725338491 0.39065817409766457 0.35918762088974854 0.39123721289326385 0.3607350096711799 0.38737695425593516 0.36150870406189556 0.38004246284501064 0.3611218568665377 0.3717429067747539 0.3597678916827853 0.36749662227369234 0.35570599613152803 0.3651804670912951 0.3520309477756286 0.36556649295502797 0.34893617021276596 0.36711059640995947 0.3473887814313346 0.36904072572862384 0.3452611218568665 0.3761822042076819 0.3450676982591876 0.38351669561860646 0.34661508704061894 0.38583285080100366
5 0.4253384912959381 0.36768963520555875 0.42862669245647966 0.36904072572862384 0.43249516441005803 0.3678826481374252 0.43384912959381045 0.3634433507044972 0.43384912959381045 0.35591584636170626 0.42862669245647966 0.33989577301679214 0.42475822050290135 0.3420189152673229 0.4245647969052224 0.3499324454738467 0.42263056092843326 0.35996911793090136 0.42243713733075433 0.3628643119088979 0.4253384912959381 0.36768963520555875
5 0.4245647969052224 0.38409573441420575 0.42823984526112185 0.38621887666473653 0.43617021276595747 0.38409573441420575 0.43868471953578336 0.38023547577687705 0.43617021276595747 0.3750241266164833 0.43172147001934236 0.36981277745608954 0.42862669245647966 0.3696197645242231 0.4253384912959381 0.37135688091102104 0.42321083172147 0.37637521713954836 0.4230174081237911 0.38023547577687705 0.4245647969052224 0.38409573441420575
5 0.5129593810444875 0.28257093225246094 0.5259187620889748 0.29144952711831695 0.5286266924564796 0.28990542366338545 0.5295938104448743 0.2872032426172554 0.5295938104448743 0.2816058675931287 0.5274661508704062 0.27504342790966996 0.525725338491296 0.2740783632503378 0.5189555125725338 0.2736923373866049 0.5154738878143134 0.2742713761822042 0.511798839458414 0.2769735572283343 0.5102514506769826 0.27948272534259794 0.5129593810444875 0.28257093225246094
5 0.5748549323017408 0.28778228141285467 0.5779497098646035 0.2895193977996526 0.5816247582205029 0.289712410731519 0.5880077369439072 0.2792897124107315 0.5854932301740813 0.2758154796371357 0.5808510638297872 0.2762015055008686 0.5779497098646035 0.2748504149778035 0.5760154738878143 0.27678054429646787 0.572147001934236 0.27832464775139937 0.5707930367504835 0.2800617641381973 0.5704061895551257 0.2831499710480602 0.5748549323017408 0.28778228141285467
5 0.6887814313346228 0.20111947500482533 0.6916827852998065 0.2065238370970855 0.6957446808510638 0.20787492762015056 0.697678916827853 0.20748890175641768 0.6994197292069633 0.2065238370970855 0.7007736943907157 0.20304960432348967 0.7005802707930368 0.1988033198224281 0.6984526112185687 0.1895386990928392 0.6938104448742747 0.18471337579617833 0.6926499032882012 0.1822042076819147 0.6889748549323017 0.18567844045551052 0.6880077369439072 0.19243389307083575 0.6887814313346228 0.20111947500482533
4 0.6854932301740813 0.25303995367689636 0.6891682785299806 0.25361899247249564 0.6947775628626692 0.24628450106157113 0.6965183752417795 0.24145917776491024 0.6969052224371374 0.23779193205944799 0.695357833655706 0.2362478286045165 0.6924564796905223 0.2350897510133179 0.6841392649903288 0.24068712603744452 0.6820116054158607 0.2439683458791739 0.6822050290135396 0.24589847519783825 0.6854932301740813 0.25303995367689636
4 0.9263056092843327 0.39741362671298974 0.9288201160541586 0.40069484655471915 0.9355899419729207 0.40281798880524994 0.9427466150870406 0.40378305346458215 0.9460348162475822 0.4018529241459178 0.948936170212766 0.3977996525767226 0.9491295938104449 0.3941324068712604 0.9468085106382979 0.3904651611657981 0.9417794970986461 0.38621887666473653 0.9357833655705996 0.38332368268674 0.932495164410058 0.38332368268674 0.9288201160541586 0.38467477320980503 0.9264990328820116 0.3869909283922023 0.9263056092843327 0.3881490059834009 0.925531914893617 0.3941324068712604 0.9263056092843327 0.39741362671298974
5 0.8475822050290135 0.3719359197066203 0.8526112185686654 0.3734800231615518 0.8558994197292069 0.37135688091102104 0.8615087040618955 0.3630573248407643 0.8630560928433268 0.3593900791353021 0.8626692456479691 0.35610885929357267 0.8599613152804643 0.3514765489287782 0.8558994197292069 0.3495464196101139 0.8547388781431334 0.3503184713375796 0.8483558994197292 0.3578459756803706 0.8460348162475823 0.3628643119088979 0.8460348162475823 0.36942675159235666 0.8475822050290135 0.3719359197066203
3 0.9152804642166344 0.3696197645242231 0.9176015473887814 0.37309399729781895 0.9214700193423597 0.37676124300328123 0.930174081237911 0.3812005404362092 0.9336557059961316 0.3810075275043428 0.9369439071566731 0.3790773981856784 0.9382978723404255 0.37656823007141477 0.9382978723404255 0.37309399729781895 0.9369439071566731 0.36942675159235666 0.9251450676982592 0.3593900791353021 0.9216634429400387 0.35765296274850417 0.9183752417794971 0.3572669368847713 0.9164410058027079 0.3590040532715692 0.9147001934235977 0.362478286045165 0.9145067698259187 0.36711059640995947 0.9152804642166344 0.3696197645242231
4 0.8404255319148937 0.3001351090523065 0.8419729206963249 0.3020652383709709 0.8520309477756286 0.30843466512256323 0.8558994197292069 0.3076626133950975 0.8489361702127659 0.29434472109631343 0.8473887814313347 0.292800617641382 0.8454545454545455 0.2918355529820498 0.8437137330754352 0.29222157884578265 0.8419729206963249 0.292800617641382 0.8402321083172147 0.2951167728237792 0.8396518375241779 0.29723991507430997 0.8404255319148937 0.3001351090523065
4 0.7218568665377176 0.4284887087434858 0.7241779497098646 0.43003281219841727 0.7305609284332688 0.42983979926655086 0.7357833655705996 0.4267515923566879 0.7384912959381045 0.4236633854468249 0.7402321083172148 0.4182590233545648 0.7400386847195358 0.4145917776491025 0.7388781431334622 0.4122756224667053 0.7365570599613153 0.4101524802161745 0.7342359767891683 0.40957344142057517 0.7311411992263056 0.4103454931480409 0.7249516441005802 0.41497780351283536 0.7205029013539652 0.4217332561281606 0.7203094777562863 0.4257865276973557 0.7218568665377176 0.4284887087434858
4 0.7411992263056093 0.42752364408415366 0.7516441005802708 0.4292607604709516 0.7551257253384913 0.42636556649295504 0.7574468085106383 0.42211928199189347 0.7580270793036751 0.41922408801389693 0.7574468085106383 0.41497780351283536 0.7553191489361702 0.4122756224667053 0.7479690522243714 0.41150357073923954 0.7431334622823984 0.4143987647172361 0.7408123791102514 0.4180660104226983 0.7400386847195358 0.42154024319629413 0.7398452611218569 0.4254005018336229 0.7411992263056093 0.42752364408415366
5 0.7994197292069632 0.3962555491217912 0.8019342359767891 0.3981856784404555 0.8063829787234043 0.399729781895387 0.8106382978723404 0.39895773016792124 0.8145067698259187 0.39451843273499326 0.8154738878143133 0.3916232387569967 0.8168278529980658 0.38370970855047287 0.8168278529980658 0.3798494499131442 0.8158607350096712 0.3761822042076819 0.8143133462282398 0.374445087820884 0.811411992263056 0.37367303609341823 0.8071566731141199 0.3740590619571511 0.8034816247582205 0.3759891912758155 0.7996131528046422 0.38004246284501064 0.7984526112185687 0.386411889596603 0.7982591876208898 0.3923952904844625 0.7994197292069632 0.3962555491217912
5 0.7808510638297872 0.35591584636170626 0.7827852998065764 0.35803898861223704 0.7872340425531915 0.3586180274078363 0.7916827852998066 0.3578459756803706 0.7945841392649903 0.35649488515730554 0.7955512572533849 0.3553368075661069 0.7972920696324952 0.34877436788264815 0.7934235976789168 0.3445280833815866 0.7895551257253385 0.34510712217718587 0.7862669245647969 0.3441420575178537 0.7818181818181819 0.34703725149585024 0.7802707930367505 0.34935340667824744 0.7800773694390716 0.35321366531557613 0.7808510638297872 0.35591584636170626
5 0.853384912959381 0.46168693302451264 0.8568665377176016 0.4622659718201119 0.8624758220502902 0.46130090716077976 0.867311411992263 0.4568616097278518 0.8688588007736944 0.4530013510905231 0.8684719535783365 0.4495271183169272 0.8669245647969053 0.4470179502026636 0.8640232108317215 0.44470179502026635 0.8628626692456479 0.44412275622466707 0.8599613152804643 0.44470179502026635 0.8547388781431334 0.4493341053850608 0.8518375241779497 0.454738467477321 0.8520309477756286 0.4599498166377147 0.853384912959381 0.46168693302451264
5 0.8754352030947775 0.47037251495850224 0.8767891682785299 0.472495657209033 0.8800773694390716 0.47384674773209806 0.8845261121856867 0.4701795020266358 0.886073500967118 0.4674773209805057 0.8874274661508704 0.4638100752750434 0.888394584139265 0.45628257093225244 0.8872340425531915 0.45396641574985525 0.8837524177949709 0.4510712217718587 0.8800773694390716 0.4510712217718587 0.8767891682785299 0.45415942868172166 0.8746615087040619 0.4599498166377147 0.874274661508704 0.4647751399343756 0.8754352030947775 0.47037251495850224
5 0.7251450676982591 0.445859872611465 0.7272727272727273 0.4475969889982629 0.7313346228239845 0.4491410924531944 0.7346228239845262 0.44798301486199577 0.7386847195357834 0.4439297432928006 0.7406189555125725 0.43968345879173903 0.7406189555125725 0.43543717429067746 0.7388781431334622 0.43312101910828027 0.7342359767891683 0.43138390272148236 0.7266924564796905 0.43563018722254393 0.7239845261121857 0.43929743292800616 0.7237911025145067 0.442771665701602 0.7251450676982591 0.445859872611465
5 0.7096711798839458 0.4360162130862768 0.7135396518375242 0.4404555105192048 0.7166344294003868 0.4419996139741363 0.7210831721470019 0.4402624975873384 0.7230174081237911 0.4371742906774754 0.723404255319149 0.43215595444894805 0.7203094777562863 0.42636556649295504 0.7098646034816247 0.4269446052885543 0.7081237911025146 0.42868172167535223 0.7075435203094778 0.430804863925883 0.7073500967117988 0.43215595444894805 0.7096711798839458 0.4360162130862768
5 0.5444874274661509 0.4663192433893071 0.5456479690522243 0.4678633468442386 0.5502901353965184 0.4696004632310365 0.55357833655706 0.4676703339123721 0.5547388781431335 0.4653541787299749 0.5586073500967118 0.4543524416135881 0.5599613152804642 0.44663192433893073 0.5591876208897486 0.44142057517853694 0.5537717601547388 0.4360162130862768 0.5502901353965184 0.43582320015441034 0.5473887814313346 0.43910441999613975 0.5471953578336557 0.4433507044972013 0.5448742746615087 0.45338737695425596 0.544100580270793 0.4599498166377147 0.5444874274661509 0.4663192433893071
5 0.560541586073501 0.29936305732484075 0.5636363636363636 0.30129318664350513 0.5663442940038684 0.3005211349160394 0.5690522243713733 0.29743292800617643 0.5705996131528046 0.2933796564369813 0.5711798839458414 0.289712410731519 0.569825918762089 0.2837290098436595 0.5682785299806576 0.28295695811619376 0.5642166344294004 0.28295695811619376 0.5607350096711798 0.28643119088978963 0.5593810444874274 0.29144952711831695 0.5593810444874274 0.2966608762787107 0.560541586073501 0.29936305732484075
5 0.4176015473887814 0.43563018722254393 0.42514506769825916 0.44682493727079714 0.4288201160541586 0.44798301486199577 0.4323017408123791 0.44721096313453 0.43346228239845264 0.44624589847519786 0.4350096711798839 0.44238563983786916 0.43520309477756286 0.4389114070642733 0.43268858800773696 0.430804863925883 0.42920696324951646 0.4255935147654893 0.4253384912959381 0.4238563983786914 0.42166344294003866 0.42443543717429066 0.41740812379110254 0.42868172167535223 0.41682785299806574 0.43215595444894805 0.4176015473887814 0.43563018722254393
5 0.41102514506769827 0.3319822428102683 0.41431334622823984 0.33603551437946344 0.418568665377176 0.33893070835746 0.4253384912959381 0.335842501447597 0.42514506769825916 0.3315962169465354 0.42224371373307545 0.3279289712410732 0.4148936170212766 0.32291063501254585 0.4114119922630561 0.322524609148813 0.4102514506769826 0.32329666087627873 0.40986460348162473 0.3256128160586759 0.41102514506769827 0.3319822428102683
4 0.3390715667311412 0.43215595444894805 0.34197292069632496 0.4344721096313453 0.34313346228239844 0.43350704497201314 0.3450676982591876 0.4284887087434858 0.34661508704061894 0.42655857942482145 0.35493230174081236 0.4217332561281606 0.3541586073500967 0.4198031268094962 0.35222437137330753 0.4184520362864312 0.34448742746615085 0.417486971627099 0.34197292069632496 0.4184520362864312 0.34061895551257254 0.4199961397413627 0.3382978723404255 0.42655857942482145 0.3381044487427466 0.4288747346072187 0.3390715667311412 0.43215595444894805
5 0.23945841392649903 0.42501447596989 0.24274661508704062 0.43215595444894805 0.2448742746615087 0.43370005790387955 0.24854932301740812 0.43408608376761243 0.25009671179883947 0.43350704497201314 0.25261121856866536 0.43003281219841727 0.2531914893617021 0.42482146303802354 0.2516441005802708 0.4167149198996333 0.24893617021276596 0.41053850607990733 0.24622823984526113 0.4080293379656437 0.24429400386847194 0.407257286238178 0.2404255319148936 0.40957344142057517 0.23868471953578335 0.4142057517853696 0.23849129593810445 0.41903107508203047 0.23945841392649903 0.42501447596989
5 0.15145067698259188 0.5159235668789809 0.15841392649903288 0.5165026056745802 0.16499032882011605 0.5143794634240494 0.16943907156673113 0.5085890754680563 0.17176015473887815 0.5012545840571319 0.172147001934236 0.4973943254198031 0.17098646034816248 0.4956572090330052 0.1690522243713733 0.49469214437367304 0.1611218568665377 0.49430611850994016 0.1574468085106383 0.49642926076047095 0.15377176015473887 0.5000965064659332 0.14970986460348162 0.5074309978768577 0.14951644100580272 0.5122563211735186 0.15145067698259188 0.5159235668789809
5 0.5448742746615087 0.5311715884964293 0.5483558994197292 0.5325226790194943 0.5508704061895551 0.5325226790194943 0.5537717601547388 0.5313646014282957 0.5584139264990329 0.524416135881104 0.5601547388781432 0.5192047867207102 0.5607350096711798 0.5149585022196487 0.5589941972920697 0.5087820883999228 0.5560928433268859 0.5070449720131249 0.5537717601547388 0.5068519590812585 0.5504835589941973 0.508010036672457 0.5464216634429401 0.5136074116965836 0.5442940038684719 0.5190117737888439 0.5437137330754352 0.5236440841536383 0.5448742746615087 0.5311715884964293
5 0.4852998065764023 0.5695811619378498 0.4878143133462282 0.5715112912565142 0.4912959381044487 0.5709322524609148 0.4951644100580271 0.5672650067554527 0.4965183752417795 0.5608955800038603 0.4955512572533849 0.543910441999614 0.4941972920696325 0.540822235089751 0.4912959381044487 0.5383130669754873 0.4887814313346228 0.5398571704304188 0.48723404255319147 0.5427523644084153 0.48588007736943906 0.5537541015248022 0.4839458413926499 0.5608955800038603 0.4843326885880077 0.567844045551052 0.4852998065764023 0.5695811619378498
5 0.4874274661508704 0.6251688863153831 0.4912959381044487 0.6253618992472496 0.49632495164410056 0.6224667052692531 0.5005802707930368 0.6162902914495271 0.5029013539651838 0.6093418259023354 0.5034816247582206 0.6018143215595445 0.5005802707930368 0.5969889982628837 0.49671179883945843 0.5952518818760857 0.49497098646034815 0.5935147654892878 0.49110251450676984 0.5979540629222158 0.48897485493230175 0.6023933603551438 0.4852998065764023 0.6193784983593901 0.4852998065764023 0.6234317699285852 0.4874274661508704 0.6251688863153831
5 0.5052224371373307 0.5954448948079522 0.5088974854932302 0.595830920671685 0.5114119922630561 0.5933217525574214 0.5150870406189555 0.5850221964871647 0.5145067698259188 0.5790387955993052 0.5125725338491296 0.5753715498938429 0.509284332688588 0.5745994981663771 0.5061895551257254 0.5755645628257093 0.504642166344294 0.5778807180081066 0.5040618955512572 0.5921636749662227 0.5052224371373307 0.5954448948079522
5 0.5365570599613153 0.6162902914495271 0.5398452611218568 0.6240108087241846 0.5439071566731141 0.6220806794055201 0.5458413926499033 0.619764524223123 0.5473887814313346 0.6162902914495271 0.5475822050290136 0.6118509940165991 0.5468085106382978 0.6085697741748697 0.5398452611218568 0.5939007913530207 0.5369439071566731 0.5991121405134144 0.5361702127659574 0.601621308627678 0.5365570599613153 0.6162902914495271
5 0.5309477756286267 0.6473653734800232 0.5363636363636364 0.6514186450492183 0.5398452611218568 0.6521906967766841 0.5422307543520309 0.6501962941517081 0.5468085106382978 0.6485234510712218 0.5454545454545454 0.6336614553175063 0.5433268858800774 0.6294151708164447 0.5398452611218568 0.6294151708164447 0.5363636363636364 0.631731325998842 0.532688588007737 0.6355915846361706 0.5294003868471954 0.6411889596602972 0.5290135396518375 0.6440841536382937 0.5309477756286267 0.6473653734800232
5 0.513926499032882 0.6429260760470952 0.5154738878143134 0.644663192433893 0.5189555125725338 0.643312101910828 0.5212765957446809 0.6408029337965644 0.5239845261121857 0.6346265199768385 0.5245647969052224 0.6267129897703146 0.523017408123791 0.6232387569967188 0.5189555125725338 0.6215016406099209 0.5152804642166344 0.6234317699285852 0.5135396518375241 0.6259409380428489 0.5119922630560928 0.633082416521907 0.511798839458414 0.6375217139548349 0.513926499032882 0.6429260760470952
4 0.5110251450676982 0.6162902914495271 0.5121856866537717 0.6195715112912565 0.5158607350096712 0.6224667052692531 0.5179883945841393 0.619764524223123 0.5183752417794971 0.6160972785176607 0.5206963249516441 0.6103068905616676 0.5216634429400386 0.6025863732870103 0.5218568665377176 0.5940938042848871 0.5212765957446809 0.5919706620343563 0.5193423597678917 0.5904265585794248 0.5154738878143134 0.5896545068519591 0.5137330754352031 0.5919706620343563 0.511605415860735 0.5996911793090137 0.5104448742746616 0.6089558000386026 0.5110251450676982 0.6162902914495271
4 0.6588007736943907 0.6338544682493727 0.6597678916827853 0.6404169079328315 0.6682785299806576 0.6516116579810848 0.6752417794970986 0.6519976838448176 0.67678916827853 0.647751399343756 0.6777562862669245 0.6352055587724378 0.6779497098646035 0.6265199768384482 0.67678916827853 0.6224667052692531 0.6758220502901354 0.6207295888824551 0.6717601547388782 0.6174483690407258 0.6682785299806576 0.61667631731326 0.6642166344294004 0.619764524223123 0.6622823984526112 0.6230457440648524 0.6617021276595745 0.626906002702181 0.6588007736943907 0.6338544682493727
4 0.6599613152804642 0.6813356494885158 0.6601547388781431 0.6853889210577109 0.6646034816247582 0.6877050762401081 0.6682785299806576 0.6909862960818375 0.6717601547388782 0.689442192626906 0.6729206963249517 0.6878980891719745 0.6762088974854932 0.6786334684423856 0.6777562862669245 0.6601042269832079 0.67678916827853 0.6556649295502799 0.6752417794970986 0.6527697355722833 0.6682785299806576 0.6533487743678826 0.6636363636363637 0.6575950588689442 0.6609284332688588 0.6684037830534646 0.6611218568665377 0.6755452615325227 0.6599613152804642 0.6813356494885158
4 0.6344294003868471 0.6888631538313067 0.6369439071566732 0.692530399536769 0.6406189555125725 0.6929164254005018 0.6444874274661508 0.6904072572862382 0.6471953578336557 0.6855819339895773 0.6493230174081238 0.6745801968731905 0.648742746615087 0.6720710287589269 0.6473887814313346 0.6703339123721289 0.6404255319148936 0.673036093418259 0.6379110251450677 0.6753522486006562 0.6342359767891683 0.6853889210577109 0.6344294003868471 0.6888631538313067
5 0.6545454545454545 0.7112526539278131 0.6578336557059962 0.7135688091102104 0.6624758220502901 0.7129897703146111 0.6642166344294004 0.7108666280640803 0.6669245647969052 0.7044972013124879 0.6684719535783366 0.6973557228334298 0.6686653771760155 0.6892491796950395 0.6632495164410058 0.6867400115807759 0.6613152804642166 0.685002895193978 0.6580270793036751 0.6853889210577109 0.655899419729207 0.6890561667631732 0.65357833655706 0.7006369426751592 0.6533849129593811 0.7054622659718202 0.6545454545454545 0.7112526539278131
5 0.6266924564796905 0.6726500675545262 0.6334622823984526 0.6765103261918548 0.6425531914893617 0.6668596795985331 0.6448742746615087 0.6616483304381393 0.6450676982591876 0.6539278131634819 0.6439071566731142 0.650839606253619 0.6408123791102515 0.6473653734800232 0.6367504835589942 0.6471723605481567 0.6336557059961315 0.6492955027986875 0.6268858800773695 0.6653155761436016 0.6261121856866537 0.6680177571897317 0.6266924564796905 0.6726500675545262
5 0.6164410058027079 0.6973557228334298 0.6203094777562863 0.698320787492762 0.6235976789168278 0.696969696969697 0.6305609284332688 0.6888631538313067 0.634816247582205 0.6821077012159815 0.6346228239845261 0.6784404555105192 0.6334622823984526 0.6753522486006562 0.6266924564796905 0.6726500675545262 0.6228239845261122 0.6745801968731905 0.618568665377176 0.6786334684423856 0.6150870406189555 0.689442192626906 0.6152804642166344 0.6958116193784983 0.6164410058027079 0.6973557228334298
5 0.5758220502901354 0.5933217525574214 0.5765957446808511 0.5960239336035514 0.5779497098646035 0.59718201119475 0.5820116054158607 0.5935147654892878 0.5851063829787234 0.5888824551244933 0.5864603481624758 0.5811619378498359 0.583752417794971 0.5786527697355723 0.579110251450677 0.5778807180081066 0.5777562862669245 0.5782667438718394 0.5764023210831721 0.5811619378498359 0.5754352030947776 0.5846361706234318 0.5758220502901354 0.5933217525574214
4 0.5862669245647969 0.5782667438718394 0.588394584139265 0.5805828990542367 0.5920696324951644 0.5773016792125072 0.5947775628626693 0.5711252653927813 0.5959381044487427 0.564755838641189 0.595357833655706 0.5570353213665316 0.5941972920696325 0.5549121791160008 0.5916827852998066 0.5529820497973365 0.5880077369439072 0.5543331403204015 0.5864603481624758 0.555877243775333 0.5849129593810445 0.5603165412082609 0.5852998065764023 0.5744064852345108 0.5862669245647969 0.5782667438718394
5 0.6042553191489362 0.5813549507817024 0.6058027079303675 0.5828990542366339 0.6094777562862669 0.5834780930322332 0.6121856866537717 0.5813549507817024 0.6125725338491296 0.579424821463038 0.6129593810444874 0.573634433507045 0.6119922630560929 0.567844045551052 0.6092843326885881 0.5641767998455897 0.6058027079303675 0.5632117351862574 0.6032882011605416 0.5676510326191855 0.6030947775628627 0.5697741748697163 0.6029013539651837 0.5755645628257093 0.6042553191489362 0.5813549507817024
5 0.5613152804642166 0.7734028179888053 0.5634429400386847 0.7764910248986682 0.5676982591876208 0.7782281412854661 0.5709864603481625 0.7757189731712024 0.5762088974854932 0.7689635205558772 0.5762088974854932 0.7616290291449527 0.5750483558994197 0.7562246670526925 0.5736943907156673 0.7531364601428295 0.5684719535783366 0.7483111368461687 0.5644100580270793 0.7471530592549701 0.5603481624758221 0.7513993437560317 0.5595744680851064 0.7556456282570932 0.5593810444874274 0.7589268480988226 0.5613152804642166 0.7734028179888053
5 0.5425531914893617 0.7678054429646787 0.5533849129593811 0.7639451843273499 0.5588007736943907 0.7643312101910829 0.5597678916827853 0.7635591584636171 0.5601547388781432 0.7618220420768191 0.5611218568665377 0.7496622273692337 0.5578336557059961 0.7473460721868365 0.555899419729207 0.7477320980505694 0.5539651837524178 0.7492762015055009 0.5502901353965184 0.7479251109824359 0.5458413926499033 0.7517853696197645 0.541972920696325 0.7585408222350898 0.539651837524178 0.7654892877822814 0.5425531914893617 0.7678054429646787
5 0.5294003868471954 0.8506079907353793 0.5379110251450677 0.8461686933024513 0.5402321083172147 0.8434665122563212 0.5444874274661509 0.834973943254198 0.5450676982591877 0.8314997104806022 0.5431334622823984 0.827446438911407 0.5398452611218568 0.8249372707971434 0.5363636363636364 0.8247442578652769 0.5294003868471954 0.8342018915267323 0.5266924564796905 0.8415363829376569 0.5264990328820116 0.845589654506852 0.5294003868471954 0.8506079907353793
5 0.49941972920696326 0.9143022582513028 0.5015473887814313 0.9158463617062343 0.504642166344294 0.9150743099787686 0.5096711798839458 0.9121791160007721 0.5143133462282399 0.9079328314997105 0.5164410058027079 0.9025284694074504 0.5189555125725338 0.8909476934954642 0.5179883945841393 0.8863153831306697 0.5148936170212766 0.8828411503570739 0.511798839458414 0.8820690986296081 0.5083172147001934 0.8830341632889404 0.5030947775628627 0.8890175641767999 0.5003868471953579 0.8948079521327928 0.4978723404255319 0.9065817409766455 0.49806576402321084 0.9119861030689056 0.49941972920696326 0.9143022582513028
5 0.5193423597678917 0.9029144952711832 0.5224371373307544 0.9046516116579811 0.5276595744680851 0.9025284694074504 0.5328820116054158 0.897510133178923 0.5373307543520309 0.8909476934954642 0.5406189555125726 0.8836132020845396 0.5398452611218568 0.8809110210384096 0.5379110251450677 0.8789808917197452 0.5330754352030947 0.8770507624010808 0.5292069632495164 0.878015827060413 0.525725338491296 0.8764717236054815 0.5241779497098646 0.8785948658560123 0.5214700193423598 0.8801389693109438 0.521083172147002 0.8841922408801389 0.5179883945841393 0.8951939779965258 0.5179883945841393 0.9004053271569196 0.5193423597678917 0.9029144952711832
5 0.5433268858800774 0.9330245126423471 0.5458413926499033 0.9351476548928779 0.5502901353965184 0.9372707971434087 0.551063829787234 0.9368847712796757 0.5601547388781432 0.9253039953676896 0.5593810444874274 0.9187415556842309 0.5576402321083173 0.9148812970469021 0.5537717601547388 0.9121791160007721 0.5502901353965184 0.9121791160007721 0.5456479690522243 0.919706620343563 0.5431334622823984 0.925883034163289 0.5427466150870406 0.9309013703918162 0.5433268858800774 0.9330245126423471
5 0.5085106382978724 0.950781702374059 0.5119922630560928 0.9513607411696584 0.5158607350096712 0.9490445859872612 0.52321083172147 0.939200926462073 0.5255319148936171 0.9324454738467477 0.5249516441005803 0.9293572669368848 0.5189555125725338 0.9231808531171588 0.5154738878143134 0.9224088013896931 0.5127659574468085 0.9260760470951553 0.5067698259187621 0.9432541980312681 0.5061895551257254 0.949430611850994 0.5085106382978724 0.950781702374059
5 0.5259187620889748 0.9710480602200348 0.5274661508704062 0.9751013317892299 0.5295938104448743 0.9774174869716271 0.534816247582205 0.9754873576529628 0.5382978723404256 0.9706620343563018 0.5437137330754352 0.956958116193785 0.5433268858800774 0.9530978575564563 0.5365570599613153 0.9500096506465934 0.5328820116054158 0.9509747153059255 0.5295938104448743 0.955220999806987 0.5274661508704062 0.9600463231036479 0.5259187620889748 0.9668017757189732 0.5259187620889748 0.9710480602200348
5 0.5528046421663443 0.9478865083960626 0.5570599613152805 0.950781702374059 0.5607350096711798 0.9500096506465934 0.5647969052224371 0.9428681721675353 0.5671179883945842 0.9359197066203435 0.5680851063829787 0.9293572669368848 0.5676982591876208 0.9276201505500868 0.5646034816247583 0.9249179695039568 0.560541586073501 0.9235668789808917 0.5539651837524178 0.9320594479830149 0.5514506769825919 0.937849835939008 0.5512572533849129 0.9428681721675353 0.5528046421663443 0.9478865083960626
2 0.218568665377176 0.629994209612044 0.22727272727272727 0.6305732484076433 0.23172147001934235 0.633082416521907 0.2299806576402321 0.6381007527504343 0.2239845261121857 0.6409959467284309 0.2220502901353965 0.6429260760470952 0.22127659574468084 0.6473653734800232 0.2230174081237911 0.6506465933217526 0.22727272727272727 0.6550858907546806 0.23056092843326886 0.6562439683458792 0.23404255319148937 0.655278903686547 0.2367504835589942 0.650839606253619 0.23733075435203094 0.6440841536382937 0.23500967117988394 0.6377147268867014 0.2346228239845261 0.6265199768384482 0.23288201160541586 0.6222736923373866 0.2311411992263056 0.6191854854275236 0.22707930367504836 0.6164833043813935 0.22030947775628626 0.6193784983593901 0.21760154738878143 0.6232387569967188 0.2172147001934236 0.626906002702181 0.218568665377176 0.629994209612044
2 0.17620889748549323 0.6502605674580196 0.17794970986460348 0.6543138390272148 0.18916827852998067 0.6718780158270604 0.19032882011605415 0.6682107701215981 0.19168278529980656 0.6518046709129511 0.19110251450676982 0.647751399343756 0.18936170212765957 0.6460142829569581 0.18568665377176016 0.6448562053657595 0.1816247582205029 0.645049218297626 0.1771760154738878 0.6465933217525575 0.17620889748549323 0.6475583864118896 0.17620889748549323 0.6502605674580196
4 0.21972920696324952 0.6994788650839606 0.2239845261121857 0.7064273306311523 0.2263056092843327 0.7133757961783439 0.2276595744680851 0.7153059254970083 0.22920696324951645 0.7131827832464775 0.23423597678916827 0.698320787492762 0.2346228239845261 0.6956186064466319 0.23384912959381043 0.6927234124686354 0.2309477756286267 0.6900212314225053 0.22727272727272727 0.6896352055587724 0.22088974854932303 0.692530399536769 0.21992263056092842 0.6940745029917005 0.21914893617021278 0.6958116193784983 0.21972920696324952 0.6994788650839606
4 0.22591876208897485 0.8079521327928971 0.23017408123791103 0.8149005983400888 0.2334622823984526 0.8181818181818182 0.2379110251450677 0.8187608569774175 0.2413926499032882 0.8156726500675545 0.2435203094777563 0.8106543138390272 0.24274661508704062 0.8037058482918356 0.24177949709864605 0.8002316155182397 0.23752417794970987 0.7930901370391816 0.23404255319148937 0.7921250723798494 0.22688588007736943 0.7996525767226405 0.2253384912959381 0.802547770700637 0.22495164410058027 0.8044779000193013 0.22591876208897485 0.8079521327928971
4 0.2206963249516441 0.83053464582127 0.2264990328820116 0.8378691372321946 0.2334622823984526 0.8436595251881877 0.23771760154738877 0.8453966415749855 0.2413926499032882 0.845589654506852 0.24294003868471953 0.8423084346651226 0.2435203094777563 0.8386411889596603 0.2425531914893617 0.8314997104806022 0.23481624758220504 0.8191468828411503 0.23056092843326886 0.8170237405906196 0.22475822050290134 0.8195329087048833 0.22224371373307544 0.8214630380235476 0.22011605415860735 0.8255163095927427 0.21992263056092842 0.8284115035707392 0.2206963249516441 0.83053464582127
3 0.1920696324951644 0.7793862188766647 0.19613152804642167 0.7865276973557228 0.19941972920696324 0.7882648137425208 0.20309477756286268 0.7880718008106543 0.204642166344294 0.7863346844238563 0.20638297872340425 0.7822814128546612 0.2079303675048356 0.7712796757382745 0.20773694390715666 0.7631731325998842 0.20560928433268857 0.7513993437560317 0.20309477756286268 0.7471530592549701 0.19922630560928434 0.7454159428681721 0.19284332688588007 0.7494692144373672 0.18878143133462283 0.7552596023933603 0.18820116054158606 0.765296274850415 0.1920696324951644 0.7793862188766647
5 0.19729206963249515 0.8314997104806022 0.20174081237911026 0.8428874734607219 0.20657640232108318 0.8529241459177765 0.21005802707930368 0.8544682493727079 0.21566731141199227 0.8506079907353793 0.21779497098646033 0.8457826674387184 0.2172147001934236 0.8384481760277939 0.2137330754352031 0.8284115035707392 0.21121856866537717 0.8230071414784791 0.20657640232108318 0.8193398957730168 0.20290135396518374 0.8197259216367496 0.19787234042553192 0.8257093225246092 0.1967117988394584 0.8280254777070064 0.19729206963249515 0.8314997104806022
5 0.2127659574468085 0.8689442192626906 0.21605415860735008 0.8743485813549507 0.2239845261121857 0.8812970469021424 0.22727272727272727 0.8776298011966802 0.22823984526112184 0.8733835166956186 0.22707930367504836 0.8612237019880332 0.22591876208897485 0.8556263269639066 0.22437137330754353 0.8525381200540436 0.22030947775628626 0.8479058096892492 0.21682785299806576 0.8492569002123143 0.20986460348162475 0.8550472881683073 0.20947775628626691 0.8596795985331017 0.2127659574468085 0.8689442192626906
5 0.23152804642166344 0.8664350511484269 0.2369439071566731 0.8724184520362864 0.2390715667311412 0.873576529627485 0.2415860735009671 0.8741555684230844 0.24622823984526113 0.8728044779000192 0.24835589941972921 0.8697162709901564 0.24835589941972921 0.8629608183748311 0.24564796905222436 0.8550472881683073 0.24177949709864605 0.848291835552982 0.23965183752417796 0.8467477320980505 0.23404255319148937 0.8448176027793862 0.23075435203094777 0.8459756803705848 0.22862669245647968 0.85002895193978 0.22862669245647968 0.858907546805636 0.23152804642166344 0.8664350511484269
5 0.20889748549323017 0.8870874348581355 0.21237911025145068 0.8940359004053272 0.21798839458413927 0.9013703918162517 0.22030947775628626 0.9031075082030496 0.22379110251450676 0.9029144952711832 0.22727272727272727 0.8978961590426559 0.22823984526112184 0.8942289133371936 0.22843326885880078 0.8905616676317313 0.22727272727272727 0.8874734607218684 0.22263056092843328 0.8803319822428103 0.21624758220502902 0.875313646014283 0.21334622823984525 0.8739625554912179 0.20967117988394585 0.8751206330824165 0.20831721470019343 0.8770507624010808 0.2081237911025145 0.8832271762208068 0.20889748549323017 0.8870874348581355
5 0.12978723404255318 0.9457633661455318 0.13520309477756287 0.9548349739432542 0.13733075435203096 0.9571511291256514 0.14042553191489363 0.9585022196487165 0.14429400386847197 0.9588882455124493 0.14738878143133463 0.956958116193785 0.14893617021276595 0.9536768963520555 0.14893617021276595 0.9513607411696584 0.1471953578336557 0.9422891333719359 0.14584139264990328 0.9376568230071415 0.14061895551257253 0.9289712410731519 0.13694390715667312 0.9268480988226211 0.13346228239845262 0.9295502798687512 0.12940038684719535 0.9357266936884772 0.1286266924564797 0.9393939393939394 0.12978723404255318 0.9457633661455318
5 0.12166344294003868 0.984944991314418 0.12263056092843327 0.9891912758154796 0.12649903288201161 0.9980698706813357 0.12649903288201161 0.9998069870681335 0.1400386847195358 0.9998069870681335 0.14042553191489363 0.9907353792704111 0.13984526112185686 0.9841729395869523 0.13771760154738877 0.9720131248793669 0.1346228239845261 0.9617834394904459 0.13365570599613152 0.9608183748311137 0.12998065764023212 0.9604323489673808 0.12688588007736945 0.9623624782860452 0.12359767891682785 0.9668017757189732 0.12243713733075436 0.970276008492569 0.12263056092843327 0.9774174869716271 0.12166344294003868 0.984944991314418
5 0.15164410058027078 0.9998069870681335 0.16518375241779498 0.9998069870681335 0.16518375241779498 0.9806987068133565 0.16382978723404254 0.9760663964485621 0.16073500967117987 0.9749083188573634 0.15822050290135398 0.9762594093804284 0.15435203094777564 0.9770314611078942 0.15009671179883946 0.9808917197452229 0.14951644100580272 0.982242810268288 0.14912959381044488 0.9905423663385446 0.15164410058027078 0.9998069870681335
5 0.1127659574468085 0.9998069870681335 0.11237911025145067 0.9909283922022776 0.11121856866537717 0.9841729395869523 0.10851063829787234 0.9787685774946921 0.10618955512572534 0.9774174869716271 0.102321083172147 0.9783825516309593 0.09787234042553192 0.9812777456089558 0.09593810444874275 0.9851380042462845 0.09613152804642167 0.9998069870681335 0.1127659574468085 0.9998069870681335
5 0.05725338491295938 0.9561860644663193 0.06073500967117988 0.9567651032619185 0.06460348162475822 0.9532908704883227 0.06769825918762089 0.9463424049411311 0.06847195357833656 0.9428681721675353 0.06692456479690523 0.9359197066203435 0.06479690522243714 0.9330245126423471 0.06073500967117988 0.9324454738467477 0.05841392649903288 0.9343756031654121 0.05705996131528046 0.9370777842115422 0.05531914893617021 0.9455703532136653 0.055705996131528046 0.953869909283922 0.05725338491295938 0.9561860644663193