2 0.12437137330754353 0.1646400308820691 0.12630560928433268 0.16830727658753136 0.12959381044487428 0.17004439297432927 0.13404255319148936 0.17043041883806215 0.13945841392649902 0.16946535417873 0.14216634429400388 0.16811426365566493 0.14410058027079303 0.16521906967766842 0.14448742746615087 0.15769156533487744 0.14235976789168278 0.15498938428874734 0.1379110251450677 0.15248021617448368 0.13346228239845262 0.15132213858328508 0.12688588007736945 0.1547963713568809 0.12456479690522243 0.15827060413047675 0.12398452611218569 0.16116579810847326 0.12437137330754353 0.1646400308820691
2 0.34294003868471956 0.06060606060606061 0.34874274661508703 0.06562439683458791 0.35319148936170214 0.06562439683458791 0.3603481624758221 0.06408029337965644 0.36266924564796904 0.062343176992858525 0.3644100580270793 0.05732484076433121 0.3624758220502901 0.05365759505886895 0.36150870406189556 0.04921829762594094 0.3595744680851064 0.04670912951167728 0.34874274661508703 0.04670912951167728 0.34332688588007737 0.04960432348967381 0.34100580270793035 0.05327156919513607 0.3413926499032882 0.05751785369619764 0.34294003868471956 0.06060606060606061
2 0.5545454545454546 0.05848291835552982 0.5564796905222437 0.06022003474232773 0.5667311411992263 0.06562439683458791 0.574468085106383 0.06601042269832079 0.5787234042553191 0.06079907353792704 0.5775628626692456 0.05693881490059834 0.5709864603481625 0.04921829762594094 0.5572533849129594 0.04806022003474233 0.5537717601547388 0.05037637521713955 0.5537717601547388 0.056745801968731906 0.5545454545454546 0.05848291835552982
4 0.5353965183752418 0.09766454352441614 0.5365570599613153 0.09882262111561474 0.5431334622823984 0.10152480216174484 0.5468085106382978 0.10055973750241266 0.5506769825918763 0.09785755645628257 0.5543520309477756 0.09187415556842309 0.5539651837524178 0.08839992279482725 0.5528046421663443 0.08685581933989578 0.5500967117988395 0.08453966415749856 0.5473887814313346 0.0837676124300328 0.5398452611218568 0.08453966415749856 0.5355899419729206 0.08724184520362864 0.5342359767891682 0.0903300521134916 0.5342359767891682 0.0947693495464196 0.5353965183752418 0.09766454352441614
4 0.5402321083172147 0.13356494885157305 0.546615087040619 0.13800424628450106 0.5537717601547388 0.13896931094383325 0.5597678916827853 0.13414398764717236 0.5603481624758221 0.12661648330438138 0.5589941972920697 0.123335263462652 0.5572533849129594 0.12140513414398765 0.5541586073500967 0.1206330824165219 0.5435203094777563 0.12082609534838834 0.5413926499032882 0.12294923759891913 0.5398452611218568 0.12661648330438138 0.5392649903288201 0.13066975487357652 0.5402321083172147 0.13356494885157305
2 0.5121856866537717 0.13182783246477514 0.5156673114119923 0.1337579617834395 0.5263056092843327 0.1337579617834395 0.5294003868471954 0.1325998841922409 0.5317214700193423 0.13028372900984367 0.5315280464216634 0.12623045744064854 0.5294003868471954 0.12237019880331983 0.5189555125725338 0.11870295309785756 0.5141199226305609 0.12237019880331983 0.5110251450676982 0.1260374445087821 0.5110251450676982 0.13028372900984367 0.5121856866537717 0.13182783246477514
4 0.3369439071566731 0.3750241266164833 0.34332688588007737 0.3773402817988805 0.35106382978723405 0.37849835939007914 0.35570599613152803 0.3773402817988805 0.3595744680851064 0.3738660490252847 0.3620889748549323 0.3665315576143602 0.3613152804642166 0.3646014282956958 0.35918762088974854 0.362478286045165 0.34932301740812377 0.35996911793090136 0.34197292069632496 0.3601621308627678 0.3377176015473888 0.3613202084539664 0.3355899419729207 0.3628643119088979 0.33365570599613154 0.36595251881876084 0.33404255319148934 0.37135688091102104 0.3369439071566731 0.3750241266164833
2 0.4406189555125725 0.3910441999613974 0.4425531914893617 0.3937463810075275 0.4460348162475822 0.3947114456668597 0.4620889748549323 0.3885350318471338 0.4644100580270793 0.386411889596603 0.4657640232108317 0.38332368268674 0.46460348162475823 0.38042848870874346 0.460541586073501 0.377533294730747 0.45686653771760155 0.3761822042076819 0.451063829787234 0.3756031654120826 0.44313346228239847 0.3783053464582127 0.44081237911025145 0.38081451457247634 0.43965183752417797 0.38390272148233934 0.43945841392649904 0.3871839413240687 0.4406189555125725 0.3910441999613974
4 0.5431334622823984 0.46670526925303996 0.5446808510638298 0.47056552789036865 0.5462282398452611 0.47210963134530015 0.5520309477756287 0.47423277359583094 0.5607350096711798 0.4750048253232967 0.5680851063829787 0.46824937270797146 0.5705996131528046 0.463617062343177 0.5707930367504835 0.4599498166377147 0.5690522243713733 0.4566685967959853 0.5663442940038684 0.454738467477321 0.5576402321083173 0.45203628643119087 0.55357833655706 0.45184327349932446 0.5504835589941973 0.4530013510905231 0.5442940038684719 0.460528855433314 0.5431334622823984 0.46323103647944414 0.5431334622823984 0.46670526925303996
4 0.32456479690522244 0.5273113298591006 0.327852998065764 0.5286624203821656 0.3321083172147002 0.5290484462458985 0.33849129593810445 0.527504342790967 0.34294003868471956 0.524802161744837 0.34448742746615085 0.5228720324261725 0.34545454545454546 0.518625747925111 0.3448742746615087 0.5157305539471144 0.34294003868471956 0.5132213858328508 0.33849129593810445 0.5107122177185871 0.33713733075435204 0.5107122177185871 0.327852998065764 0.5134143987647173 0.32321083172147 0.5166956186064466 0.3216634429400387 0.5190117737888439 0.32127659574468087 0.5226790194943061 0.32456479690522244 0.5273113298591006
4 0.290715667311412 0.5819339895773017 0.2926499032882012 0.583864118895966 0.2967117988394584 0.5859872611464968 0.3013539651837524 0.5848291835552982 0.30754352030947774 0.5844431576915653 0.31063829787234043 0.5834780930322332 0.3170212765957447 0.5782667438718394 0.3191489361702128 0.5745994981663771 0.3191489361702128 0.5709322524609148 0.3156673114119923 0.5659139162323875 0.31083172147001936 0.5639837869137232 0.30754352030947774 0.5641767998455897 0.3009671179883946 0.5664929550279869 0.2965183752417795 0.5670719938235862 0.2926499032882012 0.568809110210384 0.2909090909090909 0.5713182783246478 0.2895551257253385 0.5765296274850416 0.28936170212765955 0.5780737309399729 0.290715667311412 0.5819339895773017
4 0.30464216634429403 0.6201505500868558 0.30676982591876206 0.6216946535417873 0.3100580270793037 0.6224667052692531 0.31663442940038683 0.6222736923373866 0.3218568665377176 0.6207295888824551 0.32495164410058025 0.61667631731326 0.3261121856866538 0.6130090716077977 0.3241779497098646 0.6104999034935341 0.31798839458413924 0.6072186836518046 0.313926499032882 0.6072186836518046 0.3100580270793037 0.6081837483111369 0.30425531914893617 0.6128160586759313 0.3034816247582205 0.6164833043813935 0.30464216634429403 0.6201505500868558
4 0.33152804642166345 0.601621308627678 0.3381044487427466 0.6031654120826095 0.34274661508704063 0.6027793862188766 0.34622823984526113 0.6008492569002123 0.34758220502901355 0.5991121405134144 0.34661508704061894 0.5962169465354179 0.34235976789168276 0.5939007913530207 0.33539651837524176 0.5944798301486199 0.33152804642166345 0.5960239336035514 0.33017408123791103 0.5973750241266165 0.3295938104448743 0.598919127581548 0.33152804642166345 0.601621308627678
4 0.7059961315280464 0.5159235668789809 0.7098646034816247 0.519976838448176 0.713926499032882 0.5205558772437753 0.723404255319149 0.5172746574020459 0.7259187620889749 0.5155375410152481 0.7286266924564797 0.5118702953097858 0.7295938104448743 0.5060799073537927 0.7282398452611218 0.5029917004439297 0.725531914893617 0.5004825323296661 0.7206963249516442 0.499131441806601 0.7168278529980657 0.499131441806601 0.7098646034816247 0.5014475969889982 0.7065764023210832 0.5051148426944605 0.7052224371373308 0.5085890754680563 0.7050290135396519 0.5128353599691179 0.7059961315280464 0.5159235668789809
4 0.7462282398452611 0.6205365759505886 0.7483558994197292 0.6224667052692531 0.7549323017408124 0.6249758733835167 0.7620889748549323 0.6243968345879174 0.7655705996131528 0.621115614746188 0.767311411992263 0.61667631731326 0.767504835589942 0.6128160586759313 0.7663442940038685 0.6108859293572669 0.7618955512572534 0.6064466319243389 0.758220502901354 0.6045165026056746 0.7547388781431335 0.6039374638100753 0.7481624758220503 0.6058675931287396 0.7452611218568665 0.609148812970469 0.7444874274661508 0.6112719552209998 0.744294003868472 0.6162902914495271 0.7462282398452611 0.6205365759505886
4 0.6570599613152804 0.6222736923373866 0.6572533849129594 0.6249758733835167 0.6564796905222438 0.6305732484076433 0.6584139264990329 0.6340474811812391 0.6651837524177949 0.6373287010229686 0.6682785299806576 0.6381007527504343 0.6717601547388782 0.6379077398185679 0.6752417794970986 0.6342404941131056 0.6764023210831721 0.6315383130669755 0.6771760154738878 0.6263269639065817 0.6760154738878144 0.6236247828604516 0.6713733075435203 0.6199575371549894 0.6584139264990329 0.6187994595637908 0.6560928433268859 0.6191854854275236 0.6555125725338491 0.619764524223123 0.6570599613152804 0.6222736923373866
2 0.8649903288201161 0.5367689635205559 0.8692456479690522 0.5417872997490832 0.8725338491295939 0.5427523644084153 0.8765957446808511 0.5423663385446825 0.8800773694390716 0.5404362092260181 0.8837524177949709 0.5400501833622853 0.886073500967118 0.5414012738853503 0.8872340425531915 0.5441034549314804 0.8905222437137331 0.5444894807952133 0.8949709864603481 0.5406292221578846 0.8972920696324952 0.536382937656823 0.8970986460348163 0.5327156919513607 0.8941972920696325 0.5292414591777649 0.8872340425531915 0.5251881876085698 0.8839458413926499 0.5242231229492376 0.8785299806576402 0.5234510712217718 0.8729206963249516 0.5234510712217718 0.8696324951644101 0.5242231229492376 0.8642166344294003 0.5296274850414978 0.8638297872340426 0.5332947307469601 0.8649903288201161 0.5367689635205559
2 0.7263056092843327 0.5485427523644084 0.7311411992263056 0.5522099980698707 0.7346228239845262 0.5535610885929357 0.7382978723404255 0.5539471144566686 0.7384912959381045 0.5502798687512064 0.7338491295938104 0.5414012738853503 0.7328820116054159 0.5331017178150936 0.73036750483559 0.5323296660876279 0.7280464216634429 0.5334877436788265 0.7259187620889749 0.5354178729974909 0.7237911025145067 0.5392781316348195 0.7235976789168278 0.5435244161358811 0.7263056092843327 0.5485427523644084
4 0.14816247582205028 0.43408608376761243 0.1504835589941973 0.4362092260181432 0.15822050290135398 0.4377533294730747 0.16421663442940038 0.43563018722254393 0.16382978723404254 0.43196294151708164 0.1609284332688588 0.42829569581161936 0.15860735009671179 0.4269446052885543 0.1541586073500967 0.4267515923566879 0.1504835589941973 0.42829569581161936 0.14874274661508705 0.43022582513028373 0.14777562862669247 0.43215595444894805 0.14816247582205028 0.43408608376761243
4 0.6651837524177949 0.6931094383323683 0.6713733075435203 0.6960046323103648 0.6789168278529981 0.6950395676510326 0.6833655705996131 0.6934954641961011 0.6868471953578337 0.6904072572862382 0.6909090909090909 0.6848098822621116 0.6920696324951644 0.6823007141478479 0.6924564796905223 0.6784404555105192 0.6914893617021277 0.6749662227369234 0.6858800773694391 0.6709129511677282 0.6818181818181818 0.6699478865083961 0.674468085106383 0.6697548735765296 0.6711798839458414 0.6711059640995947 0.6673114119922631 0.6745801968731905 0.6646034816247582 0.678826481374252 0.6632495164410058 0.6838448176027794 0.6632495164410058 0.6892491796950395 0.6651837524177949 0.6931094383323683
2 0.6969052224371374 0.6543138390272148 0.6982591876208898 0.6579810847326771 0.7030947775628626 0.6655085890754681 0.7058027079303675 0.6662806408029338 0.7079303675048356 0.6657016020073345 0.7088974854932302 0.6649295502798688 0.7075435203094778 0.6587531364601428 0.7081237911025146 0.6562439683458792 0.7148936170212766 0.6496815286624203 0.716247582205029 0.6475583864118896 0.716441005802708 0.6440841536382937 0.7100580270793037 0.6394518432734994 0.7061895551257253 0.6381007527504343 0.7032882011605416 0.6390658174097664 0.7011605415860735 0.6408029337965644 0.697678916827853 0.6473653734800232 0.6994197292069633 0.6514186450492183 0.6969052224371374 0.6543138390272148
4 0.4528046421663443 0.755066589461494 0.4564796905222437 0.7585408222350898 0.4597678916827853 0.7596988998262884 0.46634429400386845 0.7589268480988226 0.4709864603481625 0.7569967187801583 0.47408123791102513 0.7517853696197645 0.4746615087040619 0.7485041497780351 0.4738878143133462 0.7446438911407064 0.47176015473887817 0.7427137618220421 0.4671179883945841 0.740011580775912 0.46382978723404256 0.7396255549121791 0.4562862669245648 0.7421347230264428 0.4529980657640232 0.7448369040725729 0.4514506769825919 0.7477320980505694 0.45125725338491296 0.751978382551631 0.4528046421663443 0.755066589461494
4 0.06615087040618955 0.7548735765296275 0.07040618955512573 0.7573827446438911 0.07427466150870406 0.7583478093032233 0.07852998065764023 0.7583478093032233 0.0816247582205029 0.757768770507624 0.08568665377176016 0.755066589461494 0.09284332688588008 0.7454159428681721 0.09458413926499033 0.7405906195715113 0.09400386847195358 0.7378884385253812 0.09187620889748549 0.7359583092067169 0.08529980657640232 0.7340281798880525 0.07775628626692456 0.7340281798880525 0.07098646034816247 0.7363443350704497 0.06615087040618955 0.7402045937077785 0.06402321083172147 0.7430997876857749 0.06344294003868473 0.748890175641768 0.06615087040618955 0.7548735765296275
4 0.033268858800773696 0.7876857749469215 0.03713733075435203 0.7828604516502605 0.036170212765957444 0.7776491024898669 0.0367504835589942 0.7761049990349354 0.029400386847195356 0.7753329473074696 0.02804642166344294 0.7782281412854661 0.028820116054158608 0.7838255163095927 0.033268858800773696 0.7876857749469215
4 0.0413926499032882 0.781702374059062 0.04081237911025145 0.7863346844238563 0.04294003868471954 0.7884578266743871 0.04680851063829787 0.7900019301293186 0.05725338491295938 0.7869137232194557 0.060541586073500964 0.784404555105192 0.06421663442940038 0.7761049990349354 0.06460348162475822 0.7722447403976066 0.06363636363636363 0.7701215981470758 0.060541586073500964 0.7681914688284115 0.049903288201160544 0.7678054429646787 0.04680851063829787 0.771086662806408 0.04294003868471954 0.7730167921250723 0.041586073500967116 0.7753329473074696 0.04042553191489362 0.7790001930129319 0.0413926499032882 0.781702374059062
4 0 0.8006176413819726 0.0017408123791102514 0.8006176413819726 0.006189555125725338 0.7975294344721097 0.009671179883945842 0.7921250723798494 0.011411992263056094 0.7863346844238563 0.011025145067698259 0.7815093611271955 0.009671179883945842 0.7780351283535997 0.005029013539651838 0.7753329473074696 0.0019342359767891683 0.7749469214437368 0 0.7749469214437368 0 0.8006176413819726
4 0.1541586073500967 0.8523451071221771 0.15860735009671179 0.8531171588496429 0.17137330754352031 0.8523451071221771 0.17524177949709865 0.8508010036672458 0.17988394584139264 0.8453966415749855 0.1793036750483559 0.8384481760277939 0.17756286266924565 0.8361320208453966 0.17408123791102514 0.8342018915267323 0.1688588007736944 0.8328508010036673 0.16131528046421664 0.8332368268674001 0.1576402321083172 0.8347809303223316 0.15377176015473887 0.8376761243003281 0.15009671179883946 0.8450106157112527 0.15009671179883946 0.8494499131441806 0.1541586073500967 0.8523451071221771
4 0.21895551257253384 0.8556263269639066 0.2239845261121857 0.8594865856012353 0.2274661508704062 0.8606446631924339 0.24506769825918762 0.8556263269639066 0.2502901353965184 0.8509940165991121 0.2516441005802708 0.8453966415749855 0.24816247582205028 0.8403783053464582 0.24448742746615088 0.8386411889596603 0.23945841392649903 0.8380621501640609 0.23578336557059962 0.8384481760277939 0.22475822050290134 0.8417293958695232 0.22011605415860735 0.8446245898475198 0.21740812379110253 0.8479058096892492 0.21682785299806576 0.8523451071221771 0.21895551257253384 0.8556263269639066
3 0.6653771760154739 0.876664736537348 0.6682785299806576 0.8801389693109438 0.6752417794970986 0.8843852538120054 0.6818181818181818 0.8865083960625362 0.6887814313346228 0.8853503184713376 0.6949709864603482 0.8805249951746768 0.6974854932301741 0.876664736537348 0.6972920696324951 0.8695232580582899 0.6928433268858801 0.8614167149198997 0.6893617021276596 0.8581354950781702 0.6789168278529981 0.8556263269639066 0.6719535783365571 0.855819339895773 0.6676982591876209 0.8571704304188381 0.6638297872340425 0.8629608183748311 0.6642166344294004 0.8726114649681529 0.6653771760154739 0.876664736537348
2 0.7812379110251451 0.8110403397027601 0.7862669245647969 0.8147075854082223 0.7899419729206963 0.8152866242038217 0.7967117988394584 0.8123914302258252 0.7986460348162476 0.8106543138390272 0.7988394584139265 0.8081451457247636 0.8021276595744681 0.8035128353599691 0.8005802707930367 0.8002316155182397 0.7967117988394584 0.799459563790774 0.7943907156673115 0.8004246284501062 0.7897485493230174 0.8006176413819726 0.7856866537717602 0.802547770700637 0.7812379110251451 0.8060220034742328 0.7804642166344294 0.8071800810654314 0.7812379110251451 0.8110403397027601
4 0.8245647969052224 0.9629415170816444 0.8272727272727273 0.9639065817409767 0.8338491295938104 0.9639065817409767 0.8415860735009671 0.9675738274464389 0.8458413926499033 0.9677668403783053 0.8483558994197292 0.9631345300135109 0.8481624758220503 0.9565720903300521 0.8421663442940038 0.949430611850994 0.8382978723404255 0.9463424049411311 0.8350096711798839 0.9446052885543331 0.8245647969052224 0.9457633661455318 0.8220502901353965 0.9482725342597954 0.8212765957446808 0.9503956765103262 0.8210831721470019 0.9565720903300521 0.8245647969052224 0.9629415170816444
4 0.7307543520309477 0.9783825516309593 0.7336557059961315 0.9785755645628257 0.7381044487427466 0.9816637714726887 0.7483558994197292 0.9818567844045551 0.7514506769825918 0.9799266550858907 0.753384912959381 0.9770314611078942 0.7539651837524178 0.9718201119475005 0.7531914893617021 0.9635205558772437 0.7516441005802708 0.9619764524223123 0.7470019342359768 0.9612044006948466 0.7379110251450677 0.9621694653541787 0.7319148936170212 0.9669947886508397 0.7297872340425532 0.9731712024705655 0.7295938104448743 0.9774174869716271 0.7307543520309477 0.9783825516309593
4 0.9998065764023211 0.9998069870681335 0.9998065764023211 0.9893842887473461 0.9982591876208897 0.9893842887473461 0.9949709864603482 0.9870681335649488 0.9911025145067698 0.9874541594286818 0.9816247582205029 0.9905423663385446 0.9783365570599614 0.9938235861802741 0.9783365570599614 0.9998069870681335 0.9998065764023211 0.9998069870681335