5 0.06885880077369438 0.1381972592163675 0.07330754352030948 0.1408994402624976 0.08143133462282398 0.14282956958116194 0.08259187620889749 0.14225053078556263 0.08375241779497099 0.13974136267129897 0.0816247582205029 0.1310557807373094 0.08027079303675048 0.11966801775718973 0.0781431334622824 0.11387762980119669 0.07427466150870406 0.11136846168693303 0.06750483558994197 0.11136846168693303 0.06421663442940038 0.11387762980119669 0.06286266924564797 0.11715884964292608 0.06363636363636363 0.13356494885157305 0.06885880077369438 0.1381972592163675
5 0.018955512572533847 0.12796757382744645 0.02147001934235977 0.13356494885157305 0.025918762088974853 0.13916232387569968 0.029400386847195356 0.14167149198996332 0.033268858800773696 0.1420575178536962 0.035589941972920695 0.14109245319436403 0.037717601547388784 0.13858328508010037 0.04003868471953578 0.12796757382744645 0.039845261121856865 0.12294923759891913 0.03655705996131528 0.1173518625747925 0.029593810444874274 0.11407064273306311 0.026499032882011605 0.11445666859679599 0.02243713733075435 0.11677282377919321 0.018955512572533847 0.12140513414398765 0.0183752417794971 0.12314225053078556 0.018955512572533847 0.12796757382744645
5 0 0.17274657402045937 0.0015473887814313346 0.17274657402045937 0.005222437137330754 0.17525574213472303 0.008704061895551257 0.17351862574792512 0.011411992263056094 0.17043041883806215 0.015667311411992263 0.1685002895193978 0.020502901353965184 0.16985138004246284 0.02243713733075435 0.17178150936112718 0.02379110251450677 0.17158849642926077 0.025145067698259187 0.17004439297432927 0.02572533849129594 0.16830727658753136 0.02456479690522244 0.1675352248600656 0.023597678916827854 0.16425400501833623 0.015667311411992263 0.15711252653927812 0.003481624758220503 0.1563404748118124 0 0.15711252653927812 0 0.17274657402045937
5 0.007736943907156673 0.1785369619764524 0.015667311411992263 0.18645049218297627 0.019342359767891684 0.18915267322910634 0.02243713733075435 0.19031075082030496 0.02611218568665377 0.19011773788843853 0.03500967117988395 0.18567844045551052 0.030174081237911026 0.17969503956765104 0.026499032882011605 0.17351862574792512 0.02263056092843327 0.17043041883806215 0.011992263056092843 0.16811426365566493 0.007350096711798839 0.17178150936112718 0.005802707930367505 0.17525574213472303 0.007736943907156673 0.1785369619764524
5 0.029400386847195356 0.17602779386218875 0.03288201160541586 0.17641381972592163 0.039845261121856865 0.17351862574792512 0.04235976789168278 0.17158849642926077 0.044100580270793034 0.16830727658753136 0.044100580270793034 0.1646400308820691 0.0425531914893617 0.16058675931287397 0.04061895551257253 0.1584636170623432 0.0367504835589942 0.15653348774367884 0.03288201160541586 0.15653348774367884 0.029400386847195356 0.157498552403011 0.025338491295938105 0.1613588110403397 0.024758220502901353 0.16483304381393554 0.029400386847195356 0.17602779386218875
5 0.09148936170212765 0.16039374638100753 0.09264990328820116 0.1630959274271376 0.09535783365570599 0.16483304381393554 0.10793036750483559 0.16502605674580198 0.11044487427466151 0.16348195329087048 0.11353965183752418 0.1580775911986103 0.11392649903288202 0.15402431962941518 0.11315280464216634 0.1509361127195522 0.10889748549323017 0.14668982821849064 0.10483558994197292 0.14630380235475776 0.09961315280464217 0.14726886701408995 0.09361702127659574 0.15267322910635012 0.09148936170212765 0.157498552403011 0.09148936170212765 0.16039374638100753
5 0.08336557059961315 0.17872997490831885 0.08839458413926499 0.18201119475004826 0.09187620889748549 0.18316927234124686 0.09845261121856866 0.18259023354564755 0.10599613152804642 0.17930901370391816 0.10986460348162476 0.1756417679984559 0.11083172147001934 0.17178150936112718 0.10986460348162476 0.16811426365566493 0.10851063829787234 0.16657016020073345 0.10618955512572534 0.16560509554140126 0.1 0.16502605674580198 0.09206963249516441 0.16618413433700058 0.08297872340425531 0.17525574213472303 0.08336557059961315 0.17872997490831885
5 0.09168278529980657 0.22486006562439684 0.09845261121856866 0.22679019494306119 0.10212765957446808 0.22659718201119475 0.10367504835589941 0.225825130283729 0.10657640232108317 0.22235089751013318 0.10909090909090909 0.21713954834973942 0.10986460348162476 0.21405134143987647 0.10967117988394584 0.20999806987068134 0.10812379110251451 0.20826095348388343 0.10560928433268858 0.2071028758926848 0.10135396518375242 0.20671685002895193 0.09806576402321084 0.20729588882455124 0.09439071566731141 0.20864697934761628 0.09187620889748549 0.21077012159814706 0.0895551257253385 0.21656050955414013 0.0895551257253385 0.22177185871453386 0.09168278529980657 0.22486006562439684
4 0.13733075435203096 0.2098050569388149 0.1413926499032882 0.21385832850801004 0.14758220502901354 0.21578845782667438 0.15319148936170213 0.21617448369040726 0.15512572533849128 0.21578845782667438 0.15783365570599614 0.21347230264427716 0.15841392649903288 0.20941903107508203 0.15667311411992263 0.2053657595058869 0.1518375241779497 0.20189152673229108 0.14738878143133463 0.20034742327735958 0.14042553191489363 0.20034742327735958 0.13713733075435203 0.2015055008685582 0.13636363636363635 0.20247056552789036 0.13636363636363635 0.2065238370970855 0.13733075435203096 0.2098050569388149
4 0.1630560928433269 0.20690986296081837 0.18181818181818182 0.21405134143987647 0.18529980657640233 0.2136653155761436 0.18781431334622825 0.21173518625747925 0.188394584139265 0.20613781123335265 0.18723404255319148 0.2026635784597568 0.18317214700193424 0.19918934568616098 0.1781431334622824 0.19648716464003088 0.17427466150870405 0.1949430611850994 0.1678916827852998 0.19417100945763366 0.16228239845261122 0.19590812584443157 0.1597678916827853 0.1988033198224281 0.1597678916827853 0.2032426172553561 0.1630560928433269 0.20690986296081837
5 0.06363636363636363 0.049797336421540245 0.06711798839458413 0.05172746574020459 0.06847195357833656 0.051341439876471724 0.07040618955512573 0.047095155375410154 0.07021276595744681 0.04381393553368076 0.06711798839458413 0.042655857942482146 0.06460348162475822 0.0451650260567458 0.06324951644100581 0.04806022003474233 0.06363636363636363 0.049797336421540245
5 0.3222437137330754 0.1789229878401853 0.32359767891682784 0.18548542752364408 0.3261121856866538 0.18895966029723993 0.3288201160541586 0.19069677668403784 0.3344294003868472 0.19243389307083575 0.33887814313346226 0.19127581547963712 0.341779497098646 0.18587145338737696 0.34197292069632496 0.1822042076819147 0.3413926499032882 0.1789229878401853 0.33617021276595743 0.16772823779193205 0.3342359767891683 0.16599112140513414 0.3288201160541586 0.16425400501833623 0.3243713733075435 0.1640609920864698 0.3218568665377176 0.16521906967766842 0.31992263056092846 0.16811426365566493 0.32030947775628626 0.17525574213472303 0.3222437137330754 0.1789229878401853
5 0.38433268858800773 0.12179116000772051 0.38568665377176015 0.12526539278131635 0.3893617021276596 0.13086276780544295 0.3916827852998066 0.13221385832850802 0.39787234042553193 0.13182783246477514 0.4009671179883946 0.13086276780544295 0.4019342359767892 0.12931866435051148 0.4032882011605416 0.1161937849835939 0.40309477756286266 0.1096313453001351 0.40135396518375244 0.10538506079907353 0.397678916827853 0.10248986682107701 0.39032882011605413 0.10345493148040918 0.38704061895551256 0.10596409959467284 0.383752417794971 0.11271955220999808 0.38317214700193425 0.11696583671105965 0.38433268858800773 0.12179116000772051
5 0.40309477756286266 0.10943833236826868 0.4050290135396518 0.11117544875506659 0.4079303675048356 0.11271955220999808 0.41528046421663445 0.11156147461879946 0.4172147001934236 0.10943833236826868 0.4176015473887814 0.10519204786720711 0.4197292069632495 0.098050569388149 0.41992263056092843 0.09515537541015248 0.4183752417794971 0.09129511677282377 0.4148936170212766 0.08859293572669369 0.41121856866537715 0.08839992279482725 0.40754352030947777 0.0903300521134916 0.40483558994197294 0.09515537541015248 0.4021276595744681 0.10364794441227562 0.402321083172147 0.10750820304960432 0.40309477756286266 0.10943833236826868
5 0.43617021276595747 0.10828025477707007 0.437137330754352 0.11271955220999808 0.43907156673114117 0.11445666859679599 0.4460348162475822 0.11793090137039182 0.4495164410058027 0.11831692723412468 0.4529980657640232 0.11252653927813164 0.45512572533849127 0.10577108666280641 0.45435203094777565 0.10152480216174484 0.44990328820116054 0.09824358232001544 0.4458413926499033 0.09766454352441614 0.4413926499032882 0.09882262111561474 0.4375241779497099 0.10248986682107701 0.4346228239845261 0.10577108666280641 0.43617021276595747 0.10828025477707007
5 0.4493230174081238 0.14051341439876472 0.4500967117988395 0.14070642733063116 0.45725338491295936 0.1364601428295696 0.4657640232108317 0.13395097471530593 0.4725338491295938 0.13009071607797723 0.4736943907156673 0.12314225053078556 0.4704061895551257 0.12101910828025478 0.4636363636363636 0.1200540436209226 0.45473887814313346 0.12237019880331983 0.45164410058027077 0.12468635398571705 0.44874274661508706 0.13356494885157305 0.44854932301740813 0.1372321945570353 0.4493230174081238 0.14051341439876472
5 0.3998065764023211 0.18567844045551052 0.4036750483558994 0.18741555684230843 0.4067698259187621 0.1878015827060413 0.4114119922630561 0.18741555684230843 0.4154738878143133 0.18587145338737696 0.4193423597678917 0.18201119475004826 0.4249516441005803 0.1685002895193978 0.42514506769825916 0.16483304381393554 0.4239845261121857 0.161937849835939 0.4228239845261122 0.1607797722447404 0.418568665377176 0.1592356687898089 0.4114119922630561 0.16000772051727466 0.4058027079303675 0.1657981084732677 0.40077369439071564 0.17544875506658947 0.3984526112185687 0.18181818181818182 0.3998065764023211 0.18567844045551052
5 0.41121856866537715 0.15209419031075083 0.41392649903288203 0.15537541015248021 0.42166344294003866 0.15904265585794247 0.42514506769825916 0.15904265585794247 0.43172147001934236 0.15267322910635012 0.43984526112185685 0.1497780351283536 0.44177949709864606 0.1474618799459564 0.44197292069632493 0.1437946342404941 0.4410058027079304 0.14051341439876472 0.43965183752417797 0.1387762980119668 0.43597678916827853 0.13761822042076818 0.42514506769825916 0.1370391816251689 0.4183752417794971 0.14070642733063116 0.41470019342359765 0.1399343756031654 0.40967117988394586 0.14340860837676125 0.409284332688588 0.14765489287782282 0.41121856866537715 0.15209419031075083
5 0.3849129593810445 0.23779193205944799 0.3872340425531915 0.23933603551437946 0.39032882011605413 0.2401080872418452 0.3988394584139265 0.24107315190117737 0.4036750483558994 0.2246670526925304 0.4032882011605416 0.22042076819146883 0.40135396518375244 0.216946535417873 0.39748549323017407 0.21559544489480795 0.39361702127659576 0.21617448369040726 0.3858800773694391 0.22814128546612622 0.3839458413926499 0.23431769928585217 0.3849129593810445 0.23779193205944799
5 0.13017408123791102 0.34703725149585024 0.13694390715667312 0.34896738081451456 0.14738878143133463 0.3501254584057132 0.15125725338491297 0.3476162902914495 0.1560928433268859 0.3404748118123914 0.15783365570599614 0.331403204014669 0.1562862669245648 0.3248407643312102 0.1541586073500967 0.32329666087627873 0.14816247582205028 0.3215595444894808 0.14429400386847197 0.32194557035321364 0.13984526112185686 0.323875699671878 0.1357833655705996 0.3271569195136074 0.13268858800773695 0.3310171781509361 0.12940038684719535 0.33970276008492567 0.1288201160541586 0.3425979540629222 0.13017408123791102 0.34703725149585024
5 0.1646034816247582 0.386411889596603 0.17079303675048355 0.3893070835745995 0.17872340425531916 0.3885350318471338 0.18220502901353966 0.38621887666473653 0.18665377176015474 0.38004246284501064 0.18936170212765957 0.370005790387956 0.18897485493230173 0.3665315576143602 0.18588007736943907 0.36382937656823006 0.1829787234042553 0.3626712989770315 0.1781431334622824 0.36209226018143215 0.1756286266924565 0.3628643119088979 0.1667311411992263 0.3688477127967574 0.16363636363636364 0.3750241266164833 0.16286266924564796 0.38351669561860646 0.1646034816247582 0.386411889596603
5 0.2127659574468085 0.3256128160586759 0.21566731141199227 0.32908704883227174 0.22030947775628626 0.3315962169465354 0.2239845261121857 0.33217525574213475 0.2274661508704062 0.331403204014669 0.23172147001934235 0.3261918548542752 0.23210831721470018 0.3240687126037444 0.23133462282398454 0.32136653155761435 0.22785299806576403 0.3155761436016213 0.2263056092843327 0.31422505307855625 0.22166344294003867 0.3132599884192241 0.21644100580270792 0.3134530013510905 0.21353965183752419 0.3148040918741556 0.211605415860735 0.31808531171588494 0.21121856866537717 0.32117351862574794 0.2127659574468085 0.3256128160586759
4 0.03268858800773694 0.3534066782474426 0.04294003868471954 0.35630187222543913 0.0551257253384913 0.35591584636170626 0.057833655705996134 0.35475776877050763 0.059961315280464215 0.3524416135881104 0.05841392649903288 0.35109052306504535 0.05222437137330754 0.34935340667824744 0.04642166344294004 0.34665122563211737 0.04429400386847195 0.3443350704497201 0.04003868471953578 0.3425979540629222 0.03597678916827853 0.3425979540629222 0.033655705996131526 0.34337000579038796 0.031141199226305608 0.34530013510905233 0.03056092843326886 0.34703725149585024 0.03036750483558994 0.34935340667824744 0.03268858800773694 0.3534066782474426
5 0.06266924564796905 0.3756031654120826 0.06711798839458413 0.37695425593514764 0.07930367504835589 0.37251495850221966 0.08375241779497099 0.36981277745608954 0.08239845261121857 0.3684616869330245 0.07911025145067699 0.36711059640995947 0.06982591876208898 0.36595251881876084 0.06402321083172147 0.3661455317506273 0.06073500967117988 0.3688477127967574 0.06073500967117988 0.37367303609341823 0.06266924564796905 0.3756031654120826
5 0.0932301740812379 0.3381586566299942 0.09555125725338491 0.340281798880525 0.10831721470019343 0.3441420575178537 0.11353965183752418 0.34182590233545646 0.11392649903288202 0.33835166956186064 0.11160541586073501 0.33429839799266553 0.10638297872340426 0.33043813935533684 0.09903288201160541 0.3310171781509361 0.09342359767891682 0.3335263462651998 0.09206963249516441 0.3352634626519977 0.0932301740812379 0.3381586566299942
4 0.2897485493230174 0.328314997104806 0.2974854932301741 0.3292800617641382 0.302321083172147 0.328314997104806 0.30851063829787234 0.3258058289905424 0.31199226305609284 0.3223315962169465 0.31295938104448745 0.31750627292028566 0.31063829787234043 0.31190889789615905 0.30735009671179886 0.31036479444122755 0.30386847195357836 0.310557807373094 0.29497098646034814 0.3134530013510905 0.28897485493230174 0.31769928585215207 0.2870406189555126 0.3204014668982822 0.2870406189555126 0.3248407643312102 0.2897485493230174 0.328314997104806
4 0.37311411992263055 0.3445280833815866 0.3812379110251451 0.3458791739046516 0.38704061895551256 0.35070449720131247 0.38800773694390717 0.34935340667824744 0.3885880077369439 0.34491410924531946 0.3876208897485493 0.3424049411310558 0.3841392649903288 0.3364215402431963 0.3806576402321083 0.3335263462651998 0.3764023210831721 0.33410538506079906 0.37195357833655707 0.34008878594865855 0.3715667311411992 0.3424049411310558 0.37311411992263055 0.3445280833815866
4 0.4504835589941973 0.34549314804091874 0.4526112185686654 0.34896738081451456 0.4564796905222437 0.3520555877243775 0.4599613152804642 0.3534066782474426 0.4671179883945841 0.35379270411117547 0.46982591876208896 0.3524416135881104 0.47427466150870407 0.34549314804091874 0.47408123791102513 0.34163288940359005 0.47195357833655704 0.337193591970662 0.4702127659574468 0.33564948851573057 0.46479690522243716 0.33410538506079906 0.4599613152804642 0.33429839799266553 0.45589941972920695 0.33622852731132985 0.4500967117988395 0.3420189152673229 0.4504835589941973 0.34549314804091874
4 0.5005802707930368 0.3626712989770315 0.5027079303675048 0.36556649295502797 0.5197292069632495 0.36904072572862384 0.5263056092843327 0.3673036093418259 0.5286266924564796 0.36479444122756227 0.5292069632495164 0.362478286045165 0.5282398452611219 0.3590040532715692 0.5261121856866537 0.35668789808917195 0.5228239845261122 0.35495078170237404 0.5121856866537717 0.3518625747925111 0.5054158607350097 0.3520555877243775 0.5009671179883946 0.3539857170430419 0.4990328820116054 0.35591584636170626 0.5005802707930368 0.3626712989770315
2 0.6201160541586074 0.2484076433121019 0.6226305609284333 0.2516888631538313 0.6305609284332688 0.2565141864504922 0.639651837524178 0.25921636749662225 0.6441005802707931 0.2594093804284887 0.648742746615087 0.2549700829955607 0.6495164410058027 0.2516888631538313 0.6491295938104449 0.24802161744836904 0.6400386847195357 0.24030110017371165 0.6336557059961315 0.23759891912758155 0.6299806576402321 0.23721289326384867 0.6264990328820116 0.23779193205944799 0.6205029013539651 0.2412661648330438 0.6193423597678916 0.24416135881104034 0.6201160541586074 0.2484076433121019
5 0.7897485493230174 0.17930901370391816 0.7920696324951644 0.18201119475004826 0.7940038684719536 0.1833622852731133 0.7969052224371374 0.18355529820497973 0.8005802707930367 0.18143215595444895 0.8019342359767891 0.1785369619764524 0.8032882011605416 0.1712024705655279 0.8029013539651838 0.16830727658753136 0.8001934235976789 0.1640609920864698 0.7967117988394584 0.16251688863153832 0.7928433268858801 0.16425400501833623 0.7908123791102515 0.1662806408029338 0.7862669245647969 0.1679212507237985 0.786073500967118 0.17216753522486006 0.7897485493230174 0.17930901370391816
5 0.8054158607350097 0.17178150936112718 0.8133462282398453 0.17390465161165797 0.8176015473887814 0.1729395869523258 0.8245647969052224 0.1630959274271376 0.8251450676982592 0.16174483690407257 0.8247582205029014 0.15981470758540822 0.823404255319149 0.15788457826674387 0.8212765957446808 0.15711252653927812 0.8170212765957446 0.157498552403011 0.8052224371373308 0.1646400308820691 0.8038684719535784 0.1675352248600656 0.8036750483558994 0.1685002895193978 0.8054158607350097 0.17178150936112718
4 0.7866537717601547 0.1729395869523258 0.7916827852998066 0.1657981084732677 0.7943907156673115 0.16444701795020267 0.7998065764023211 0.16386797915460335 0.8003868471953578 0.16116579810847326 0.7967117988394584 0.15769156533487744 0.7912959381044488 0.15769156533487744 0.786073500967118 0.16155182397220613 0.7843326885880078 0.16521906967766842 0.783558994197292 0.16830727658753136 0.7866537717601547 0.1729395869523258
5 0.8940038684719536 0.2285273113298591 0.8972920696324952 0.23007141478479057 0.9011605415860735 0.22929936305732485 0.9056092843326886 0.22679019494306119 0.9073500967117989 0.22447403976066396 0.90715667311412 0.2136653155761436 0.9044487427466151 0.21154217332561281 0.9007736943907156 0.21173518625747925 0.8974854932301741 0.21289326384867785 0.8945841392649904 0.2163674966222737 0.8934235976789169 0.2202277552596024 0.893036750483559 0.22601814321559544 0.8940038684719536 0.2285273113298591
5 0.8764023210831722 0.25516309592742714 0.8798839458413926 0.2565141864504922 0.8835589941972921 0.25670719938235864 0.8851063829787233 0.2559351476548929 0.8870406189555126 0.2543910441999614 0.8920696324951644 0.2449334105385061 0.893230174081238 0.23779193205944799 0.8922630560928433 0.23277359583092067 0.8905222437137331 0.2312294923759892 0.8876208897485494 0.23065045358038988 0.8833655705996132 0.2312294923759892 0.8802707930367505 0.23258058289905423 0.8773694390715667 0.23663385446824936 0.8752417794970987 0.24261725535610887 0.8750483558994198 0.25188187608569773 0.8764023210831722 0.25516309592742714
5 0.9168278529980658 0.246670526925304 0.9201160541586073 0.2493727079714341 0.9230174081237911 0.24975873383516695 0.928046421663443 0.24860065624396835 0.9326885880077369 0.24551244933410538 0.939458413926499 0.23895000965064658 0.9406189555125726 0.23528276394518433 0.939458413926499 0.23103647944412276 0.9357833655705996 0.2291063501254584 0.9286266924564797 0.23045744064852344 0.9195357833655706 0.23701988033198224 0.9168278529980658 0.24049411310557808 0.9160541586073501 0.24319629415170815 0.9158607350096711 0.24474039760663965 0.9168278529980658 0.246670526925304
5 0.9305609284332689 0.34530013510905233 0.9303675048355899 0.3520555877243775 0.932495164410058 0.35610885929357267 0.9355899419729207 0.35765296274850417 0.9425531914893617 0.3570739239529048 0.9493230174081237 0.35263462651997685 0.951257253384913 0.34568616097278515 0.9514506769825919 0.33835166956186064 0.9502901353965184 0.3346844238563984 0.9468085106382979 0.331403204014669 0.9411992263056093 0.33024512642347037 0.9355899419729207 0.33178922987840187 0.9330754352030948 0.33429839799266553 0.9295938104448743 0.34105385060799076 0.9294003868471954 0.3424049411310558 0.9305609284332689 0.34530013510905233
5 0.8955512572533849 0.34549314804091874 0.9040618955512573 0.3524416135881104 0.9079303675048356 0.3574599498166377 0.9112185686653772 0.35765296274850417 0.9191489361702128 0.3530206523837097 0.9203094777562862 0.34877436788264815 0.9181818181818182 0.34510712217718587 0.9172147001934235 0.34163288940359005 0.9125725338491296 0.3370005790387956 0.9077369439071566 0.3348774367882648 0.8996131528046422 0.33391237212893266 0.8961315280464217 0.3348774367882648 0.8943907156673114 0.337193591970662 0.8941972920696325 0.3420189152673229 0.8955512572533849 0.34549314804091874
5 0.9369439071566731 0.362478286045165 0.9369439071566731 0.3696197645242231 0.9392649903288202 0.3732870102296854 0.9439071566731141 0.37425207488901757 0.9497098646034816 0.37425207488901757 0.9543520309477757 0.3701988033198224 0.9576402321083172 0.3661455317506273 0.9593810444874274 0.3628643119088979 0.9589941972920696 0.3591970662034356 0.9564796905222437 0.35591584636170626 0.9526112185686654 0.35437174290677476 0.9495164410058027 0.35379270411117547 0.9435203094777563 0.35591584636170626 0.9415860735009671 0.35881104033970274 0.9369439071566731 0.362478286045165
5 0.9170212765957447 0.34549314804091874 0.9187620889748549 0.34877436788264815 0.9191489361702128 0.3557228334298398 0.9218568665377176 0.3595830920671685 0.9253384912959381 0.36035514379463424 0.930174081237911 0.3557228334298398 0.9292069632495165 0.34221192819918933 0.925531914893617 0.34008878594865855 0.921083172147002 0.34008878594865855 0.9176015473887814 0.34124686353985717 0.9168278529980658 0.3420189152673229 0.9170212765957447 0.34549314804091874
5 0.8994197292069632 0.38563983786913725 0.8998065764023211 0.3869909283922023 0.902127659574468 0.3883420189152673 0.9054158607350097 0.39181625168886314 0.9112185686653772 0.3937463810075275 0.914119922630561 0.39336035514379464 0.9164410058027079 0.3923952904844625 0.9197292069632496 0.3889210577108666 0.920889748549323 0.38370970855047287 0.920889748549323 0.3794634240494113 0.9191489361702128 0.37521713954834973 0.9176015473887814 0.3734800231615518 0.9114119922630561 0.3703918162516889 0.9052224371373307 0.37521713954834973 0.9029013539651838 0.37791932059447986 0.8992263056092843 0.38351669561860646 0.8994197292069632 0.38563983786913725
4 0.7311411992263056 0.4113105578073731 0.7321083172147002 0.413047674194171 0.7361702127659574 0.41536382937656824 0.7411992263056093 0.4163288940359004 0.7547388781431335 0.4113105578073731 0.7589941972920696 0.40783632503377726 0.7599613152804642 0.404169079328315 0.7589941972920696 0.4012738853503185 0.7551257253384913 0.39876471723605483 0.7479690522243714 0.39876471723605483 0.7367504835589942 0.4003088206909863 0.7340425531914894 0.4018529241459178 0.7321083172147002 0.40455510519204785 0.7311411992263056 0.4080293379656437 0.7311411992263056 0.4113105578073731
4 0.7622823984526113 0.3991507430997877 0.7686653771760155 0.4003088206909863 0.7723404255319148 0.399729781895387 0.7796905222437137 0.3960625361899247 0.783558994197292 0.3910441999613974 0.7851063829787234 0.3869909283922023 0.783752417794971 0.38351669561860646 0.7818181818181819 0.38197259216367496 0.7794970986460348 0.3810075275043428 0.7758220502901354 0.3812005404362092 0.7709864603481624 0.3829376568230071 0.7607350096711799 0.38969310943833235 0.758220502901354 0.39355336807566105 0.760348162475822 0.3976066396448562 0.7622823984526113 0.3991507430997877
4 0.7075435203094778 0.3881490059834009 0.7100580270793037 0.3910441999613974 0.7135396518375242 0.3916232387569967 0.7187620889748549 0.3883420189152673 0.7226305609284333 0.3844817602779386 0.7251450676982591 0.38004246284501064 0.7218568665377176 0.37425207488901757 0.7179883945841392 0.37251495850221966 0.7133462282398453 0.3717429067747539 0.7098646034816247 0.3738660490252847 0.7075435203094778 0.37637521713954836 0.7058027079303675 0.3812005404362092 0.7056092843326885 0.38390272148233934 0.7075435203094778 0.3881490059834009
4 0.4725338491295938 0.3902721482339317 0.4769825918762089 0.39451843273499326 0.4839458413926499 0.39664157498552405 0.4887814313346228 0.39664157498552405 0.490715667311412 0.3958695232580583 0.4926499032882012 0.3937463810075275 0.493036750483559 0.3869909283922023 0.4909090909090909 0.38370970855047287 0.4862669245647969 0.38023547577687705 0.4843326885880077 0.3792704111175449 0.4794970986460348 0.3792704111175449 0.47524177949709867 0.38081451457247634 0.4725338491295938 0.3829376568230071 0.47176015473887817 0.38370970855047287 0.4725338491295938 0.3902721482339317
4 0.4926499032882012 0.4638100752750434 0.49497098646034815 0.46709129511677283 0.4982591876208897 0.4692144373673036 0.5040618955512572 0.4603358425014476 0.5054158607350097 0.4564755838641189 0.502127659574468 0.45512449334105387 0.4982591876208897 0.454738467477321 0.49458413926499034 0.45589654506851957 0.4918762088974855 0.45898475197838257 0.49148936170212765 0.460528855433314 0.4926499032882012 0.4638100752750434
4 0.4 0.4881297046902142 0.40406189555125727 0.4916039374638101 0.40754352030947777 0.49256900212314225 0.41392649903288203 0.49237598919127584 0.4183752417794971 0.4906388728044779 0.42243713733075433 0.4877436788264814 0.42379110251450675 0.4842694460528855 0.42379110251450675 0.4807952132792897 0.42224371373307545 0.4775139934375603 0.4183752417794971 0.4750048253232967 0.41528046421663445 0.47423277359583094 0.41005802707930367 0.47403976066396447 0.40386847195357833 0.4753908511870295 0.4011605415860735 0.4775139934375603 0.3994197292069632 0.48098822621115617 0.3988394584139265 0.48484848484848486 0.4 0.4881297046902142
4 0.36015473887814314 0.48214630380235474 0.362862669245648 0.48388342018915265 0.36615087040618954 0.4840764331210191 0.379110251450677 0.4775139934375603 0.3820116054158607 0.47384674773209806 0.3806576402321083 0.4713375796178344 0.37872340425531914 0.4701795020266358 0.36615087040618954 0.46998648909476937 0.36150870406189556 0.4728816830727659 0.3597678916827853 0.47654892877822813 0.3595744680851064 0.48098822621115617 0.36015473887814314 0.48214630380235474
5 0.2551257253384913 0.30708357459949814 0.25899419729206963 0.30843466512256323 0.2655705996131528 0.30920671685002893 0.2702127659574468 0.3078556263269639 0.27292069632495164 0.30534645821270023 0.274468085106383 0.30090716077977225 0.274468085106383 0.2966608762787107 0.2733075435203095 0.29434472109631343 0.2715667311411992 0.2929936305732484 0.26943907156673114 0.29202856591391624 0.2653771760154739 0.2918355529820498 0.2609284332688588 0.292800617641382 0.2545454545454545 0.29550279868751206 0.25087040618955514 0.29974908318857363 0.2520309477756286 0.3036093418259023 0.2551257253384913 0.30708357459949814
5 0.19013539651837524 0.41169658367110595 0.19148936170212766 0.41343370005790386 0.19941972920696324 0.41883806215016406 0.20638297872340425 0.42211928199189347 0.211605415860735 0.4217332561281606 0.21528046421663444 0.4182590233545648 0.21682785299806576 0.4151708164447018 0.21295938104448742 0.40995946728430804 0.209284332688588 0.40783632503377726 0.19632495164410058 0.40552016985138006 0.19226305609284333 0.4057131827832465 0.19013539651837524 0.40667824744257863 0.18897485493230173 0.4080293379656437 0.19013539651837524 0.41169658367110595
5 0.9299806576402321 0.5188187608569774 0.9357833655705996 0.5236440841536383 0.9396518375241779 0.5242231229492376 0.9495164410058027 0.5219069677668404 0.9551257253384913 0.5120633082416521 0.9541586073500967 0.5085890754680563 0.9528046421663443 0.5074309978768577 0.9493230174081237 0.505307855626327 0.9448742746615088 0.5045358038988612 0.9390715667311412 0.5058868944219262 0.9299806576402321 0.5130283729009844 0.9282398452611219 0.5155375410152481 0.9299806576402321 0.5188187608569774
5 0.9085106382978724 0.5116772823779193 0.914119922630561 0.5130283729009844 0.9205029013539652 0.5124493341053851 0.9220502901353965 0.5118702953097858 0.9243713733075435 0.5087820883999228 0.9257253384912959 0.5033777263076626 0.9251450676982592 0.49816637714726886 0.9230174081237911 0.49469214437367304 0.9181818181818182 0.49102489866821075 0.9145067698259187 0.49044585987261147 0.906963249516441 0.493341053850608 0.9058027079303675 0.49488515730553945 0.9048355899419729 0.5000965064659332 0.9052224371373307 0.508010036672457 0.9085106382978724 0.5116772823779193
5 0.9013539651837524 0.4912179116000772 0.9044487427466151 0.4944991314418066 0.9168278529980658 0.4906388728044779 0.918568665377176 0.4881297046902142 0.9145067698259187 0.48311136846168695 0.9079303675048356 0.47944412275622467 0.9044487427466151 0.4807952132792897 0.9007736943907156 0.484462458984752 0.900193423597679 0.4861995753715499 0.9 0.4881297046902142 0.9013539651837524 0.4912179116000772
5 0.8789168278529981 0.4879366917583478 0.8825918762088975 0.49276201505500866 0.8864603481624759 0.4956572090330052 0.8899419729206963 0.49642926076047095 0.8936170212765957 0.4956572090330052 0.8990328820116054 0.4912179116000772 0.8992263056092843 0.4877436788264814 0.8982591876208897 0.48542752364408415 0.8905222437137331 0.47712796757382747 0.8876208897485494 0.4763559158463617 0.8833655705996132 0.47712796757382747 0.8794970986460349 0.4790580968924918 0.8777562862669246 0.48156726500675545 0.8773694390715667 0.4842694460528855 0.8789168278529981 0.4879366917583478
5 0.867504835589942 0.5087820883999228 0.8694390715667312 0.5141864504921829 0.8769825918762089 0.5157305539471144 0.8822050290135397 0.5136074116965836 0.8837524177949709 0.5116772823779193 0.8847195357833656 0.5062729202856592 0.8837524177949709 0.5000965064659332 0.8823984526112185 0.4973943254198031 0.8802707930367505 0.49585022196487166 0.8754352030947775 0.4950781702374059 0.8731141199226305 0.4954641961011388 0.8686653771760154 0.4983593900791353 0.867311411992263 0.5016406099208647 0.867504835589942 0.5087820883999228
5 0.809477756286267 0.5711252653927813 0.8143133462282398 0.57498552403011 0.8245647969052224 0.5786527697355723 0.8288201160541586 0.5745994981663771 0.8290135396518375 0.5711252653927813 0.8274661508704062 0.5684230843466512 0.8210831721470019 0.5620536575950589 0.8177949709864604 0.5610885929357267 0.8143133462282398 0.5614746187994596 0.8104448742746615 0.5628257093225246 0.8088974854932302 0.5649488515730554 0.8085106382978723 0.567844045551052 0.809477756286267 0.5711252653927813
5 0.05667311411992263 0.5745994981663771 0.06769825918762089 0.5711252653927813 0.07137330754352031 0.569195136074117 0.07756286266924564 0.5643698127774561 0.08065764023210832 0.5608955800038603 0.08007736943907157 0.557228334298398 0.07872340425531915 0.555877243775333 0.07234042553191489 0.5531750627292028 0.059574468085106386 0.5566492955027987 0.05725338491295938 0.5581933989577301 0.05357833655705996 0.5641767998455897 0.05667311411992263 0.5745994981663771
5 0.055899419729206964 0.5554912179116 0.057640232108317216 0.5566492955027987 0.06112185686653772 0.5568423084346651 0.06615087040618955 0.5551051920478672 0.07504835589941973 0.554526153252268 0.07640232108317214 0.5537541015248022 0.07408123791102514 0.5479637135688091 0.07214700193423598 0.5466126230457441 0.06382978723404255 0.5466126230457441 0.060541586073500964 0.5473846747732098 0.05667311411992263 0.5502798687512064 0.0551257253384913 0.5539471144566686 0.055899419729206964 0.5554912179116
5 0 0.5950588689442192 0.005222437137330754 0.5952518818760857 0.015667311411992263 0.5886894421926269 0.01644100580270793 0.5850221964871647 0.014700193423597678 0.5821270025091682 0.01160541586073501 0.5798108473267709 0.002514506769825919 0.5784597568037059 0 0.5784597568037059 0 0.5950588689442192
4 0.01644100580270793 0.5639837869137232 0.02456479690522244 0.5641767998455897 0.029013539651837523 0.5630187222543911 0.036170212765957444 0.5587724377533295 0.037717601547388784 0.5574213472302644 0.0390715667311412 0.5535610885929357 0.0367504835589942 0.5520169851380042 0.025918762088974853 0.5522099980698707 0.02011605415860735 0.554526153252268 0.016827852998065763 0.5587724377533295 0.01586073500967118 0.5607025670719938 0.01644100580270793 0.5639837869137232
4 0.19497098646034816 0.6334684423856398 0.19922630560928434 0.6361706234317699 0.20348162475822051 0.6369426751592356 0.2102514506769826 0.6371356880911021 0.21334622823984525 0.6357845975680371 0.21818181818181817 0.6307662613395097 0.21992263056092842 0.6267129897703146 0.218568665377176 0.6228527311329859 0.2137330754352031 0.6178343949044586 0.21083172147001933 0.615325226790195 0.20696324951644102 0.6139741362671299 0.20328820116054158 0.6141671491989963 0.19825918762088976 0.6162902914495271 0.1955512572533849 0.6189924724956573 0.1932301740812379 0.6245898475197839 0.1932301740812379 0.629994209612044 0.19497098646034816 0.6334684423856398
5 0.2025145067698259 0.598533101717815 0.20618955512572534 0.6023933603551438 0.20986460348162475 0.6045165026056746 0.21334622823984525 0.6060606060606061 0.2170212765957447 0.6054815672650068 0.2218568665377176 0.6025863732870103 0.22475822050290134 0.5987261146496815 0.2253384912959381 0.5939007913530207 0.22456479690522244 0.5900405327156919 0.22340425531914893 0.5875313646014283 0.21992263056092842 0.5842501447596989 0.21353965183752419 0.5827060413047674 0.20967117988394585 0.5828990542366339 0.20618955512572534 0.5842501447596989 0.20348162475822051 0.5888824551244933 0.20193423597678917 0.5950588689442192 0.2025145067698259 0.598533101717815
5 0.38317214700193425 0.6076047095155376 0.3872340425531915 0.6072186836518046 0.39748549323017407 0.603358425014476 0.4015473887814313 0.6008492569002123 0.40522243713733075 0.5960239336035514 0.4050290135396518 0.5917776491024899 0.40135396518375244 0.5896545068519591 0.39787234042553193 0.5888824551244933 0.39400386847195357 0.5892684809882263 0.38317214700193425 0.5939007913530207 0.38143133462282397 0.5956379077398186 0.3798839458413926 0.5996911793090137 0.3802707930367505 0.6058675931287396 0.38317214700193425 0.6076047095155376
4 0.39748549323017407 0.6216946535417873 0.39961315280464216 0.6236247828604516 0.4081237911025145 0.6274850414977804 0.4114119922630561 0.6249758733835167 0.4141199226305609 0.6201505500868558 0.41914893617021276 0.6137811233352635 0.4205029013539652 0.6093418259023354 0.4197292069632495 0.6058675931287396 0.4179883945841393 0.6039374638100753 0.41179883945841395 0.6018143215595445 0.40754352030947777 0.6014282956958116 0.404642166344294 0.602007334491411 0.39961315280464216 0.6054815672650068 0.39690522243713733 0.6139741362671299 0.3967117988394584 0.6189924724956573 0.39748549323017407 0.6216946535417873
3 0.4570599613152805 0.6502605674580196 0.4597678916827853 0.6560509554140127 0.4692456479690522 0.6626133950974715 0.4738878143133462 0.6629994209612045 0.4804642166344294 0.6618413433700058 0.48239845261121855 0.6608762787106737 0.4849129593810445 0.6579810847326771 0.4849129593810445 0.6512256321173518 0.48239845261121855 0.6438911407064273 0.4773694390715667 0.6381007527504343 0.4669245647969052 0.6367496622273693 0.46247582205029014 0.6392588303416329 0.4574468085106383 0.6454352441613588 0.4566731141199226 0.6473653734800232 0.4570599613152805 0.6502605674580196
2 0.4665377176015474 0.6218876664736538 0.47176015473887817 0.6218876664736538 0.4864603481624758 0.615325226790195 0.4891682785299807 0.6112719552209998 0.49013539651837523 0.6058675931287396 0.4882011605415861 0.6043234896738081 0.4835589941972921 0.604709515537541 0.4725338491295938 0.6077977224474039 0.4665377176015474 0.6085697741748697 0.4644100580270793 0.6093418259023354 0.4634429400386847 0.6108859293572669 0.4632495164410058 0.6137811233352635 0.4665377176015474 0.6218876664736538
5 0.495357833655706 0.6502605674580196 0.5052224371373307 0.6548928778228141 0.5085106382978724 0.6550858907546806 0.511798839458414 0.6531557614360162 0.5135396518375241 0.6510326191854854 0.5137330754352031 0.6475583864118896 0.5127659574468085 0.6458212700250917 0.5052224371373307 0.6396448562053657 0.502321083172147 0.6390658174097664 0.4982591876208897 0.6396448562053657 0.49632495164410056 0.6408029337965644 0.4940038684719536 0.6438911407064273 0.49381044487427467 0.647751399343756 0.495357833655706 0.6502605674580196
5 0.4315280464216634 0.6606832657788072 0.43307543520309477 0.6649295502798688 0.4346228239845261 0.6666666666666666 0.4388781431334623 0.6682107701215981 0.4427466150870406 0.6682107701215981 0.446615087040619 0.6651225632117352 0.44816247582205027 0.6577880718008107 0.44777562862669246 0.6541208260953484 0.4460348162475822 0.6521906967766841 0.44177949709864606 0.6510326191854854 0.43481624758220505 0.650839606253619 0.43249516441005803 0.6514186450492183 0.43133462282398455 0.6529627485041498 0.4309477756286267 0.6574020459370777 0.4315280464216634 0.6606832657788072
5 0.4829787234042553 0.6274850414977804 0.48723404255319147 0.6307662613395097 0.4912959381044487 0.6298011966801775 0.4951644100580271 0.6265199768384482 0.4969052224371373 0.6234317699285852 0.49497098646034815 0.6184134337000579 0.4912959381044487 0.6155182397220614 0.48762088974854934 0.6157112526539278 0.4831721470019342 0.6178343949044586 0.48104448742746614 0.6193784983593901 0.48065764023210833 0.6207295888824551 0.48027079303675047 0.6232387569967188 0.4829787234042553 0.6274850414977804
4 0.9705996131528046 0.8386411889596603 0.9762088974854932 0.8430804863925883 0.988201160541586 0.8508010036672458 0.9998065764023211 0.851380042462845 0.9998065764023211 0.8355529820497973 0.9982591876208897 0.8355529820497973 0.9928433268858801 0.8326577880718008 0.9878143133462283 0.8286045165026057 0.9841392649903288 0.8266743871839414 0.9738878143133463 0.8268674001158077 0.9713733075435204 0.8280254777070064 0.9696324951644101 0.8301486199575372 0.9690522243713733 0.8343949044585988 0.9705996131528046 0.8386411889596603
4 0.9160541586073501 0.7973364215402432 0.921083172147002 0.800810654313839 0.9241779497098646 0.8017757189731712 0.927852998065764 0.8023547577687705 0.9355899419729207 0.8019687319050376 0.9386847195357834 0.8000386025863733 0.9406189555125726 0.7969503956765104 0.9400386847195358 0.7913530206523837 0.9357833655705996 0.7876857749469215 0.9326885880077369 0.7869137232194557 0.9288201160541586 0.78614167149199 0.9264990328820116 0.7867207102875893 0.9214700193423597 0.7863346844238563 0.9152804642166344 0.7890368654699865 0.9143133462282399 0.7898089171974523 0.913926499032882 0.7915460335842501 0.9137330754352031 0.7934761629029145 0.9160541586073501 0.7973364215402432
4 0.7193423597678917 0.8156726500675545 0.7218568665377176 0.8191468828411503 0.7251450676982591 0.8210770121598147 0.7408123791102514 0.821656050955414 0.7441005802707931 0.8195329087048833 0.7454545454545455 0.8176027793862188 0.7456479690522244 0.814128546612623 0.7444874274661508 0.8106543138390272 0.7411992263056093 0.8073730939972978 0.7377176015473887 0.8056359776104999 0.7311411992263056 0.8035128353599691 0.7263056092843327 0.8029337965643698 0.7230174081237911 0.8037058482918356 0.718568665377176 0.8071800810654314 0.7179883945841392 0.8106543138390272 0.7193423597678917 0.8156726500675545
4 0.6336557059961315 0.7834394904458599 0.6379110251450677 0.7836325033777263 0.6408123791102515 0.7855626326963907 0.6439071566731142 0.7859486585601235 0.6508704061895552 0.784790580968925 0.6545454545454545 0.7820883999227948 0.6560928433268859 0.7793862188766647 0.6562862669245648 0.7749469214437368 0.6551257253384913 0.7701215981470758 0.6508704061895552 0.7668403783053465 0.6369439071566732 0.7641381972592164 0.6336557059961315 0.76664736537348 0.632495164410058 0.7691565334877437 0.6321083172147002 0.7764910248986682 0.6336557059961315 0.7834394904458599
4 0.613926499032882 0.8280254777070064 0.6162475822050291 0.8301486199575372 0.6193423597678916 0.8311136846168693 0.6218568665377177 0.8309206716850029 0.6232108317214701 0.83053464582127 0.6247582205029013 0.8286045165026057 0.6253384912959381 0.8191468828411503 0.6237911025145068 0.8168307276587531 0.6195357833655706 0.8166377147268867 0.6152804642166344 0.8193398957730168 0.6135396518375241 0.8226211156147462 0.6131528046421664 0.8245512449334106 0.613926499032882 0.8280254777070064
4 0.6313346228239846 0.8284115035707392 0.6336557059961315 0.8328508010036673 0.6382978723404256 0.8314997104806022 0.641779497098646 0.8286045165026057 0.6458413926499033 0.8210770121598147 0.6423597678916828 0.8164447017950203 0.6330754352030947 0.8139355336807567 0.6301740812379111 0.814514572476356 0.6313346228239846 0.8284115035707392
5 0.6812379110251451 0.848677861416715 0.683752417794971 0.8508010036672458 0.6874274661508704 0.8523451071221771 0.6990328820116054 0.8546612623045744 0.7029013539651837 0.8563983786913724 0.7071566731141199 0.8571704304188381 0.7129593810444874 0.8563983786913724 0.7150870406189556 0.8527311329859101 0.7145067698259188 0.845589654506852 0.7119922630560929 0.8426944605288554 0.7065764023210832 0.8388342018915267 0.6996131528046422 0.8361320208453966 0.6957446808510638 0.8357459949816638 0.6849129593810445 0.8382551630959274 0.6822050290135396 0.8394132406871261 0.6802707930367505 0.8426944605288554 0.6798839458413927 0.8453966415749855 0.6812379110251451 0.848677861416715
3 0.7439071566731141 0.8525381200540436 0.7446808510638298 0.8538892105771086 0.7481624758220503 0.855819339895773 0.7516441005802708 0.8536961976452422 0.7537717601547389 0.8533101717815094 0.7558994197292069 0.8533101717815094 0.7618955512572534 0.8556263269639066 0.7649903288201161 0.8552403011001737 0.767311411992263 0.8533101717815094 0.7690522243713733 0.8488708743485813 0.7676982591876209 0.8415363829376569 0.7663442940038685 0.8388342018915267 0.7620889748549323 0.8345879173904651 0.7580270793036751 0.8330438139355337 0.7545454545454545 0.8326577880718008 0.7483558994197292 0.834973943254198 0.7444874274661508 0.8388342018915267 0.7427466150870407 0.842501447596989 0.7423597678916828 0.8484848484848485 0.7439071566731141 0.8525381200540436
5 0.40618955512572535 0.7241845203628643 0.4081237911025145 0.7251495850221965 0.41470019342359765 0.7247635591584636 0.4249516441005803 0.7216753522486007 0.4323017408123791 0.7166570160200734 0.43481624758220505 0.7133757961783439 0.43558994197292067 0.7099015634047481 0.43520309477756286 0.7064273306311523 0.4323017408123791 0.7035321366531557 0.4249516441005803 0.7031461107894229 0.4148936170212766 0.705848291835553 0.4054158607350097 0.7099015634047481 0.4034816247582205 0.7114456668596796 0.4025145067698259 0.7133757961783439 0.40174081237911025 0.7170430418838062 0.40618955512572535 0.7241845203628643
5 0.3502901353965184 0.7174290677475391 0.358220502901354 0.720517274657402 0.3663442940038685 0.7224474039760664 0.3758220502901354 0.7182011194750049 0.3777562862669246 0.7164640030882069 0.3794970986460348 0.7104806022003475 0.3793036750483559 0.7064273306311523 0.3769825918762089 0.704111175448755 0.3700193423597679 0.7012159814707586 0.36228239845261123 0.7010229685388921 0.351257253384913 0.7062343176992859 0.3481624758220503 0.711638679791546 0.34796905222437136 0.7143408608376761 0.3502901353965184 0.7174290677475391
5 0.3468085106382979 0.7624010808724184 0.34874274661508703 0.7647172360548157 0.35106382978723405 0.7664543524416136 0.3624758220502901 0.771086662806408 0.36615087040618954 0.771086662806408 0.3700193423597679 0.7699285852152095 0.3736943907156673 0.7664543524416136 0.3758220502901354 0.7620150550086856 0.3764023210831721 0.7569967187801583 0.3758220502901354 0.7541015248021617 0.3725338491295938 0.7515923566878981 0.36266924564796904 0.7486971627099016 0.35570599613152803 0.748890175641768 0.351257253384913 0.7512063308241652 0.3470019342359768 0.7560316541208261 0.34622823984526113 0.7598919127581548 0.3468085106382979 0.7624010808724184
4 0.39148936170212767 0.753329473074696 0.3998065764023211 0.7556456282570932 0.41470019342359765 0.7633661455317506 0.4183752417794971 0.7622080679405521 0.42263056092843326 0.7596988998262884 0.4239845261121857 0.7585408222350898 0.425531914893617 0.7552596023933603 0.4245647969052224 0.7517853696197645 0.4228239845261122 0.7492762015055009 0.41644100580270793 0.7432928006176414 0.41295938104448743 0.7407836325033778 0.4044487427466151 0.736923373866049 0.39825918762088974 0.7367303609341825 0.39400386847195357 0.7380814514572477 0.3893617021276596 0.7450299170044393 0.3889748549323017 0.7485041497780351 0.39148936170212767 0.753329473074696
5 0.3893617021276596 0.7620150550086856 0.388394584139265 0.7685774946921444 0.3889748549323017 0.7724377533294731 0.395357833655706 0.774174869716271 0.4054158607350097 0.7749469214437368 0.411605415860735 0.7732098050569388 0.41392649903288203 0.7703146110789423 0.4145067698259188 0.7651032619185485 0.41353965183752417 0.7635591584636171 0.4054158607350097 0.757768770507624 0.3945841392649903 0.7539085118702953 0.39052224371373306 0.7544875506658946 0.3885880077369439 0.7566106929164254 0.3882011605415861 0.7587338351669561 0.3893617021276596 0.7620150550086856
4 0.37446808510638296 0.7633661455317506 0.372147001934236 0.7649102489866821 0.3688588007736944 0.7689635205558772 0.37059961315280465 0.7724377533294731 0.37620889748549324 0.7737888438525381 0.38007736943907156 0.7735958309206716 0.38781431334622823 0.7707006369426752 0.3893617021276596 0.7689635205558772 0.39013539651837525 0.7654892877822814 0.3897485493230174 0.7552596023933603 0.3804642166344294 0.7531364601428295 0.37659574468085105 0.7535224860065625 0.37485493230174083 0.7548735765296275 0.3756286266924565 0.7596988998262884 0.37446808510638296 0.7633661455317506
5 0.40058027079303676 0.8085311715884964 0.4032882011605416 0.811426365566493 0.41121856866537715 0.8147075854082223 0.418568665377176 0.8150936112719552 0.4284332688588008 0.8125844431576915 0.43172147001934236 0.8102682879752944 0.4336557059961315 0.8071800810654314 0.43249516441005803 0.8037058482918356 0.4297872340425532 0.8015827060413048 0.4245647969052224 0.7990735379270412 0.4154738878143133 0.7969503956765104 0.40735009671179884 0.7965643698127775 0.4036750483558994 0.7979154603358425 0.40058027079303676 0.801196680177572 0.3994197292069632 0.8035128353599691 0.40058027079303676 0.8085311715884964
5 0.41818181818181815 0.8386411889596603 0.4220502901353965 0.8384481760277939 0.425531914893617 0.8369040725728624 0.437137330754352 0.8361320208453966 0.4425531914893617 0.8343949044585988 0.44390715667311414 0.8320787492762015 0.444100580270793 0.8280254777070064 0.44216634429400387 0.8247442578652769 0.4400386847195358 0.8230071414784791 0.4346228239845261 0.8206909862960818 0.4288201160541586 0.8199189345686161 0.4206963249516441 0.8204979733642154 0.41528046421663445 0.8237791932059448 0.41392649903288203 0.8262883613202084 0.41392649903288203 0.8324647751399343 0.41818181818181815 0.8386411889596603
5 0.40038684719535783 0.8571704304188381 0.41470019342359765 0.8621887666473653 0.4195357833655706 0.8604516502605675 0.4228239845261122 0.8560123528276394 0.4228239845261122 0.8521520941903108 0.4218568665377176 0.848677861416715 0.42011605415860737 0.8463617062343177 0.4183752417794971 0.845589654506852 0.4148936170212766 0.845203628643119 0.40406189555125727 0.8506079907353793 0.3984526112185687 0.8521520941903108 0.3990328820116054 0.855819339895773 0.40038684719535783 0.8571704304188381
5 0.3526112185686654 0.8660490252846941 0.36266924564796904 0.873576529627485 0.3663442940038685 0.8745415942868172 0.369825918762089 0.8731905037637522 0.37311411992263055 0.8712603744450879 0.3750483558994197 0.867786141671492 0.37678916827853 0.8662420382165605 0.37408123791102516 0.8591005597375024 0.37176015473887813 0.855819339895773 0.3676982591876209 0.851380042462845 0.362862669245648 0.848291835552982 0.35938104448742747 0.8479058096892492 0.34932301740812377 0.8521520941903108 0.34758220502901355 0.8550472881683073 0.3481624758220503 0.8585215209419031 0.3526112185686654 0.8660490252846941
5 0.3700193423597679 0.8799459563790774 0.3771760154738878 0.8836132020845396 0.3802707930367505 0.8832271762208068 0.3854932301740812 0.8805249951746768 0.3876208897485493 0.8768577494692145 0.388394584139265 0.8731905037637522 0.38704061895551256 0.8681721675352249 0.38529980657640234 0.8656629994209613 0.38355899419729206 0.864697934761629 0.37659574468085105 0.8643119088978961 0.36924564796905224 0.8745415942868172 0.3688588007736944 0.8768577494692145 0.3700193423597679 0.8799459563790774
5 0.3638297872340426 0.848677861416715 0.36963249516441005 0.8519590812584443 0.3733075435203095 0.8517660683265779 0.3793036750483559 0.8488708743485813 0.37794970986460347 0.8480988226211156 0.3760154738878143 0.8426944605288554 0.37543520309477757 0.834973943254198 0.3735009671179884 0.8330438139355337 0.36963249516441005 0.8324647751399343 0.3663442940038685 0.8338158656629994 0.365183752417795 0.834973943254198 0.36402321083172146 0.8388342018915267 0.3620889748549323 0.8419224088013897 0.36189555125725337 0.8453966415749855 0.3638297872340426 0.848677861416715
3 0.28220502901353967 0.8666280640802934 0.28588007736943905 0.873576529627485 0.29206963249516443 0.881104033970276 0.2961315280464217 0.8841922408801389 0.3001934235976789 0.885543331403204 0.306963249516441 0.8841922408801389 0.31121856866537717 0.881104033970276 0.3147001934235977 0.8745415942868172 0.31586073500967116 0.8650839606253619 0.3147001934235977 0.8554333140320401 0.31025145067698257 0.8479058096892492 0.3036750483558994 0.8448176027793862 0.3001934235976789 0.845589654506852 0.2897485493230174 0.848677861416715 0.2851063829787234 0.8508010036672458 0.281431334622824 0.8535031847133758 0.28085106382978725 0.8554333140320401 0.2806576402321083 0.8596795985331017 0.28220502901353967 0.8666280640802934
4 0.19110251450676982 0.8571704304188381 0.19381044487427465 0.8600656243968345 0.19961315280464217 0.8637328701022968 0.20676982591876208 0.8660490252846941 0.21334622823984525 0.8662420382165605 0.21740812379110253 0.8645049218297626 0.22166344294003867 0.8594865856012353 0.22263056092843328 0.8562053657595059 0.22263056092843328 0.8523451071221771 0.2206963249516441 0.848677861416715 0.21663442940038685 0.8448176027793862 0.20657640232108318 0.8382551630959274 0.20309477756286268 0.8378691372321946 0.1988394584139265 0.8399922794827254 0.19090909090909092 0.8419224088013897 0.19032882011605415 0.8479058096892492 0.19013539651837524 0.8527311329859101 0.19110251450676982 0.8571704304188381