5 0.7803595283665075 0.258578787192931 0.7744656908454275 0.2545868088461743 0.7736911860716639 0.25144129259589254 0.763531588057614 0.24910441544988812 0.7607478971556376 0.25050571776863834 0.7540512573046791 0.2601420532880466 0.7505113324397672 0.2629757112625769 0.7492320244476287 0.26630482516018034 0.7523381285587158 0.27409436727089387 0.7598113739622002 0.28176646568865593 0.7694702112658914 0.2881817115373387 0.7827439984070613 0.2935156079036434 0.7868779797657263 0.2929337616246486 0.7968915703426596 0.289369760341142 0.7978363376016382 0.2840385863496948 0.7931731389269913 0.2747505346288311 0.7842259089485463 0.2625397122026578 0.7803595283665075 0.258578787192931
5 0.7976964734513005 0.28990436416186555 0.7904402179494828 0.2922817141109734 0.7854932484661439 0.29712147945965794 0.7849965302638018 0.29880358671712975 0.7872227062936814 0.3043062165149676 0.7967335944310021 0.3213797630662346 0.7996409794512507 0.3236977287161401 0.8107149463894018 0.32331434430025546 0.8143562520537412 0.3220183438335259 0.8167303772499913 0.3168626729287795 0.8177055428438473 0.3089205865077741 0.8118765445005387 0.29731052185669454 0.8031280336129321 0.2905712758913292 0.7976964734513005 0.28990436416186555
5 0.7300787871376994 0.29467518061737097 0.7229056416244808 0.29401231616821766 0.7152580912277648 0.2972131694373913 0.710834195773629 0.30015617654425253 0.7110065590376067 0.30584240398941215 0.7145628129840926 0.3241457970530387 0.7167403198682667 0.3276814673743729 0.7246089026746657 0.3321338010268623 0.7332114061251558 0.33297216856271666 0.7403358824926685 0.33166807353536637 0.7424464494203089 0.328658912474135 0.7443481114623156 0.3108077801556206 0.7430545751673654 0.3071627607019555 0.7372702034617459 0.2999159169725861 0.7300787871376994 0.29467518061737097
5 0.7468305559923141 0.4725669070952746 0.7355457424392753 0.4746674993859713 0.7315394977068987 0.47657235218841515 0.7292971516449533 0.480654768171404 0.7325533057011735 0.491948927266422 0.7357688756277206 0.49648360399452296 0.7466502667618122 0.502395299359512 0.7497948542238095 0.5027814061502541 0.7574647179393701 0.5017621633419357 0.7582188511235431 0.48616688999926716 0.7548309179330182 0.4759459858260066 0.7500014992811723 0.4727383629016654 0.7468305559923141 0.4725669070952746
5 0.7011357286373155 0.47131402924255417 0.6977275829067087 0.4730744322953271 0.6962151149808378 0.47593914360688727 0.6908362664729281 0.4748429299087206 0.6874889174120757 0.4713815081023771 0.6835657826682986 0.4702461465065599 0.6824588379401376 0.47926148784932276 0.6786593973146324 0.48184539422216155 0.6841842532596587 0.4888424863498392 0.6853602387231157 0.5005348940765302 0.6864469709111944 0.5035008599598005 0.6890157726902668 0.506213026961069 0.6930929998871934 0.508456744095984 0.700160722092968 0.5099782124825432 0.7048177774808362 0.5074996079617251 0.7092720712698493 0.5019456884253056 0.7101458560642778 0.49246594449649966 0.7097362903585516 0.4887115759105036 0.7043289852450184 0.4736670955097999 0.7011357286373155 0.47131402924255417
5 0.812048079381821 0.5346106061668341 0.8079140980231563 0.535192452445829 0.8041410132245119 0.5375617078343161 0.8006761133321664 0.5421476743009985 0.8007998074504385 0.5458669422696545 0.8043235622832846 0.5526183300759507 0.8097997490826054 0.5576484627271246 0.8161903048060275 0.5599583338164097 0.8219077365551135 0.5606603461632135 0.8252104589782766 0.5597585470478466 0.8289389171392317 0.5530260707376491 0.8291538062621358 0.5489126014176304 0.8252164432155469 0.5408031064705447 0.8191685132413176 0.5357027725846905 0.812048079381821 0.5346106061668341
5 0.8500020605567091 0.5327341568905142 0.8444164079419278 0.5309588896219528 0.8407223906238668 0.5326841920573855 0.8400898507792034 0.5378358156818215 0.8438954346914874 0.5470185655506647 0.8549005199438507 0.5566495288843096 0.8619945979764865 0.5579563462865174 0.8690440493714329 0.5548999427670149 0.8719676044237469 0.5476328626360938 0.8714303020917322 0.5425554875266486 0.8699826733436327 0.5378021125338858 0.8677524548057367 0.5346957441812547 0.8500020605567091 0.5327341568905142
5 0.8651815522479019 0.5178206594930979 0.8601939986348907 0.5159009424748653 0.8514110469043901 0.5141688703842648 0.8450164486729517 0.5142552607401866 0.8425449851852903 0.5154770126919257 0.83979783590497 0.5260340588227994 0.841584047894246 0.5303932324641994 0.8684782904337945 0.5358743009550326 0.8698589792253605 0.53408284456523 0.8709882372723659 0.5272491136833223 0.8705786715666397 0.5234947450973262 0.8689201962036522 0.5204585779793754 0.8651815522479019 0.5178206594930979
5 0.8318909287971694 0.5597072573092651 0.828896391280305 0.5628257675028272 0.828734213811123 0.5665099348541429 0.8314043963896225 0.5707597593632119 0.8349098804116407 0.5729332752634464 0.842835217379778 0.5745600455020263 0.8460588723223582 0.5743021993397138 0.8509754434708195 0.5720733464205875 0.8522364806521301 0.5641663606169223 0.8509429443571799 0.5605213411632572 0.841174641238028 0.557360960697187 0.8318909287971694 0.5597072573092651
5 0.8819161967734006 0.5209648508379267 0.873599564910365 0.5201615839194126 0.8704245791134901 0.5223863895582286 0.8699644025328045 0.533224240627824 0.8717769703489413 0.5373687632848725 0.8736462923268166 0.5386877225280113 0.8824555998841778 0.5402051436342602 0.8895010087711078 0.5395450015599644 0.8939776158789654 0.5361726924844001 0.8941661491750088 0.532273874148733 0.8905369710347184 0.5263810902798427 0.8876559418413311 0.5238484736455856 0.8819161967734006 0.5209648508379267
4 0.46800727345125087 0.6045795494625928 0.46091319541861536 0.6032727320603851 0.4570650856474046 0.6038896789567201 0.451809931257767 0.6065127332272091 0.44873632626031973 0.610275196373826 0.44802471893507345 0.6160707729513164 0.4499346250426214 0.6241492145613721 0.4540605213852535 0.6283598911727907 0.4587622034108107 0.630244507573683 0.46806418666249777 0.6324760828676668 0.4789090361749328 0.6292320344205323 0.4828929675884649 0.6251455711572331 0.4838904465011655 0.6193850951970828 0.48205556536618416 0.6130589620791792 0.4782418964378672 0.6086687351007495 0.46800727345125087 0.6045795494625928
4 0.7613421126988991 0.2834796262831575 0.7530599216787575 0.2776691854898786 0.7500248000322204 0.2740282133165238 0.7426448504121306 0.27268629529697586 0.7357008223246282 0.2748840948790724 0.731141105228171 0.2812966183528978 0.7319338808127628 0.2890200065092413 0.7342958784849636 0.29105311994011507 0.7384927572921459 0.29941236648889236 0.7468722866036988 0.3091567262351786 0.7515962819481005 0.313222953096926 0.7551544776238405 0.31496716702845756 0.761875531572406 0.3216753596567929 0.769044634577608 0.32473448555115286 0.7755669694353348 0.32597110171868027 0.7819128985210677 0.32391775188625493 0.7874356536873316 0.3167519263270441 0.7876809411451131 0.3100275445774673 0.7821155010704143 0.29627097008287273 0.7772110574460022 0.2913110386663791 0.7613421126988991 0.2834796262831575
2 0.3015045327548319 0.6277129981530238 0.29396240566555987 0.6300552474847915 0.2819071298467738 0.6266140620799996 0.27920250642538036 0.6273714114456955 0.27628703638909896 0.6298459686862032 0.2715164726777541 0.6379757000348405 0.2707825520336632 0.6415896661514757 0.2731060663549539 0.6510262149023209 0.27422934016468886 0.663147924597715 0.27824577069186074 0.6706134665917463 0.2806118108720781 0.6702503185774134 0.2867428508349068 0.6723104380650065 0.2924602825839928 0.6730124504118103 0.29612794407519305 0.6715017989607291 0.3012898026814362 0.662548564292026 0.3015574034580623 0.6580057930033044 0.3086534232199519 0.6427534312734171 0.30915822643832674 0.636278801125532 0.30737201444905093 0.6319196274841319 0.304284181148792 0.6287079572794803 0.3015045327548319 0.6277129981530238
5 0.8561168045731167 0.1284328843800525 0.8487814815907159 0.1314541872822148 0.8445643902434515 0.13507624795947085 0.841460386911127 0.14144962353564566 0.8474738760424623 0.15155713129626483 0.8522019138948806 0.1532270967128056 0.8557377962517763 0.15278970018348187 0.8682492061432316 0.14778929596388485 0.8701529689640006 0.1441010813322589 0.8709517287858628 0.13286902891130065 0.8679693187930477 0.12879875476924285 0.8623836661782665 0.12702348750068157 0.8561168045731167 0.1284328843800525
5 0.9837775509974074 0.10968149554347892 0.9863423102684632 0.11478992398995409 0.9856570587700778 0.12037084958309299 0.9875486940667976 0.12387141928708693 0.9965871190498747 0.12824950442458585 1 0.12919857598109197 1 0.10028228647273799 0.9988435343651231 0.10041912497388195 0.9892475945099493 0.10294497195297118 0.9842256000540439 0.10603242880950355 0.9837775509974074 0.10968149554347892