2 0.8424539170506913 0.47383217993079585 0.8444700460829493 0.48226643598615915 0.8476382488479264 0.4850778546712803 0.8629032258064516 0.49264705882352944 0.872983870967742 0.4963235294117648 0.8824884792626728 0.4969723183391004 0.8997695852534562 0.5006487889273357 0.9222350230414748 0.4989186851211073 0.9251152073732719 0.4978373702422146 0.9277073732718895 0.49502595155709345 0.9302995391705069 0.4876730103806229 0.9305875576036866 0.48291522491349487 0.9274193548387097 0.47383217993079585 0.9179147465437788 0.4671280276816609 0.9121543778801844 0.46150519031141873 0.9078341013824884 0.4593425605536333 0.9026497695852536 0.4586937716262976 0.8836405529953918 0.45155709342560557 0.8761520737327189 0.45090830449826996 0.8631912442396313 0.45523356401384085 0.8525345622119817 0.45501730103806237 0.8479262672811061 0.4573961937716263 0.8441820276497696 0.46280276816608995 0.8424539170506913 0.4669117647058824 0.8424539170506913 0.47383217993079585
2 0.8392857142857142 0.42171280276816614 0.8415898617511521 0.42322664359861595 0.8450460829493087 0.42084775086505194 0.856278801843318 0.41846885813148793 0.8605990783410139 0.41976643598615915 0.8623271889400922 0.42301038062283747 0.8611751152073733 0.4251730103806229 0.8654953917050692 0.42863321799307963 0.8798963133640554 0.43339100346020765 0.8876728110599078 0.4344723183391004 0.8902649769585255 0.4362024221453288 0.8971774193548387 0.4357698961937716 0.9003456221198156 0.4344723183391004 0.9061059907834101 0.4253892733564014 0.9063940092165899 0.41760380622837373 0.9026497695852536 0.41111591695501737 0.8940092165898618 0.4057093425605537 0.877304147465438 0.40095155709342567 0.8577188940092165 0.40203287197231835 0.8525345622119817 0.4033304498269897 0.8456221198156681 0.40808823529411764 0.8398617511520738 0.4145761245674741 0.8381336405529953 0.4186851211072665 0.8392857142857142 0.42171280276816614
3 0.7404953917050692 0.32396193771626297 0.7353110599078342 0.33391003460207613 0.7338709677419355 0.33499134948096887 0.7344470046082949 0.3360726643598616 0.736463133640553 0.33801903114186854 0.7471198156682027 0.34126297577854675 0.758352534562212 0.3471020761245675 0.7692972350230415 0.34688581314878897 0.7756336405529954 0.34429065743944637 0.7897465437788018 0.3410467128027682 0.7963709677419355 0.3384515570934256 0.8044354838709677 0.3323961937716263 0.8078917050691243 0.32482698961937717 0.8067396313364055 0.32158304498269896 0.8035714285714286 0.31769031141868515 0.7972350230414746 0.31401384083044986 0.780241935483871 0.31228373702422146 0.7540322580645162 0.31228373702422146 0.7445276497695853 0.3103373702422146 0.7404953917050692 0.3142301038062284 0.741647465437788 0.31596020761245674 0.7404953917050692 0.32396193771626297
3 0.6955645161290323 0.30384948096885817 0.7001728110599078 0.3088235294117647 0.7016129032258065 0.3120674740484429 0.7007488479262673 0.31769031141868515 0.7027649769585254 0.3196366782006921 0.7044930875576038 0.3196366782006921 0.7099654377880185 0.3183391003460208 0.7163018433179724 0.3146626297577855 0.724078341013825 0.31596020761245674 0.7315668202764977 0.31358131487889274 0.7384792626728112 0.31250000000000006 0.7451036866359447 0.3096885813148789 0.7482718894009217 0.3094723183391004 0.7517281105990784 0.30276816608996543 0.7523041474654378 0.29325259515570934 0.7476958525345623 0.2884948096885813 0.7413594470046083 0.2852508650519031 0.7269585253456221 0.28287197231833916 0.7226382488479264 0.28287197231833916 0.7165898617511521 0.2846020761245675 0.7030529953917051 0.28633217993079585 0.699020737327189 0.289143598615917 0.695852534562212 0.2969290657439446 0.6949884792626728 0.2995242214532872 0.6955645161290323 0.30384948096885817
3 0.32862903225806456 0.5430363321799309 0.33496543778801846 0.5512543252595157 0.3421658986175115 0.5536332179930796 0.3493663594470046 0.5544982698961938 0.36376728110599077 0.5497404844290659 0.37672811059907835 0.5395761245674742 0.3787442396313364 0.5363321799307958 0.37989631336405527 0.5298442906574394 0.37730414746543783 0.5155709342560554 0.37327188940092165 0.5021626297577855 0.369815668202765 0.4980536332179931 0.3611751152073733 0.49416089965397925 0.3548387096774194 0.49329584775086505 0.3418778801843318 0.4961072664359862 0.3369815668202765 0.4991349480968858 0.33496543778801846 0.5006487889273357 0.3303571428571429 0.5086505190311419 0.3294930875576037 0.5175173010380624 0.3263248847926267 0.5257352941176471 0.3257488479262673 0.5363321799307958 0.32862903225806456 0.5430363321799309
3 0.25230414746543783 0.5927768166089966 0.25489631336405527 0.5975346020761246 0.25864055299539174 0.6003460207612458 0.26900921658986177 0.6012110726643599 0.28139400921658986 0.6068339100346021 0.29694700460829493 0.6087802768166091 0.3001152073732719 0.6100778546712803 0.31394009216589863 0.6100778546712803 0.32114055299539174 0.6089965397923877 0.3245967741935484 0.6079152249134949 0.3306451612903226 0.6027249134948097 0.3326612903225806 0.598832179930796 0.33352534562211983 0.5912629757785467 0.33122119815668205 0.5852076124567475 0.32373271889400923 0.5737456747404844 0.31768433179723504 0.5705017301038062 0.30558755760368667 0.5689878892733564 0.2966589861751152 0.569204152249135 0.2897465437788019 0.5707179930795848 0.2839861751152074 0.5754757785467128 0.26843317972350234 0.5774221453287198 0.2623847926267281 0.5791522491349481 0.258352534562212 0.5806660899653979 0.2540322580645161 0.5843425605536333 0.25230414746543783 0.5882352941176471 0.25230414746543783 0.5927768166089966
5 0.1088709677419355 0.42474048442906576 0.11319124423963134 0.42776816608996543 0.11923963133640554 0.42863321799307963 0.12672811059907835 0.4282006920415225 0.13738479262672812 0.4236591695501731 0.1419930875576037 0.41760380622837373 0.14314516129032256 0.4037629757785467 0.14141705069124424 0.39749134948096887 0.13652073732718895 0.3923010380622838 0.133352534562212 0.39121972318339104 0.12586405529953917 0.3910034602076125 0.12067972350230416 0.39359861591695505 0.111463133640553 0.4070069204152249 0.10800691244239631 0.4186851211072665 0.1077188940092166 0.42214532871972327 0.1088709677419355 0.42474048442906576
5 0.06019585253456221 0.4078719723183391 0.06451612903225806 0.4124134948096886 0.07114055299539171 0.4145761245674741 0.0783410138248848 0.4150086505190312 0.08438940092165899 0.414143598615917 0.0907258064516129 0.41154844290657444 0.09216589861751152 0.4078719723183391 0.09130184331797235 0.40138408304498274 0.0869815668202765 0.393166089965398 0.08237327188940093 0.3892733564013841 0.07632488479262674 0.3868944636678201 0.0673963133640553 0.38624567474048443 0.06422811059907835 0.38711072664359863 0.06163594470046083 0.39035467128027684 0.05904377880184332 0.4046280276816609 0.06019585253456221 0.4078719723183391
5 0.0429147465437788 0.40116782006920415 0.044930875576036866 0.4063581314878893 0.05011520737327189 0.41068339100346024 0.05328341013824885 0.41154844290657444 0.05731566820276498 0.4108996539792388 0.06048387096774194 0.40808823529411764 0.06422811059907835 0.38711072664359863 0.05731566820276498 0.3821366782006921 0.04723502304147466 0.3808391003460208 0.043202764976958526 0.3827854671280277 0.0391705069124424 0.38819204152249137 0.039746543778801845 0.39727508650519033 0.0429147465437788 0.40116782006920415
5 0.01065668202764977 0.43490484429065746 0.014400921658986177 0.44204152249134954 0.017569124423963134 0.4459342560553633 0.025633640552995392 0.45134083044982704 0.03225806451612903 0.45371972318339104 0.04118663594470046 0.45436851211072665 0.05213133640552996 0.45025951557093424 0.055299539170506916 0.4478806228373703 0.05731566820276498 0.4429065743944637 0.05731566820276498 0.43879757785467133 0.05558755760368663 0.4357698961937716 0.04809907834101383 0.43014705882352944 0.03254608294930876 0.4236591695501731 0.025921658986175117 0.4186851211072665 0.021889400921658985 0.41825259515570934 0.015264976958525347 0.41976643598615915 0.01238479262672811 0.4219290657439447 0.010080645161290324 0.4256055363321799 0.008928571428571428 0.4288494809688582 0.01065668202764977 0.43490484429065746
5 0.04953917050691244 0.48464532871972327 0.05328341013824885 0.4859429065743945 0.058179723502304145 0.49113321799307963 0.06451612903225806 0.49199826989619383 0.07430875576036866 0.48940311418685123 0.08870967741935484 0.4811851211072665 0.08928571428571429 0.4749134948096886 0.08525345622119816 0.4701557093425606 0.08093317972350231 0.4671280276816609 0.06941244239631336 0.46280276816608995 0.05789170506912442 0.46042387543252594 0.051555299539170506 0.46042387543252594 0.046947004608294936 0.46215397923875434 0.0429147465437788 0.4666955017301039 0.04262672811059908 0.47058823529411764 0.04953917050691244 0.48464532871972327
5 0.058467741935483875 0.5884515570934257 0.06595622119815668 0.5953719723183392 0.07142857142857142 0.5977508650519032 0.07430875576036866 0.5986159169550174 0.08294930875576037 0.5983996539792388 0.08755760368663594 0.5994809688581315 0.09706221198156682 0.5994809688581315 0.1016705069124424 0.5979671280276817 0.10570276497695852 0.5947231833910035 0.1077188940092166 0.5916955017301039 0.1103110599078341 0.5849913494809689 0.10973502304147467 0.5815311418685122 0.09187788018433181 0.566825259515571 0.08179723502304148 0.564446366782007 0.07430875576036866 0.5646626297577855 0.058755760368663604 0.5694204152249135 0.05299539170506913 0.5741782006920416 0.05357142857142857 0.5817474048442908 0.058467741935483875 0.5884515570934257
5 0.07603686635944701 0.5436851211072665 0.08179723502304148 0.5560121107266436 0.08842165898617513 0.557742214532872 0.09389400921658987 0.5540657439446367 0.09591013824884793 0.553416955017301 0.09879032258064516 0.5544982698961938 0.10224654377880185 0.5532006920415226 0.10743087557603688 0.5493079584775087 0.10858294930875576 0.5473615916955017 0.10858294930875576 0.5432525951557093 0.10109447004608296 0.5322231833910035 0.09619815668202766 0.5283304498269896 0.08467741935483872 0.5257352941176471 0.08035714285714286 0.5283304498269896 0.07747695852534563 0.5330882352941176 0.07574884792626728 0.5395761245674742 0.07603686635944701 0.5436851211072665
5 0.15985023041474655 0.5605536332179931 0.16359447004608296 0.5653114186851211 0.16820276497695855 0.5674740484429066 0.17079493087557604 0.5676903114186851 0.18231566820276499 0.5666089965397925 0.18721198156682028 0.5631487889273357 0.19038018433179724 0.5573096885813149 0.19210829493087558 0.5454152249134949 0.19009216589861752 0.5395761245674742 0.18548387096774194 0.5374134948096886 0.17828341013824883 0.5369809688581315 0.17482718894009217 0.5382785467128028 0.16618663594470046 0.5456314878892734 0.160426267281106 0.5538494809688582 0.1592741935483871 0.5570934256055364 0.15985023041474655 0.5605536332179931
5 0.1103110599078341 0.578287197231834 0.11175115207373272 0.5821799307958477 0.11405529953917051 0.5849913494809689 0.11808755760368664 0.5871539792387543 0.12327188940092167 0.5919117647058825 0.12672811059907835 0.5914792387543253 0.13277649769585254 0.5886678200692043 0.14112903225806453 0.5821799307958477 0.14228110599078342 0.5785034602076126 0.141705069124424 0.5715830449826991 0.13911290322580644 0.5666089965397925 0.13680875576036866 0.5646626297577855 0.1284562211981567 0.5633650519031141 0.11664746543778803 0.5640138408304499 0.11088709677419355 0.5696366782006921 0.11002304147465439 0.5711505190311419 0.1103110599078341 0.578287197231834
5 0.12788018433179724 0.6278114186851211 0.13450460829493088 0.6340830449826991 0.14055299539170507 0.6375432525951558 0.14775345622119815 0.6379757785467128 0.1592741935483871 0.6347318339100346 0.16359447004608296 0.6314878892733564 0.16733870967741934 0.6267301038062285 0.16647465437788017 0.6237024221453288 0.1630184331797235 0.6189446366782008 0.15985023041474655 0.615484429065744 0.15639400921658986 0.6135380622837371 0.13680875576036866 0.6105103806228375 0.12644009216589863 0.6118079584775087 0.12413594470046083 0.6148356401384084 0.12384792626728111 0.6195934256055364 0.12788018433179724 0.6278114186851211
5 0.11117511520737326 0.7515138408304499 0.11434331797235024 0.7549740484429066 0.1189516129032258 0.7564878892733564 0.12528801843317974 0.756704152249135 0.1336405529953917 0.7532439446366783 0.13911290322580644 0.7495674740484429 0.14228110599078342 0.7454584775086506 0.14141705069124424 0.7383217993079585 0.1370967741935484 0.7309688581314879 0.13018433179723504 0.7251297577854672 0.12413594470046083 0.7236159169550174 0.11607142857142858 0.7246972318339101 0.1103110599078341 0.7268598615916956 0.1077188940092166 0.7294550173010381 0.10915898617511521 0.7467560553633219 0.11117511520737326 0.7515138408304499