5 0.7007488479262673 0.1124567474048443 0.7036290322580645 0.11461937716262978 0.7085253456221199 0.11634948096885814 0.7249423963133641 0.11656574394463667 0.7373271889400922 0.11483564013840833 0.7445276497695853 0.10705017301038063 0.7517281105990784 0.09320934256055365 0.753168202764977 0.0856401384083045 0.7520161290322581 0.08023356401384084 0.747983870967742 0.07612456747404846 0.744815668202765 0.07525951557093427 0.7275345622119815 0.0795847750865052 0.7200460829493088 0.08477508650519032 0.7171658986175116 0.08953287197231835 0.7139976958525346 0.09212802768166091 0.7044930875576038 0.09688581314878894 0.6998847926267281 0.10553633217993082 0.6995967741935484 0.10964532871972318 0.7007488479262673 0.1124567474048443
5 0.8637672811059908 0.12673010380622837 0.8695276497695852 0.12889273356401384 0.8764400921658986 0.13019031141868515 0.8839285714285715 0.12975778546712805 0.893721198156682 0.12673010380622837 0.8997695852534562 0.12024221453287198 0.903225806451613 0.11288927335640139 0.9055299539170507 0.10294117647058824 0.9055299539170507 0.09926470588235295 0.9043778801843319 0.09731833910034603 0.9000576036866359 0.0953719723183391 0.8940092165898618 0.09407439446366783 0.8902649769585255 0.09407439446366783 0.8862327188940092 0.0958044982698962 0.8790322580645162 0.10229238754325261 0.8652073732718895 0.11980968858131488 0.8637672811059908 0.12305363321799309 0.8637672811059908 0.12673010380622837
5 0.8991935483870968 0.1282439446366782 0.9078341013824884 0.13256920415224915 0.9124423963133641 0.13667820069204153 0.9150345622119817 0.13775951557093427 0.9251152073732719 0.13343425605536335 0.9268433179723502 0.12673010380622837 0.9265552995391705 0.11613321799307959 0.9251152073732719 0.11159169550173012 0.9213709677419356 0.108780276816609 0.9153225806451614 0.10834775086505191 0.9063940092165899 0.11072664359861592 0.903225806451613 0.11332179930795849 0.9000576036866359 0.1193771626297578 0.8986175115207373 0.12564878892733564 0.8991935483870968 0.1282439446366782
5 0.8640552995391705 0.24502595155709345 0.8672235023041475 0.2480536332179931 0.8764400921658986 0.2502162629757786 0.8862327188940092 0.24978373702422146 0.8902649769585255 0.24870242214532876 0.8945852534562212 0.245242214532872 0.9003456221198156 0.23442906574394465 0.900921658986175 0.21907439446366786 0.8986175115207373 0.20891003460207616 0.8940092165898618 0.2058823529411765 0.8888248847926267 0.20480103806228372 0.881336405529954 0.20566608996539792 0.8747119815668203 0.20804498269896196 0.8663594470046083 0.2169117647058824 0.8608870967741936 0.23053633217993083 0.8605990783410139 0.2378892733564014 0.8640552995391705 0.24502595155709345
5 0.8461981566820278 0.22837370242214536 0.8519585253456221 0.23118512110726647 0.8588709677419356 0.22988754325259517 0.8626152073732719 0.22599480968858132 0.8657834101382489 0.21907439446366786 0.8726958525345623 0.20999134948096887 0.8738479262672811 0.2067474048442907 0.8701036866359446 0.19961072664359863 0.8663594470046083 0.19636678200692043 0.8626152073732719 0.19506920415224915 0.8597350230414748 0.1952854671280277 0.8522465437788019 0.19788062283737026 0.8487903225806452 0.20047577854671284 0.8473502304147467 0.20307093425605535 0.8453341013824884 0.21366782006920415 0.8433179723502304 0.21669550173010382 0.8436059907834101 0.22383217993079585 0.8461981566820278 0.22837370242214536
5 0.9147465437788019 0.27184256055363326 0.9213709677419356 0.2735726643598616 0.9285714285714286 0.27335640138408307 0.9317396313364055 0.2711937716262976 0.9426843317972351 0.2683823529411765 0.9559331797235023 0.2582179930795848 0.9591013824884793 0.254757785467128 0.9628456221198156 0.2480536332179931 0.963421658986175 0.24113321799307957 0.9565092165898618 0.23680795847750868 0.9495967741935484 0.23572664359861592 0.9461405529953918 0.23615916955017302 0.9343317972350231 0.24286332179930797 0.9216589861751153 0.24610726643598618 0.9158986175115208 0.25108131487889274 0.9127304147465438 0.25756920415224915 0.9118663594470047 0.2688148788927336 0.9147465437788019 0.27184256055363326
5 0.896889400921659 0.3103373702422146 0.9014976958525345 0.3137975778546713 0.9118663594470047 0.31704152249134954 0.9184907834101382 0.31769031141868515 0.9236751152073733 0.31682525951557095 0.9389400921658986 0.31163494809688586 0.956221198156682 0.30211937716262977 0.9631336405529953 0.29325259515570934 0.9642857142857142 0.28633217993079585 0.9559331797235023 0.28027681660899656 0.9475806451612904 0.2787629757785467 0.9377880184331797 0.2791955017301038 0.9230990783410139 0.28265570934256057 0.9081221198156681 0.2878460207612457 0.900921658986175 0.29282006920415227 0.8951612903225806 0.30190311418685123 0.8951612903225806 0.30752595155709345 0.896889400921659 0.3103373702422146
4 0.49913594470046085 0.1753892733564014 0.5005760368663594 0.1864186851211073 0.5023041474654378 0.19225778546712805 0.504320276497696 0.19463667820069205 0.5118087557603687 0.19744809688581316 0.521889400921659 0.19550173010380625 0.5328341013824885 0.19550173010380625 0.5368663594470047 0.19182525951557095 0.5400345622119815 0.1855536332179931 0.5411866359447004 0.17430795847750866 0.5397465437788018 0.16825259515570937 0.5308179723502304 0.15397923875432526 0.5259216589861752 0.15095155709342561 0.5224654377880185 0.15051903114186854 0.5123847926267281 0.15246539792387542 0.5089285714285714 0.15441176470588236 0.5002880184331797 0.1647923875432526 0.49913594470046085 0.16825259515570937 0.49913594470046085 0.1753892733564014
4 0.8012672811059908 0.2448096885813149 0.8035714285714286 0.25064878892733566 0.8067396313364055 0.2530276816608997 0.8162442396313365 0.2558391003460208 0.8228686635944701 0.254757785467128 0.8349654377880185 0.2549740484429066 0.838421658986175 0.2532439446366782 0.8436059907834101 0.24870242214532876 0.8464861751152075 0.24134948096885817 0.8459101382488481 0.23529411764705882 0.842741935483871 0.22426470588235295 0.8392857142857142 0.2169117647058824 0.8257488479262672 0.2078287197231834 0.8217165898617512 0.20653114186851212 0.8139400921658986 0.2071799307958478 0.8096198156682028 0.20891003460207616 0.8044354838709677 0.21301903114186854 0.8029953917050692 0.2164792387543253 0.8024193548387097 0.23810553633217996 0.8012672811059908 0.2448096885813149
4 0.26555299539170507 0.7050173010380624 0.2897465437788019 0.7093425605536333 0.29694700460829493 0.7093425605536333 0.3001152073732719 0.7073961937716263 0.30213133640552997 0.7030709342560554 0.3024193548387097 0.6916089965397925 0.2995391705069125 0.679930795847751 0.29925115207373276 0.6712802768166091 0.2966589861751152 0.6671712802768167 0.2929147465437788 0.6656574394463668 0.28629032258064513 0.6652249134948097 0.2805299539170507 0.6663062283737025 0.277073732718894 0.6682525951557093 0.2681451612903226 0.6825259515570935 0.2623847926267281 0.6959342560553634 0.2626728110599078 0.7024221453287198 0.26555299539170507 0.7050173010380624
4 0.3364055299539171 0.7768166089965398 0.339573732718894 0.7787629757785468 0.3418778801843318 0.7789792387543253 0.3539746543778802 0.7761678200692043 0.36664746543778803 0.7757352941176471 0.38047235023041476 0.7733564013840831 0.38508064516129037 0.7709775086505191 0.3873847926267281 0.765787197231834 0.3870967741935484 0.7603806228373703 0.38421658986175117 0.7569204152249135 0.36347926267281105 0.7495674740484429 0.3482142857142857 0.7495674740484429 0.33842165898617516 0.7508650519031143 0.33352534562211983 0.7541089965397925 0.3306451612903226 0.7584342560553634 0.33150921658986177 0.7673010380622838 0.3364055299539171 0.7768166089965398
4 0.25144009216589863 0.8462370242214533 0.25432027649769584 0.848832179930796 0.26555299539170507 0.851643598615917 0.26900921658986177 0.851643598615917 0.2828341013824885 0.8466695501730104 0.2923387096774194 0.8419117647058825 0.2986751152073733 0.8352076124567475 0.3001152073732719 0.8317474048442908 0.3001152073732719 0.8280709342560554 0.29694700460829493 0.8228806228373703 0.29205069124423966 0.8200692041522493 0.28629032258064513 0.8185553633217995 0.27505760368663595 0.8192041522491349 0.26872119815668205 0.8209342560553633 0.25806451612903225 0.8261245674740485 0.2540322580645161 0.8293685121107266 0.24971198156682028 0.835423875432526 0.24913594470046085 0.8419117647058825 0.25144009216589863 0.8462370242214533
2 0.2033410138248848 0.7690311418685122 0.2059331797235023 0.7735726643598617 0.21025345622119818 0.7774653979238755 0.21889400921658986 0.7783304498269896 0.22350230414746544 0.780060553633218 0.2275345622119816 0.780060553633218 0.2379032258064516 0.7768166089965398 0.24423963133640555 0.7737889273356402 0.24798387096774194 0.7692474048442908 0.24942396313364057 0.7631920415224914 0.24827188940092165 0.7584342560553634 0.24193548387096775 0.7500000000000001 0.23847926267281108 0.7467560553633219 0.2341589861751152 0.7445934256055364 0.22724654377880188 0.7450259515570935 0.2203341013824885 0.747621107266436 0.20823732718894009 0.7534602076124568 0.20535714285714288 0.7554065743944637 0.204205069124424 0.7577854671280277 0.20305299539170507 0.7618944636678202 0.2033410138248848 0.7690311418685122
2 0.3182603686635945 0.7303200692041523 0.32373271889400923 0.7378892733564014 0.3271889400921659 0.740484429065744 0.3297811059907834 0.7480536332179931 0.3317972350230415 0.7504325259515572 0.3629032258064516 0.7484861591695502 0.3709677419354839 0.742863321799308 0.37413594470046085 0.73810553633218 0.37413594470046085 0.7342128027681661 0.36779953917050695 0.7272923875432526 0.36319124423963134 0.7244809688581315 0.3577188940092166 0.7227508650519032 0.33870967741935487 0.7190743944636678 0.3300691244239632 0.7182093425605537 0.3245967741935484 0.7197231833910035 0.3188364055299539 0.7246972318339101 0.31739631336405527 0.7270761245674742 0.3182603686635945 0.7303200692041523
2 0.879320276497696 0.2634083044982699 0.8830645161290323 0.2642733564013841 0.8856566820276498 0.26384083044982704 0.9006336405529953 0.2577854671280277 0.913594470046083 0.25064878892733566 0.9216589861751153 0.2448096885813149 0.9277073732718895 0.23183391003460208 0.9308755760368663 0.22037197231833913 0.9302995391705069 0.2160467128027682 0.925979262672811 0.21172145328719724 0.918778801843318 0.20847750865051906 0.909562211981567 0.2073961937716263 0.9043778801843319 0.2073961937716263 0.9000576036866359 0.20999134948096887 0.9006336405529953 0.23010380622837373 0.8997695852534562 0.23594290657439448 0.8977534562211982 0.23983564013840836 0.8942972350230415 0.245242214532872 0.8911290322580646 0.247621107266436 0.8836405529953918 0.2512975778546713 0.8758640552995391 0.25346020761245674 0.872983870967742 0.25756920415224915 0.8726958525345623 0.2586505190311419 0.879320276497696 0.2634083044982699