2 0.13071212369470858 0.44286780788666 0.13725898807569017 0.4383874282978546 0.1387396854403762 0.43217939023837737 0.13801924611778554 0.4272493720119711 0.12481874162490887 0.4151618335299484 0.1157126179112774 0.4168268723844064 0.10763689854845016 0.4203555641262352 0.10250579778761741 0.4244949913828326 0.09803859066852698 0.4329181167762438 0.0977432801687519 0.4394566250535741 0.10152562348687824 0.443033316065503 0.11016679965818943 0.445967825219598 0.12108870078975287 0.445229371751648 0.13071212369470858 0.44286780788666
2 0.1368316884879019 0.4731590626017413 0.14029360628122065 0.47307327310597974 0.14760280113720292 0.47069708889487805 0.15118200432406287 0.4686472366698706 0.15325120108935994 0.46586113662775086 0.15121343497987874 0.45909256797444253 0.14857878140609768 0.4554154671206385 0.14141410856762815 0.44952962281549685 0.13520025180698717 0.4479023741867002 0.12982411976247807 0.4492410810550639 0.1198111435563333 0.45706395304806147 0.11922891062047195 0.46362756378586073 0.12058393452792801 0.46589699427249087 0.12763551600470083 0.47049019839844786 0.1368316884879019 0.4731590626017413
4 0.14749188054047882 0.42316428790807 0.16363912523428895 0.4193636073328433 0.16949485934955677 0.41689749539422144 0.1754301817378001 0.4120364406666253 0.17878739623311077 0.40414460517481743 0.17791197439641337 0.400747769617929 0.16896502722873308 0.39762292289443835 0.15909657304010094 0.3971837663711927 0.13641085202899794 0.3989514207183634 0.1251601373089382 0.4025407994954849 0.12266788415373084 0.40710062469745545 0.12264484156160368 0.41014188757602205 0.1266345190428408 0.4160884189164564 0.13974078073430346 0.42709875724915836 0.14749188054047882 0.42316428790807
3 0.5247484546475158 0.6044255217979738 0.5354546335522798 0.6078306338183797 0.550468843030183 0.6076025060233231 0.5629426417357192 0.604774477523783 0.5743336844414472 0.5961797731388488 0.5816324188008354 0.5870747430810216 0.582290045977828 0.5813728924626789 0.5784029993616935 0.5699901554547038 0.5721933366328968 0.5651062039174763 0.5626913931533267 0.5622470021447876 0.5455137441087123 0.5641840298326436 0.5283130524719709 0.5691623203990661 0.522245790161748 0.5725152949176134 0.5159439570644427 0.5797963948946526 0.5134286613171082 0.5873974829751898 0.5143187376822442 0.5942664614703732 0.5161114725080489 0.5982343097354478 0.5189765028370679 0.6012399880391905 0.5247484546475158 0.6044255217979738
5 0.6174809471842495 0.5969637471561451 0.6301055343720481 0.5958592388955182 0.6387174014864824 0.5918494621730235 0.6429877349390563 0.5877853422978325 0.6454988366545463 0.583440957125726 0.6457522560019116 0.5797282716970983 0.6413625647228912 0.572514202637948 0.6327255825834244 0.566322990575422 0.629762115421147 0.5654968150307893 0.6115917591462942 0.5660010698910027 0.6031914202268149 0.569123984033572 0.5973126435194199 0.5746313588507607 0.5929585277620264 0.5843471244233567 0.5939658895207034 0.5892520401892941 0.5971178422858087 0.592232616032568 0.6072313277581171 0.5954724929440476 0.6174809471842495 0.5969637471561451
5 0.4833877094318023 0.5678826410549903 0.5148465465361961 0.5705575760709638 0.5152067907805082 0.5581519820663642 0.5168005795068911 0.5532365841860718 0.5162728198189728 0.547204263349876 0.5131250610857119 0.5409669845981713 0.5056357686905903 0.5346753626937701 0.4979496026289521 0.5327427463075892 0.4864161595046504 0.5331005246367486 0.47876349653173333 0.5348554912187269 0.47183546691325146 0.5382837731186804 0.4662436126419428 0.5437660454754002 0.46577447106777836 0.551622296392384 0.4668195299470209 0.5569580922180498 0.47352344927501455 0.5641867816233139 0.4789519329685278 0.5667510977529734 0.4833877094318023 0.5678826410549903
5 0.5666600021432747 0.6439594604985862 0.5737346262121747 0.6455114017459763 0.5797223002494222 0.6445533700164034 0.5891760861118327 0.6402528458826382 0.5920683530648232 0.6369605583993836 0.5938548214258783 0.6309428579093017 0.5925081855821108 0.62216002160581 0.5859215516476582 0.6129672694713 0.5772615269160644 0.6098173202873406 0.5635122925760474 0.6079809755112762 0.5538134754299606 0.6094807792568077 0.5499661983672971 0.6117711739721479 0.5460120964076866 0.6227544772634599 0.5462717822198014 0.6290273405899885 0.5506049278179732 0.6355950895595464 0.554674193572186 0.6391466781110064 0.5666600021432747 0.6439594604985862
5 0.30918380124292133 0.6454280698794622 0.3176972315240973 0.6435977959160777 0.3232094975224304 0.6405104663483322 0.3301794182933223 0.6342563615996761 0.331331302069512 0.6308992488493701 0.33076584526102804 0.6244360479534461 0.3239446405394931 0.6191714212774281 0.3063481291368129 0.6196254712167039 0.2964712868844921 0.6256997205103197 0.29261562175813993 0.6345035210425216 0.2930302900843615 0.6392432016995325 0.29467223642790386 0.641487529725694 0.3022788142165666 0.6458150889008492 0.30918380124292133 0.6454280698794622
5 0.4755108378363297 0.6397769914133967 0.484152014007641 0.6427115005674918 0.48954699461243295 0.6415882337289923 0.49251465580655457 0.6391577063651942 0.49893377429740093 0.6299125436589089 0.5035936610511638 0.6203871156557084 0.5029863130902699 0.616749737608487 0.4972415979037935 0.6072662380627064 0.4890611752429582 0.6029888838084889 0.4766104191295491 0.6027756494294623 0.46893890759634926 0.6043151759815762 0.46564662684557573 0.6063399257461148 0.45892173735836017 0.6153947508830047 0.4592568174116062 0.6225293743289899 0.4634726776162369 0.6310611860277937 0.46601308838860395 0.6336610867322771 0.4755108378363297 0.6397769914133967
5 0.3169683058057506 0.7046635959777434 0.3235675218357362 0.7040862393869611 0.3400938593341414 0.6880954048369989 0.3428772289572794 0.6802537742661289 0.3430741026237961 0.6758947687479087 0.3279551898478848 0.668316850546919 0.3199590587580331 0.6694505994997735 0.3090895092754737 0.6740920759657467 0.3050118554575723 0.6770538932311483 0.30407149987633775 0.6795241434015289 0.3056066213229331 0.6904613800036621 0.30699514831911046 0.6964183934584514 0.3100109671303918 0.7011475920011072 0.3169683058057506 0.7046635959777434
5 0.2741100870979737 0.6873555649279603 0.28145697907452155 0.685410260776587 0.2869126993920062 0.6816766111192492 0.2917003320359043 0.6769159662335281 0.2924898991348764 0.6727221958242344 0.2888855809229839 0.6645710592642213 0.2819659393681907 0.6614859353473134 0.2743740161079665 0.660630519110453 0.27035710200275787 0.6609819535570163 0.26534328663546625 0.6631573180843675 0.2566706798083392 0.6697774776257004 0.25569262710653906 0.671816847736353 0.25495541165657093 0.6799136411436699 0.25611775592935465 0.6832853742400895 0.25950008544969794 0.6855945275333024 0.2671485543907705 0.6870962638597551 0.2741100870979737 0.6873555649279603
5 0.3455118333650268 0.7136720813555381 0.3542661008980348 0.717899230688818 0.36166953855543105 0.7166002466270369 0.36772214633721545 0.7097751291701948 0.3701767023718573 0.704784423908496 0.36997775627243523 0.695901177763129 0.3683400039607372 0.6904001468285367 0.3609261058067469 0.6849702850435921 0.3544253266100196 0.6833681388752643 0.3428834954220291 0.6902393230212853 0.33978389430592787 0.6911617701760344 0.33712619814001965 0.690525932200797 0.3338716145098117 0.6929815620250639 0.33082436504271445 0.6978070321778362 0.33198670931549823 0.7011787652742559 0.3385963858420779 0.7073302545301994 0.3437756442200704 0.7103505531800559 0.3455118333650268 0.7136720813555381
5 0.29313489505030227 0.7065316601667894 0.29839793573311457 0.703900313119241 0.3032044169372954 0.699355108263384 0.305258959174154 0.6930968652829692 0.3036819465751487 0.6849854515295386 0.30102844444108484 0.6810929106458704 0.29804612871852476 0.6800512950713736 0.293723443616947 0.6802123919485414 0.28754308994502725 0.6822727262879038 0.2845565801906228 0.6844878136218377 0.27798247918566965 0.6952661589976407 0.2786086757068464 0.6991189770747263 0.28191141695421407 0.7038230731569134 0.2861545137828162 0.7060569190687197 0.29313489505030227 0.7065316601667894