5 0.2566304829987589 0.8630166876228691 0.26435786605188627 0.863990621020289 0.27610699706603575 0.8611267521405047 0.28324397298155735 0.8581571610264088 0.29096998058366574 0.8508929376618071 0.2933583419917246 0.8456401714627383 0.29116471978633907 0.8398502106892799 0.2836025921762111 0.8323841010404214 0.27673715962734047 0.8314704410938173 0.2685263450857684 0.8332809867566313 0.25494702513945383 0.8334153835440453 0.24793073516466602 0.8346590852978302 0.24158028104044252 0.8387676307129365 0.23932769131570913 0.8420787713816551 0.23947923646713587 0.844040488062277 0.24247446620641125 0.8507536669667068 0.2513072348217916 0.8606933302373527 0.2566304829987589 0.8630166876228691
5 0.2659254078304064 0.8333159025742228 0.2729266120626025 0.8322879369904769 0.2829655523598111 0.8208496282770007 0.2838117293959666 0.8170065595168445 0.28272211730181496 0.8119441718545906 0.2751140447384023 0.8010061923348379 0.2718472716324759 0.7981762644911081 0.2672909851793024 0.8000255685843776 0.24601961571546607 0.8000556670075678 0.23865566593555906 0.8021422222912363 0.23653884789415125 0.8035117374296051 0.23653953561966082 0.8076308158106158 0.23306293756846932 0.8160593511094522 0.22707591671746621 0.8232283852056469 0.22706151870038407 0.8275631997566965 0.23543965186148402 0.8316177129854765 0.24112564558616228 0.8328824806710706 0.2659254078304064 0.8333159025742228
5 0.20412142914797893 0.8253086992248259 0.21068445911950562 0.8264180041911967 0.22483841273532462 0.8263237897043266 0.2263353398794528 0.8255613007755306 0.23466546491073959 0.8137867089903843 0.2362220472997251 0.8080421970004219 0.23594912848205501 0.8036872912991002 0.23361973459334404 0.7998389560559918 0.2276004790806289 0.7950822273492315 0.22395587468439992 0.7935266253754631 0.21969137939089128 0.7925780496112678 0.20290631703452683 0.793138652255807 0.19578442686159686 0.7958925071998643 0.19088564265372637 0.7998857721962912 0.1861384035972826 0.80584075387334 0.18577634577508123 0.8110184219542734 0.187273960644719 0.8143750114064883 0.1935503615070029 0.8195833036035983 0.20412142914797893 0.8253086992248259
5 0.24889278406298865 0.8002565785102871 0.26823352644693993 0.8003082685582728 0.2712122949926045 0.7989990268707198 0.2722251029227785 0.7969019386211467 0.26975924962523246 0.7908761505273775 0.261380428738623 0.7827025589175867 0.2549079132226466 0.7802988369309822 0.23895394215984594 0.7772321069854045 0.23487116350294746 0.777813775561753 0.2291104287908202 0.7817467671073641 0.2259355455914632 0.7858605790054229 0.22513462578308285 0.7890564392554623 0.2260425212406243 0.7925885825771722 0.23256098170988534 0.7984641744346709 0.2390033257406782 0.8012993687613527 0.24889278406298865 0.8002565785102871
5 0.821565862100228 0.6000972778833735 0.8253311524371905 0.5999269904968307 0.8286726665305661 0.5975591591093553 0.8342969418338585 0.5914487147130832 0.835385178476991 0.5882729456133158 0.8348098570819771 0.5841136849317611 0.829546264149867 0.576808304485078 0.8201854945437763 0.5744194071657934 0.8101890605723048 0.5687341938451096 0.8055316482459018 0.5692756801209143 0.7979715838123026 0.5741668056150886 0.7945244695207849 0.5780447901928362 0.7950092764602485 0.5834984678946242 0.7975203869855698 0.5888770474782767 0.8016038533679778 0.592414457282939 0.821565862100228 0.6000972778833735
5 0.7994362762947186 0.5614785538833379 0.8064683397376078 0.5641381943405249 0.810203458589387 0.5643993792940599 0.8137417750619644 0.5633460560770898 0.8226321357456733 0.5559464611435366 0.8230991060405073 0.5451395614913201 0.8192727850076682 0.5420537151770077 0.8153106922915037 0.5409094943930451 0.8047553981186286 0.5390874409827895 0.791735626099227 0.5394777562407862 0.7871694159538839 0.5428439038773685 0.7865954700098889 0.5469227999578354 0.7899081880691 0.5532245976724594 0.7947329190150311 0.5585481702882484 0.7994362762947186 0.5614785538833379
5 0.8699057049729986 0.5735603616117868 0.8792966460642724 0.5755177865909937 0.8828349625368498 0.5744644633740235 0.8948405511750585 0.5679330796035783 0.8949002064199159 0.5629510565424118 0.8894542091256861 0.5499963533741739 0.8781418769211872 0.5424847949418194 0.8684183617673856 0.5411544873224573 0.8602829759387722 0.5418863521350767 0.8560795113411401 0.5441939100717365 0.853554690524246 0.5472692234201444 0.8535704639923475 0.5511725656311163 0.8579727941457103 0.5625367510079943 0.8644158259020127 0.5694910237156872 0.8699057049729986 0.5735603616117868
5 0.8594964541474741 0.5407473978340664 0.8686755071169545 0.541606050812807 0.8776728434498248 0.5409344594510033 0.8840987262870069 0.5357472331857027 0.8857458231315427 0.5287083041755071 0.8844895801433725 0.5218999360026698 0.883491170230281 0.5196622097011933 0.8782433507662721 0.5162601714654823 0.8728446738763461 0.5150154949301602 0.8656315815223564 0.5149446885134397 0.857133450146032 0.5167351430259817 0.8529299855483998 0.5190427009626414 0.853036961197561 0.5257707045343908 0.8562289933160383 0.5337983916093259 0.8570162028328461 0.5390564242913469 0.8594964541474741 0.5407473978340664
5 0.8172265816006522 0.5135110007981063 0.8252707652482059 0.5099544746247094 0.8332093486976173 0.5079081016415847 0.8351897073301903 0.5043611336525551 0.8334651185961672 0.5001215083699128 0.8288824472572134 0.49546523541451226 0.8257823050453054 0.4943812880813655 0.8177374336722423 0.49381873587375164 0.8145316912621923 0.4942449417308771 0.8112354343965921 0.4959655646082359 0.8089526731866753 0.49970817761703235 0.8086207868496574 0.504454373357888 0.8111168116323869 0.5100486891115794 0.8140962679035608 0.5128585258050373 0.8172265816006522 0.5135110007981063
5 0.5772188567091299 0.2710485240456088 0.5817706688373907 0.2720171909600762 0.5907378336850775 0.2717770719383504 0.5967406280041818 0.26851138005312786 0.5980105812839247 0.2668658552939044 0.5997783640691944 0.2581010369233976 0.598779266430593 0.2517442322409102 0.5907165584129002 0.2349211026792919 0.5869505803504278 0.23097231168482377 0.5829281446638963 0.23069103558101683 0.575821340233558 0.23322915435503516 0.5693803716537843 0.23863211679037472 0.5678087035222069 0.2445923649503759 0.5668137322366629 0.2629500305539534 0.5683113471063005 0.2663066200061683 0.5707915984209289 0.26799759354888786 0.5772188567091299 0.2710485240456088
5 0.5297313361834828 0.23997861643385981 0.544097865646605 0.24510225232846686 0.5545009269425435 0.2408435106770898 0.557675122416391 0.2326106203980205 0.5568117964611151 0.22431219018518309 0.5526371278976474 0.21795011901974334 0.5447575119675836 0.2108953905606908 0.5397668378531437 0.20794491581532953 0.531404478160145 0.20779374479752138 0.5249326503696781 0.20950910119192795 0.5216213077614862 0.21144546023932564 0.5196862063566885 0.21434521971823856 0.5192034625937534 0.22124877715948302 0.5224866968932904 0.2321011255951956 0.526434391592373 0.23758016093020773 0.5297313361834828 0.23997861643385981
5 0.12651888559552776 0.29589818958287595 0.13265813932346715 0.29480995054831405 0.1391594508736079 0.2885440434328189 0.14026277325933223 0.28515253816301256 0.13923419186105696 0.2833462842016137 0.13513563973605733 0.28002461056699035 0.12810220084214913 0.26912681334778166 0.12460845387183743 0.2654138496736244 0.12126625205295245 0.2636626026800891 0.11428082128885753 0.2685939104748071 0.11140834066684455 0.2725120773530986 0.11183280463594132 0.27882869973504215 0.1162049633041206 0.2906243574519979 0.12252662139417972 0.2951854411389912 0.12651888559552776 0.29589818958287595
5 0.10182128492187807 0.2733592225843973 0.11016855887228512 0.2737261297722442 0.11546026011304997 0.26824280273581697 0.12153848314511295 0.2638984300003999 0.12125047858485119 0.2597592604691172 0.11391394938808949 0.24493802988866462 0.10961859488388796 0.24030184808353608 0.10154355202564136 0.24017076821599992 0.09646305118116069 0.24263378887188272 0.09393891808977632 0.2498281806013014 0.0931997167027819 0.26039925293320704 0.09604408901614009 0.2692697935380258 0.09982515282120406 0.27300284836245486 0.10182128492187807 0.2733592225843973
5 0.2482747794677663 0.4498789976537845 0.25187343891071057 0.44796272975665863 0.2559555298420995 0.4432619827992991 0.25595484211659 0.43914290441828835 0.2539881937755898 0.4342359794752574 0.2456093728889802 0.42606238786546663 0.23945434569293958 0.42324728468905654 0.23546208149159153 0.42253453624517173 0.23172765036532178 0.42639242967264745 0.2296266057920152 0.43166528702198825 0.22923437648463038 0.4372744274429993 0.23245658008829112 0.44487064217785666 0.2414244326614874 0.4487496015371416 0.2482747794677663 0.4498789976537845
5 0.20640057485587687 0.43762885210186725 0.21535265396097186 0.43760446925018026 0.2222324845269247 0.43418331464573445 0.22536211049850655 0.43071671125779265 0.22534633703040532 0.42681336904682066 0.22097486608773553 0.41913678971087565 0.21605962068625426 0.41510763411531987 0.20547346730268656 0.4095979746641312 0.20025650704937079 0.4098835424693532 0.19277187132873003 0.4136959871133329 0.19048911011881325 0.41743860012212936 0.1908525433920336 0.42049908880321774 0.19592002167045117 0.43060903946040624 0.19944394012594635 0.43389053079448575 0.20640057485587687 0.43762885210186725
4 0.08434227840629437 0.2838436890507256 0.09255309294786637 0.2820331433879118 0.09790513715899814 0.27568687167132894 0.09846399736040141 0.2718237117609009 0.09554488405959416 0.26815093038728743 0.09124884182988299 0.25939567020114807 0.08683280138494767 0.25648537775633057 0.07694265533712774 0.25340908962638536 0.0693819031780188 0.2541811367395487 0.06440769025718975 0.2592530825861701 0.0641814041183139 0.2624891251367534 0.06720680534277265 0.26877083170110544 0.07463316126957512 0.2781785668803137 0.081514367286547 0.2829955690378897 0.08434227840629437 0.2838436890507256
4 0.20668037092864217 0.48317454161329704 0.21035514681005457 0.48429867124698767 0.21409026566183384 0.4845598562005227 0.2190802520507642 0.48339125256487314 0.22549104914535462 0.4784197624696113 0.2268213453954643 0.4759112930302324 0.22591276221241335 0.4682600713275117 0.22204118395179898 0.46582143352331584 0.21721714073137757 0.46461693928853753 0.20915580816470372 0.45603196648894084 0.20216900194958973 0.4527251175216372 0.19492573811041655 0.45308578344499456 0.18927060359643133 0.4555086218003336 0.18543057227201948 0.4608766684180816 0.18529548831420348 0.46693737232944243 0.18683836041161636 0.4696467532715407 0.1966990226997624 0.47727359212257436 0.20668037092864217 0.48317454161329704
4 0.25913729029655175 0.48033895471134896 0.26264612300945517 0.4838361822154673 0.2657160937361796 0.48535160188869186 0.2691789814957984 0.48537695952191606 0.27242998113362354 0.48430354515467383 0.2779939134665489 0.4790560454385574 0.2790211194138051 0.4726241426379346 0.27455913401558496 0.46624198032222297 0.2642294382560765 0.457064805980373 0.25807441106003587 0.45424970280396304 0.25025651355135814 0.4545701864267766 0.24579590360415712 0.45642618087308645 0.2435583996220155 0.4595215853717664 0.2434994321026677 0.46862268681394353 0.24625260223496595 0.4746685660579849 0.2523623722032314 0.47813087774451163 0.25913729029655175 0.48033895471134896
4 0.6857170453080468 0.4494668180001904 0.6920380156725963 0.44990882330617277 0.6964382826494304 0.4489157735400182 0.6997647110002141 0.44676367832258174 0.7025309036985756 0.44023658625355155 0.7035121646925472 0.43033281358203457 0.7028765003271662 0.4270364975806354 0.6989589771132672 0.4211259899055454 0.6913365065327722 0.41452282493684256 0.6879792189712955 0.4129873141133461 0.682263053761434 0.4121540187678299 0.6767135194455908 0.4130667039328966 0.6730696027748715 0.4156301803401391 0.668277794216162 0.42635144890831544 0.6689450055177455 0.43745444933165845 0.6713656015875162 0.44412744593554443 0.6760538731246121 0.44727356570067267 0.6857170453080468 0.4494668180001904
4 0.7229050415593689 0.47092807893001176 0.7299062457915649 0.4699001133462657 0.7344573701943163 0.4667497018797223 0.7382219728057696 0.46246033611216886 0.7415778849162271 0.4557576901736436 0.7420455429365705 0.44906986890243805 0.7319880782692227 0.440128521880899 0.7248051574004164 0.4396262431241009 0.7156871351268125 0.4420237238462157 0.7067213457301447 0.4505019996299631 0.704575043929063 0.45642206548942055 0.7044852171990221 0.46183556089066463 0.7061192914774949 0.46736960319354043 0.7123044901587188 0.4697532340298728 0.7229050415593689 0.47092807893001176
4 0.7245027548230725 0.43982188814386786 0.7294979032624249 0.4399543918814922 0.7349977060255803 0.44250688623427914 0.7379017335837957 0.4463954037779313 0.7414859950096578 0.44881395043185535 0.7450243114822352 0.44776062721488497 0.7473825014051105 0.4429393333558941 0.7499512039987606 0.4309786547353479 0.7506149766727963 0.42148626325363675 0.7478316350553147 0.41587185634967333 0.7412830031008701 0.4104277368322527 0.737653484447233 0.4086563986884454 0.7305158208062018 0.40750691142153056 0.7278696263230645 0.4081890357492388 0.7260250393738172 0.4097943782079184 0.7213539167558416 0.4187897574157837 0.7133255065763894 0.42624962580015247 0.7093949607964272 0.4329120894381339 0.7097131368418724 0.43661978662933887 0.7111805802263266 0.44040784842163144 0.7142052937252759 0.44257047660497273 0.7245027548230725 0.43982188814386786
4 0.8275597159877084 0.5432835670450102 0.8385689578893538 0.5468716921161209 0.8460542813355042 0.547178325853152 0.8522991352615856 0.5445799336283181 0.8574550648190249 0.5410382321222409 0.8503139625504461 0.5192933529502719 0.8456860339837172 0.515284288504988 0.8351300520853331 0.5093431567137215 0.8246961315787014 0.5099142923241656 0.8166670336737395 0.5132550823275236 0.814973991875919 0.516822141466825 0.8148690794032865 0.5224513730381081 0.8158530912992961 0.5290239138906344 0.8190903806455486 0.5364043924554528 0.8275597159877084 0.5432835670450102
3 0.5567967107185234 0.22452792635522192 0.5594298826355975 0.23641877334058506 0.5613505860233128 0.2378538284127219 0.5636491207013309 0.23801455761489732 0.5715877041507424 0.23596818463177263 0.5764864883586129 0.2319749196353456 0.5806289222603687 0.22641122799783062 0.5828341915807983 0.2113900606961961 0.5813365767111607 0.20803347124398122 0.5750752615914685 0.2026094428768324 0.5656219143532989 0.18915772743474873 0.561538447970891 0.18562031763008643 0.5575612695121347 0.18469183301616274 0.5517696755893144 0.18493721852084102 0.5461145410753291 0.18736005687617996 0.5407193028129508 0.2067107722459119 0.5414454816338822 0.2087126712270777 0.5501870480682025 0.21582767313694595 0.5567967107185234 0.22452792635522192
2 0.8206934188388569 0.1749089865082875 0.8239293327340903 0.1740513083110841 0.8291161215022225 0.17419721284594 0.8340464526462957 0.17801063227145691 0.8392181556718363 0.17837227297635158 0.8428620723425556 0.17580879656910903 0.8471553636702287 0.1680877432312052 0.8464730666260536 0.15720047897790107 0.8440531582817922 0.15464656075502609 0.8392894580317376 0.15257912184009217 0.8301707480326244 0.15085752418119602 0.8237894346977077 0.1512784635553693 0.8175144092864428 0.15430832812028106 0.8109376690233434 0.16165291608597063 0.8108629280358945 0.1668506753171759 0.8130716359838717 0.1724248999205955 0.816398752060165 0.17439188308416967 0.8206934188388569 0.1749089865082875
2 0.14541943476089889 0.376565375590223 0.1536151635598792 0.37497056609744817 0.16020767729107982 0.37152932034273034 0.16283809830611568 0.36694385380405026 0.15996355450757407 0.35850478553930926 0.1569991839789917 0.3554792126758126 0.1499520347935109 0.3530353083886645 0.13957845725724635 0.352743499318953 0.13225976470511447 0.3541828460925048 0.12913013873353266 0.3576494494804467 0.12834499239325356 0.36474865194145806 0.12923780210820332 0.36849653143320693 0.13183942708907487 0.37258069399662624 0.1373896491304275 0.3757870872125702 0.14541943476089889 0.376565375590223