5 0.5432027649769585 0.0075692041522491356 0.5457949308755761 0.015138408304498271 0.5455069124423964 0.043252595155709346 0.5501152073732719 0.04865916955017301 0.5535714285714286 0.04952422145328721 0.5673963133640554 0.04930795847750866 0.5717165898617511 0.04692906574394464 0.5763248847926268 0.040008650519031144 0.5763248847926268 0.026600346020761244 0.5780529953917051 0.018814878892733568 0.5751728110599078 0 0.5423387096774194 0 0.5432027649769585 0.0075692041522491356
5 0.625 0.050389273356401386 0.6252880184331797 0.060553633217993084 0.6368087557603687 0.06163494809688582 0.6391129032258065 0.06401384083044984 0.6402649769585254 0.06769031141868512 0.6440092165898618 0.07136678200692043 0.6474654377880185 0.06920415224913495 0.6509216589861752 0.06228373702422145 0.6558179723502304 0.059256055363321805 0.6612903225806452 0.05752595155709343 0.6756912442396314 0.047361591695501734 0.6788594470046083 0.043252595155709346 0.6788594470046083 0.03957612456747405 0.6762672811059909 0.03633217993079585 0.6719470046082949 0.034169550173010384 0.6682027649769585 0.032871972318339104 0.6618663594470047 0.032655709342560554 0.6543778801843319 0.034169550173010384 0.6408410138248848 0.038711072664359865 0.6353686635944701 0.04238754325259516 0.6316244239631337 0.04692906574394464 0.625 0.050389273356401386
5 0.8557027649769585 0.17257785467128028 0.8600230414746545 0.17322664359861592 0.868663594470046 0.17257785467128028 0.872983870967742 0.1697664359861592 0.8764400921658986 0.1697664359861592 0.8801843317972351 0.16825259515570937 0.8842165898617512 0.16025086505190314 0.8862327188940092 0.1477076124567474 0.8862327188940092 0.14316608996539792 0.8850806451612904 0.14100346020761248 0.8747119815668203 0.13862456747404844 0.8724078341013826 0.13862456747404844 0.8677995391705069 0.14035467128027684 0.8617511520737328 0.1453287197231834 0.8548387096774194 0.15441176470588236 0.8513824884792627 0.1611159169550173 0.8502304147465438 0.16825259515570937 0.8557027649769585 0.17257785467128028
5 0.844758064516129 0.28633217993079585 0.847062211981567 0.2884948096885813 0.8487903225806452 0.2893598615916955 0.8620391705069125 0.2908737024221454 0.8683755760368663 0.29044117647058826 0.8726958525345623 0.2884948096885813 0.8798963133640554 0.2796280276816609 0.8816244239631337 0.27551903114186854 0.8824884792626728 0.2679498269896194 0.8810483870967742 0.25519031141868515 0.8784562211981568 0.24978373702422146 0.8758640552995391 0.2480536332179931 0.8675115207373272 0.24718858131487892 0.8626152073732719 0.24783737024221458 0.8548387096774194 0.25108131487889274 0.8508064516129032 0.2541089965397924 0.8473502304147467 0.25908304498269896 0.8430299539170507 0.2698961937716263 0.8421658986175116 0.2768166089965398 0.844758064516129 0.28633217993079585
5 0.8980414746543779 0.3127162629757786 0.9006336405529953 0.31401384083044986 0.9150345622119817 0.3127162629757786 0.9251152073732719 0.3081747404844291 0.935483870967742 0.2995242214532872 0.943836405529954 0.28654844290657444 0.943836405529954 0.28265570934256057 0.9423963133640554 0.2813581314878893 0.9323156682027649 0.2783304498269896 0.9236751152073733 0.2791955017301038 0.9147465437788019 0.28438581314878897 0.9017857142857142 0.28806228373702425 0.896889400921659 0.2923875432525952 0.8928571428571429 0.2995242214532872 0.8934331797235023 0.3073096885813149 0.8980414746543779 0.3127162629757786
5 0.8758640552995391 0.34731833910034604 0.8787442396313365 0.3509948096885813 0.8822004608294931 0.3533737024221454 0.8902649769585255 0.35618512110726647 0.9069700460829493 0.35618512110726647 0.9190668202764977 0.3531574394463668 0.9326036866359446 0.34407439446366783 0.9372119815668203 0.34277681660899656 0.939804147465438 0.3399653979238755 0.9452764976958525 0.3280709342560554 0.9406682027649771 0.32396193771626297 0.9328917050691243 0.3198529411764706 0.9294354838709677 0.319204152249135 0.9182027649769585 0.3194204152249135 0.8980414746543779 0.32396193771626297 0.8836405529953918 0.3298010380622838 0.879320276497696 0.33412629757785467 0.8755760368663594 0.34039792387543255 0.875 0.34537197231833916 0.8758640552995391 0.34731833910034604
5 0.688652073732719 0.1583044982698962 0.7030529953917051 0.16133217993079588 0.711405529953917 0.16089965397923878 0.7243663594470047 0.15614186851211073 0.7272465437788018 0.15441176470588236 0.7355990783410139 0.14057093425605538 0.7379032258064516 0.13343425605536335 0.7373271889400922 0.125 0.731278801843318 0.12175605536332182 0.7266705069124424 0.12175605536332182 0.7197580645161291 0.122621107266436 0.7105414746543779 0.1254325259515571 0.7053571428571429 0.12975778546712805 0.6998847926267281 0.13646193771626297 0.6915322580645162 0.13992214532871974 0.6892281105990784 0.14186851211072665 0.6849078341013825 0.15224913494809691 0.6846198156682027 0.1546280276816609 0.688652073732719 0.1583044982698962
4 0.4899193548387097 0.2272923875432526 0.49107142857142855 0.23096885813148788 0.49308755760368667 0.23313148788927335 0.5028801843317973 0.23594290657439448 0.516705069124424 0.23442906574394465 0.5224654377880185 0.23291522491349484 0.527073732718894 0.22642733564013842 0.5293778801843319 0.22058823529411767 0.5296658986175116 0.21626297577854672 0.5262096774193549 0.20480103806228372 0.519873271889401 0.19506920415224915 0.5172811059907835 0.19269031141868515 0.5097926267281105 0.1907439446366782 0.501152073732719 0.19247404844290658 0.4904953917050691 0.20198961937716264 0.4876152073732719 0.2063148788927336 0.4876152073732719 0.21431660899653981 0.4899193548387097 0.2272923875432526
4 0.7862903225806452 0.289143598615917 0.7900345622119815 0.291522491349481 0.7966589861751152 0.29433391003460213 0.8044354838709677 0.2947664359861592 0.8182603686635945 0.29260380622837373 0.8245967741935484 0.2893598615916955 0.8274769585253458 0.28352076124567477 0.8248847926267281 0.2664359861591696 0.8225806451612904 0.2584342560553633 0.8165322580645162 0.25281141868512114 0.8070276497695852 0.24826989619377166 0.8001152073732719 0.2480536332179931 0.7932027649769585 0.2493512110726644 0.7894585253456221 0.25194636678200694 0.7871543778801844 0.25519031141868515 0.7854262672811061 0.2655709342560554 0.7845622119815668 0.28654844290657444 0.7862903225806452 0.289143598615917
4 0.761520737327189 0.33585640138408307 0.7664170506912443 0.3423442906574395 0.7713133640552996 0.34580449826989623 0.7788018433179724 0.34753460207612463 0.7831221198156683 0.3479671280276817 0.7868663594470047 0.34731833910034604 0.7966589861751152 0.34342560553633217 0.8004032258064516 0.3386678200692042 0.8035714285714286 0.33196366782006925 0.8035714285714286 0.3280709342560554 0.8015552995391705 0.3220155709342561 0.7966589861751152 0.3146626297577855 0.7934907834101382 0.31250000000000006 0.7825460829493088 0.3127162629757786 0.7756336405529954 0.31401384083044986 0.7692972350230415 0.3166089965397924 0.7644009216589862 0.32006920415224915 0.7569124423963134 0.3211505190311419 0.7554723502304148 0.32309688581314877 0.7551843317972351 0.3243944636678201 0.761520737327189 0.33585640138408307
4 0.24078341013824883 0.7270761245674742 0.24135944700460832 0.7307525951557093 0.24481566820276499 0.7344290657439447 0.24884792626728108 0.7359429065743945 0.25460829493087556 0.736159169550173 0.26152073732718895 0.73810553633218 0.27246543778801846 0.7396193771626298 0.2793778801843318 0.7378892733564014 0.28197004608294934 0.7331314878892734 0.2828341013824885 0.7233996539792388 0.2796658986175115 0.7108564013840831 0.2790898617511521 0.6993944636678202 0.2767857142857143 0.6959342560553634 0.2701612903225806 0.6944204152249135 0.2620967741935484 0.6957179930795848 0.2563364055299539 0.6993944636678202 0.25172811059907835 0.7063148788927336 0.2474078341013825 0.7173442906574394 0.24078341013824883 0.7270761245674742
4 0.31134792626728114 0.7999567474048443 0.31768433179723504 0.8116349480968859 0.3245967741935484 0.8109861591695502 0.33150921658986177 0.8083910034602078 0.342741935483871 0.8064446366782008 0.35599078341013823 0.8051470588235295 0.36376728110599077 0.8010380622837371 0.36578341013824883 0.798659169550173 0.3660714285714286 0.7954152249134949 0.3640552995391705 0.7906574394463669 0.35743087557603687 0.786332179930796 0.345910138248848 0.7824394463667821 0.3254608294930876 0.7807093425605537 0.31739631336405527 0.7815743944636678 0.3136520737327189 0.7833044982698962 0.31163594470046085 0.7874134948096886 0.31077188940092165 0.7934688581314879 0.31134792626728114 0.7999567474048443
4 0.23243087557603687 0.8821366782006921 0.23732718894009217 0.8838667820069205 0.24884792626728108 0.8834342560553633 0.25777649769585254 0.8808391003460209 0.26900921658986177 0.8760813148788928 0.27764976958525345 0.8659169550173011 0.2782258064516129 0.8622404844290659 0.277073732718894 0.8561851211072666 0.27246543778801846 0.8527249134948098 0.26440092165898615 0.8505622837370244 0.25432027649769584 0.8505622837370244 0.24769585253456222 0.8518598615916956 0.2390552995391705 0.8555363321799309 0.2338709677419355 0.8589965397923877 0.23041474654377883 0.8622404844290659 0.22580645161290325 0.8698096885813149 0.22609447004608296 0.8743512110726644 0.23243087557603687 0.8821366782006921
2 0.18663594470046083 0.8079584775086506 0.18922811059907835 0.8099048442906576 0.19642857142857145 0.8099048442906576 0.20218894009216593 0.8109861591695502 0.21342165898617513 0.8083910034602078 0.2226382488479263 0.8040657439446367 0.2266705069124424 0.8001730103806229 0.22926267281105991 0.7934688581314879 0.22868663594470048 0.7897923875432526 0.222926267281106 0.784818339100346 0.22004608294930877 0.7794117647058825 0.21658986175115208 0.7776816608996541 0.21255760368663595 0.7770328719723184 0.20017281105990783 0.7783304498269896 0.19038018433179724 0.7822231833910036 0.1849078341013825 0.7856833910034602 0.18173963133640553 0.791522491349481 0.18202764976958524 0.7988754325259516 0.18663594470046083 0.8079584775086506
2 0.8254608294930875 0.06769031141868512 0.8289170506912443 0.07158304498269896 0.8341013824884793 0.07482698961937717 0.8528225806451614 0.07936851211072665 0.8591589861751153 0.07828719723183392 0.8695276497695852 0.0730968858131488 0.8744239631336406 0.06920415224913495 0.8778801843317974 0.06401384083044984 0.881336405529954 0.05406574394463668 0.8824884792626728 0.044766435986159175 0.881336405529954 0.03935986159169551 0.8784562211981568 0.03352076124567474 0.8677995391705069 0.02032871972318339 0.8631912442396313 0.01730103806228374 0.8591589861751153 0.01600346020761246 0.8554147465437788 0.01600346020761246 0.847062211981567 0.018598615916955018 0.8398617511520738 0.022275086505190313 0.8358294930875576 0.026167820069204158 0.8251728110599078 0.04995674740484429 0.8245967741935484 0.06466262975778547 0.8254608294930875 0.06769031141868512
2 0.881336405529954 0.2772491349480969 0.8781682027649771 0.28330449826989623 0.8738479262672811 0.2867647058823529 0.872983870967742 0.2900086505190312 0.868663594470046 0.29217128027681666 0.8597350230414748 0.29368512110726647 0.8565668202764977 0.29671280276816614 0.8571428571428571 0.3003892733564014 0.859447004608295 0.3025519031141869 0.8623271889400922 0.30363321799307963 0.8698156682027649 0.3040657439446367 0.8721198156682028 0.3025519031141869 0.8764400921658986 0.30147058823529416 0.889688940092166 0.29498269896193774 0.9014976958525345 0.2869809688581315 0.9040898617511521 0.2837370242214533 0.9061059907834101 0.2761678200692042 0.9086981566820278 0.2720588235294118 0.9121543778801844 0.26254325259515576 0.9118663594470047 0.2582179930795848 0.9086981566820278 0.25432525951557095 0.900921658986175 0.2504325259515571 0.8945852534562212 0.2491349480968858 0.8836405529953918 0.24978373702422146 0.8816244239631337 0.2517301038062284 0.8822004608294931 0.27227508650519033 0.881336405529954 0.2772491349480969