3 0.5276497695852534 0.4076557093425606 0.5282258064516129 0.41111591695501737 0.5360023041474655 0.4169550173010381 0.5460829493087558 0.41976643598615915 0.5512672811059909 0.41976643598615915 0.5633640552995393 0.41846885813148793 0.5682603686635945 0.416522491349481 0.5717165898617511 0.4145761245674741 0.5789170506912442 0.4044117647058824 0.586405529953917 0.39749134948096887 0.5907258064516129 0.39121972318339104 0.5944700460829493 0.37002595155709345 0.592741935483871 0.36570069204152256 0.5881336405529953 0.3613754325259516 0.5838133640552996 0.3594290657439447 0.579205069124424 0.3585640138408305 0.5702764976958525 0.3594290657439447 0.548963133640553 0.3728373702422146 0.5434907834101382 0.37716262975778553 0.5397465437788018 0.381704152249135 0.5325460829493088 0.3847318339100346 0.5279377880184332 0.3905709342560554 0.5244815668202765 0.39749134948096887 0.5244815668202765 0.40268166089965407 0.5276497695852534 0.4076557093425606
3 0.5362903225806452 0.4777249134948097 0.5429147465437788 0.4798875432525952 0.5535714285714286 0.4859429065743945 0.5590437788018433 0.4861591695501731 0.5633640552995393 0.48486159169550175 0.5820852534562213 0.47080449826989623 0.5889976958525346 0.4608564013840831 0.589573732718894 0.45242214532871977 0.5875576036866359 0.44269031141868515 0.5858294930875576 0.4392301038062284 0.5743087557603687 0.43252595155709345 0.5705645161290323 0.43166089965397925 0.5639400921658987 0.4320934256055364 0.5567396313364055 0.434688581314879 0.5480990783410139 0.44074394463667826 0.5408986175115207 0.44961072664359863 0.5357142857142858 0.45285467128027684 0.5276497695852534 0.4669117647058824 0.5273617511520737 0.47080449826989623 0.5362903225806452 0.4777249134948097
2 0.3726958525345622 0.40938581314878897 0.37413594470046085 0.414143598615917 0.375 0.4253892733564014 0.37672811059907835 0.4290657439446367 0.3859447004608295 0.4320934256055364 0.39055299539170507 0.4362024221453288 0.4035138248847926 0.44117647058823534 0.4179147465437788 0.44961072664359863 0.4210829493087558 0.448961937716263 0.4254032258064516 0.44961072664359863 0.4314516129032258 0.4483131487889274 0.4395161290322581 0.44961072664359863 0.4478686635944701 0.43101211072664364 0.4498847926267281 0.4158737024221454 0.44038018433179726 0.405060553633218 0.43001152073732724 0.39684256055363326 0.41100230414746547 0.3905709342560554 0.4032258064516129 0.38905709342560557 0.3977534562211982 0.3868944636678201 0.39400921658986177 0.38667820069204156 0.383352534562212 0.38775951557093424 0.37672811059907835 0.38948961937716264 0.3724078341013825 0.3938148788927336 0.3692396313364056 0.39987024221453293 0.3695276497695853 0.4046280276816609 0.3726958525345622 0.40938581314878897
4 0.45622119815668205 0.38343425605536335 0.4599654377880184 0.38711072664359863 0.46687788018433185 0.38754325259515576 0.4737903225806452 0.3812716262975779 0.48271889400921664 0.37781141868512114 0.49279953917050695 0.37781141868512114 0.5014400921658987 0.3799740484429066 0.5023041474654378 0.37932525951557095 0.5028801843317973 0.37651384083044986 0.4985599078341014 0.3626730103806229 0.48905529953917054 0.34515570934256057 0.4821428571428571 0.3406141868512111 0.47465437788018433 0.3382352941176471 0.47004608294930883 0.33801903114186854 0.46716589861751157 0.33888408304498274 0.459389400921659 0.34537197231833916 0.4536290322580645 0.3594290657439447 0.45276497695852536 0.3665657439446367 0.45305299539170507 0.37629757785467133 0.45622119815668205 0.38343425605536335
4 0.46687788018433185 0.42149653979238755 0.4737903225806452 0.4253892733564014 0.4835829493087558 0.427984429065744 0.4876152073732719 0.42993079584775085 0.4936635944700461 0.43057958477508657 0.5051843317972351 0.43014705882352944 0.5095046082949308 0.4266868512110727 0.5175691244239632 0.41760380622837373 0.5195852534562212 0.40960207612456745 0.5192972350230415 0.405060553633218 0.5086405529953917 0.3873269896193772 0.5014400921658987 0.37954152249134954 0.48675115207373276 0.3775951557093426 0.4798387096774194 0.37867647058823534 0.4737903225806452 0.3812716262975779 0.4663018433179723 0.38948961937716264 0.46255760368663595 0.4022491349480969 0.46284562211981567 0.4139273356401384 0.46687788018433185 0.42149653979238755
5 0.4150345622119816 0.7058823529411765 0.4176267281105991 0.7073961937716263 0.4248271889400922 0.7091262975778547 0.4360599078341014 0.708044982698962 0.44297235023041476 0.7095588235294119 0.44614055299539174 0.7082612456747406 0.4484447004608295 0.7041522491349481 0.4484447004608295 0.6959342560553634 0.4360599078341014 0.6775519031141869 0.42885944700460826 0.673659169550173 0.42021889400921664 0.673659169550173 0.4173387096774194 0.6745242214532873 0.4147465437788019 0.6769031141868512 0.4133064516129032 0.6810121107266436 0.413594470046083 0.7004757785467128 0.4150345622119816 0.7058823529411765
5 0.36664746543778803 0.7450259515570935 0.369815668202765 0.7551903114186852 0.3724078341013825 0.7534602076124568 0.37644009216589863 0.7560553633217995 0.39112903225806456 0.7556228373702423 0.4014976958525346 0.7517301038062285 0.405241935483871 0.7413494809688582 0.4038018433179723 0.7348615916955018 0.3980414746543779 0.7251297577854672 0.39055299539170507 0.7188581314878894 0.38018433179723504 0.7149653979238755 0.37298387096774194 0.7149653979238755 0.37010368663594473 0.7162629757785468 0.36779953917050695 0.7186418685121108 0.3649193548387097 0.7257785467128028 0.36463133640552997 0.7309688581314879 0.36664746543778803 0.7450259515570935
5 0.42828341013824883 0.7517301038062285 0.43202764976958524 0.7558391003460209 0.435483870967742 0.7580017301038062 0.4423963133640553 0.7592993079584776 0.4504608294930875 0.7592993079584776 0.459389400921659 0.7536764705882353 0.4616935483870968 0.7500000000000001 0.46255760368663595 0.7461072664359862 0.4614055299539171 0.7376730103806228 0.45593317972350234 0.7272923875432526 0.44614055299539174 0.7190743944636678 0.4392281105990784 0.7179930795847752 0.43001152073732724 0.7216695501730104 0.42857142857142855 0.7236159169550174 0.42713133640552997 0.7298875432525952 0.42655529953917054 0.7415657439446368 0.42828341013824883 0.7517301038062285
5 0.33122119815668205 0.7432958477508651 0.33842165898617516 0.7456747404844292 0.3418778801843318 0.7495674740484429 0.3456221198156682 0.7517301038062285 0.3516705069124424 0.7532439446366783 0.3557027649769585 0.7532439446366783 0.35944700460829493 0.7506487889273357 0.3643433179723502 0.7448096885813149 0.3654953917050691 0.7374567474048443 0.36319124423963134 0.7307525951557093 0.35944700460829493 0.7290224913494809 0.3482142857142857 0.726643598615917 0.33842165898617516 0.7264273356401385 0.32862903225806456 0.7298875432525952 0.3271889400921659 0.7322664359861593 0.32776497695852536 0.7378892733564014 0.33122119815668205 0.7432958477508651
5 0.32430875576036866 0.8070934256055364 0.3297811059907834 0.8137975778546714 0.33496543778801846 0.8179065743944637 0.34360599078341014 0.8226643598615917 0.3522465437788019 0.8261245674740485 0.35627880184331795 0.8252595155709344 0.3652073732718894 0.8192041522491349 0.36751152073732724 0.814446366782007 0.36722350230414746 0.810121107266436 0.3620391705069125 0.8062283737024222 0.35743087557603687 0.8001730103806229 0.345910138248848 0.7921712802768167 0.34130184331797236 0.7897923875432526 0.33410138248847926 0.7882785467128028 0.32805299539170507 0.7895761245674742 0.3231566820276498 0.7936851211072665 0.32229262672811065 0.7982266435986161 0.32430875576036866 0.8070934256055364
5 0.46284562211981567 0.8278546712802768 0.4660138248847926 0.8332612456747406 0.4697580645161291 0.8365051903114187 0.47494239631336405 0.8391003460207613 0.48156682027649766 0.8391003460207613 0.49135944700460826 0.837370242214533 0.494815668202765 0.8323961937716264 0.49567972350230416 0.8207179930795849 0.494815668202765 0.8174740484429066 0.4876152073732719 0.8053633217993081 0.48099078341013823 0.8010380622837371 0.46687788018433185 0.7982266435986161 0.46226958525345624 0.8023356401384083 0.46082949308755766 0.8062283737024222 0.4611175115207374 0.8215830449826991 0.46284562211981567 0.8278546712802768
5 0.5351382488479263 0.9424740484429066 0.5362903225806452 0.9457179930795849 0.5411866359447004 0.9506920415224915 0.5429147465437788 0.9519896193771628 0.5486751152073733 0.9522058823529413 0.5607718894009217 0.951340830449827 0.5639400921658987 0.9500432525951558 0.5665322580645162 0.9452854671280277 0.5679723502304148 0.9320934256055364 0.5596198156682027 0.9176038062283738 0.557315668202765 0.9158737024221454 0.5518433179723503 0.9143598615916956 0.5432027649769585 0.9147923875432526 0.5383064516129032 0.9178200692041523 0.5345622119815668 0.9260380622837371 0.5339861751152074 0.932742214532872 0.5351382488479263 0.9424740484429066
5 0.5028801843317973 0.960423875432526 0.5092165898617511 0.9634515570934257 0.5201612903225807 0.9660467128027683 0.5256336405529953 0.9660467128027683 0.5308179723502304 0.9638840830449829 0.5380184331797235 0.9567474048442908 0.5380184331797235 0.9530709342560554 0.5339861751152074 0.9446366782006921 0.5259216589861752 0.9338235294117648 0.5221774193548387 0.9305795847750866 0.5192972350230415 0.9310121107266436 0.5155529953917051 0.9329584775086506 0.511520737327189 0.9379325259515572 0.508352534562212 0.9461505190311419 0.5014400921658987 0.9530709342560554 0.5008640552995391 0.9565311418685122 0.5028801843317973 0.960423875432526
5 0.49078341013824883 0.9855103806228375 0.4936635944700461 0.990484429065744 0.5008640552995391 0.997621107266436 0.501152073732719 0.9997837370242216 0.5336981566820277 0.9997837370242216 0.5345622119815668 0.9842128027681663 0.5316820276497696 0.976643598615917 0.5256336405529953 0.9714532871972319 0.518721198156682 0.967128027681661 0.5017281105990784 0.9610726643598616 0.4982718894009217 0.9608564013840832 0.494815668202765 0.9619377162629759 0.49107142857142855 0.9651816608996541 0.48934331797235026 0.9682093425605537 0.4884792626728111 0.9710207612456749 0.49078341013824883 0.9855103806228375
5 0.5578917050691244 0.9783737024221454 0.5673963133640554 0.9818339100346021 0.5720046082949308 0.9820501730103807 0.5760368663594471 0.9816176470588236 0.5803571428571429 0.978589965397924 0.5858294930875576 0.9653979238754327 0.5861175115207373 0.9522058823529413 0.5829493087557605 0.9424740484429066 0.5780529953917051 0.9357698961937716 0.574020737327189 0.9336072664359862 0.5702764976958525 0.932742214532872 0.5679723502304148 0.9340397923875432 0.566820276497696 0.9420415224913496 0.5630760368663594 0.948529411764706 0.5639400921658987 0.9558823529411766 0.5625 0.958044982698962 0.5570276497695852 0.9593425605536334 0.5544354838709677 0.9653979238754327 0.5550115207373272 0.974264705882353 0.5578917050691244 0.9783737024221454
5 0.5901497695852534 0.9859429065743945 0.6022465437788018 0.9889705882352942 0.6169354838709677 0.9885380622837371 0.6215437788018433 0.9857266435986161 0.6273041474654378 0.9777249134948098 0.6287442396313364 0.9701557093425606 0.6342165898617511 0.9599913494809689 0.6342165898617511 0.9565311418685122 0.6324884792626728 0.9528546712802768 0.628168202764977 0.9489619377162631 0.6238479262672811 0.9476643598615917 0.6154953917050692 0.9474480968858133 0.6108870967741936 0.9487456747404845 0.6016705069124424 0.9526384083044983 0.5947580645161291 0.9586937716262977 0.5881336405529953 0.967128027681661 0.586405529953917 0.9716695501730104 0.5861175115207373 0.980968858131488 0.5901497695852534 0.9859429065743945
5 0.5 0.44961072664359863 0.5051843317972351 0.45436851211072665 0.511520737327189 0.4571799307958478 0.5190092165898618 0.4591262975778547 0.5293778801843319 0.4573961937716263 0.5374423963133641 0.4476643598615917 0.5408986175115207 0.43944636678200694 0.5423387096774194 0.43166089965397925 0.5403225806451613 0.4253892733564014 0.5371543778801844 0.42171280276816614 0.5325460829493088 0.4186851211072665 0.527073732718894 0.4173875432525952 0.5224654377880185 0.4178200692041523 0.5138248847926268 0.42214532871972327 0.5014400921658987 0.4357698961937716 0.49942396313364057 0.4392301038062284 0.49884792626728114 0.4461505190311419 0.5 0.44961072664359863