2 0.5624491788900812 0.4494606722997842 0.5789548007371799 0.44852667846170985 0.5865963693722167 0.4454224702902482 0.5953804701460769 0.4355288274532512 0.5971821817873139 0.4308191534640219 0.5955505873196403 0.4199072893709193 0.5928723351409453 0.4146699587911149 0.5884546725745745 0.40951973401241115 0.5847505297693785 0.40841608088319525 0.571911497055835 0.41024075039524915 0.5575751625715809 0.415184223957767 0.546363743828311 0.43121544714357884 0.5452212116894876 0.4380048818091141 0.5466897853808778 0.4430163129826708 0.5523754471907145 0.44706455856014904 0.556154697339192 0.4485941665998373 0.5624491788900812 0.4494606722997842
2 0.5321544260266207 0.612694265577956 0.5462654384810303 0.606472927284021 0.5575815572444223 0.5976700156252284 0.5655730504164262 0.5865985358089265 0.5670199924257759 0.5782182312046256 0.566344026336242 0.5743846370103738 0.5636825607446674 0.5709011399485153 0.5604330424965606 0.5690585267014785 0.5568791143779277 0.5688067833932073 0.5330323532689183 0.574548805044633 0.5222163737290565 0.5762363548795302 0.5183788028244176 0.5760346254473152 0.5160681263673303 0.5795164485811835 0.5129944349852272 0.5886227913522939 0.5132117960202718 0.5964900352450216 0.5153019955424347 0.603368249639648 0.5207375877405064 0.6109741761290739 0.5248755880182713 0.6128797252031786 0.5321544260266207 0.612694265577956
2 0.46430236351518844 0.6442027419840702 0.4773706987559766 0.640361247622778 0.488895352962093 0.6310823671774568 0.49215283220499983 0.6263356012631829 0.49432523546772433 0.6121177995664038 0.4902870901151615 0.6058026597594066 0.4835834986736239 0.5992987124712063 0.4798793558684277 0.5981950593419902 0.4688380542987213 0.5986047444454703 0.445821454463209 0.6057375805314371 0.4399944035591294 0.6091806378122706 0.4385346554600595 0.6125124193179704 0.4398362278777662 0.6149181071526364 0.44261433498166325 0.6157458469995483 0.44069044338076385 0.6355196084949911 0.43899498970958917 0.6383439533006285 0.4411267234007929 0.6421404555698357 0.4494234910408431 0.6444106976553352 0.4559640617060974 0.6450142120239898 0.46430236351518844 0.6442027419840702
2 0.3541601845144082 0.6432010560442132 0.3608341832791052 0.6429026467158667 0.3655434496262818 0.6414134784572035 0.37792785778273597 0.6403277690629705 0.3826746778015534 0.6390515782595436 0.385531872746132 0.6370105834362727 0.392555796047796 0.628744902463086 0.3941489722463087 0.6245111972603852 0.3934562195696545 0.6189237695481876 0.38749089547121196 0.6116308482661101 0.3816174653031714 0.6065177154124509 0.3760612510953774 0.6048622357186271 0.37020062701705714 0.6047976259635688 0.36120712620295253 0.6002346457465271 0.3543829127516925 0.5996811452539288 0.34906880716086347 0.6010573638094681 0.340517989411648 0.6056394922165714 0.33351483319450437 0.6123643171270486 0.3315629068667043 0.6162220812953331 0.3328189646179701 0.6250041708360736 0.33534700211010204 0.6293895915949334 0.34187961178055615 0.6365824851248985 0.3541601845144082 0.6432010560442132
3 0.3652826456100372 0.7477454687351758 0.3686488053704663 0.7469323247672659 0.37561042741856915 0.7432892119822079 0.380235760830144 0.7330308761338159 0.3852534175452469 0.7266561483557318 0.386137054479985 0.7150811819228877 0.38621614232066653 0.7122124472527048 0.38380474634085704 0.7051712692788984 0.38105138681888046 0.6995079837886216 0.3777475283120126 0.6956985595684028 0.37292958144731375 0.6932541058807018 0.36661433281190414 0.6939284562434647 0.3642828892702964 0.6989511354400426 0.36480864067326724 0.7019328198133493 0.36354064142980114 0.7030347990145749 0.3595113216695585 0.7050628718868344 0.3540470013921663 0.7055871806214287 0.34831582491588875 0.7079153367500248 0.3441570575536034 0.7075506437386299 0.34239688008140734 0.7091786056024401 0.3377627210775122 0.7110937287715755 0.33431747347640156 0.7147756074096685 0.33612004971515863 0.7249985252610062 0.3453476981514281 0.7391825828887215 0.3547375027664608 0.7443344815954156 0.3652826456100372 0.7477454687351758
4 0.5795771115483538 0.606308759249762 0.5824678796671731 0.6077754314623826 0.5884411647604157 0.6084789735831493 0.5952861452961961 0.607491618013038 0.5991069296137146 0.6059395139273073 0.6025314101303048 0.603798491351924 0.6102728336905436 0.5962846924475698 0.612925473689798 0.591424976830172 0.6119738258090583 0.5810520173506657 0.6149891964350002 0.5732735531870289 0.6130116579277595 0.5670342711581111 0.6083271391625035 0.5636878937734092 0.6011066219103153 0.5625454747911585 0.5907996071863038 0.5654608754814168 0.5797375385320769 0.5674114166476064 0.5738729339563565 0.5706414964732036 0.5684214197686847 0.5762143283063991 0.5672581205453409 0.5845446190346438 0.5682552830925214 0.5885411768080756 0.5734823398478687 0.5966230720840301 0.5752345563252645 0.6015844893815306 0.5795771115483538 0.606308759249762
4 0.35057527701409497 0.6842394212217521 0.3598979352806463 0.6823759858566631 0.3693747887311607 0.6780697707318637 0.3750140712770364 0.6735618261748492 0.37812133583338015 0.6679631504396305 0.3776203320123298 0.6601459204229586 0.3735821866597669 0.6538307806159616 0.3668746147208292 0.6506215229084166 0.36107231139867013 0.6492290345458851 0.3478745285558393 0.6506777630235228 0.33845599586148606 0.6536560995408489 0.3319657849575929 0.6583140857260318 0.32895041433165106 0.6660925498896686 0.3299435963814315 0.6733837972437557 0.33536240199238276 0.6792358902152358 0.3420156336725593 0.680478336949599 0.35057527701409497 0.6842394212217521
4 0.475361153396454 0.4415391277291967 0.4860892195033141 0.43437709988522577 0.4935014856111063 0.43328971656300236 0.5002881453907255 0.4336302396003644 0.5051100727528245 0.43278000370741 0.5078506261850807 0.43339476609908567 0.5055479107227934 0.43028721007164333 0.49702184055549836 0.43003379283538185 0.4841739822496347 0.4235152496681794 0.47723710778345235 0.4223228168098725 0.47165614599373773 0.4255028827594135 0.4677938275071786 0.43013669897056345 0.4687790485621589 0.44401732548596123 0.4712151921238889 0.44622295781640264 0.4745270116255568 0.4434430028753108 0.475361153396454 0.4415391277291967
4 0.4577988411582929 0.3469142017772542 0.4625240294950698 0.3322462751959698 0.4625319904898699 0.325656896034659 0.4608548813557555 0.32112143364763096 0.4579473266498158 0.3179009279170646 0.45087702408419067 0.3176104187557586 0.4433560774588764 0.31476418013161817 0.4408448265538648 0.31213259289070444 0.4394513602057561 0.30754711662762013 0.4360140735994456 0.3046396161044023 0.4260074882485602 0.30925883643655033 0.4203682057026845 0.31376678099356475 0.41888769051909425 0.3186394185619742 0.4226342320908512 0.33159395140633807 0.4357330246060001 0.34948740550216 0.43992934563992636 0.3500650759687912 0.4577988411582929 0.3469142017772542
5 0.8673314377990158 0.17324773399363189 0.8709101134995691 0.16866393165853796 0.8736418413395051 0.16093548137095728 0.8708677147330081 0.1568130519433899 0.8707382671309654 0.1544202860597356 0.8676221769823016 0.15167574911569778 0.8597384997302999 0.1517482590377964 0.8536110194530939 0.15348749667674025 0.8454940591764475 0.15887152102873237 0.8432920632368825 0.16628696610896462 0.8438929219831349 0.1696946053927439 0.8464417265597872 0.1725391700888939 0.8535456022996529 0.17633734628609146 0.8611080830940081 0.17610187278481276 0.8673314377990158 0.17324773399363189
5 0.7998350095169909 0.22335943285538482 0.8022335994070803 0.22535208773059004 0.8065425814559287 0.2265686905629299 0.8132541338922664 0.2264832586898196 0.8159403470657616 0.22513121010831333 0.8201238620099673 0.22066035747634344 0.8241443561778896 0.21028907192482768 0.8247947100879831 0.20402561992187698 0.8235306913419169 0.20183290954244715 0.8143701892541291 0.19466418598651497 0.8108913684787777 0.19483839758871624 0.8006722671877682 0.20322827628804813 0.7936730914680246 0.20665841161786985 0.7911914332398535 0.21082918099350295 0.7920759347721117 0.21418680640122606 0.7949667028909312 0.2156534786138465 0.7985917578554454 0.21962586641324539 0.7998350095169909 0.22335943285538482
5 0.8312527345224752 0.14776750159844573 0.8403708378437024 0.14308534543922993 0.8425480862013469 0.14050544600236262 0.8433278877134829 0.13663475988306645 0.838559436012625 0.12451921490863574 0.8363861681523804 0.12380442476484763 0.823547135438837 0.12562909427690183 0.8202768501062098 0.12532733709257443 0.8168731366741401 0.12592750360524815 0.81394083438628 0.12754254351804692 0.8088440898304953 0.13678600596631402 0.8094992888355088 0.14216045622327514 0.8165823974908542 0.14749948848318217 0.82028654029605 0.1486031416123982 0.8312527345224752 0.14776750159844573
5 0.7620001092656545 0.19621247274335357 0.7681691237119009 0.19139152297899065 0.7732994414419262 0.18565572756661522 0.7747216358693554 0.18211096860567905 0.7746880626951146 0.17860330156978757 0.7731236145759225 0.1747067715484681 0.7639798990752549 0.16929188151048163 0.7609932565286335 0.1689401104500982 0.7562088828381753 0.17000332379828875 0.7497394390188027 0.17312045392076217 0.7476372980044395 0.17612630826810186 0.7446515200553384 0.1907071290482857 0.7453106995577519 0.19278688972459151 0.7507502722532235 0.19709812663336215 0.7551719153169943 0.19895366183141058 0.7620001092656545 0.19621247274335357
5 0.4531837200438781 0.3174232852025457 0.4595365223509284 0.31696191229501913 0.46579743072757684 0.3143207509590744 0.4692051246570467 0.31042589486574534 0.4697388370548176 0.30681820007774147 0.4643319729360666 0.29108203836429525 0.4571657959426396 0.2919064303552265 0.44453131817442026 0.29654982066140734 0.44006017994680857 0.3043653767500888 0.44188352327008606 0.31304743853871686 0.4439984703741695 0.3150901072899782 0.44809891698029364 0.31678267890884676 0.4531837200438781 0.3174232852025457
5 0.4022526210699529 0.3171806465163941 0.4107283314758868 0.31217256319881825 0.41434456084808097 0.30780173831896057 0.4149533805891334 0.3046199984414292 0.413184377524617 0.29790474762598296 0.4097678580028269 0.29345639104005555 0.40283098353664454 0.29226395818174866 0.39594844932922335 0.2930383362966237 0.38849464905239034 0.29720743174426634 0.38400672423765836 0.30326915431500195 0.3824095675417457 0.31079754909835805 0.3834442837605669 0.315007084327026 0.38865853442619386 0.3180404565043794 0.3949530159770831 0.31890696220432624 0.4022526210699529 0.3171806465163941
5 0.3986372562952788 0.3364840632368189 0.40056443504115835 0.3374618447118992 0.4061414163334729 0.3375764683430136 0.4079974682334709 0.3348336053269662 0.4073630363129778 0.3279182990072954 0.4044219084327974 0.32119012624083754 0.40000026536902666 0.3193345910427891 0.39207903444538406 0.31919412350965143 0.388712874684955 0.32000726747756136 0.38572225164093366 0.32295018599783337 0.3836744508853317 0.32792285131835514 0.3847259536912733 0.3338862200649689 0.38808813295430233 0.3363677656777143 0.39534620387813124 0.33772316211520115 0.3986372562952788 0.3364840632368189
5 0.31534058531541087 0.5391484124738601 0.32160149369205937 0.5365072511379154 0.32820038511347477 0.5357828868990965 0.33264677575916596 0.53280287645378 0.33461946917148644 0.5274042562227859 0.3259847184866692 0.5232172170401604 0.3212458594626519 0.5179040286822765 0.31750416298581513 0.5165873980978245 0.3096955930770949 0.5170858629303956 0.3042480593868231 0.5193640051829356 0.29773708139840954 0.5255628474308279 0.29551829887172404 0.5312244589931145 0.29619426496125795 0.5350580531873662 0.29999030169685587 0.5383414947450003 0.30441194476062666 0.5401970299430487 0.31534058531541087 0.5391484124738601
5 0.28914784538003324 0.5149994065421282 0.3024622697351864 0.5108949208495436 0.3059866051769786 0.5043443075412678 0.3061783540325826 0.5021145052367935 0.3048056547689944 0.49598817291099967 0.30188131347593433 0.49101383366248763 0.29938684915804314 0.49013607993951946 0.2883455475883366 0.4905457650429995 0.2800408189534862 0.4948649021188107 0.27510225007906486 0.49837089522671185 0.2722618417216066 0.5021657235679287 0.2712735047667464 0.5065123784737533 0.2723082209855676 0.5107219137024213 0.2746109364478549 0.5138294697298638 0.2819816683866062 0.5158237985330594 0.28914784538003324 0.5149994065421282
5 0.45816623726278144 0.49661606121734214 0.4674385357679717 0.4894911252984159 0.4688271570211602 0.48243869930158834 0.4679090823146613 0.47557340685797367 0.46264049139027313 0.47057322370743837 0.4534216685463239 0.4647323787589793 0.449621651313326 0.4647436267820006 0.4403908869771766 0.4687868505755078 0.4383846203906153 0.4706778037706103 0.43692487229154553 0.4740095852763102 0.4366164819236191 0.4788951447957312 0.4390614510776694 0.4894439898054291 0.44385465036044786 0.496723989136495 0.4514339177419234 0.49824234915316207 0.45816623726278144 0.49661606121734214
5 0.498927730109538 0.49557748731609574 0.5000287280793205 0.49186976477597966 0.49952374376087016 0.48734722433996325 0.49597379613963727 0.4838007914510368 0.47765763705898134 0.48110124659908404 0.4727477962638805 0.476477004482965 0.4697196195482185 0.4792069455480007 0.4683685519666708 0.4864723490000646 0.4690780912304454 0.4938136102302077 0.47041721731979286 0.49643227552011 0.4732872183540918 0.4994398037954402 0.4971675526373418 0.497205449179906 0.498927730109538 0.49557748731609574