2 0.24541586724064518 0.023379821875472738 0.2616132094341291 0.021446638110856408 0.2768434710497898 0.022663017876832114 0.2839943032441637 0.021144271865130283 0.2875869397627976 0.017881311921896882 0.28808770047315607 0.013802943219218466 0.2846166572940318 0.006622253444219251 0.273307669730798 0 0.22644952369194954 0 0.22626845511847762 0.0020726399363780955 0.22818240373404194 0.007754820101227277 0.2287156635580403 0.015228456655879175 0.23091952626907536 0.01854947599286181 0.23499675346600196 0.02079319312777672 0.24541586724064518 0.023379821875472738
4 0.27677684919227297 0.07756238013223374 0.28142986207212467 0.07748003705662239 0.2832282015854498 0.07465042636240242 0.2843838154593163 0.06760204449614311 0.28411007139591127 0.06037815954318297 0.27505337560200593 0.05142220249962239 0.26732465694594465 0.04110409103496204 0.25774488712283616 0.03404489223322464 0.2475589332819254 0.03192266607157181 0.24272142961404689 0.0335075660376436 0.23566793571108408 0.038960231002352866 0.2337378170634541 0.04286309661833032 0.23482050674351643 0.04822532394680738 0.2506205698048317 0.0660710840795586 0.25542363262981643 0.06949335798825151 0.2666212936862396 0.07282924154102273 0.27677684919227297 0.07756238013223374
4 0.42775260155759504 0.30614300994597543 0.4355806002343214 0.30383586123154804 0.44060663719824317 0.29835214292980894 0.44425602787861534 0.292263619572666 0.4453852859256209 0.28542988869075825 0.4414438803710155 0.2797166551888793 0.4367462408534747 0.2754357773427804 0.4321499821353615 0.27269255700448214 0.4247700325152716 0.27135063898493417 0.42104965937034927 0.2732905924047183 0.41579046247269524 0.27830990812041406 0.40582554104146745 0.28384086888042437 0.40195107544339576 0.28467246676111085 0.3881501717650065 0.28363159008183614 0.3793510500024405 0.29148456377206233 0.3784853502240447 0.29617178481045514 0.3792598549978083 0.29931730106073673 0.3912502916388231 0.3103765727698515 0.39483484314142414 0.3119061357170315 0.41240478911044115 0.31297401845302575 0.42775260155759504 0.30614300994597543
4 0.528767925124457 0.5658479599267325 0.538043552549283 0.5682941862050679 0.5420193989467823 0.569000245832182 0.552939273431784 0.5675085058771998 0.5576490404733739 0.5646005993876788 0.5600454789884688 0.5616265389437876 0.5609638904205864 0.5565100159366919 0.5581942687719131 0.5341633547877269 0.5545954889665005 0.5256596584892785 0.5520266871874282 0.5229474914880102 0.547325005161871 0.521062875087118 0.5410621860647374 0.5200760105212823 0.5258015261141993 0.5214705431848646 0.5197941802696426 0.5231296916659273 0.5153662423074905 0.5284689602179952 0.5144255175565282 0.5314038727642358 0.5162076870377876 0.5381593078508424 0.5164287194474707 0.5458124947725056 0.5185981413156119 0.5541406879842532 0.523705346538879 0.5621759344163479 0.528767925124457 0.5658479599267325
4 0.5217003619681909 0.5950485883591569 0.5294229373374734 0.5936000435821354 0.5366832353473077 0.5888264321878208 0.541167927471198 0.5806616002218433 0.5431548002805666 0.5739331711919562 0.5431588427885831 0.5715369097467496 0.5413949441181517 0.5693593465662048 0.5285084093638638 0.565598208325041 0.5195530943693859 0.5581799087892809 0.5121467889224351 0.5570526417540844 0.5085581949118176 0.5579193402521112 0.5065794071184822 0.5598552463915849 0.5022751632746021 0.5689137829123088 0.5010404819201526 0.5766061177316224 0.5017055208784558 0.5830064993645168 0.5032585729339993 0.5869012704198736 0.5076966966909467 0.5909323966642808 0.5148394438692878 0.5942061735429922 0.5217003619681909 0.5950485883591569
4 0.4553517978519329 0.5871198961205838 0.46003116655864557 0.5868229020606209 0.4678145385976828 0.5801525324244831 0.4780815016484306 0.5650716265009864 0.48159507068648144 0.5624526195108075 0.48258850709116563 0.5590884049958641 0.4810354550356221 0.5551936339405072 0.47486383094312085 0.546374032085997 0.47172328598913993 0.5435916638500482 0.46818740363224454 0.5440290603793719 0.46314713836551097 0.5425386453298424 0.4615636879750902 0.5412547867040438 0.45171631737535545 0.5387383591910281 0.44417419028608346 0.5410806085227957 0.4404274613143002 0.5432352129269313 0.4370679847293987 0.546962575456208 0.4357055667486608 0.5533319037520725 0.43593274244512276 0.5727517469154174 0.4382602992744299 0.579792034221056 0.44085545688036304 0.5822895502379728 0.44524491149160494 0.5843537170058763 0.4553517978519329 0.5871198961205838
5 0.5226695764599295 0.22083760155555526 0.5300697386201014 0.2101982123490699 0.534730836515986 0.20532334638304522 0.5351788855726225 0.20167427964906975 0.5268439828987588 0.19629314082449384 0.5258930723530012 0.18985765857425935 0.5238433020951156 0.18764499477637436 0.5190361967621147 0.18661898231288804 0.5119603895403072 0.189890036816742 0.5054157413637357 0.18647181018835948 0.5013608274856536 0.18640970351429975 0.49979969041407724 0.18730745534935625 0.4947209417964336 0.1932204756197983 0.4940397328060646 0.19640513976773058 0.4916432942909699 0.1993792002116217 0.4849122135971176 0.21402270960579473 0.48320716986718715 0.2231825006982287 0.48670861138118876 0.22775227804366982 0.4973568425815479 0.23319957082261578 0.5062715734463531 0.23385838799145878 0.5123579867714927 0.23155528655734164 0.5226695764599295 0.22083760155555526
5 0.42276893140309146 0.2711049346635528 0.42436450931756176 0.26520000895373147 0.424271213534167 0.25886982855551743 0.4210637286236526 0.2495426289370032 0.41769002373593944 0.24629585811501128 0.4134546615778468 0.24534004688620534 0.394522297628092 0.2506414924460757 0.38637802902903395 0.2555244529727211 0.37876702025397424 0.26788105005401835 0.3786271561036365 0.2737468278661891 0.38854146665990474 0.2828080867617704 0.3999236185043547 0.284641413424081 0.4057991852146065 0.2840555198647759 0.4177428944391698 0.27658865296529184 0.42276893140309146 0.2711049346635528
5 0.45207189903129247 0.29714525519385854 0.45347085863368664 0.29993167071011767 0.4561714395470637 0.30157058278962856 0.4661100051514304 0.2962542730139698 0.4755639800775044 0.2854312861601628 0.476508747336483 0.28010011216871566 0.4759714450044684 0.2750227370592704 0.4744183929489248 0.2711279660039136 0.46691070670254664 0.26846304146091643 0.4596321378818843 0.2686587809491692 0.4568748028067688 0.26984543228356783 0.4530834471972963 0.26763681576599313 0.4445255703844956 0.27116166915184925 0.4415310328676313 0.27428017934541143 0.4435463622826231 0.28150001701806127 0.44531026095305426 0.2836775801986061 0.44693833798116434 0.28932465974611504 0.4527571505296778 0.2915643296007196 0.45207189903129247 0.29714525519385854
5 0.4520599305567517 0.3350561363484621 0.456729113468669 0.32538874749202407 0.45748938993962085 0.32156013039103726 0.45656079271270783 0.31730625860165784 0.4537851868267643 0.31391503802999476 0.4480981534125557 0.31060211325363285 0.43435400389590495 0.3067356731604484 0.4302727341909617 0.3068882174707402 0.4248371315213137 0.30861756718648314 0.41822764416697106 0.31281742686242364 0.41557168989128296 0.31554173570462307 0.40777619032819645 0.3294008896763808 0.4071923196292386 0.3365194727773203 0.4149697074310055 0.34880454371848435 0.4248921030033065 0.35307327972365216 0.42933831177628684 0.3523118830776461 0.4404203637304708 0.34713597577134814 0.4520599305567517 0.3350561363484621
5 0.46983343337216577 0.4928098181949755 0.4789934516947526 0.48674425361424173 0.4844594526992781 0.48240399146894053 0.48672815458808427 0.4781069245016002 0.48421206446273396 0.47496545553162883 0.479999015623486 0.4761912547636782 0.46939541106081606 0.4751071829064425 0.4661230869725303 0.4733980695922512 0.4602069361326058 0.46722448078463935 0.45610335310881817 0.4651954146340761 0.4531392139268314 0.46570301239808015 0.4518375926158483 0.4668505158348283 0.44563362845921556 0.4772010055419713 0.4448469961614026 0.48124427362730976 0.4464264040438072 0.4849243936983149 0.45049958873271734 0.48956437227843647 0.4573301084967431 0.4930176995241592 0.4644505423562396 0.4941098659420155 0.46983343337216577 0.4928098181949755