2 0.5205915313213638 0.5904848593355532 0.528195873642243 0.597057298526139 0.536304453218615 0.5995113137674932 0.544924818669181 0.5982793651353754 0.544572680843643 0.5946084811061755 0.5419054235574349 0.590329119881394 0.5412728597840208 0.587095722542711 0.5438193391710091 0.5844557225553374 0.5481389576696686 0.5843803233339783 0.5551031875984325 0.5872869051101212 0.5585437851599576 0.5863616655815145 0.5641485298081281 0.5773957017332952 0.5639522657218957 0.5661517397635435 0.5591710544265303 0.5562855838571872 0.5559504938632711 0.5533136560891995 0.5510058602098988 0.5505881180476354 0.54754261679227 0.5502159773489631 0.5389373485791066 0.5523128461326001 0.5303886950062026 0.5576531654844348 0.5147576808587353 0.5698222813794767 0.5131015453369333 0.5739608117877373 0.5132562920203088 0.5828262433408108 0.5147829739682597 0.5877744011382607 0.5168440876465082 0.5903339752895179 0.5205915313213638 0.5904848593355532
4 0.2522483536616296 0.7630144398316706 0.26085739618414366 0.7611338010859134 0.27409667762799833 0.7604701167313188 0.2906972961370149 0.7543403620526407 0.29467987404753904 0.7514589989536008 0.2997652842028143 0.7457465389030938 0.30226647187759503 0.740511778461162 0.3042683236621636 0.7231731625127165 0.30103756722678254 0.703114035137464 0.29655187911669556 0.6936753126921099 0.29330112407863157 0.6889735446210835 0.28950461438221786 0.6860116700826104 0.27904694656102 0.6810031073047564 0.26865721630813344 0.6798866852087395 0.2617835698037845 0.6821696243417127 0.2537957681266325 0.6866349703125134 0.24785398289032662 0.6927949702830519 0.24282896168466137 0.7019671109396364 0.2338326854965239 0.7146693048089003 0.2303343462388095 0.7287896032629346 0.23080726196356735 0.7393798485042897 0.2335160366526324 0.7460377401457492 0.23882035675024377 0.7528666222922732 0.2522483536616296 0.7630144398316706
4 0.15010830672391057 0.6544863824484851 0.16082752894623137 0.6579763083464231 0.17092928463254067 0.6590977570571972 0.17292623505182866 0.6579814205644972 0.17695033036520963 0.6574785878821354 0.1850475870135297 0.65928391300985 0.20373951367559995 0.657443572785468 0.20802516339010388 0.6554221032231901 0.20999569364393747 0.652792156465331 0.21937430213241785 0.6454906869283058 0.22104930920097293 0.6424333067094444 0.21915161788073104 0.6327331146933951 0.220978724379241 0.621886426496102 0.21913009908055722 0.6149972249724909 0.21561401533201963 0.6115978637435007 0.20586929883652877 0.5979250196061812 0.20458907405229834 0.5905933047772955 0.20164516512756472 0.5869676602809111 0.19405214573473745 0.5810439112039648 0.18386358093336377 0.5749491716219542 0.1798130654545284 0.573938394039157 0.16805139993706658 0.5767392456987638 0.15919212594148144 0.5807872114380765 0.14895714237197036 0.5885362208951332 0.14117692770910273 0.6048942189493254 0.14195933680061174 0.6332153272968275 0.14375889607773734 0.6372935383280007 0.14630047409944505 0.6508758177963725 0.15010830672391057 0.6544863824484851
4 0.24636955225960167 0.6242550748898992 0.24923797499732275 0.6235561186286869 0.25705480569776673 0.6257989304469185 0.2709153279869835 0.6277199533173674 0.2772281225955804 0.6263119875654282 0.2886074558126994 0.6181104115735827 0.2968303917255199 0.6106128184577069 0.29905870207112584 0.6062480047820518 0.2984989772313037 0.5906844686694603 0.2994961288142373 0.5817989306573577 0.3016791474476358 0.5748393565271445 0.30183124687759066 0.5670500485487129 0.29965312960947266 0.5577873432231806 0.2946707528625942 0.552899504802818 0.28713434811002625 0.5502192062940694 0.28020786127476854 0.5494749248967248 0.272948108160726 0.5461409096595794 0.26890514130059195 0.5455625921525418 0.26574496968694283 0.5460503449906315 0.2557451203531004 0.5507671073026132 0.25148589080405087 0.5543021871300499 0.2421903171212842 0.5663607175004315 0.23556954934342697 0.5831310691713542 0.23395493122448188 0.5896481299962931 0.23379150886647512 0.5967887478610853 0.23133183859455125 0.6044020387196952 0.23142997063766746 0.6100240197045712 0.23263848354423602 0.6132473638137397 0.23970839413481743 0.6222083866505183 0.24636955225960167 0.6242550748898992
4 0.48877017132816797 0.6487913135318013 0.4916687885406941 0.6498221975736276 0.4937223536002414 0.6519493116491251 0.4965605818631576 0.649520515084874 0.5008726517431159 0.6490126557877551 0.5078331073625293 0.6517030075260183 0.5189697577252783 0.6461012186034882 0.5274466994205206 0.6366525285319365 0.5322565849932004 0.6151552757162009 0.5321961960435904 0.6116955951101236 0.5304004110758151 0.6078336141168301 0.5280701943777426 0.6063602167697294 0.5136224000273193 0.6038005570151556 0.5098787306618144 0.6038659030070003 0.5050095831954546 0.6054649657230329 0.49479347117269673 0.6142951253694887 0.4813945416801861 0.6223156576267554 0.47638084340257264 0.6321364883969794 0.4761910008791116 0.6377634959966125 0.4821392076781888 0.6484744655954591 0.48330242887254987 0.6491030492500695 0.48877017132816797 0.6487913135318013
4 0.5953252691854891 0.5811774280971057 0.6040362180604701 0.5851350003741043 0.6103641099064695 0.5845919547736843 0.6245552512210503 0.5724479719524288 0.6282121114714909 0.5674093350893479 0.633479815531526 0.555637407363448 0.6331239033966375 0.551750293296368 0.631051466790337 0.5485420290314714 0.625220263581129 0.5445341906069 0.612788291196747 0.5419393445490253 0.604478546168862 0.5444636467936647 0.5862104692099915 0.5540832417669639 0.5790450738297146 0.5561549774768146 0.5767941176280049 0.5592224109251906 0.5767514731692182 0.5732823900021377 0.5779599860757868 0.5765057341113062 0.5794262790741276 0.5779942113026787 0.5829008454198084 0.5790150421149904 0.5953252691854891 0.5811774280971057
4 0.6521475761400016 0.5194064378866562 0.6593582632324859 0.5199294626313637 0.6685545778162065 0.5186874607697314 0.671400354697824 0.51669112428124 0.6736399879714818 0.5129750007192245 0.6737920874014367 0.505185692740793 0.6717045535577336 0.5011125083243768 0.6578515798872182 0.4996239455296877 0.650898672886506 0.4973660538671842 0.6459389419957313 0.49377559567410056 0.63959972722168 0.49366995116088097 0.6364546528454336 0.4950226241504902 0.6333963875842513 0.5013485880113356 0.6334907453180169 0.5067543389583318 0.6361580026042251 0.5110337001831131 0.6411366050417528 0.5157053085655957 0.6521475761400016 0.5194064378866562
4 0.984889174308127 0.5376072586614151 1 0.5383931177673843 1 0.5161497830902825 0.9954660998310537 0.5164419336262938 0.9917073332281465 0.5156423594666191 0.9896613167873003 0.5139477054668813 0.9815489629015778 0.5112774601876472 0.9774682529479375 0.5085368423018112 0.9740125581490098 0.5085971616788986 0.9710071332187364 0.517950346070062 0.9714687260154424 0.5278919011977774 0.9726998847781149 0.5324126255342249 0.9779438159261161 0.5357818270746713 0.984889174308127 0.5376072586614151
5 1 0.512685233804471 1 0.5121396445892237 0.9993263796448671 0.4735479602899685 0.9938473142611972 0.47321100589459714 0.9843856709670031 0.4757554145982656 0.9784023683278406 0.47953688415212586 0.9761438635074293 0.4821718575247423 0.9735585139710052 0.4990880666269428 0.9745205697138533 0.5046949677675469 0.9757102110736685 0.5068371616873162 0.9844438058047535 0.5120921141915937 1 0.512685233804471
5 0.9606759309451609 0.6027023820861288 0.9677318713542696 0.5943599752777627 0.9739767283945554 0.5890598688439864 0.9813659350824488 0.5833071958754211 0.9902252090780342 0.5792592301361082 0.9906917032400206 0.5729785058080783 0.9862852756262968 0.5680806141582011 0.9816512623956056 0.5666474297291588 0.9741488264271932 0.5659132015613287 0.9686886325902764 0.5666573973553566 0.9626902327137111 0.5695739467576975 0.957623694105189 0.5763675569976037 0.9543378432270396 0.5861582280792839 0.9509765061618773 0.5916242984033674 0.9498698996077758 0.5942391653169545 0.9502295860520149 0.5983425094219144 0.9549088909949136 0.6023704543055148 0.958095482774017 0.603396311732584 0.9606759309451609 0.6027023820861288
5 0.5958498981852258 0.6112334033624037 0.5989572294679661 0.6077184299939962 0.6017199715438698 0.6009650326721483 0.6016444853568574 0.5966404319145513 0.5992916228026809 0.5938696543401716 0.6003831321193802 0.590389867275065 0.5974920635255553 0.5897914433089984 0.5945708004569255 0.587463179039893 0.5893985811865858 0.5882023482191634 0.5831612727650014 0.5939349147286996 0.578390257341758 0.6011559584296082 0.576783187841514 0.6081054793303069 0.5800075227141236 0.6112936371361745 0.5834934119878563 0.6129631580621258 0.5906927761522889 0.6128374926931937 0.5958498981852258 0.6112334033624037
5 0.21405635262614195 0.5058563486055005 0.2207061878228743 0.5072543467312419 0.23044448275559382 0.5040562212991764 0.23894029599758917 0.49568868141702405 0.23743625990574208 0.4920379038468531 0.23020670126650455 0.4904337289127464 0.22584556536498815 0.4881305977174274 0.21658508752230698 0.4856966889351023 0.20331938591299797 0.48484676302453816 0.19470279477178268 0.4862949416945356 0.18955322135754687 0.4883314911010852 0.18532796059265294 0.4938126412694405 0.1854336412544704 0.49986708233007615 0.18865042750837885 0.502622780060184 0.19675523277540014 0.5048605652636584 0.21405635262614195 0.5058563486055005
5 0.14757951945899275 0.5096122570689907 0.15215314374007402 0.5075857608919556 0.16067537714752372 0.5007318312749621 0.16089163983643917 0.4966184339404879 0.16366570484039472 0.4905137267322794 0.1627376178817022 0.4868528959325939 0.14191286566372152 0.482025291286002 0.1363885085678441 0.4790935764360726 0.1332170140261431 0.4789326391605228 0.12499785242267321 0.4866464623142785 0.12304996802494331 0.4905737892994166 0.12986587283310305 0.5014859090918711 0.13227912433688951 0.5077163672723283 0.13374919164458104 0.5094210745015806 0.1369320091143339 0.5102307018907699 0.14757951945899275 0.5096122570689907
5 0.08341025713381268 0.5135441826523026 0.0956108695918767 0.5193875058931324 0.11001714653944308 0.5195686352310279 0.11887264622567759 0.5153044394538352 0.11850918547208784 0.5109848653109955 0.11960824340748825 0.5079375383216487 0.1183431158606604 0.5014707436442826 0.11600912485323693 0.49978111625930205 0.1127545955058223 0.49486311815039585 0.10897318304681117 0.49276616376344207 0.0968367338477076 0.4905987511665696 0.07179049517418362 0.4914685267262128 0.0672055479650506 0.49284633278960843 0.06436731970213443 0.4952751293538594 0.06506782104385955 0.5024006673743797 0.06773130402071716 0.5064637985612812 0.07211508577833725 0.5100643099838792 0.08341025713381268 0.5135441826523026
5 0.07094544302120483 0.49256475675988387 0.08476444790756468 0.49210724921365445 0.08787932780900626 0.48902473592100665 0.08722789248883923 0.4847101883929243 0.08195376686603276 0.4796111465494392 0.07150742197288686 0.47525127388522465 0.06398234014837081 0.47321966549011557 0.052482229032031834 0.4745018802698061 0.04737039871130218 0.4787007300551542 0.04683596698100449 0.481089313701347 0.045411191385520515 0.4819793669266527 0.04661970429208906 0.4852027110358213 0.0605934558618245 0.49361063504266545 0.06378004764092791 0.4946364924697346 0.07094544302120483 0.49256475675988387
5 0.08132497740196949 0.47659397924863606 0.08709579166156742 0.4771421370671298 0.09484845910305074 0.47570903824140426 0.1014001622566669 0.4714850553822697 0.10566694042441767 0.4683824356305927 0.10731175301816773 0.4635952151086925 0.09886990716301106 0.4585514660275374 0.07368779335286463 0.4516369602235063 0.06678017806436001 0.45197382901556094 0.061933676454103984 0.4548702719588727 0.05967517163369299 0.457505245331489 0.05858366231699378 0.4609850323965957 0.059204903162355896 0.4635697396216393 0.06303538164292509 0.4684776845010309 0.06769958934842131 0.47164070923311197 0.08132497740196949 0.47659397924863606