1 0.6823673248364885 0.4256500315000301 0.6841393085229528 0.4230350717901616 0.6834175154029112 0.4194602535711769 0.6796748289391443 0.4192185965301059 0.6747136311529939 0.41708422852752197 0.6711635204932865 0.4105474917055772 0.6665936176020344 0.40758962038292756 0.6637166309166631 0.40266074230346377 0.6606774667621098 0.4014160315753156 0.6565434854034448 0.4019978778543104 0.6538692603169286 0.400144314790448 0.650412445440616 0.39993775836671713 0.6458304150253145 0.4041686713796874 0.6447579111400473 0.40817683884768546 0.6465360381132903 0.41732853537949877 0.6575411233656537 0.42695949871314376 0.667881169659714 0.4301900804138944 0.6779434293823529 0.4285930386068914 0.6823673248364885 0.4256500315000301
5 0.1649697986449172 0.6832871490066549 0.1759768256265347 0.6763589332082047 0.1814468691390766 0.6696224096176969 0.1822598572637504 0.6653644905480072 0.18109405759508862 0.6630424776177912 0.1771486095324669 0.6597255055611189 0.1746548327259611 0.6587656470520027 0.16545423027370162 0.6580717292658196 0.15666723603518487 0.6587359186204258 0.1518297323673064 0.6603208185864975 0.1452202450129637 0.664520678262438 0.1425115790835537 0.6676742890733405 0.14172494678574088 0.6717175571586786 0.1423940282520605 0.6757216773463665 0.14737349684903917 0.6824339172550121 0.15184201894086408 0.6838541310698613 0.16047087821821496 0.684477847621364 0.1649697986449172 0.6832871490066549
5 0.20029628214974055 0.6980832752750713 0.20206826583620469 0.6954683155652029 0.2041646044610334 0.6854850211527032 0.2020661650574423 0.6813053978783145 0.19970416738524138 0.6792722844474406 0.19671771488440998 0.6775982717505895 0.19268915683318885 0.6773215140921784 0.1819760864550585 0.6794923076175554 0.16709459387536935 0.6872521212966921 0.1656611934300814 0.6894728796551978 0.16606671662779132 0.6956235096864005 0.16891734748630144 0.7007670387502157 0.1788133872317415 0.7052504257397351 0.18406449911336278 0.7050236329144525 0.1891351627149737 0.7039031355344239 0.20029628214974055 0.6980832752750713
5 0.21092235908076348 0.7320710544121457 0.21334515342271923 0.7288823429839031 0.2148129947109009 0.7216544107506325 0.21359852589653366 0.717365438343913 0.20620030546561577 0.7114456484183032 0.19247846926780943 0.709760818785974 0.18772003308051383 0.7107017657989914 0.1834238742526666 0.7149677794293018 0.18068480998837919 0.7207323026697624 0.17989817769056637 0.7247755707551006 0.18212435372044594 0.7302782005529384 0.19134322698353354 0.7355499902451834 0.19474733020612417 0.7361858486376172 0.20506910568935624 0.7348385584323059 0.21092235908076348 0.7320710544121457
5 0.6512783042685202 0.42597263414730796 0.6496502272404102 0.42032555459979914 0.6451066801760189 0.4171530322927978 0.6357215869357324 0.41796167139707513 0.6326256686194408 0.4195425240828367 0.6277273682818075 0.42634924890802484 0.6254282680581238 0.43325722830492336 0.6259169012444331 0.43636764393786487 0.6281734756091901 0.43925936130614457 0.6413539669669652 0.43826307727423525 0.6457515065942399 0.43553472115172553 0.6512783042685202 0.42597263414730796
5 0.5766637191641861 0.4026484553346295 0.5790601576792808 0.39967439489073825 0.5756681819807394 0.39184975216268453 0.5716173106106738 0.3893913840434181 0.5501161448818467 0.39198066260202 0.5463167042563414 0.3945645689748587 0.5455868261202671 0.39578227364628726 0.546568135000902 0.3996068434669636 0.5505622522092293 0.4048907750001397 0.5615531091587809 0.4075476049825162 0.5703401033972978 0.40688341562791 0.5766637191641861 0.4026484553346295
5 0.5658879103870469 0.42660025285121783 0.575360156123949 0.42035513790347273 0.578121533707081 0.4167722251238673 0.5768279974121308 0.4131272056702023 0.57213035789459 0.4088463278241033 0.5701819684361319 0.4081713215340189 0.5548989951667492 0.4073842437367463 0.5490984534290638 0.4097224457882036 0.5502115414440036 0.4124737606871225 0.5482469819534799 0.4213838001778648 0.5450719961566052 0.42360860581668086 0.5455869851697754 0.4265043704652708 0.5520566083737803 0.42817028860150125 0.5658879103870469 0.42660025285121783
5 0.550542039669147 0.41687208222617295 0.5498466023759665 0.4130826130228368 0.5516712977161526 0.41003835134426525 0.5481658136941345 0.40786483544403085 0.5395409969248 0.40484485744732135 0.534504774166083 0.40095818095258534 0.5253751541783737 0.40441283310376086 0.5204504980138792 0.4114342089133006 0.5191144358600025 0.41758888622481366 0.5212615444092991 0.423735468975706 0.5338439367653047 0.42288363469346785 0.5423937285620726 0.42415130419802516 0.5497330940524898 0.41873373985065604 0.550542039669147 0.41687208222617295
5 0.7039407785610862 0.2877617564707577 0.705453246486957 0.28489704515919745 0.7085491648032487 0.28331619247343587 0.7148058406136035 0.2725364007975898 0.7045752601350035 0.26605095371422666 0.6950928286033062 0.26292567386549665 0.6918691736607261 0.2631835200278089 0.6871857624459969 0.26587677553297856 0.6794023904069596 0.2725471451691163 0.6781190399068047 0.27827252051192636 0.6827822385814517 0.2875605722327902 0.6852760153879573 0.2885204307419063 0.6926336516892027 0.28768073830059915 0.699231011519496 0.2906696629602787 0.7039407785610862 0.2877617564707577
5 0.760873692052672 0.26838790342418267 0.7610885811755763 0.264274434104164 0.7580271037021784 0.26084811291516075 0.7519751312199326 0.25814404047451306 0.7412133916960968 0.2583478745233864 0.7350215550635133 0.2615095798949095 0.7282012210942829 0.26742664744566186 0.7260379425129204 0.2708651104755962 0.7286858117725756 0.2729333245238101 0.7520482144632451 0.2764555280987604 0.7567052698511132 0.2739769235779423 0.759048996712486 0.27143216510275414 0.760873692052672 0.26838790342418267
5 0.7356342004671113 0.3297834571344741 0.740757575722444 0.3282336577857424 0.7449219554159867 0.3250408990771894 0.7466979816104672 0.3200296779221143 0.7446786096874589 0.31520610169467106 0.7374263966936576 0.3151871901985723 0.7314271358651337 0.3120538157892216 0.7274249336407735 0.3115624071464589 0.7214702994499389 0.31279225365881846 0.7171558698112634 0.31248039538306716 0.7140335956681108 0.3142758990531801 0.7107227882289148 0.31997022105896034 0.7103051375071556 0.3210083753633776 0.71266309267134 0.325437750239458 0.71499873451668 0.3276855146546832 0.7239884903540517 0.3300966403156783 0.7288746631676357 0.3304786998261101 0.7356342004671113 0.3297834571344741
4 0.2985527132815557 0.2665295674404935 0.2972591769866055 0.26288454798682837 0.2962474697710932 0.2616708905957101 0.29100040039748837 0.25950142197578596 0.2796405618718829 0.2598497057743305 0.2737832659724593 0.26501347123969743 0.273018946993491 0.27123834978589084 0.2768062600949469 0.27584322774867215 0.2793263927283137 0.27658843527343685 0.28795929451368096 0.27481589037973303 0.29810466422491916 0.27017863417446897 0.2985527132815557 0.2665295674404935
4 0.25352502566362284 0.28583998890755585 0.254368412123174 0.2789711574083079 0.25320665496252864 0.27425288303288536 0.2498593059016764 0.27079146122654185 0.24508259890355272 0.26715453633349745 0.23949694628877163 0.2653792690649362 0.23567519234442189 0.2657815649769197 0.23031461464734032 0.26926322318481477 0.228248674357389 0.2766356051677564 0.23064721365124616 0.2878244624107538 0.23511573574307096 0.28924467622560285 0.24632148181552696 0.28778803688796073 0.2511549429753891 0.28859939836709547 0.25352502566362284 0.28583998890755585
4 0.259127007359978 0.30875230721427416 0.25354135474519696 0.3069770399457128 0.25073130801635946 0.30859299324881456 0.24997103154540765 0.3124216103498013 0.251655862735256 0.31524312648340064 0.2611342517589369 0.3207646677773373 0.26389158683405245 0.3195780164429386 0.26556218972108914 0.3154253992252693 0.259127007359978 0.30875230721427416
3 0.9483308724634971 0.7670522313240454 0.9593298144290818 0.7649165384160086 0.9670037206526588 0.7615010341624834 0.9702841297569776 0.7584176245862613 0.9717134876942488 0.7585931276729623 0.9743227145534853 0.7373426802221641 0.9698278366347994 0.7361371173916667 0.9620565921198116 0.7356187026921843 0.9590437837921193 0.7341593409796847 0.9573508675862378 0.7361303477364988 0.9389334926496534 0.7443275579449591 0.9349759170629822 0.7481993702239067 0.9338020323782876 0.7506698801841042 0.9337148798816719 0.7561063560275719 0.9404095780033763 0.7630291996402587 0.9412631502577227 0.765530762937486 0.9450849042020726 0.7651284670255025 0.9483308724634971 0.7670522313240454
3 0.735475906456437 0.30034926622159946 0.7464748484220217 0.2982135733135627 0.750195221566944 0.29627361989377854 0.7545440920485132 0.29157830429476506 0.7555192576423694 0.28363621787375964 0.7531876583050459 0.2789921920133278 0.7486177554137935 0.27603432069067807 0.7355994415252007 0.27334643737127173 0.7253830893494124 0.273835123639177 0.7213768446170359 0.2757399764416209 0.7182322571550387 0.2753538696508788 0.7144328165295334 0.2779377760237175 0.7134880492705548 0.28326895001516467 0.7165637550467643 0.2936694045554364 0.7215209103248985 0.29820003400322703 0.7253386217612319 0.3001939995364502 0.7290285965712766 0.3008649585462242 0.735475906456437 0.30034926622159946