3 0.7079493087557605 0.35661764705882354 0.7151497695852534 0.3711072664359862 0.724078341013825 0.3788927335640139 0.7269585253456221 0.3806228373702422 0.7318548387096774 0.3806228373702422 0.7419354838709677 0.37716262975778553 0.747983870967742 0.37326989619377166 0.7456797235023042 0.3689446366782007 0.7410714285714286 0.36721453287197237 0.7355990783410139 0.3633217993079585 0.7324308755760369 0.36072664359861595 0.7304147465437788 0.3572664359861592 0.7292626728110599 0.3479671280276817 0.7321428571428572 0.34191176470588236 0.7309907834101382 0.3410467128027682 0.7194700460829494 0.3375865051903114 0.7099654377880185 0.33737024221453293 0.7033410138248848 0.3384515570934256 0.699020737327189 0.342560553633218 0.6995967741935484 0.34731833910034604 0.7079493087557605 0.35661764705882354
4 0.6345046082949308 0.31250000000000006 0.6454493087557605 0.3155276816608997 0.6509216589861752 0.32093425605536335 0.6578341013824885 0.3194204152249135 0.6644585253456221 0.31444636678200694 0.6693548387096774 0.30839100346020765 0.6699308755760369 0.30298442906574397 0.6682027649769585 0.2990916955017301 0.6650345622119815 0.29736159169550175 0.6535138248847926 0.29649653979238755 0.641705069124424 0.30233564013840836 0.6368087557603687 0.30363321799307963 0.6336405529953917 0.30666089965397925 0.633352534562212 0.3109861591695502 0.6345046082949308 0.31250000000000006
4 0.6097350230414746 0.33564013840830453 0.6226958525345623 0.34191176470588236 0.6296082949308757 0.34277681660899656 0.6370967741935484 0.3421280276816609 0.6440092165898618 0.3391003460207613 0.6477534562211982 0.33196366782006925 0.6503456221198156 0.32093425605536335 0.648905529953917 0.31855536332179935 0.6440092165898618 0.31509515570934254 0.6402649769585254 0.31487889273356406 0.6373847926267281 0.31358131487889274 0.633352534562212 0.31358131487889274 0.6201036866359447 0.317257785467128 0.6157834101382489 0.3194204152249135 0.6108870967741936 0.32396193771626297 0.6088709677419355 0.3276384083044983 0.6085829493087558 0.33477508650519033 0.6097350230414746 0.33564013840830453
4 0.646889400921659 0.34537197231833916 0.6506336405529953 0.351643598615917 0.6540898617511521 0.35358996539792387 0.6650345622119815 0.35358996539792387 0.6756912442396314 0.3501297577854672 0.6857718894009217 0.34277681660899656 0.6880760368663594 0.3386678200692042 0.6875 0.33477508650519033 0.6831797235023042 0.3304498269896194 0.6782834101382489 0.3289359861591696 0.6658986175115207 0.32785467128027684 0.6575460829493088 0.32871972318339104 0.6512096774193549 0.3304498269896194 0.6471774193548387 0.33434256055363326 0.6454493087557605 0.3375865051903114 0.6451612903225807 0.34039792387543255 0.646889400921659 0.34537197231833916
4 0.7620967741935484 0.34191176470588236 0.766705069124424 0.34407439446366783 0.7713133640552996 0.34493944636678203 0.7756336405529954 0.3429930795847751 0.7813940092165899 0.3384515570934256 0.7848502304147466 0.33737024221453293 0.7897465437788018 0.33780276816609 0.7917626728110599 0.3406141868512111 0.7963709677419355 0.3423442906574395 0.8001152073732719 0.3421280276816609 0.8024193548387097 0.340181660899654 0.8047235023041475 0.33520761245674746 0.8044354838709677 0.3313148788927336 0.8004032258064516 0.32417820069204156 0.7897465437788018 0.3118512110726644 0.786578341013825 0.3092560553633218 0.7831221198156683 0.3081747404844291 0.7756336405529954 0.3096885813148789 0.7690092165898618 0.3137975778546713 0.7644009216589862 0.32093425605536335 0.7606566820276498 0.3336937716262976 0.7603686635944701 0.3384515570934256 0.7620967741935484 0.34191176470588236
4 0.7324308755760369 0.3600778546712803 0.7413594470046083 0.36786332179930803 0.7514400921658987 0.3728373702422146 0.7600806451612904 0.37391868512110726 0.7669930875576038 0.3734861591695502 0.7733294930875576 0.3706747404844291 0.7825460829493088 0.3626730103806229 0.7839861751152074 0.35769896193771633 0.7811059907834101 0.3512110726643599 0.7603686635944701 0.342560553633218 0.751152073732719 0.33715397923875434 0.7439516129032258 0.3360726643598616 0.7361751152073733 0.33780276816609 0.7324308755760369 0.3408304498269897 0.7295506912442397 0.34602076124567477 0.7292626728110599 0.3531574394463668 0.7324308755760369 0.3600778546712803
4 0.7949308755760369 0.3970588235294118 0.7940668202764977 0.40808823529411764 0.7952188940092166 0.41003460207612463 0.7969470046082949 0.41133217993079585 0.8004032258064516 0.41198096885813157 0.8142281105990783 0.41219723183391005 0.8173963133640554 0.41111591695501737 0.8214285714285715 0.40830449826989623 0.8245967741935484 0.4041955017301039 0.831221198156682 0.3940311418685122 0.8320852534562212 0.3910034602076125 0.831221198156682 0.38711072664359863 0.8245967741935484 0.37608131487889274 0.8171082949308757 0.3713235294117647 0.8099078341013826 0.3711072664359862 0.8004032258064516 0.37391868512110726 0.7917626728110599 0.3812716262975779 0.7903225806451613 0.3847318339100346 0.7949308755760369 0.3970588235294118
5 0.4835829493087558 0.2660034602076125 0.49567972350230416 0.2679498269896194 0.5017281105990784 0.26773356401384085 0.5048963133640554 0.2657871972318339 0.5060483870967742 0.2592993079584775 0.5054723502304148 0.25259515570934254 0.501152073732719 0.24459342560553635 0.49539170506912444 0.24307958477508654 0.49078341013824883 0.2443771626297578 0.4821428571428571 0.25151384083044986 0.4804147465437788 0.2564878892733564 0.4801267281105991 0.2618944636678201 0.4835829493087558 0.2660034602076125
5 0.445852534562212 0.28287197231833916 0.4481566820276498 0.29325259515570934 0.4599654377880184 0.29455017301038067 0.4616935483870968 0.29303633217993086 0.464573732718894 0.2846020761245675 0.4694700460829493 0.27551903114186854 0.4697580645161291 0.27162629757785467 0.467741935483871 0.2655709342560554 0.4602534562211981 0.26081314878892736 0.4536290322580645 0.26211072664359863 0.4504608294930875 0.26470588235294124 0.4470046082949309 0.27249134948096887 0.445852534562212 0.2759515570934256 0.445852534562212 0.28287197231833916
5 0.4657258064516129 0.30363321799307963 0.46860599078341014 0.3079584775086505 0.47033410138248855 0.3090397923875433 0.4737903225806452 0.3092560553633218 0.48675115207373276 0.3086072664359862 0.4962557603686636 0.2971453287197232 0.494815668202765 0.2861159169550173 0.4922235023041475 0.2789792387543253 0.4841589861751152 0.27227508650519033 0.4807027649769585 0.27184256055363326 0.47292626728110604 0.2750865051903114 0.46860599078341014 0.2787629757785467 0.464573732718894 0.28633217993079585 0.4631336405529954 0.29368512110726647 0.4657258064516129 0.30363321799307963
5 0.5048963133640554 0.30125432525951557 0.5152649769585254 0.30363321799307963 0.518721198156682 0.30341695501730104 0.5224654377880185 0.3001730103806229 0.5276497695852534 0.2906574394463668 0.5308179723502304 0.2874134948096886 0.5305299539170507 0.28114186851211076 0.5262096774193549 0.2781141868512111 0.518721198156682 0.2781141868512111 0.5120967741935484 0.27941176470588236 0.508352534562212 0.28092560553633217 0.5048963133640554 0.28395328719723184 0.5008640552995391 0.29044117647058826 0.5005760368663594 0.2971453287197232 0.5048963133640554 0.30125432525951557
5 0.8208525345622121 0.3421280276816609 0.8277649769585255 0.34580449826989623 0.8306451612903226 0.3447231833910035 0.8361175115207373 0.34515570934256057 0.838421658986175 0.3462370242214533 0.8487903225806452 0.34537197231833916 0.8557027649769585 0.34342560553633217 0.8605990783410139 0.3384515570934256 0.8611751152073733 0.33434256055363326 0.8660714285714286 0.32612456747404844 0.8680875576036866 0.319204152249135 0.8677995391705069 0.31076989619377166 0.8660714285714286 0.30687716262975784 0.8631912442396313 0.3040657439446367 0.8531105990783411 0.29974048442906576 0.8485023041474655 0.2999567474048443 0.8418778801843319 0.30341695501730104 0.8332373271889401 0.3105536332179931 0.831221198156682 0.31358131487889274 0.8300691244239632 0.31855536332179935 0.8211405529953918 0.32547577854671284 0.8182603686635945 0.3328287197231834 0.8179723502304148 0.33520761245674746 0.8208525345622121 0.3421280276816609