5 0.8070862597874384 0.9178223856275007 0.8054431732317349 0.9224336829511725 0.8097097445295276 0.9259264766425506 0.8171572011192672 0.9267092358720894 0.8258482754440442 0.9239259829765899 0.8305291808358846 0.9207212443421081 0.835571776412042 0.9140752534745179 0.8380664445188082 0.9041171056608277 0.8382847605208681 0.8965291541524774 0.8338599497674366 0.894541908313084 0.8266915011790733 0.8966153787713717 0.8203368555054237 0.8909460317051658 0.8143599961952626 0.909236354983709 0.8105535857174517 0.9151424572898744 0.8070862597874384 0.9178223856275007
5 0.7881725141325424 0.8856083352879696 0.77889369325825 0.89398362306227 0.7767907536090118 0.8974593168146692 0.7774097693375276 0.9218792498127701 0.778193841705478 0.9254409265427304 0.7800406867163077 0.9271572172642065 0.7847293324712862 0.9293896474923822 0.7887395014042229 0.9298111332313646 0.7959079499925862 0.9277376627730769 0.8026391511239345 0.9243135104789477 0.8058200364158811 0.9216034760171083 0.8071088654239583 0.9176073073629315 0.812257056546024 0.9127120487361082 0.8160935052970455 0.9037647446017605 0.8173897669418138 0.8969424523839702 0.8168695295754104 0.893625960042792 0.8145854371075657 0.8905589874854745 0.8088866626194386 0.8869156631730309 0.8002556648410826 0.8836165124121651 0.7936223188925042 0.8833542280844038 0.7881725141325424 0.8856083352879696
5 0.7603719837873292 0.8635504110877189 0.7527588551052602 0.8670993232737783 0.7483343520782763 0.8733753698606559 0.7468724183411786 0.8845293334940447 0.7493224906278 0.8915279270620353 0.7537624743810607 0.8961262182004728 0.7567550819441577 0.8979629334188012 0.763252794073617 0.8995156873339777 0.7726449508569562 0.8983283006631023 0.7766399467900639 0.8961387411030405 0.7844413532009821 0.8880430792368136 0.785202512205965 0.883556541805072 0.7830992648302793 0.8787689431312004 0.7791417398070732 0.8750911772994657 0.7763677559724833 0.8739298029990584 0.770917643486074 0.8679206177763531 0.7638092714441319 0.8639116845782752 0.7603719837873292 0.8635504110877189
5 0.8627864537683759 0.7901598253170761 0.8585353631968596 0.797541369351013 0.8577893771917054 0.8046389520817989 0.8590484756530197 0.8119472776820758 0.8607144755716908 0.8153841945201059 0.8639031012267754 0.8181113289209241 0.8688781876198209 0.8203738652733129 0.8737250728304385 0.8211007476495038 0.8769889480317735 0.8203565236930007 0.8889965414676159 0.8135727667482463 0.8970391772435613 0.8059373675353708 0.9066874286653093 0.7995579963906201 0.9065966983927825 0.792155017022626 0.8982444008893552 0.7834488035233156 0.8873822622793328 0.7820896925386509 0.8777488761309667 0.7828168165561749 0.8729849808297379 0.7840557446853205 0.8675125704332561 0.7865249301534556 0.8627864537683759 0.7901598253170761
5 0.7880573318648108 0.8288406796269181 0.780142589544846 0.8297484403897203 0.776501851159365 0.8313228712802874 0.7617283219785185 0.8506457152135631 0.7624823560732584 0.8572485937717061 0.7641483559919292 0.8606855106097363 0.7676234222850811 0.8634427511347675 0.7724477018591784 0.8643847117755277 0.7811765548203045 0.8639974259145031 0.7921139429765769 0.8618851785418465 0.7994858422936189 0.8578760037024356 0.8022068744920304 0.8540303656693238 0.8045584761429868 0.8481888110066628 0.805055800146423 0.8434570891861389 0.8036610678659899 0.8374392331732775 0.7992210841127291 0.8328409420348398 0.7954143659084708 0.8304837519147341 0.7925047482547624 0.8306128472017422 0.7880573318648108 0.8288406796269181
5 0.8448011722469321 0.38815374467332064 0.8428865103265432 0.3870826887455523 0.8315722589861243 0.390025143052273 0.8283461624211382 0.3931653340432509 0.8234921523002775 0.4035278676569446 0.824532627033084 0.41016085233930066 0.8281058562354534 0.4174949486687126 0.831204059344459 0.42108239612780796 0.8384858438418687 0.4261968267729451 0.8545116543002335 0.433535016856102 0.8582353825951031 0.43392639647087144 0.8650947849088798 0.4320378981529401 0.8698887184833195 0.42775776819561173 0.8710945575820082 0.42179578903609843 0.8704386863964858 0.41976976628233603 0.8647925558180887 0.41287016187714054 0.8562665381327464 0.39479515850449953 0.8519547555619138 0.3917325213422599 0.8475903290813509 0.3919261642727722 0.8448011722469321 0.38815374467332064
5 0.7704024713486836 0.3933813788731527 0.7669880970548482 0.4010683195442982 0.767191855509974 0.4073959075894459 0.7694759479778184 0.41046288014676363 0.773350483091636 0.41217483547316175 0.7835945291524851 0.4139038907385387 0.7900544626455955 0.4130606776192406 0.8022202955370767 0.40477137282250136 0.8066900098371004 0.3980651697064851 0.8079110219356183 0.39471423584601595 0.8077224364803215 0.39099769309991245 0.8047521268272966 0.3806826071907439 0.8016765293548112 0.3768800814670793 0.7979301954234214 0.376703780116879 0.7823422478749666 0.38724285672210607 0.7704024713486836 0.3933813788731527
5 0.7689687295261116 0.351914386120732 0.7617776753012284 0.35420293484358883 0.7605414902028816 0.35494282340501376 0.7571045102725263 0.36284484234072856 0.7528611600641483 0.3756635552373232 0.7536981840682767 0.3842322443008027 0.7567059646312029 0.3886800048181751 0.7642138054938108 0.39164365281761976 0.7690832963409482 0.3921554569292413 0.7780156000307524 0.3898324666870934 0.7847920124351405 0.38597815786382556 0.7961663403219805 0.3769532999007394 0.7994150425234865 0.3735980306451922 0.8042690526443472 0.3632354970314985 0.8050076060128104 0.3589640378643263 0.8040200829161817 0.3573380655154893 0.7964366847808759 0.3495824834470949 0.7905418922007609 0.34504873995216145 0.7868407695424111 0.3444422820728227 0.7791898622239933 0.3455952272244073 0.7689687295261116 0.351914386120732
5 0.40915561547328433 0.35584771276965566 0.4083718508317813 0.3605493284659664 0.41073893320901433 0.3655821115286205 0.42065163508520403 0.37597450962519413 0.42650864902897023 0.3781122860856526 0.43111430487456043 0.378378905808492 0.4370917796376165 0.3766151673824907 0.442036520031004 0.3736556131367911 0.4444032946817895 0.37042510377317406 0.44507403114069327 0.3667988793997096 0.4432346187665545 0.3622564651146202 0.4373698644596501 0.354681519791504 0.4333897337999241 0.3512188322243387 0.42345473401366185 0.34930480481860543 0.4128716034050157 0.35080192352176737 0.40915561547328433 0.35584771276965566
5 0.3280328383539307 0.35341008327373247 0.3279727618075095 0.35949248693009794 0.3291789086326458 0.36179380019685575 0.3348098662112137 0.3660823593030069 0.34135278961371274 0.3672049566890451 0.34459405917852787 0.36667581099711155 0.35037551584959636 0.36402165338862025 0.3572875620731033 0.35887687497793685 0.3623527632857807 0.35201580584577746 0.36205858228457555 0.34654853085890674 0.35993272927236986 0.34197601044960413 0.3512187415846255 0.3367110491834018 0.34469842381864624 0.33537337353279423 0.3363241361315942 0.34340882315059523 0.3327060033826329 0.34476817577659286 0.3280328383539307 0.35341008327373247
5 0.30101638037666795 0.33491383580344214 0.3022150945651134 0.3400412726338134 0.3050946739456114 0.3429533791749879 0.3089466034229093 0.3448804127659552 0.32762532144367895 0.340754907183437 0.33630122276862695 0.33536060898889336 0.3401680175193063 0.3316353954526337 0.34138902961782414 0.3282844615921646 0.342346206714795 0.3246883433429132 0.33244867783843407 0.31690699054538374 0.3216317505014514 0.3151177230315807 0.31521702828138054 0.3155307796217403 0.30773210078173985 0.32061534578399764 0.30323978084519615 0.32753662716458304 0.30101638037666795 0.33491383580344214
5 0.42102018965526805 0.15203540718181027 0.4204098374692329 0.15784252032518026 0.4262448612293742 0.17672195990275025 0.42934306433837965 0.18030940736184564 0.4361950340154654 0.18124703260752772 0.4440041807895219 0.17858853960395832 0.4489941324559491 0.17519882882912033 0.4519638266560789 0.16898732988574672 0.453109281481899 0.16084446195632757 0.4509456498333445 0.15387597451255014 0.44605355334968744 0.15357924866549783 0.43709833629691575 0.14785402474594395 0.42788702460573536 0.14732078530026543 0.423055312394947 0.14920494822311867 0.42102018965526805 0.15203540718181027
5 0.41203185706481094 0.0667184608277279 0.4062429677570519 0.07219874199983281 0.4051275512044422 0.07730040810106908 0.4053238770228774 0.08645411970983016 0.4113093998755192 0.09839084257275776 0.4180786873696639 0.1056259497393746 0.4284283289764212 0.1091057372455186 0.43436059246643755 0.10777215534865592 0.44083539123292964 0.10127669510213097 0.441822606603111 0.09463937502469691 0.44118160069097023 0.0869611051437074 0.43445721674341764 0.07103254902168095 0.43153242608987996 0.06855059900964493 0.42199689512428373 0.06559128640527856 0.4182505611928943 0.06541498505507821 0.41203185706481094 0.0667184608277279
3 0.7561234022293438 0.7358931527377048 0.7437990221557763 0.7374247129601578 0.7385074568514531 0.7381732723117388 0.7354622053786257 0.7395928371861625 0.7292363763402993 0.7519857289486968 0.7284526116987962 0.7566873446450075 0.7295005190682937 0.7604942057637502 0.7342269434596214 0.7651226030264008 0.7497702951879315 0.7715402678028545 0.7587255122407032 0.7772654917224084 0.7714797071345947 0.7799107368994105 0.7761531798897445 0.7795321218285419 0.7818894252877733 0.7773081207491892 0.7869471938637597 0.7732731751806432 0.7912586687081447 0.7680725199166117 0.7922232784418064 0.761650278103747 0.7916953007122649 0.7528966168999112 0.7883029166020542 0.7438418944539451 0.7842775746692883 0.7408093634159185 0.7770561744447472 0.7378758215406871 0.7633522350905757 0.7360005710493228 0.7561234022293438 0.7358931527377048
4 0.7672822780560533 0.4065355945311689 0.7666790507802614 0.4012532916846544 0.7689024512487896 0.3938760830457954 0.7592991033736339 0.3915620052351366 0.7563894857199254 0.3916911005221449 0.7441713166451611 0.41149997783790715 0.7440056445528317 0.4158316492535056 0.7474732782092925 0.4214150133421503 0.7565867347177029 0.4256346894097193 0.7675619015103243 0.4259184090715376 0.7826525250553432 0.4201110542868343 0.7881927523613845 0.41699663402499143 0.7897002050979691 0.41367580628873535 0.7889087000933279 0.4129402531223884 0.7869488268998992 0.4122993537237587 0.7833985110604973 0.4130134715560486 0.7756420081961711 0.41241568446686605 0.769521159250858 0.4100327236176251 0.7672822780560533 0.4065355945311689
4 0.8364934705636495 0.36249078979232935 0.8296340682498731 0.3643792881102607 0.8248853459484733 0.3682292615384505 0.8250739314037701 0.371945804284554 0.8287450157889091 0.3755934639920754 0.8336748909089152 0.3782861568736027 0.8387329672113493 0.3825145037313278 0.8453362748867171 0.38581798988727173 0.8489318019991587 0.3846737155258433 0.8536882646636968 0.3862609109603112 0.8555125040380064 0.3881922799463565 0.8567790351360115 0.39267448198302 0.8589349264214275 0.39420580056413984 0.8623270028051909 0.39499723058383474 0.868832147571341 0.39372386093539813 0.8778397008073956 0.38792951233592887 0.8793471535439801 0.38460868459967285 0.8810277110095853 0.37413006188420506 0.8796707573655009 0.3705081729058186 0.8696072486703631 0.35879519909761637 0.866086971104172 0.3564681151017236 0.8596570758842722 0.35427012639283895 0.8487196877279995 0.3563823737654957 0.8364934705636495 0.36249078979232935
4 0.46051834398239455 0.14270466929884948 0.45521934604138076 0.1462793522140438 0.4494456297334506 0.15437067868519277 0.45260421711532467 0.16013901491419383 0.4499138386430185 0.17747003597166494 0.45510011612788076 0.18323403680558795 0.46201247007783514 0.18635255082117577 0.4699950293073595 0.18479955526466574 0.47735175562457205 0.1781793351262107 0.47885920836115686 0.1748585073899546 0.4791831199091251 0.16902128812237133 0.4780516071773441 0.14672203164575012 0.47638560725867307 0.14328511480771988 0.47363422906060315 0.1419086622427433 0.46535005619318304 0.14082050637599605 0.46051834398239455 0.14270466929884948
2 0.49357696916584687 0.27730416108083966 0.4898684138708062 0.27952382676511445 0.4809816291804891 0.28967995290439497 0.47844918243737417 0.2972421336836102 0.47768059079570024 0.3045547946789652 0.47912827471231123 0.3155796630253456 0.4825807353689431 0.3185519818149462 0.49195802687890045 0.32301684227129757 0.5005512460209074 0.32392002599768865 0.5073428314251245 0.32267676247346505 0.5240012919795969 0.31572946872241137 0.5327072315777555 0.30729396869968484 0.5372673684238585 0.2997274525253916 0.5383224007035994 0.2924448976542497 0.5364452096931116 0.28550651633468527 0.5320956484859304 0.28004791213797064 0.5194619144113286 0.2735011520745087 0.5151653048403252 0.2730495602113132 0.5013861159399033 0.27464566807727037 0.49357696916584687 0.27730416108083966
2 0.5589616073706926 0.3054868763229035 0.5517330822359081 0.31364275043755646 0.5413385370825587 0.31885641188682196 0.5360243661417158 0.31982004950297227 0.5320141972087792 0.31939856376398973 0.528493919642588 0.3170714797680969 0.5247249800746786 0.31711025668246606 0.523044114882626 0.3193255869716628 0.5220342938759248 0.32617798531366615 0.523964128796143 0.32986008654047866 0.5279442594558689 0.3333227741076438 0.5346005187674147 0.34163327259710685 0.5433145064551589 0.3468982338633092 0.5466991502022313 0.3505157874466177 0.5574560009927928 0.3583874586167861 0.5624989042953978 0.3600047601754671 0.5729916123579648 0.35936795453058223 0.5769413970180327 0.35760855149965903 0.5818031475020317 0.3526831867486229 0.5831446204198394 0.34543073800169405 0.5823679806885798 0.3390429377081203 0.5777242384801932 0.3281170585245349 0.5770079830218021 0.32391014700086673 0.5704495788930266 0.31191321188951326 0.564094933219377 0.3062438648233073 0.5589616073706926 0.3054868763229035
2 0.20318337477050305 0.568614799224258 0.19608305081814678 0.578306327315109 0.19488464435614866 0.5814421829110088 0.19447774289879188 0.5853135916732556 0.19797572255491094 0.5961190463599887 0.19946861774456157 0.6067137581772306 0.20375779467887428 0.6099914736040396 0.21016508426225436 0.6124045405774934 0.22085381041680902 0.6126581541150986 0.22976350847009336 0.61055024213752 0.23711280215061525 0.6067561455626783 0.24029368744256177 0.6040461111008388 0.2520749167867585 0.591149844375506 0.25327332324875645 0.5880139887796062 0.2538759350716534 0.5767697067735785 0.25218732951646256 0.5735478682001174 0.2457874725697732 0.5683086776630502 0.23385482095373353 0.5633577838242122 0.22647518127355365 0.5619297898009655 0.20757783952427658 0.5653799544655629 0.20318337477050305 0.568614799224258
2 0.1947316834520684 0.5222785602154825 0.18781963722856146 0.5274233386261657 0.1827996472889236 0.5338542512291866 0.17845039380818964 0.5366589394587431 0.17545809397154008 0.5430855166666861 0.17538315215173728 0.5548201674502784 0.17986834717803762 0.5589883020595775 0.18429315793146933 0.5609755478989709 0.19550212145242718 0.5645456537777541 0.20180381548989898 0.5652079885104409 0.22982947902096798 0.5603252527861855 0.24500309247537527 0.5564837085068188 0.2558423177224304 0.5497946053297814 0.25858595555736186 0.5457338890321004 0.2600708026574269 0.5426281395604137 0.2589247323787118 0.5342444226372903 0.25266794188783215 0.524888638949194 0.24424782747484555 0.5168276602435913 0.23777272098190597 0.5150598280638451 0.2133500171999693 0.5159721658630585 0.1947316834520684 0.5222785602154825