5 0.8360261880407343 0.6644278806636701 0.8327946470026534 0.66501351371797 0.8296238456772654 0.6682095295911081 0.8283107129222194 0.6733047829264408 0.8354125736150907 0.6780508074660481 0.8412389986734817 0.6874612052812598 0.8474193523454014 0.6895215396206222 0.8549735784850601 0.6890970034434903 0.858280513764272 0.687649610269734 0.8605716992211182 0.6845937270450534 0.8615560183876682 0.6766475484005494 0.8600564724626996 0.6706549503709363 0.85779459606273 0.6667665477190269 0.8500623448168374 0.6626166383480745 0.8474046486509292 0.663252476323312 0.8396954399971637 0.6621438298309262 0.8360261880407343 0.6644278806636701
5 0.7771944573814695 0.6197705613066695 0.7691040834902038 0.6197140125031356 0.7637509940378219 0.6214165685133388 0.7609236608293684 0.6239913667573532 0.7585193840108253 0.6283398901612185 0.7584984630176372 0.6417975818546697 0.7601529914567127 0.6493233625538005 0.7631813923635271 0.654364272736437 0.7668967295042111 0.6581627476608263 0.7771924341145977 0.662754019205862 0.7873101136187506 0.6627708452028134 0.7914966647665046 0.6611833193805993 0.7955282334001514 0.6580626108888675 0.8020017759729072 0.6501624989335422 0.8029295494586087 0.6428626403786305 0.8020603940866611 0.6362739271803626 0.7978235637228084 0.6285222243370127 0.7941082265821247 0.6247237494126233 0.7910274740263061 0.62358586222801 0.7844282579963204 0.6230085056372279 0.7771944573814695 0.6197705613066695
5 0.8007430181337367 0.6083712713716595 0.8052856194939585 0.6159326366456142 0.8135917156120238 0.6201327509375041 0.8206893822730509 0.6216220725686805 0.8286436222104925 0.6199299986728326 0.8317013321741837 0.6180266229788791 0.8359213864106589 0.612751514188506 0.8366229771729667 0.608036935991964 0.8346626777375222 0.6007014928622284 0.8236192971805734 0.5947422737566016 0.8185112390118675 0.5936441093785708 0.8081254856319113 0.5933867408912866 0.8028142873319395 0.5979151197501922 0.8007430181337367 0.6083712713716595
5 0.6736406221453697 0.630248790528019 0.6700132613413501 0.6353586642094655 0.6656654612147397 0.6453985561173183 0.6665115739945604 0.6489460064370196 0.6701326683338302 0.6538216815107296 0.6771549407537261 0.6561727632613625 0.683180311911539 0.6566999149312072 0.6902549359804391 0.6551479736838169 0.6990615551624512 0.6470178013525139 0.7038596483029431 0.645049600391509 0.7047350701396407 0.6416527648346205 0.7008417078927229 0.6332798443621469 0.6962279063232144 0.6298369421160797 0.6888244686658181 0.6285379580542985 0.6852452654789581 0.6264881058292912 0.6791633486402968 0.6266072742490388 0.6736406221453697 0.630248790528019
5 0.6054617338565067 0.47101903067080403 0.6013736195420112 0.4747860592521282 0.5916769239948634 0.4897852100786147 0.5894087811301442 0.4958823561818618 0.5884998562047254 0.5029667747069093 0.5904936587288915 0.5066146348684858 0.5943597843518378 0.5086895895539619 0.6077090048940713 0.5081207824966135 0.6118578589212597 0.5069641367341278 0.6179732788486423 0.503157385346221 0.6293098483064272 0.49915615815716025 0.6319214592880812 0.4924377944247896 0.6287422698990042 0.4891204044810662 0.6267924309601537 0.475056115504605 0.6229032627450801 0.4699398979405621 0.6167417576334433 0.4676641235713356 0.6126682978473863 0.46795900921436484 0.6054617338565067 0.47101903067080403
5 0.5470467439563688 0.4083797789932052 0.5467451669918441 0.41182681947103134 0.5509903854193852 0.42609192813124286 0.5529653393832683 0.4299552283226835 0.5600483515158571 0.4349166928921548 0.5646391104932384 0.43531833225965555 0.5730687584695944 0.431496960525635 0.5782438228157425 0.4252199589673477 0.579425015648809 0.42163278584106384 0.581303605212339 0.4100743316098071 0.5806124749466253 0.4080600639596235 0.573261388938233 0.40285805689981935 0.5684779503261794 0.40135411492252915 0.5581110455065059 0.40088130640538067 0.5542114167948384 0.4024939346880635 0.5470467439563688 0.4083797789932052
5 0.6385707087039971 0.3536483485031097 0.6347171651765839 0.36134350254292585 0.6325013739608688 0.36353762564814984 0.6321997969963441 0.36698466612597597 0.6333181776838125 0.3740293618444409 0.6370042057676195 0.38477212264541993 0.6395907017242408 0.3882547476980699 0.6441668061731838 0.39212853000386555 0.6509210047172761 0.3942390692641656 0.6578259917436309 0.39462608828555246 0.6643644680609239 0.3925930620574964 0.6687206562512227 0.38906657596650523 0.6730349532891118 0.38271426702681144 0.6786393404899199 0.36822544187321826 0.6796613567770353 0.3598483831689859 0.6790225781603255 0.35393109252077914 0.6754203323813386 0.3488399774172052 0.6696211439469191 0.34572754538899086 0.6619496324137193 0.3441880188368769 0.6417415100293853 0.3504523326299716 0.6385707087039971 0.3536483485031097
5 0.5553924129637703 0.27994193661935884 0.5501943060254951 0.28317767529907956 0.547295772607755 0.2898709365709814 0.5475533859869643 0.29684032490804 0.5497252136173642 0.3050626306177008 0.5534782478786137 0.3084302254823618 0.5637132127763076 0.31041111420855916 0.5695836014200137 0.3094050832088861 0.5735062727238084 0.31083371780476987 0.5769681905171273 0.31091950730053125 0.585247050011221 0.3088216558054239 0.6056143489415061 0.3073472275902775 0.6089778299015666 0.3052535143269288 0.6141905913682802 0.2985456327089132 0.614722545088043 0.29577001478114834 0.612475323216512 0.28840946919094407 0.6078007819343106 0.28235618412603825 0.5980789221960967 0.2778151175019402 0.5844574337462151 0.274886679160525 0.578304316698267 0.27912431060816 0.5553924129637703 0.27994193661935884
5 0.7014903570136228 0.27557381433636535 0.6977645593763449 0.2785041852587018 0.6957414477953021 0.2818006109737151 0.6955425016958799 0.29068385711908207 0.7022066514704026 0.29712829943713365 0.7074885407134979 0.2995442064548179 0.7146239044950906 0.300602648026266 0.7187539099619961 0.29966144229364433 0.7253908231125472 0.2998079188246984 0.7366708468894839 0.29645301172523 0.7394793315376543 0.2940936535110796 0.7479948342517357 0.2826816758108769 0.7491383299642367 0.2795253827443213 0.7446187711961423 0.27500528034893323 0.7410395680092823 0.2729554281239258 0.7251038515104272 0.2700416101286244 0.7175873224913343 0.27003526624602814 0.7085838296428055 0.273806433059111 0.7014903570136228 0.27557381433636535
5 0.3964855409891019 0.25887544761319214 0.39385088741532087 0.2625525484669961 0.3872349444239915 0.27868958647809594 0.3877375890868773 0.2828582544269208 0.3915702116211023 0.288620792080556 0.3943451931805516 0.2899490168345647 0.40216749319601386 0.28976502314776564 0.41711676892937993 0.28412606521555317 0.4252176033172398 0.27745376817236145 0.4275464858946516 0.27396700488795267 0.4287758363448778 0.2632201058552149 0.4273370301326018 0.2598378906444402 0.41600253310772217 0.2505968661699137 0.40886716932612954 0.2495384245984656 0.40527331161083113 0.2509607153117531 0.4032878971503539 0.2538262609670382 0.3964855409891019 0.25887544761319214
5 0.467788948754964 0.28986184089771483 0.4691942518785187 0.29693163907664866 0.4801517776977424 0.31048146414845773 0.48374563541304083 0.30905917343517014 0.4868368484654533 0.3034682147730578 0.49543193945251024 0.29445117986182934 0.4990781488168127 0.28912586615051866 0.4992624403877962 0.2837147629434465 0.49680788435315454 0.2787240576817477 0.4917375233050145 0.2771950132439887 0.47614946895493865 0.27691668052799445 0.4685805882868415 0.2808133596434213 0.467788948754964 0.28986184089771483
5 0.7625145904663073 0.16628971653154934 0.7605145214773917 0.1726274051251293 0.7624790149446807 0.1832195511632956 0.765832035408147 0.18785468374667252 0.7728585018598874 0.19346246840573628 0.7799184714003488 0.19538267009664106 0.7853092579732964 0.1932492340267097 0.7894162208480747 0.1892667654155215 0.7914079017733016 0.17641567100507985 0.7892926198237502 0.16754704520582675 0.7855395855625008 0.16417945034116563 0.7790911580147775 0.16187857351147028 0.7718803999920535 0.1616818920594787 0.7666027047808028 0.16252268795022512 0.7625145904663073 0.16628971653154934
4 0.7212314102566977 0.24821099796269946 0.7165359479813083 0.2556154045912451 0.7147516012191922 0.26609665867318105 0.7170700233000099 0.26933874123549817 0.7385703574462023 0.27143686580052195 0.7438710952495801 0.273637332788342 0.7481602772624366 0.27748601263366884 0.7515468008146242 0.27843356224888693 0.7547971904129878 0.277632489164723 0.7597649205960251 0.2737253279349411 0.7652038647861323 0.2644321659585559 0.7663997121476374 0.25737284989397713 0.7639263075527127 0.2525975846621423 0.7548536869278025 0.24724496283952532 0.7441768170799155 0.24370578898334153 0.7404279768505104 0.24359489702711135 0.7263729715141245 0.24562157937257112 0.7212314102566977 0.24821099796269946
3 0.4765119822962906 0.39504484781142757 0.47221233978684 0.3979250138128264 0.47114423831547037 0.4002195467599255 0.4698813847765229 0.41465402876082236 0.4666435772736923 0.42522521057027846 0.4668257964117705 0.4330563590267936 0.470821789523791 0.4468654851668082 0.474842897660844 0.45047362252180206 0.47821057265274886 0.4516366121668841 0.49226977202097916 0.4528666327298551 0.4949274681868873 0.4522307947546177 0.4992271106963379 0.4493506287532189 0.5087018175519367 0.4401934611935327 0.5125930581999154 0.43206742709398843 0.5205577586339512 0.4236465073514147 0.5233997463708431 0.41759956616910526 0.5240782945410238 0.40984372509399647 0.5220991465452963 0.40272372199412504 0.5193199709540026 0.39813879433168575 0.5152611656963841 0.39496153703642006 0.49404355995443383 0.38963181202343433 0.4834127752908011 0.39217516392438373 0.4765119822962906 0.39504484781142757
2 0.7319541686247045 0.13886787263359568 0.7213422325213544 0.14119578450468104 0.7086548331879576 0.15072314508880275 0.7040201106252612 0.1607379345361868 0.6990942715946338 0.16747091861467123 0.6951318307373682 0.17971541574210298 0.6958690461873364 0.1878122091494198 0.7038547167805939 0.19567480394900003 0.7082569901551473 0.19823084361514196 0.7150488858198052 0.19991050281571382 0.7197527361588835 0.1990195020040296 0.7273970110681117 0.1942610627691464 0.7323040015384561 0.18774351872052603 0.7461767877367638 0.17788568791855103 0.7537456684048609 0.17398900880312426 0.7574903146024216 0.17084319785092364 0.7608684500909205 0.16527734164927996 0.7619742486828558 0.1625519286424527 0.7617396778957736 0.1586238031839607 0.7564494005889897 0.1496944903494148 0.7521602185761331 0.14584581050408799 0.7385533846546901 0.13944522922437802 0.7359899312901959 0.13900386705029474 0.7319541686247045 0.13886787263359568