2 0.6030854911078009 0.8119494723314962 0.608009512443397 0.8137878479366153 0.6153649058234166 0.8242503304366317 0.6248705736760958 0.8327073662101847 0.6299351437975741 0.839860518625984 0.634052249884286 0.8413217350916504 0.6376100302489865 0.84113205472308 0.6419105791943049 0.8371211612701541 0.647585125986773 0.8230227428589758 0.6462846608357223 0.8146184619956187 0.6409083545191051 0.8045406750507972 0.6317679432320602 0.7957140165535339 0.6259193396088184 0.7925943668378874 0.6110524903103892 0.7905857868910601 0.6069643936954728 0.7919942484465308 0.6050968459461568 0.7940546516808785 0.6028456584571819 0.801107629094339 0.5963413146687089 0.8104182265264601 0.5968945126660457 0.8136101071791648 0.5961227346136319 0.8145616422423825 0.5992449840197571 0.8120841961921819 0.6030854911078009 0.8119494723314962
0 0.6231634397882329 0.519974954829828 0.6283121689035809 0.5161289309005573 0.6297380579696469 0.513321745803047 0.6209629032482361 0.5041254645820736 0.6147903079805055 0.5011631479743398 0.6078398069356864 0.500693350248291 0.6012651887542725 0.5073465592750721 0.6002809583714566 0.5109005262357448 0.6020063281833117 0.5140999433041918 0.6088146512906697 0.5198295613330356 0.6139388695073181 0.5221474726776346 0.6174141200297277 0.5223823715406591 0.6231634397882329 0.519974954829828
0 0.5871504940642939 0.47882658819847246 0.5906731372325237 0.47730821362723175 0.5958692589936923 0.47170891626369593 0.5975840025077763 0.46741570385560316 0.5966594202201307 0.4661344297450758 0.5900039013480046 0.462637620889977 0.5802322607944281 0.46007727426661127 0.5691936631346928 0.46101593809603314 0.566560465057638 0.4624868925751312 0.5656877739889087 0.4684859583253463 0.5673718788796182 0.4718976650095909 0.5769723320239379 0.4768481539146142 0.5808128391119816 0.4767134300539285 0.5839579702652274 0.47864664584333294 0.5871504940642939 0.47882658819847246
0 0.3596008563856016 0.48416532766572995 0.36389527760624524 0.48169541803127175 0.3657628253555612 0.4796350147969239 0.36671191854190643 0.4747523536335813 0.3638678972860284 0.4682511428966595 0.3568883867694137 0.46491166714947313 0.34945496212019905 0.4639073771760594 0.3437407795581645 0.46764348808956047 0.34194963392646444 0.47082029591078084 0.34193737847711464 0.47390226354771575 0.3425257136709218 0.4784228384030905 0.344457408088504 0.48056080739255025 0.3516019782897005 0.48305112467654643 0.3596008563856016 0.48416532766572995
0 0.35918045029789336 0.49840380475564744 0.3613200984727817 0.48890572855264464 0.3591118050565312 0.48517181923683256 0.3529804747099461 0.4819972130133012 0.3463952302307611 0.4811577925635424 0.34251345822157203 0.48150480604002543 0.3375649259872762 0.4858303657087764 0.33607938882604016 0.49347279187748655 0.3363972527458539 0.49485644258804146 0.3384940068480179 0.496145253114311 0.3507276580693924 0.4996247875402363 0.3556990720508089 0.4997098897110905 0.35918045029789336 0.49840380475564744
0 0.30925548730490465 0.4895806178310863 0.30976292180799986 0.4839511748045813 0.30860300544283137 0.48086167075190395 0.3041267705151601 0.47822909319147994 0.29701733751043413 0.47706747011015355 0.2882818185585899 0.47823349638685764 0.2862140739282215 0.4798143638817255 0.28494098909738763 0.48485435815298067 0.2875435485510679 0.4910883227662202 0.29084761166422074 0.49371336391090204 0.29391634069985073 0.49453017511343395 0.30486628079262035 0.4955570743340746 0.30925548730490465 0.4895806178310863
0 0.32466289026968015 0.5386204507029856 0.3250816672058095 0.534956570726543 0.322349185264018 0.5309004587791636 0.31420975838223475 0.5244714789793001 0.3099337203356159 0.5223184371583558 0.30075654270052155 0.5227376815718976 0.2955314114675574 0.5254673009142959 0.2934988040336596 0.5283768626118338 0.29229599359576675 0.5360742452884288 0.2940626283287672 0.5390613727410785 0.29910431670312476 0.5418038633172727 0.3166333735504045 0.5452111668061395 0.3201560167186345 0.5436927922348989 0.32466289026968015 0.5386204507029856
5 0.5071543451106699 0.4390427346031468 0.5061594884300831 0.43510407208727964 0.5040688620525939 0.43227427774254246 0.49640010332585655 0.42946175782697893 0.4849549841793414 0.43098233399590835 0.4718776513610333 0.4363715433413356 0.470410497373822 0.43939101805464337 0.4818997508629995 0.4572663626783987 0.4852160694255022 0.45680943618614556 0.4979694105993218 0.4515775599486308 0.5060875848855633 0.44302128079541453 0.5071543451106699 0.4390427346031468
5 0.4773332292167837 0.46717394528151185 0.48047998952160864 0.4585325639574414 0.4794499956445513 0.4532652072389041 0.4715001393460495 0.4398231337019807 0.4686789998372921 0.43773258480466365 0.46116917307046146 0.4356118902443775 0.4553083139978698 0.43557420816566605 0.45259258607852415 0.437469741876359 0.44900416709044927 0.4453643413372671 0.44703570632481765 0.45247227525861244 0.4485776332780661 0.461143802245652 0.45248228703437593 0.4652074506087738 0.4586900194985769 0.4694984614191776 0.4720194404168538 0.47186912767397277 0.4773332292167837 0.46717394528151185
5 0.44450954898875333 0.44735471523224535 0.44937555138075824 0.44345373479508965 0.45141428653933097 0.43900318927908416 0.4473935948958386 0.4234608288314126 0.44316494949504 0.4195545135762034 0.43404129223044097 0.41667950073701243 0.42927007513007676 0.41707393430563844 0.4237973543702399 0.4210772913428218 0.4231019784354422 0.4231452309929118 0.4248273482472972 0.42634464806135897 0.4338378370462309 0.43734915922448236 0.43801296207653406 0.4445497317324241 0.4409517686240528 0.447544395600816 0.44450954898875333 0.44735471523224535
5 0.3693752191106625 0.20142384184107098 0.37617291592024965 0.1996608303933749 0.3849619552425891 0.19520054686393834 0.3883791868214074 0.18969608968468782 0.39050820869852476 0.17270538400514507 0.38825865036112883 0.16918376430513052 0.38306415775153924 0.1642084645551915 0.37276220094774687 0.16286689911872582 0.3660470339804507 0.16420533133482693 0.3602564493008001 0.16682503766145557 0.35279851375288585 0.17198468296191174 0.35031811991106304 0.17568844661475472 0.3485911209476291 0.1830636266597824 0.34893799433923856 0.18731695539147478 0.35276624597793244 0.19026419916772402 0.3594630297712039 0.1935487184070254 0.36380321448608893 0.199900132451777 0.3693752191106625 0.20142384184107098
5 0.33589254041424316 0.21518405316652184 0.334113650231893 0.2152788933508071 0.33200464068037916 0.21707205046147243 0.33233925862263874 0.22440734683009983 0.3349479458009939 0.22910032762487184 0.3411266687933994 0.2305216604141383 0.34966199086419125 0.2288760983979543 0.3535911555192007 0.2267758114872061 0.35728498609668735 0.22286729463430793 0.3641668419001442 0.21010510684154188 0.36360301760503666 0.19942059671229712 0.35684208714349896 0.1919377052491884 0.34804242152338855 0.1889053593020849 0.3462635313410384 0.18900019948637028 0.3451616339194611 0.19165005147596786 0.3421631792767722 0.19349062867877595 0.331254504105148 0.1922514398423379 0.32922802439592513 0.19362001772140816 0.32811387152499805 0.19935183734794087 0.3291438654020553 0.20461919406647805 0.33185346559672607 0.20426464417425266 0.33544638315789704 0.20540365800835203 0.33837906198074086 0.20993930569521146 0.33589254041424316 0.21518405316652184
5 0.03960787318160316 0.7235703463437415 0.03615100583321831 0.7187124960253148 0.028323315146573946 0.7152081507544737 0.01846301702603176 0.7146133671811704 0.013326543360033338 0.7153774234735064 0.011341328571956 0.7165337117367792 0.009343858334528632 0.7207719676369871 0.007616859371094764 0.7281471476820147 0.010031477393072563 0.7308196089188392 0.013983523795202757 0.7331299838476961 0.032166691656134686 0.7346816373022703 0.039554352811107876 0.7268646035964743 0.03960787318160316 0.7235703463437415