3 0.6553732979333415 0.37515608694153063 0.6579940746305717 0.3743820272898941 0.6677570543902872 0.3671491401381489 0.6768311361545875 0.3631381181029398 0.6792999243138665 0.3584636445370394 0.6799575932754915 0.34788326575876866 0.6749112349175423 0.3355889343737991 0.6693430620401493 0.32998461955119557 0.6605482366292211 0.32599878592037823 0.6395734364246187 0.32418435576908544 0.6337712920079138 0.3252801092072068 0.6266819212284991 0.33022601806779683 0.6134432224579167 0.34620971714048693 0.612193733440257 0.348979216391871 0.6125279003921997 0.35591551928353093 0.6179602188274117 0.3654101963220393 0.6241116251340795 0.37081848330714406 0.637481748351083 0.3758296690485734 0.6553732979333415 0.37515608694153063
3 0.6287975099302866 0.4677105925561653 0.6415833605602655 0.4646947675364911 0.65249771224051 0.45750208717818197 0.6548985731786985 0.4547727947202339 0.6580336169263628 0.4475248497404484 0.6606921309686433 0.4456701339177271 0.6613281966809882 0.4439611874407097 0.6568726192213237 0.4312546969840243 0.6530390516937338 0.42549456111735795 0.6428427487271949 0.4203778128236609 0.6279051036363593 0.41899059957212437 0.6134525748776675 0.420217064527909 0.6052797593988142 0.4231775854871106 0.5996220560510505 0.4283898840737126 0.5969721286355301 0.4382515072608194 0.593351968555722 0.4428857740332838 0.593216114113541 0.4467761362491885 0.6000800999804043 0.4565372030137089 0.6031558031337381 0.4592413465062613 0.6153141746781323 0.46594137532798996 0.6210257494667164 0.4674391967004719 0.6287975099302866 0.4677105925561653
3 0.4302456866616108 0.5746006736635774 0.4515460671913957 0.5753444993421446 0.46791537971388236 0.5769981023196931 0.47139968535150933 0.5762541977631336 0.4734674184955054 0.5748116410121281 0.4768903052233018 0.5675737477307017 0.47629848516726714 0.5597628682038149 0.46860870770505747 0.5488909901731328 0.4593891457140661 0.5405624284612588 0.4528215894540952 0.5388183207594831 0.42405238637889253 0.5373808884551476 0.41706113269660844 0.5395170912709174 0.41283509678049574 0.5449957795835315 0.4126162201792041 0.5512635853758225 0.4142451609628668 0.5541336016107967 0.4212072639268608 0.561084962330497 0.42436702839705526 0.5696347008452656 0.4279655852275831 0.5738718663740545 0.4302456866616108 0.5746006736635774
5 0.507871955876201 0.5139077670080782 0.5010693889191684 0.5106406889684247 0.4979333060137542 0.5096655953496079 0.4872604733418314 0.5099420762129752 0.48461705423757107 0.5113645295672625 0.48278433179063696 0.5143300566561455 0.4832769955917907 0.5167276036292499 0.4866329942562467 0.5196579300543782 0.5038593274078702 0.529780857959823 0.513524190070455 0.525357676852898 0.5137430666717466 0.519089871060607 0.507871955876201 0.5139077670080782
5 0.4998326431592692 0.5543092499786042 0.5036576240600988 0.5520624784808852 0.5064142551995101 0.5473980566133438 0.5072088177610662 0.5411503542177708 0.5040943381049321 0.5313038282977007 0.5021851018101472 0.5282076291301505 0.4971548775479683 0.5237040738753495 0.4874663333206031 0.5205526100863229 0.47453604162168306 0.5194518899575163 0.4658252775276157 0.5213116513489153 0.4622579497308781 0.5244329994818611 0.4615690517354628 0.527654864598397 0.46102459480898866 0.5349932748634136 0.4625176811504703 0.5417536533142927 0.4752376828748589 0.5571290865997758 0.47864651382238527 0.5585464943853855 0.48585768326371104 0.558365524375927 0.4998326431592692 0.5543092499786042
5 0.5962545723500557 0.5743387773602961 0.605078548479274 0.5692370474556433 0.6145838751348975 0.5611295836686714 0.6141364961478039 0.5574352492902654 0.6206868791542546 0.5431655422632703 0.6206405551824441 0.5362392910699696 0.6152772031260725 0.5330224715221112 0.6081188659678172 0.531690522892051 0.6014607400797256 0.5325399900008785 0.5976508541169162 0.5343544990301636 0.589227933002981 0.5362243121199215 0.5710344846603201 0.5455431435956415 0.564786000414272 0.5511676012539594 0.5605071322150889 0.5581592082060919 0.5600985297307958 0.5616072562552038 0.5611895218992442 0.5633765129223753 0.5782401849481362 0.5620243820176047 0.585595795458403 0.5659599571566271 0.5927778141814388 0.5748665506826388 0.5962545723500557 0.5743387773602961
5 0.5630339484461887 0.5930870089936852 0.5544072456689821 0.6007923654073003 0.550006578807888 0.6030190335083013 0.549105312522441 0.6040695345843089 0.5504388628569614 0.6071456303551411 0.5535447558863354 0.6089852489108256 0.5659220040320213 0.6094174719402634 0.5744354947740772 0.6049540840399021 0.5867653797902024 0.5902370172774365 0.5899306134139068 0.5821245473607833 0.5908081981345736 0.573499401388824 0.5861412915426275 0.5668445854902128 0.5813762678535505 0.5629994756364216 0.5793915568686651 0.5620645888110408 0.5750739121666817 0.5619138133356556 0.5611744269612242 0.5638087753908092 0.552630746343128 0.569136688228038 0.5475789188316689 0.5735045652744903 0.5463067874069791 0.5769224582285251 0.5479357281906416 0.5797924744634994 0.5645023140651401 0.5840497039500102 0.5681235133026982 0.5876384757761483 0.5668513818780083 0.5910563687301831 0.5630339484461887 0.5930870089936852
5 0.38358542643238075 0.6976146649137552 0.38826742796234703 0.7038372183439328 0.3899492010290801 0.7051943159393883 0.39139596339875127 0.7050284431969664 0.3961901378061183 0.6997859895152875 0.40265099034219826 0.6963328958974979 0.40593802262781364 0.6929853648319761 0.40105874774583583 0.6841591848928366 0.39990633666755687 0.6758959395007981 0.3980272902488122 0.6719352153963802 0.3927469603515513 0.6663409522721355 0.38821694735953627 0.6640188127562221 0.3847703790669596 0.6636820611416969 0.38128607342933263 0.6644259656982564 0.3789229498361944 0.6660746019851198 0.3711446810613642 0.6742423759622458 0.37044927475468903 0.6859034109116011 0.368253234637522 0.6910201986442944 0.3684052231754732 0.6949206125585582 0.3697614159170237 0.6973483146267395 0.37460191429620127 0.6990321121383613 0.38358542643238075 0.6976146649137552
5 0.4624424255238414 0.7254702085283667 0.4708190226659661 0.7166741442453081 0.47383330690946945 0.7128842990129933 0.4745146574358746 0.7098785651306743 0.4736198994616877 0.7024898963738625 0.47115761961366853 0.6987252001069436 0.46722593498894816 0.6957747702850973 0.4640898520835339 0.6947996766662803 0.44944863659959056 0.7014294224774884 0.44560856076074085 0.7041084564436412 0.4440485863559188 0.7075162976993171 0.44349658196043473 0.7150708391985507 0.44479994241891474 0.7190114599062506 0.44784545569620837 0.7225801283356706 0.45234527881218317 0.7257667927884521 0.4580568536007674 0.7272646141609339 0.4624424255238414 0.7254702085283667
5 0.4137019622576143 0.7512502933463207 0.4206846293131384 0.7411071831661651 0.421304560929713 0.7316074605589792 0.4196529777390202 0.7293858380266558 0.41397159282647616 0.7270234917173062 0.39988238173801716 0.7260986960292806 0.39292886540078326 0.7271542426739657 0.3879147752343746 0.7304414635493334 0.3846740669205696 0.7407152458081561 0.384455190319278 0.7469830516004471 0.38718267074039914 0.751406193268376 0.39535652537700244 0.7566687109077769 0.402272304369186 0.7566938204341762 0.40576415747582295 0.7557337846433997 0.4137019622576143 0.7512502933463207
5 0.35472122373329756 0.7236560544500474 0.356198175979009 0.7226256567707579 0.3518794921192755 0.7142518426967701 0.3479553549635651 0.711085281640707 0.3414104411106244 0.7086927802362801 0.3310631887638843 0.7078986566269218 0.32636713145364793 0.7103314042637807 0.3233452997411347 0.7143373807303124 0.3235285173128762 0.7255963083063108 0.32805853030489124 0.7279184478222244 0.33027825198683847 0.7303763049854828 0.33444390815087066 0.7266266665466042 0.3470933847597935 0.7233896844435336 0.35472122373329756 0.7236560544500474
5 0.3537551477000104 0.7513208524298147 0.3587692378664192 0.7480336315544471 0.3636162445568566 0.7412782592332496 0.36494875573362684 0.7361313164054792 0.36319046881904316 0.7287124925535903 0.3581526970878542 0.7244250685330064 0.34960042984299794 0.7217460740058497 0.34642660959253335 0.7218516365581175 0.33682212668202904 0.724545767791307 0.33296695590515923 0.7276570642258937 0.3296119963984533 0.7329497763993679 0.33354472018092385 0.7441232448198167 0.33995377959168355 0.7504061084401481 0.34333996813217976 0.7524719099284087 0.34683182123881673 0.7515118741376323 0.3537551477000104 0.7513208524298147
5 0.3663585465512384 0.8030465398571784 0.3704185381491298 0.8023227386973371 0.3748192050102238 0.800096070596336 0.3778183943157071 0.7967384878324552 0.379105620678417 0.7928883324099865 0.37889976069964526 0.7822777985366388 0.36968774617766387 0.7737331055905478 0.3608325410146553 0.771476321833466 0.3536213715733295 0.7716572918429244 0.34428208923592724 0.7750098684771238 0.34099505695031185 0.7783573995426456 0.3398975564706034 0.7850273127082934 0.3422239818764415 0.7926823711911173 0.3520343247657175 0.8005987738312754 0.3592303992690232 0.8008500662902506 0.3626316827475395 0.8024836053100776 0.3663585465512384 0.8030465398571784
5 0.3566645331703635 0.8165572844995737 0.3582320550441956 0.812933312009681 0.35484586650369937 0.8108675105214204 0.3542163091026144 0.8041372871656183 0.3503978365130448 0.7979448888305181 0.3453298749058155 0.7945219897468019 0.34190594902026905 0.793536844429626 0.33573293946432126 0.7969999897457744 0.33268091787576765 0.8018704911491736 0.3318043723128511 0.8187186757197354 0.34055391290971887 0.8240012967558542 0.3485984214154011 0.8247150067783405 0.3561427186509195 0.8232473010619396 0.35942220346752485 0.8201159012306348 0.3566645331703635 0.8165572844995737