3 0.46279600395177206 0.11187357823690469 0.4698605660211058 0.11328260932254079 0.4726894413492822 0.11127228768761488 0.4877428885918711 0.11008666663420752 0.49133126005250605 0.11246876852524687 0.4946988985252661 0.11324624912781785 0.49850437425777844 0.1121272482029089 0.5006746793383277 0.11040878680699451 0.5040499440621952 0.10475143223661446 0.5051688615037845 0.09990486833305465 0.504495407573055 0.09642011553618364 0.4987668672171881 0.08666341773103929 0.4839196380984846 0.06903076365524816 0.4741685177382278 0.06389416959096109 0.46696926488274837 0.06178818794595076 0.45978489571037107 0.06345881933682289 0.45490915112068625 0.0692136639955716 0.4531204084643649 0.07568119920667708 0.4532362180322984 0.08414209600753644 0.4551817925898627 0.09235957260052134 0.4573557263864094 0.0957468353090237 0.4597801605370354 0.10829194537775959 0.46279600395177206 0.11187357823690469
4 0.563564449795597 0.24899896779924222 0.5710893590588928 0.24585329522033023 0.5747826539394689 0.24137912159897862 0.5753776919195769 0.2375213684938046 0.5712244186641513 0.22990396239791994 0.5678306415411842 0.2266789798280006 0.5588241336302836 0.22215819625379626 0.5555051437419405 0.22116999548150532 0.5484779752899188 0.22087935529468333 0.5393066404075552 0.2247546784711242 0.5362345221572941 0.22781860095465006 0.5358228235477489 0.23216258444947835 0.5398675446672356 0.24153054195333717 0.544103231408393 0.2449498946738992 0.5486308096560517 0.24710492637614143 0.5561593476353448 0.249064977901646 0.563564449795597 0.24899896779924222
4 0.310039627308015 0.2588292373908895 0.31827538411935224 0.2602867085076627 0.3252277653367498 0.25834056689685625 0.32703139167617346 0.2556496447216333 0.3296845538848946 0.24671825752410226 0.33195215613427775 0.24457835578874784 0.33702612377762753 0.2430863545555359 0.3376959489923596 0.24146538324799033 0.338085137667695 0.2397796218902304 0.32869706733256654 0.2305097645008351 0.31594498724067543 0.22556815061328553 0.29190754202139574 0.21957476595542036 0.28783268471659157 0.21929986576158086 0.280880303499194 0.22124600737238728 0.2784181069121432 0.22422878978662167 0.2779352497839713 0.2314417155882383 0.2806105531077895 0.2364983896354233 0.2884494949926839 0.24607645728290736 0.29866459126290007 0.2517640717870628 0.30457284227333237 0.2569012758774446 0.310039627308015 0.2588292373908895
4 0.5172704973368615 0.7516851722121423 0.5209038886659159 0.7487508298290448 0.524226876089369 0.7381984713239681 0.5226893714253527 0.7205312871317381 0.5195762308417821 0.7173710946120331 0.5130954517854516 0.7134334214897569 0.5026146026589409 0.7114576299712698 0.49748073146406935 0.714489462442736 0.4859517545954833 0.7311375759028047 0.4838373555313458 0.7428567653378326 0.48603742797809957 0.7486915300136834 0.4899325746283383 0.7535859239222853 0.49297092797728476 0.754509334644362 0.5065837989055781 0.7518813724410692 0.5172704973368615 0.7516851722121423
5 0.751552490591845 0.16966020276706528 0.7541381229979368 0.16870348198073937 0.7571430802646814 0.15696794252663415 0.7580151260681885 0.14806925536725762 0.7567916540257708 0.14312581140142377 0.7540077985660139 0.13981968876221296 0.7490049894412907 0.13844274768863657 0.7444549012594222 0.13894593812346284 0.7368326948272925 0.14251305104181483 0.726486167667815 0.1578804934644864 0.7248807643820565 0.16483425906524612 0.7259695456383286 0.1690807524717056 0.7278254492781666 0.17128483423117952 0.7405401357527456 0.17510805721991485 0.7498461614212553 0.1719296846028482 0.751552490591845 0.16966020276706528
5 0.6854678442283691 0.17038387378912762 0.6850263782526194 0.16717463121219073 0.6924053417626644 0.16466111914243853 0.6921697250916873 0.15927988481808755 0.6864524397029252 0.14819407594440914 0.6827406324232494 0.14378591242546132 0.6773337509400886 0.14031811967376223 0.6740147610517455 0.13932991890147126 0.6693187271166262 0.14046526984545743 0.6626992597390398 0.14737120544117488 0.6610226979346543 0.15719391334872296 0.6665827826030607 0.17024099380009558 0.6722851843087204 0.17755018963789154 0.6757127263330023 0.17678783900220832 0.6821637380231282 0.17317228605271925 0.6854678442283691 0.17038387378912762
5 0.753915914733611 0.23368399421940889 0.7641611471891444 0.23027855141354509 0.7703427773069789 0.22526909734530748 0.7715963855347139 0.22111948400112197 0.7714580660325706 0.21531680933733094 0.7690521442810442 0.2116540364088944 0.7646705117866363 0.2088668441974922 0.7547995843233359 0.2068099126097136 0.7478098094886263 0.20763766332170586 0.7383204444495539 0.21032980554911823 0.7356262599075234 0.2130370777434183 0.7337776136996802 0.2210444441927779 0.7349524371576812 0.2261986083283317 0.7376277404814993 0.2312552823755168 0.741362057695385 0.2330052237573962 0.7483779711803018 0.23462497501275234 0.753915914733611 0.23368399421940889
5 0.5545848181731291 0.21363311942881746 0.5628655948528858 0.20977414627145383 0.5657656286996889 0.20489488232973954 0.5677115720763659 0.19646607554093998 0.5663308993135925 0.1934839031528004 0.564048413381107 0.19184719185227217 0.5458070383203235 0.18763583858834615 0.5418930104518724 0.1905053909212293 0.5381398120197743 0.19651939578083502 0.535643850531409 0.2034895114006719 0.5362348909764068 0.21117231757286553 0.538775503514079 0.21553204106067633 0.5456567262128499 0.2164548417566583 0.547875679877816 0.21452566019102393 0.5545848181731291 0.21363311942881746
5 0.5537125939442317 0.7372374803549787 0.5584910413650825 0.7319040760356701 0.5611104386724891 0.7269600220437415 0.5606802276638443 0.7224216683982705 0.5576531292820027 0.7201691466076596 0.5510637980897335 0.7179820248933578 0.5453911637502783 0.718226055127327 0.5379149030713994 0.7211610075365191 0.5339297166843215 0.7268995021761906 0.5328220542098372 0.7304169550112162 0.5336901024782343 0.7330588271292073 0.5362532249501164 0.7347603284799497 0.5429997568627415 0.7349861786165575 0.5508463249987432 0.7381294110910905 0.5537125939442317 0.7372374803549787
5 0.5511567289043444 0.74574742721307 0.5515684275138896 0.7414034437182417 0.5498584696273024 0.7385672014496079 0.5436957207276807 0.7358127092763601 0.5332036166340651 0.7351660288264071 0.5265580106062714 0.7396244624547762 0.5234259888044885 0.7442282161765563 0.521809330551625 0.75251109284585 0.5306698927092748 0.7576640369292145 0.5376745512270867 0.7606128992531047 0.5411394868686805 0.7609689395162358 0.5472463297518907 0.75372270365037 0.5511567289043444 0.74574742721307
5 0.5135016775834356 0.7872151307994344 0.5215766049584198 0.7855281493894848 0.5239788979939488 0.7840851982135046 0.526927580425169 0.7789952141020704 0.5268379095074425 0.7729818192685595 0.5265685279351509 0.771587918149811 0.522894114272787 0.7682981455296775 0.5165854196199143 0.7661758138655899 0.5080091227176586 0.7661933839368565 0.5016928018136785 0.7705058874457198 0.5004130549357362 0.7722079988225571 0.49964956126816756 0.7793561345739594 0.5007495974915445 0.7822735169118847 0.5034474107495724 0.7846719688220014 0.5094268202786315 0.7869402306055948 0.5135016775834356 0.7872151307994344