2 0.07373271889400922 0.6464100346020761 0.0820852534562212 0.6513840830449827 0.08899769585253456 0.6524653979238755 0.09216589861751152 0.6518166089965398 0.09936635944700462 0.6466262975778547 0.10426267281105991 0.6399221453287198 0.10627880184331798 0.6336505190311419 0.10455069124423963 0.6301903114186851 0.10253456221198157 0.6286764705882353 0.09533410138248848 0.6265138408304499 0.0881336405529954 0.6262975778546713 0.08006912442396313 0.6288927335640139 0.0699884792626728 0.6368944636678201 0.0699884792626728 0.6418685121107267 0.07373271889400922 0.6464100346020761
2 0.051843317972350235 0.6749567474048443 0.05990783410138249 0.6825259515570935 0.0673963133640553 0.6859861591695502 0.08122119815668202 0.6890138408304499 0.08784562211981567 0.6853373702422145 0.09245391705069125 0.680363321799308 0.09504608294930876 0.67560553633218 0.09331797235023041 0.6650086505190311 0.0881336405529954 0.6604671280276817 0.08496543778801843 0.6589532871972319 0.07027649769585254 0.6580882352941176 0.06048387096774194 0.6591695501730104 0.05558755760368663 0.661332179930796 0.05011520737327189 0.6667387543252595 0.05011520737327189 0.6717128027681661 0.051843317972350235 0.6749567474048443
3 0.5077764976958525 0.4811851211072665 0.5118087557603687 0.4844290657439447 0.5149769585253456 0.4889705882352942 0.5152649769585254 0.49113321799307963 0.518721198156682 0.49480968858131497 0.5221774193548387 0.49589100346020765 0.5319700460829493 0.4954584775086506 0.5463709677419355 0.4978373702422146 0.557315668202765 0.4969723183391004 0.5642281105990784 0.4945934256055364 0.570852534562212 0.4907006920415225 0.5757488479262672 0.48421280276816614 0.5774769585253456 0.4779411764705883 0.5777649769585254 0.47361591695501737 0.5751728110599078 0.4671280276816609 0.5671082949308757 0.4595588235294118 0.5538594470046083 0.45371972318339104 0.5478110599078342 0.45350346020761245 0.5403225806451613 0.45177335640138416 0.5360023041474655 0.45155709342560557 0.5267857142857143 0.45285467128027684 0.5190092165898618 0.4558823529411765 0.5103686635944701 0.46345155709342567 0.5072004608294931 0.47058823529411764 0.5066244239631337 0.47448096885813157 0.5077764976958525 0.4811851211072665
4 0.08381336405529954 0.70090830449827 0.08899769585253456 0.703287197231834 0.0956221198156682 0.7039359861591696 0.1028225806451613 0.7039359861591696 0.1298963133640553 0.7006920415224914 0.13450460829493088 0.6993944636678202 0.13738479262672812 0.6963667820069205 0.13738479262672812 0.6920415224913495 0.13421658986175117 0.6855536332179931 0.12701612903225806 0.6810121107266436 0.11491935483870967 0.6786332179930796 0.09821428571428573 0.6782006920415226 0.09504608294930876 0.6794982698961938 0.09187788018433181 0.6812283737024222 0.08323732718894009 0.6890138408304499 0.0820852534562212 0.6926903114186851 0.08179723502304148 0.6967993079584776 0.08381336405529954 0.70090830449827
5 0.2275345622119816 0.38711072664359863 0.23761520737327188 0.39900519031141873 0.2451036866359447 0.40181660899653987 0.25518433179723504 0.39814013840830453 0.2572004608294931 0.38343425605536335 0.25432027649769584 0.3799740484429066 0.24798387096774194 0.3752162629757786 0.24481566820276499 0.3737024221453288 0.23761520737327188 0.3730536332179931 0.23070276497695855 0.3743512110726644 0.22724654377880188 0.3775951557093426 0.22609447004608296 0.3814878892733564 0.2275345622119816 0.38711072664359863
5 0.21370967741935484 0.4180363321799308 0.2168778801843318 0.41976643598615915 0.23012672811059906 0.42214532871972327 0.23761520737327188 0.42236159169550175 0.24107142857142855 0.42149653979238755 0.24337557603686638 0.41933391003460213 0.24539170506912442 0.4152249134948097 0.24567972350230413 0.40743944636678203 0.24337557603686638 0.40203287197231835 0.2399193548387097 0.40008650519031147 0.2341589861751152 0.39770761245674746 0.2289746543778802 0.39684256055363326 0.21342165898617513 0.39619377162629765 0.20794930875576037 0.39965397923875434 0.2056451612903226 0.4031141868512111 0.2059331797235023 0.4057093425605537 0.21370967741935484 0.4180363321799308
5 0.25864055299539174 0.4016003460207613 0.2658410138248848 0.40743944636678203 0.2796658986175115 0.40916955017301043 0.2857142857142857 0.4076557093425606 0.2911866359447005 0.4048442906574395 0.29406682027649766 0.3994377162629758 0.2923387096774194 0.38948961937716264 0.2903225806451613 0.38602941176470595 0.2828341013824885 0.3806228373702422 0.27880184331797236 0.3752162629757786 0.27246543778801846 0.3737024221453288 0.26526497695852536 0.37500000000000006 0.26008064516129037 0.3799740484429066 0.2566244239631336 0.386461937716263 0.2563364055299539 0.39749134948096887 0.25864055299539174 0.4016003460207613
5 0.29781105990783413 0.38408304498269896 0.30069124423963134 0.38624567474048443 0.30529953917050695 0.38797577854671284 0.3136520737327189 0.3892733564013841 0.31768433179723504 0.38862456747404844 0.32114055299539174 0.38581314878892736 0.3234447004608295 0.3767301038062284 0.32229262672811065 0.3695934256055363 0.31768433179723504 0.361159169550173 0.31422811059907835 0.3579152249134948 0.3038594470046083 0.3579152249134948 0.29838709677419356 0.3626730103806229 0.2963709677419355 0.36678200692041524 0.2955069124423963 0.3799740484429066 0.29781105990783413 0.38408304498269896
5 0.2569124423963134 0.45415224913494817 0.2626728110599078 0.4576124567474049 0.26900921658986177 0.4599913494809689 0.27592165898617516 0.46020761245674746 0.28168202764976963 0.4591262975778547 0.28744239631336405 0.4567474048442907 0.29176267281105994 0.4530709342560554 0.29176267281105994 0.4491782006920416 0.28773041474654376 0.44052768166089973 0.2836981566820277 0.4375 0.27592165898617516 0.43403979238754326 0.2701612903225806 0.43339100346020765 0.2626728110599078 0.43403979238754326 0.25432027649769584 0.4390138408304499 0.25230414746543783 0.44204152249134954 0.253168202764977 0.4493944636678201 0.2569124423963134 0.45415224913494817
5 0.45074884792626724 0.45242214532871977 0.45593317972350234 0.46020761245674746 0.4596774193548387 0.46258650519031147 0.46716589861751157 0.46453287197231835 0.478110599078341 0.46518166089965407 0.4858870967741936 0.46388408304498274 0.49107142857142855 0.46107266435986166 0.4942396313364055 0.4506920415224914 0.4936635944700461 0.44269031141868515 0.48963133640552997 0.4344723183391004 0.48156682027649766 0.4273356401384083 0.4737903225806452 0.4240916955017301 0.4694700460829493 0.4238754325259516 0.4639976958525346 0.4251730103806229 0.4553571428571429 0.4320934256055364 0.44930875576036866 0.4390138408304499 0.44873271889400923 0.4467993079584775 0.45074884792626724 0.45242214532871977
5 0.5391705069124424 0.4474480968858132 0.5480990783410139 0.45025951557093424 0.5570276497695852 0.45025951557093424 0.574020737327189 0.4448529411764707 0.5780529953917051 0.44160899653979246 0.5832373271889402 0.43252595155709345 0.5838133640552996 0.42128027681660907 0.5817972350230415 0.4169550173010381 0.5780529953917051 0.4143598615916956 0.5679723502304148 0.41154844290657444 0.5607718894009217 0.41154844290657444 0.5466589861751152 0.4173875432525952 0.538594470046083 0.4245242214532873 0.5348502304147466 0.42993079584775085 0.5351382488479263 0.43858131487889274 0.5391705069124424 0.4474480968858132
5 0.5913018433179723 0.4805363321799308 0.5982142857142858 0.48464532871972327 0.6048387096774194 0.4861591695501731 0.622983870967742 0.4868079584775087 0.6298963133640554 0.4850778546712803 0.6339285714285714 0.48183391003460213 0.6373847926267281 0.4772923875432526 0.6396889400921659 0.47080449826989623 0.6379608294930875 0.4641003460207613 0.6324884792626728 0.4595588235294118 0.6267281105990784 0.4573961937716263 0.6203917050691244 0.4565311418685122 0.6120391705069125 0.456098615916955 0.6013824884792627 0.458044982698962 0.5918778801843319 0.46301903114186854 0.5875576036866359 0.4669117647058824 0.5872695852534562 0.47058823529411764 0.5913018433179723 0.4805363321799308
5 0.4660138248847926 0.5259515570934257 0.4737903225806452 0.5317906574394464 0.48444700460829493 0.5350346020761246 0.4922235023041475 0.5356833910034602 0.5048963133640554 0.5309256055363323 0.5100806451612903 0.5268166089965398 0.5144009216589862 0.5168685121107266 0.5135368663594471 0.5086505190311419 0.5069124423963134 0.4989186851211073 0.5126728110599078 0.48810553633218 0.5120967741935484 0.4865916955017301 0.5092165898617511 0.4874567474048443 0.5034562211981567 0.49286332179930803 0.49078341013824883 0.497621107266436 0.4804147465437788 0.4989186851211073 0.47206221198156684 0.5012975778546713 0.46514976958525345 0.5062716262975779 0.46255760368663595 0.511461937716263 0.46226958525345624 0.516219723183391 0.4660138248847926 0.5259515570934257