1 0.6984447004608295 0.4498269896193772 0.7039170506912443 0.45263840830449825 0.7056451612903226 0.4554498269896194 0.7047811059907835 0.45977508650519033 0.7016129032258065 0.46366782006920415 0.7004608294930875 0.4669117647058824 0.7027649769585254 0.4688581314878893 0.7082373271889402 0.467560553633218 0.7096774193548387 0.4656141868512111 0.7139976958525346 0.46453287197231835 0.7246543778801844 0.4662629757785467 0.7307027649769585 0.47469723183391005 0.7361751152073733 0.4757785467128028 0.7439516129032258 0.474264705882353 0.7502880184331797 0.47145328719723184 0.7554723502304148 0.4710207612456748 0.7589285714285714 0.46907439446366783 0.7635368663594471 0.46366782006920415 0.7652649769585254 0.4444204152249135 0.7678571428571429 0.4392301038062284 0.7649769585253456 0.4353373702422146 0.7618087557603687 0.434688581314879 0.7589285714285714 0.4362024221453288 0.7482718894009217 0.446583044982699 0.7410714285714286 0.4498269896193772 0.7358870967741936 0.4491782006920416 0.7307027649769585 0.44269031141868515 0.7278225806451613 0.44117647058823534 0.7237903225806452 0.4355536332179931 0.7160138248847926 0.43014705882352944 0.7134216589861752 0.42971453287197237 0.7053571428571429 0.43101211072664364 0.7030529953917051 0.42949826989619383 0.7021889400921659 0.43144463667820077 0.6961405529953917 0.4364186851211073 0.6949884792626728 0.4392301038062284 0.6952764976958525 0.4470155709342561 0.6984447004608295 0.4498269896193772
1 0.6730990783410139 0.414143598615917 0.6782834101382489 0.4150086505190312 0.685483870967742 0.41825259515570934 0.693836405529954 0.4186851211072665 0.6995967741935484 0.42041522491349487 0.7033410138248848 0.4290657439446367 0.7065092165898618 0.4262543252595156 0.7076612903225807 0.42322664359861595 0.7105414746543779 0.42236159169550175 0.7134216589861752 0.4234429065743945 0.7203341013824885 0.4225778546712803 0.7309907834101382 0.4147923875432526 0.7341589861751152 0.41046712802768165 0.7485599078341014 0.4041955017301039 0.7445276497695853 0.4041955017301039 0.7344470046082949 0.4022491349480969 0.7168778801843319 0.4037629757785467 0.7021889400921659 0.3940311418685122 0.6941244239631337 0.3929498269896194 0.6892281105990784 0.3938148788927336 0.6851958525345623 0.3966262975778547 0.6777073732718895 0.4033304498269897 0.6742511520737328 0.40808823529411764 0.6725230414746544 0.41133217993079585 0.6730990783410139 0.414143598615917
0 0.622983870967742 0.4158737024221454 0.6298963133640554 0.41846885813148793 0.6368087557603687 0.416522491349481 0.6411290322580645 0.41154844290657444 0.6408410138248848 0.40743944636678203 0.6370967741935484 0.4044117647058824 0.6327764976958525 0.4031141868512111 0.626152073732719 0.4035467128027682 0.6224078341013825 0.4059256055363322 0.6209677419354839 0.4085207612456748 0.6206797235023042 0.41133217993079585 0.622983870967742 0.4158737024221454
0 0.6126152073732719 0.4329584775086506 0.6160714285714286 0.43490484429065746 0.6203917050691244 0.4357698961937716 0.6255760368663594 0.4338235294117648 0.6287442396313364 0.43079584775086505 0.6316244239631337 0.4258217993079585 0.6316244239631337 0.4219290657439447 0.628168202764977 0.41976643598615915 0.6226958525345623 0.41911764705882354 0.6157834101382489 0.4210640138408305 0.611463133640553 0.4251730103806229 0.6111751152073733 0.42949826989619383 0.6126152073732719 0.4329584775086506
0 0.22465437788018433 0.4256055363321799 0.22724654377880188 0.43057958477508657 0.23070276497695855 0.432742214532872 0.2379032258064516 0.434688581314879 0.24481566820276499 0.43490484429065746 0.24798387096774194 0.43317474048442917 0.25201612903225806 0.4271193771626298 0.253168202764977 0.4219290657439447 0.25201612903225806 0.41673875432525953 0.24942396313364057 0.4143598615916956 0.24164746543778803 0.41219723183391005 0.23761520737327188 0.4126297577854672 0.22955069124423963 0.416522491349481 0.22638248847926268 0.41955017301038067 0.22465437788018433 0.42171280276816614 0.22465437788018433 0.4256055363321799
0 0.30213133640552997 0.4160899653979239 0.307315668202765 0.42019896193771633 0.3136520737327189 0.42149653979238755 0.3199884792626728 0.4186851211072665 0.32373271889400923 0.41154844290657444 0.32171658986175117 0.40657439446366783 0.31797235023041476 0.4039792387543253 0.31422811059907835 0.4031141868512111 0.3067396313364056 0.4044117647058824 0.30069124423963134 0.40895328719723184 0.3001152073732719 0.41219723183391005 0.30213133640552997 0.4160899653979239
0 0.32661290322580644 0.41046712802768165 0.3283410138248848 0.4147923875432526 0.33122119815668205 0.4160899653979239 0.33842165898617516 0.4154411764705882 0.3430299539170507 0.4134948096885814 0.3450460829493088 0.41154844290657444 0.345910138248848 0.4085207612456748 0.3453341013824885 0.4046280276816609 0.3421658986175115 0.40051903114186854 0.334389400921659 0.39792387543252594 0.32661290322580644 0.40008650519031147 0.32430875576036866 0.40181660899653987 0.32229262672811065 0.4046280276816609 0.32661290322580644 0.41046712802768165
0 0.3162442396313364 0.434688581314879 0.32114055299539174 0.43987889273356406 0.32430875576036866 0.44160899653979246 0.3346774193548387 0.43793252595155713 0.33755760368663595 0.4353373702422146 0.33842165898617516 0.432742214532872 0.3378456221198157 0.42776816608996543 0.33150921658986177 0.4234429065743945 0.3289170506912443 0.4227941176470589 0.320852534562212 0.42322664359861595 0.3162442396313364 0.4258217993079585 0.31480414746543783 0.427984429065744 0.31480414746543783 0.43230968858131497 0.3162442396313364 0.434688581314879
0 0.2154377880184332 0.4796712802768167 0.21658986175115208 0.4811851211072665 0.2203341013824885 0.48226643598615915 0.2315668202764977 0.48248269896193774 0.2379032258064516 0.4798875432525952 0.23963133640552997 0.4775086505190312 0.2387672811059908 0.47037197231833916 0.23070276497695855 0.4669117647058824 0.2203341013824885 0.4692906574394464 0.21658986175115208 0.47145328719723184 0.2154377880184332 0.47361591695501737 0.21457373271889404 0.476643598615917 0.2154377880184332 0.4796712802768167
0 0.4982718894009217 0.9007352941176471 0.508352534562212 0.9065743944636679 0.5135368663594471 0.9057093425605537 0.518721198156682 0.9031141868512111 0.5230414746543779 0.897923875432526 0.5207373271889402 0.8918685121107266 0.516705069124424 0.888840830449827 0.5129608294930875 0.8875432525951558 0.5080645161290323 0.8871107266435987 0.503168202764977 0.887975778546713 0.4985599078341014 0.8905709342560554 0.49769585253456217 0.8923010380622838 0.49711981566820274 0.8951124567474048 0.4982718894009217 0.9007352941176471
0 0.5357142857142858 0.8823529411764707 0.5394585253456221 0.8847318339100347 0.5429147465437788 0.8855968858131489 0.5469470046082949 0.8855968858131489 0.5518433179723503 0.8838667820069205 0.5584677419354839 0.87651384083045 0.5581797235023042 0.8730536332179932 0.5538594470046083 0.869377162629758 0.5469470046082949 0.8682958477508651 0.5432027649769585 0.8685121107266436 0.5397465437788018 0.8698096885813149 0.5348502304147466 0.875 0.5342741935483871 0.8791089965397925 0.5357142857142858 0.8823529411764707
0 0.6440092165898618 0.45501730103806237 0.6471774193548387 0.4576124567474049 0.6509216589861752 0.4582612456747405 0.6549539170506913 0.4576124567474049 0.6572580645161291 0.4563148788927336 0.6581221198156683 0.45263840830449825 0.6563940092165899 0.4478806228373703 0.6512096774193549 0.4470155709342561 0.6483294930875576 0.4474480968858132 0.644873271889401 0.448961937716263 0.643721198156682 0.4506920415224914 0.6431451612903226 0.4530709342560554 0.6440092165898618 0.45501730103806237