3 0.7508640552995393 0.30320069204152256 0.7514400921658987 0.3105536332179931 0.7554723502304148 0.31531141868512114 0.7644009216589862 0.31855536332179935 0.7692972350230415 0.3187716262975779 0.7793778801843319 0.31444636678200694 0.7851382488479264 0.3105536332179931 0.7883064516129032 0.3062283737024222 0.7952188940092166 0.3001730103806229 0.7966589861751152 0.29260380622837373 0.7946428571428572 0.28633217993079585 0.7894585253456221 0.28157439446366783 0.7831221198156683 0.2787629757785467 0.7655529953917051 0.2757352941176471 0.7586405529953917 0.27703287197231835 0.7514400921658987 0.2798442906574395 0.7494239631336406 0.28243944636678203 0.747983870967742 0.2876297577854671 0.7476958525345623 0.29411764705882354 0.7508640552995393 0.30320069204152256
4 0.5146889400921659 0.529628027681661 0.5190092165898618 0.5317906574394464 0.5236175115207373 0.532006920415225 0.5293778801843319 0.5304930795847751 0.5446428571428572 0.5201124567474049 0.5475230414746544 0.5155709342560554 0.5480990783410139 0.5116782006920416 0.5469470046082949 0.5086505190311419 0.5426267281105991 0.5049740484429066 0.5316820276497696 0.5 0.5247695852534562 0.4989186851211073 0.5207373271889402 0.5002162629757786 0.5164170506912442 0.5041089965397925 0.5138248847926268 0.5086505190311419 0.5132488479262672 0.5129757785467128 0.5126728110599078 0.5227076124567475 0.5146889400921659 0.529628027681661
4 0.5420506912442397 0.5488754325259516 0.5463709677419355 0.5519031141868512 0.5504032258064516 0.5521193771626298 0.5558755760368663 0.5508217993079585 0.5642281105990784 0.5454152249134949 0.5682603686635945 0.5389273356401384 0.568836405529954 0.5328719723183392 0.563652073732719 0.5281141868512111 0.5532834101382489 0.5270328719723183 0.5466589861751152 0.5246539792387543 0.5411866359447004 0.5278979238754326 0.5371543778801844 0.5363321799307958 0.5360023041474655 0.5397923875432526 0.5420506912442397 0.5488754325259516
5 0.5622119815668203 0.5153546712802768 0.5639400921658987 0.5190311418685122 0.570852534562212 0.5211937716262975 0.5806451612903226 0.5190311418685122 0.5832373271889402 0.5153546712802768 0.5815092165898618 0.5103806228373703 0.5783410138248848 0.506704152249135 0.5725806451612903 0.5041089965397925 0.563652073732719 0.5056228373702423 0.5622119815668203 0.5086505190311419 0.5622119815668203 0.5153546712802768
5 0.4254032258064516 0.8336937716262977 0.42655529953917054 0.835423875432526 0.4297235023041475 0.8369377162629759 0.435483870967742 0.8380190311418685 0.438652073732719 0.837370242214533 0.4409562211981567 0.8349913494809689 0.44297235023041476 0.8287197231833912 0.4432603686635945 0.8140138408304498 0.440668202764977 0.8122837370242214 0.4334677419354839 0.8105536332179932 0.4279953917050691 0.8114186851211074 0.42367511520737333 0.8140138408304498 0.4228110599078341 0.8211505190311419 0.4254032258064516 0.8336937716262977
5 0.4014976958525346 0.9186851211072666 0.40754608294930883 0.9217128027681663 0.4115783410138249 0.9219290657439447 0.4147465437788019 0.9208477508650519 0.4173387096774194 0.9182525951557095 0.41906682027649766 0.9124134948096886 0.41877880184331795 0.9026816608996541 0.4150345622119816 0.8953287197231834 0.41100230414746547 0.8929498269896194 0.40754608294930883 0.892733564013841 0.4006336405529954 0.895544982698962 0.3989055299539171 0.897923875432526 0.39717741935483875 0.904628027681661 0.39746543778801846 0.9111159169550174 0.4014976958525346 0.9186851211072666
5 0.34389400921658986 0.9290657439446367 0.34735023041474655 0.9357698961937716 0.3487903225806452 0.9368512110726644 0.35426267281105994 0.9372837370242216 0.36146313364055305 0.9355536332179932 0.3683755760368664 0.9212802768166091 0.3683755760368664 0.9147923875432526 0.3660714285714286 0.9104671280276817 0.3623271889400922 0.9072231833910035 0.35944700460829493 0.9063581314878894 0.3554147465437788 0.9067906574394465 0.3485023041474654 0.909385813148789 0.34475806451612906 0.9152249134948098 0.34360599078341014 0.9208477508650519 0.34389400921658986 0.9290657439446367
5 0.3199884792626728 0.9195501730103807 0.32690092165898615 0.9219290657439447 0.33122119815668205 0.9208477508650519 0.3355414746543779 0.9158737024221454 0.33726958525345624 0.9115484429065746 0.3369815668202765 0.9076557093425606 0.33496543778801846 0.9031141868512111 0.3283410138248848 0.9016003460207613 0.32114055299539174 0.9016003460207613 0.31797235023041476 0.9044117647058825 0.31739631336405527 0.9061418685121108 0.31739631336405527 0.914143598615917 0.3199884792626728 0.9195501730103807
5 0.33870967741935487 0.9089532871972319 0.3430299539170507 0.9098183391003462 0.3453341013824885 0.9119809688581316 0.35080645161290325 0.9083044982698963 0.3600230414746544 0.9052768166089965 0.36059907834101385 0.9044117647058825 0.3588709677419355 0.9013840830449829 0.36088709677419356 0.8977076124567475 0.36031105990783413 0.8901384083044983 0.3588709677419355 0.8851643598615917 0.3554147465437788 0.8823529411764707 0.3485023041474654 0.8804065743944637 0.3418778801843318 0.8810553633217995 0.3378456221198157 0.8871107266435987 0.3366935483870968 0.893166089965398 0.3361175115207373 0.9016003460207613 0.33870967741935487 0.9089532871972319
5 0.37067972350230416 0.9139273356401384 0.3758640552995392 0.9163062283737025 0.38018433179723504 0.9167387543252596 0.3882488479262673 0.9076557093425606 0.3919930875576037 0.897923875432526 0.3914170506912443 0.893166089965398 0.3873847926267281 0.8890570934256056 0.38364055299539174 0.8875432525951558 0.37672811059907835 0.8877595155709344 0.371831797235023 0.8901384083044983 0.3663594470046083 0.8977076124567475 0.3654953917050691 0.9005190311418685 0.3649193548387097 0.904628027681661 0.37067972350230416 0.9139273356401384
5 0.3643433179723502 0.9364186851211074 0.37010368663594473 0.9368512110726644 0.37413594470046085 0.9349048442906576 0.3784562211981567 0.9286332179930797 0.37960829493087556 0.9182525951557095 0.378168202764977 0.9171712802768166 0.37384792626728114 0.9156574394463668 0.3695276497695853 0.9169550173010382 0.3629032258064516 0.9305795847750866 0.3629032258064516 0.934688581314879 0.3643433179723502 0.9364186851211074