4 0.18231566820276499 0.3940311418685122 0.18577188940092165 0.39792387543252594 0.19556451612903228 0.40051903114186854 0.20737327188940094 0.40008650519031147 0.21025345622119818 0.40095155709342567 0.21745391705069123 0.39965397923875434 0.2220622119815668 0.3970588235294118 0.22494239631336405 0.3933823529411765 0.22811059907834103 0.379757785467128 0.23531105990783413 0.3695934256055363 0.23502304147465441 0.36461937716262977 0.23185483870967744 0.35553633217993086 0.22811059907834103 0.3494809688581315 0.2240783410138249 0.34580449826989623 0.217741935483871 0.34450692041522496 0.19930875576036866 0.3447231833910035 0.18922811059907835 0.3479671280276817 0.1846198156682028 0.3509948096885813 0.18202764976958524 0.35467128027681666 0.17799539170506912 0.36851211072664364 0.1777073732718894 0.37737889273356406 0.18231566820276499 0.3940311418685122
4 0.14717741935483872 0.4798875432525952 0.15408986175115208 0.48313148788927335 0.1716589861751152 0.48226643598615915 0.18202764976958524 0.4788062283737025 0.18922811059907835 0.47080449826989623 0.19700460829493088 0.4593425605536333 0.19815668202764977 0.44961072664359863 0.195852534562212 0.4457179930795848 0.18980414746543778 0.44204152249134954 0.1811635944700461 0.44052768166089973 0.17482718894009217 0.4357698961937716 0.16071428571428573 0.4355536332179931 0.15610599078341014 0.4377162629757786 0.14055299539170507 0.44961072664359863 0.13767281105990783 0.4569636678200692 0.138536866359447 0.4701557093425606 0.14717741935483872 0.4798875432525952
4 0.09850230414746544 0.5084342560553633 0.10570276497695852 0.5125432525951558 0.10858294930875576 0.5127595155709342 0.11923963133640554 0.5164359861591696 0.12327188940092167 0.516219723183391 0.13047235023041476 0.5136245674740485 0.14084101382488481 0.5049740484429066 0.14631336405529954 0.4991349480968858 0.15207373271889402 0.48810553633218 0.15207373271889402 0.48313148788927335 0.14372119815668202 0.4770761245674741 0.1396889400921659 0.47231833910034604 0.13450460829493088 0.46193771626297575 0.13076036866359447 0.45977508650519033 0.12903225806451613 0.46172145328719727 0.12298387096774195 0.46453287197231835 0.11203917050691245 0.4666955017301039 0.10224654377880185 0.47383217993079585 0.09907834101382489 0.4775086505190312 0.09821428571428573 0.4805363321799308 0.0956221198156682 0.4984861591695502 0.09850230414746544 0.5084342560553633
4 0.15264976958525348 0.5173010380622838 0.16820276497695855 0.5237889273356402 0.18231566820276499 0.5257352941176471 0.18836405529953917 0.5224913494809689 0.1935483870967742 0.5164359861591696 0.19556451612903228 0.5123269896193772 0.19786866359447006 0.4980536332179931 0.1863479262672811 0.4954584775086506 0.17540322580645162 0.49113321799307963 0.1716589861751152 0.49091695501730104 0.16186635944700462 0.49329584775086505 0.1578341013824885 0.495242214532872 0.1517857142857143 0.5 0.14919354838709678 0.5041089965397925 0.14948156682027652 0.5125432525951558 0.15264976958525348 0.5173010380622838
4 0.6647465437788018 0.3393166089965398 0.6676267281105991 0.34407439446366783 0.6748271889400922 0.3496972318339101 0.6802995391705069 0.3501297577854672 0.6857718894009217 0.34904844290657444 0.6972926267281105 0.34537197231833916 0.7021889400921659 0.342560553633218 0.707373271889401 0.32266435986159175 0.7076612903225807 0.31617647058823534 0.7065092165898618 0.31358131487889274 0.7030529953917051 0.3142301038062284 0.6998847926267281 0.31228373702422146 0.6943165322580646 0.31250000000000006 0.6915322580645162 0.31141868512110726 0.6903801843317973 0.3090397923875433 0.6869239631336406 0.30666089965397925 0.6817396313364055 0.30471453287197237 0.6754032258064516 0.30471453287197237 0.665610599078341 0.31401384083044986 0.6612903225806452 0.32266435986159175 0.661578341013825 0.3282871972318339 0.6647465437788018 0.3393166089965398
3 0.7016129032258065 0.30666089965397925 0.7016129032258065 0.3109861591695502 0.707373271889401 0.3198529411764706 0.704205069124424 0.3384515570934256 0.7044930875576038 0.34191176470588236 0.7099654377880185 0.3438581314878893 0.7165898617511521 0.34429065743944637 0.7283986175115207 0.3423442906574395 0.7347350230414746 0.3384515570934256 0.7381912442396314 0.33261245674740486 0.7422235023041475 0.30752595155709345 0.7419354838709677 0.30384948096885817 0.7341589861751152 0.2995242214532872 0.7275345622119815 0.2984429065743945 0.7203341013824885 0.2990916955017301 0.7137096774193549 0.30190311418685123 0.7067972350230415 0.298659169550173 0.7024769585253456 0.3001730103806229 0.6998847926267281 0.30363321799307963 0.7016129032258065 0.30666089965397925
2 0.7793778801843319 0.2761678200692042 0.7932027649769585 0.3086072664359862 0.7975230414746545 0.3142301038062284 0.8070276497695852 0.3213667820069205 0.8110599078341014 0.32158304498269896 0.8211405529953918 0.3187716262975779 0.8280529953917052 0.31250000000000006 0.8349654377880185 0.29736159169550175 0.8352534562211982 0.27335640138408307 0.8315092165898618 0.26319204152249137 0.8280529953917052 0.25994809688581316 0.824020737327189 0.2580017301038063 0.8127880184331797 0.2577854671280277 0.8032834101382489 0.2564878892733564 0.8004032258064516 0.2569204152249135 0.786578341013825 0.26297577854671284 0.7799539170506913 0.2698961937716263 0.7788018433179724 0.27249134948096887 0.7793778801843319 0.2761678200692042
2 0 0.8399653979238755 0.012096774193548387 0.837370242214533 0.021889400921658985 0.8315311418685122 0.02476958525345622 0.8265570934256056 0.036578341013824886 0.814446366782007 0.04377880184331797 0.8012543252595157 0.0429147465437788 0.7958477508650519 0.039746543778801845 0.7921712802768167 0.03254608294930876 0.7869809688581315 0.012096774193548387 0.7794117647058825 0.005184331797235023 0.779628027681661 0 0.7813581314878894 0 0.8399653979238755
5 0.7197580645161291 0.7173442906574394 0.7286866359447004 0.7229671280276817 0.7335829493087558 0.7272923875432526 0.7384792626728112 0.7294550173010381 0.747983870967742 0.7316176470588236 0.7548963133640554 0.7303200692041523 0.7597926267281105 0.7275086505190311 0.761520737327189 0.724264705882353 0.761520737327189 0.7201557093425606 0.7566244239631337 0.7076124567474049 0.7537442396313365 0.7035034602076126 0.7430875576036866 0.6950692041522493 0.7413594470046083 0.694204152249135 0.7367511520737328 0.6939878892733564 0.731278801843318 0.6965830449826991 0.7237903225806452 0.6983131487889274 0.717741935483871 0.7019896193771626 0.7160138248847926 0.7054498269896194 0.7157258064516129 0.7099913494809689 0.7197580645161291 0.7173442906574394
5 0.6730990783410139 0.7097750865051904 0.6826036866359447 0.7121539792387543 0.6877880184331797 0.7156141868512111 0.6915322580645162 0.7201557093425606 0.6912442396313364 0.7240484429065744 0.6961405529953917 0.7344290657439447 0.6944124423963134 0.7374567474048443 0.6949884792626728 0.7389705882352942 0.6964285714285714 0.7398356401384084 0.7030529953917051 0.7378892733564014 0.7079493087557605 0.7333477508650519 0.7102534562211982 0.7283737024221454 0.7082373271889402 0.721885813148789 0.7085253456221199 0.7130190311418685 0.7044930875576038 0.7050173010380624 0.6987327188940092 0.6993944636678202 0.6898041474654378 0.6974480968858132 0.681163594470046 0.698529411764706 0.6768433179723503 0.7004757785467128 0.6754032258064516 0.7022058823529412 0.6728110599078342 0.7063148788927336 0.6730990783410139 0.7097750865051904
5 0.6474654377880185 0.7474048442906576 0.6512096774193549 0.747188581314879 0.6523617511520737 0.7478373702422145 0.6509216589861752 0.7521626297577855 0.6543778801843319 0.7523788927335641 0.6558179723502304 0.7551903114186852 0.6610023041474655 0.7588667820069205 0.6647465437788018 0.7588667820069205 0.6702188940092166 0.7536764705882353 0.6751152073732719 0.7551903114186852 0.682315668202765 0.7543252595155711 0.6857718894009217 0.7525951557093427 0.6898041474654378 0.7491349480968859 0.6952764976958525 0.7411332179930796 0.6961405529953917 0.7378892733564014 0.6929723502304148 0.7288062283737025 0.6863479262672811 0.7192906574394464 0.6857718894009217 0.7169117647058825 0.6814516129032258 0.7166955017301039 0.6785714285714286 0.7151816608996541 0.6716589861751152 0.7169117647058825 0.6676267281105991 0.7188581314878894 0.6653225806451613 0.7214532871972319 0.661578341013825 0.7221020761245676 0.6578341013824885 0.7251297577854672 0.6543778801843319 0.7264273356401385 0.6474654377880185 0.7331314878892734 0.6466013824884793 0.7363754325259516 0.6463133640552996 0.7419982698961938 0.6474654377880185 0.7474048442906576