2 0.6138266996799829 0.0938727739845366 0.6047810736845788 0.10620597935032987 0.6039986693343942 0.11274707376365219 0.599441533716011 0.12552966920595615 0.5997381450402829 0.1391312774484811 0.6025486582512694 0.1445333580277041 0.6162388371620843 0.15156592779162642 0.6210100542624485 0.15196036136025218 0.6246855016659103 0.1512459267577478 0.6283960862658428 0.14920279795257357 0.6345564260842235 0.14315851370790478 0.6366699342088332 0.13591805752356265 0.6447971056412667 0.12640711008676414 0.653454593323916 0.11811494383686579 0.6569878627899168 0.11214068893156645 0.6583418483114628 0.10703066532094177 0.6585649269396359 0.10214046774185692 0.6554304220841609 0.09658105405472131 0.6504406249287197 0.09204320477017305 0.6455807502613895 0.08968320815148481 0.6309782445122788 0.08701388013502473 0.6234271528243027 0.08892228507951336 0.6138266996799829 0.0938727739845366
3 0.44655448549701726 0.40618179267397403 0.44462891880410993 0.40986074548190105 0.44475884129222115 0.4120385981477611 0.44758773767723226 0.42206363018238646 0.45033573337153143 0.4422386800988917 0.45628075143799274 0.45320017436525023 0.46200106172470223 0.45847726909721864 0.4687101009673236 0.4582747174948524 0.47282720705403564 0.4568135010291856 0.47912972480987737 0.45602903708731163 0.48259884760761196 0.45425315440581987 0.48501346562958975 0.4515806931689953 0.49127921703738214 0.4415503263163165 0.4958302249310903 0.4272267470555449 0.5008412746820734 0.41677933738701345 0.5008290192327236 0.41369736975007854 0.49946727683492387 0.4066918124287608 0.49584372065037846 0.4001259071705226 0.49251514663852597 0.39658701304133465 0.48490440685537967 0.39366017691462324 0.4701903617921824 0.39343594768770573 0.46360511731299736 0.3942753681374646 0.44655448549701726 0.40618179267397403
4 0.6466805560247308 0.19345607982042884 0.6418513199807754 0.19880100229407796 0.641198838118702 0.20751994937326024 0.6430908967667177 0.21574428788147798 0.645241171239377 0.21774973460794095 0.6557433249242217 0.2159286334319952 0.6625348940091339 0.21615066106122396 0.6717059439195532 0.2150289216562981 0.68068905239827 0.21746868562778712 0.683834183551516 0.21553546983838268 0.6875737776232441 0.2106226630120709 0.6899287475500517 0.20311496070404633 0.6912353404257773 0.1962516636591567 0.6901685802006706 0.1922731174668891 0.6855853045320089 0.18831718052184837 0.6714657223872937 0.18511336025802336 0.6641912296979859 0.1854258248761596 0.6567639327734461 0.1879710986680408 0.6466805560247308 0.19345607982042884
5 0.6602796704537199 0.10643368014994961 0.6614412159704675 0.11391877321074725 0.6640515323004014 0.11980038952945012 0.6695716457060585 0.12555702000089855 0.6776301718971298 0.12927805808291498 0.6849871944287284 0.12939017269637376 0.6879321287009221 0.12793649264644932 0.6917542526149411 0.12344826505173256 0.6932732978210688 0.11918739990429783 0.6902670863021261 0.10523124176954748 0.6859191447109872 0.09946707488235665 0.6821550397405597 0.09821594643479861 0.6727364003032674 0.0980639481449395 0.6668816689553506 0.09964261404211823 0.6618399805809931 0.10238510461831236 0.6602796704537199 0.10643368014994961
5 0.8700920766527773 0.5609087421983723 0.8662286878176129 0.5651846801772914 0.8650046247841783 0.5724725564537761 0.8812638551037818 0.5851744529206039 0.8867181926895938 0.5845548585023849 0.892166402550731 0.5823942802656985 0.8959946541894249 0.5794470364894491 0.8972722375933548 0.5754534174656969 0.8967235381691141 0.5696116848233943 0.8939130249581279 0.5642096042441713 0.8915151609585961 0.5609304198229235 0.8882752445137092 0.559357088743798 0.8811948209807788 0.5576490338039867 0.8738026612527099 0.5588656133931978 0.8700920766527773 0.5609087421983723
5 0.9290148841137091 0.4972416718383208 0.9311116382158732 0.49595286131205113 0.9208264354345268 0.4913427810904444 0.9141586611130508 0.49175762230860814 0.9098474858699614 0.4952393583322225 0.9093706899902407 0.49731483439805474 0.9114752009686585 0.5081416048037275 0.913920457614011 0.5131740626592405 0.9294553025270211 0.5266776974971156 0.9389977367277496 0.5274665646343671 0.9471555467835575 0.5256605362899063 0.9505360120143264 0.5219190905583517 0.9534090427420001 0.5125482018002925 0.9513870616058732 0.5021460106262146 0.9438649793896928 0.5011847375495658 0.9373209998316533 0.5022364476151221 0.93352788538943 0.5038549971887015 0.9302528317480725 0.5036103603122459 0.9282140965894999 0.49915981479624055 0.9290148841137091 0.4972416718383208
5 0.8183310559221446 0.5044362328235337 0.8155695645085576 0.5113620227920506 0.8162298032468847 0.5147586566448107 0.8215909846926349 0.5212071124715365 0.8280356803859379 0.5256824688324576 0.8363295406545319 0.5275952769723241 0.8434802385804033 0.5266459435067954 0.849046115480302 0.5235812502990338 0.8511780067789365 0.5209637455700943 0.8544162940722442 0.511962479535745 0.8538798500973535 0.5092027145303775 0.8487952676502717 0.501158318377299 0.8450724276009893 0.5001194795455384 0.841355715276382 0.5006216245322452 0.8343990865068879 0.49955043843982655 0.8236554710198455 0.5016387857394546 0.8183310559221446 0.5044362328235337
5 0.7912644523288732 0.5387784605155735 0.7859813021523178 0.54178819721545 0.7845280327660351 0.5524252872525521 0.789472066427235 0.5657844602163105 0.7946330509919328 0.5727124517825162 0.803746081958761 0.5773300684198654 0.8105789159648186 0.5777643856648915 0.8205920183205929 0.5749367929178433 0.8301328233697424 0.5651510629416202 0.8322173220225567 0.5607802847784156 0.8297414267538299 0.5480429078305653 0.8208102094940293 0.5383228039983339 0.8185010030614632 0.5370091826271484 0.8129580079086853 0.5356632139953048 0.8100130736364916 0.5371168940452293 0.799139535661338 0.5370273886789974 0.7912644523288732 0.5387784605155735
5 0.7207617157785784 0.5670233107004108 0.705599884307456 0.5660048795181881 0.7037094548110193 0.5683551381234453 0.7007784051397544 0.5834653829237797 0.7004789243939654 0.589471985089737 0.7020347359481425 0.5944570228531071 0.7078727132736133 0.5988300026140007 0.715312265647503 0.5993666964590545 0.7195944314187968 0.5987546384565778 0.7255668298054749 0.5962718575883239 0.7291887568384415 0.592263165733087 0.7321565728577559 0.5863988238435576 0.7392827598849276 0.579285555104159 0.7334386548347819 0.573371591524798 0.7344318823637898 0.5588583318954556 0.7326529921814395 0.5587634917111706 0.7276999613740477 0.5634715453374269 0.7207617157785784 0.5670233107004108
5 0.5911736662476628 0.4452654363099417 0.5904263990939487 0.4504778365205939 0.5849095439914493 0.4658704002760953 0.5875856361412284 0.47812824148446564 0.5899773724160854 0.4798664420872461 0.5933349558997334 0.48053565819529653 0.6091202597611336 0.4757048203194745 0.6221301876080176 0.4641432076617594 0.6292028542646942 0.4537356816696282 0.6291554616188739 0.45198240823536323 0.6259858195669283 0.44775168875089777 0.613897215704532 0.4368828330711357 0.6085956823539519 0.43526961831560984 0.6023756944404011 0.43647866148907866 0.5938297460718382 0.44232572894943456 0.5911736662476628 0.4452654363099417
5 0.6061905239848232 0.3081772361695981 0.5962019325277487 0.3171687641905162 0.5922286335300766 0.3344643980724529 0.5951690692291742 0.34204433131753587 0.6031695764766543 0.35150472544182715 0.6090839559197411 0.3547613006158482 0.6183436633971263 0.3556051242609849 0.6253293016384159 0.353806632332266 0.6318548980224307 0.3481319708113072 0.6344161925549656 0.34168571658227026 0.6370645155028873 0.32663042828982086 0.6372937218557353 0.32328121452920344 0.6337633218112516 0.30964725902602036 0.6308825342073241 0.3069025668521374 0.6273598910390943 0.3053841922808969 0.6162387635370679 0.3040209492198799 0.6122805894102628 0.30479034033026925 0.6061905239848232 0.3081772361695981
5 0.5229854860913277 0.3948500824135675 0.5219493644895954 0.3985764553136373 0.5226096032279226 0.4019730891663974 0.5313116141348752 0.4150424067592463 0.5345576583044368 0.41815672165683937 0.5390110114849873 0.4199348059360202 0.5425687918496876 0.42012448630459076 0.54627937644962 0.4180813574994165 0.5527637079124894 0.4121944063626602 0.5554839344049312 0.40505632677834563 0.5556763744097297 0.39246121010692336 0.5543681523824253 0.38874991003833814 0.5437238207601196 0.38531119091148885 0.5369322516752073 0.38508916328226017 0.5295049547506676 0.38763443707414125 0.5266425503207648 0.3895126963556608 0.5229854860913277 0.3948500824135675
5 0.629292436844974 0.23230601113404786 0.6287392388476374 0.23549789178675282 0.631072956178903 0.24297544843180807 0.6380479681224218 0.2486695859796293 0.644686732972102 0.25112442278260294 0.6515547041746302 0.25023004582495917 0.6544171086045331 0.2483517865434397 0.6647542026047959 0.24568152690430414 0.6679818636003328 0.24417289034649464 0.671927782277788 0.2403215315991703 0.6773804907120213 0.22912734006747643 0.6797538438128535 0.22624258921485443 0.6805072386912425 0.22257117282266958 0.6806126502806542 0.2185850902146597 0.6791516240181178 0.2171065993198194 0.6691965406059348 0.21419483602459266 0.6520266125996143 0.21643077841870212 0.6454062309239588 0.21859889307113098 0.6325078423911611 0.22771540693930356 0.629292436844974 0.23230601113404786
5 0.5237483406225657 0.26141382263854646 0.5192247130490741 0.2622931267647057 0.5084994807360564 0.26900442551973625 0.4937625539257384 0.27319085813242355 0.4941400659407223 0.27664244849306857 0.49004747075270993 0.28426760023260533 0.4937963074700834 0.28845909914336154 0.4961101558579328 0.2943249795278888 0.5010525603675537 0.2971095553781721 0.5042389564419452 0.2953886292045652 0.508362190253332 0.29546839655736595 0.5156595646897605 0.2907452700996248 0.5198653283434382 0.2912496166840205 0.5215678164081725 0.29246086145517836 0.525119469048198 0.2911095580052814 0.5278703341640142 0.29167639751330443 0.535745417496479 0.2899253256767283 0.5475725472310738 0.28586387891129544 0.5526555005265771 0.2833336779508988 0.5553344620978733 0.2759833087507869 0.5547918903983076 0.27168255992695184 0.5520577793049373 0.26516407476085646 0.5491769917010096 0.26241938258697345 0.5436278688235568 0.2595324301366625 0.5332372544527988 0.2589084325230657 0.5260865565269274 0.2598577659885945 0.5237483406225657 0.26141382263854646
5 0.413188696076078 0.31000265710658403 0.42016983574427175 0.3172377784728727 0.4286410111467974 0.32308171271286407 0.4324341255890206 0.3214631631392848 0.43534842123783984 0.3123045639970229 0.44369254357377147 0.2963624351626721 0.4440042797689102 0.29343780063364966 0.4366640112597574 0.28737404036211833 0.43274097432942293 0.28681473726983764 0.41691440554687736 0.29143328552986236 0.40989975783379223 0.29610145547971856 0.4097179441267646 0.30120394267460104 0.413188696076078 0.31000265710658403
5 0.33491589890108947 0.2952550918845554 0.3328375279729502 0.30116685386622744 0.33173276112985584 0.3181252122851121 0.3369350106156992 0.32526549346711536 0.3440918362662455 0.32585714382005415 0.35389861401629247 0.32196810299401835 0.3619967759769303 0.3153268335783574 0.36746173986051334 0.30721460968359837 0.3691748542230185 0.3009332249782163 0.3673591976926188 0.2915924818831261 0.3652440604164301 0.2882583409539933 0.3575156535945224 0.286235619798357 0.35329763449149487 0.28264930557702617 0.3480022288655896 0.28257707463996773 0.34323713948990037 0.2837236248898094 0.33491589890108947 0.2952550918845554