2 0.39631336405529954 0.38019031141868515 0.39976958525345624 0.38105536332179935 0.402073732718894 0.3827854671280277 0.41013824884792627 0.38494809688581316 0.4153225806451613 0.38948961937716264 0.4251152073732719 0.3940311418685122 0.4317396313364055 0.3957612456747405 0.4389400921658987 0.3940311418685122 0.44930875576036866 0.38948961937716264 0.4631336405529954 0.3910034602076125 0.46716589861751157 0.3905709342560554 0.4737903225806452 0.38797577854671284 0.47839861751152074 0.3847318339100346 0.48099078341013823 0.3799740484429066 0.4804147465437788 0.3737024221453288 0.4778225806451613 0.36678200692041524 0.4772465437788019 0.35921280276816614 0.4737903225806452 0.351643598615917 0.47033410138248855 0.3488321799307959 0.45737327188940097 0.3462370242214533 0.44930875576036866 0.34688581314878897 0.4418202764976959 0.3486159169550173 0.43001152073732724 0.3533737024221454 0.4251152073732719 0.35423875432525953 0.4216589861751152 0.35358996539792387 0.4182027649769585 0.35467128027681666 0.41618663594470046 0.3581314878892734 0.41042626728110604 0.3635380622837371 0.40956221198156684 0.36721453287197237 0.40783410138248855 0.3689446366782007 0.40639400921658986 0.3695934256055363 0.40293778801843316 0.3682958477508651 0.40437788018433185 0.36613321799307963 0.4009216589861751 0.36483564013840836 0.39746543778801846 0.36613321799307963 0.3980414746543779 0.36851211072664364 0.39544930875576034 0.3706747404844291 0.39400921658986177 0.3704584775086505 0.39343317972350234 0.3767301038062284 0.39631336405529954 0.38019031141868515
4 0.5757488479262672 0.3929498269896194 0.5815092165898618 0.4039792387543253 0.5875576036866359 0.4078719723183391 0.5953341013824885 0.41111591695501737 0.6071428571428572 0.4087370242214533 0.6163594470046083 0.405060553633218 0.6238479262672811 0.39987024221453293 0.6287442396313364 0.3933823529411765 0.6304723502304148 0.38711072664359863 0.6301843317972351 0.38256920415224915 0.6284562211981567 0.37478373702422146 0.6235599078341014 0.3628892733564014 0.6160714285714286 0.35575259515570934 0.6013824884792627 0.35056228373702425 0.5961981566820277 0.3496972318339101 0.5918778801843319 0.3503460207612457 0.581221198156682 0.35618512110726647 0.5751728110599078 0.3626730103806229 0.5705645161290323 0.3698096885813149 0.5679723502304148 0.3791089965397924 0.5676843317972351 0.38343425605536335 0.5757488479262672 0.3929498269896194
4 0.40466589861751157 0.3384515570934256 0.407258064516129 0.3414792387543253 0.415610599078341 0.3477508650519031 0.4182027649769585 0.3507785467128028 0.42857142857142855 0.35380622837370246 0.43490783410138245 0.3507785467128028 0.4536290322580645 0.34580449826989623 0.45737327188940097 0.34580449826989623 0.46543778801843316 0.3479671280276817 0.47033410138248855 0.3477508650519031 0.47263824884792627 0.3447231833910035 0.47235023041474655 0.333044982698962 0.4807027649769585 0.3276384083044983 0.4841589861751152 0.32785467128027684 0.4855990783410139 0.3243944636678201 0.478110599078341 0.3207179930795848 0.46716589861751157 0.3187716262975779 0.4533410138248848 0.3187716262975779 0.4432603686635945 0.32244809688581316 0.43836405529953915 0.32093425605536335 0.43317972350230416 0.3205017301038063 0.42828341013824883 0.3213667820069205 0.41071428571428575 0.32785467128027684 0.40610599078341014 0.33174740484429066 0.404089861751152 0.33542387543252594 0.40466589861751157 0.3384515570934256
4 0.438652073732719 0.42019896193771633 0.44642857142857145 0.4253892733564014 0.4579493087557604 0.4312283737024222 0.4660138248847926 0.43339100346020765 0.470910138248848 0.4336072664359862 0.4775345622119816 0.4359861591695502 0.49107142857142855 0.4359861591695502 0.5014400921658987 0.432742214532872 0.5048963133640554 0.43057958477508657 0.5100806451612903 0.42322664359861595 0.511520737327189 0.418901384083045 0.511520737327189 0.4134948096885814 0.5100806451612903 0.40938581314878897 0.49135944700460826 0.3946799307958478 0.4879032258064516 0.393166089965398 0.4778225806451613 0.3914359861591696 0.4616935483870968 0.3914359861591696 0.44930875576036866 0.3899221453287197 0.43490783410138245 0.3966262975778547 0.43260368663594473 0.40051903114186854 0.43289170506912444 0.40830449826989623 0.438652073732719 0.42019896193771633
4 0.681163594470046 0.7826557093425606 0.685483870967742 0.7852508650519032 0.6926843317972351 0.7917387543252595 0.7102534562211982 0.7958477508650519 0.7203341013824885 0.7958477508650519 0.7330069124423964 0.7887110726643599 0.7367511520737328 0.7828719723183392 0.7393433179723503 0.7759515570934257 0.7387672811059909 0.7597318339100346 0.7347350230414746 0.7515138408304499 0.7269585253456221 0.7487024221453288 0.7203341013824885 0.742863321799308 0.7148617511520737 0.7426470588235294 0.7102534562211982 0.7437283737024222 0.7027649769585254 0.7426470588235294 0.6935483870967742 0.7448096885813149 0.6834677419354839 0.7506487889273357 0.6797235023041475 0.759515570934256 0.6797235023041475 0.7766003460207613 0.681163594470046 0.7826557093425606
4 0.786578341013825 0.8060121107266436 0.8032834101382489 0.8142301038062284 0.8099078341013826 0.8163927335640139 0.824020737327189 0.8185553633217995 0.8315092165898618 0.8213667820069205 0.8387096774193548 0.8215830449826991 0.8467741935483872 0.8166089965397925 0.8528225806451614 0.8142301038062284 0.8554147465437788 0.8073096885813149 0.8551267281105991 0.7934688581314879 0.8533986175115208 0.7900086505190311 0.8464861751152075 0.7826557093425606 0.8456221198156681 0.7791955017301039 0.8430299539170507 0.7755190311418685 0.8418778801843319 0.7694636678200693 0.8352534562211982 0.761461937716263 0.8269009216589861 0.7599480968858132 0.8173963133640554 0.7597318339100346 0.814516129032258 0.7618944636678202 0.8035714285714286 0.7755190311418685 0.8006912442396313 0.7815743944636678 0.7934907834101382 0.7830882352941178 0.7897465437788018 0.7858996539792388 0.7874423963133641 0.7945501730103807 0.7845622119815668 0.8003892733564015 0.7842741935483871 0.8038494809688581 0.786578341013825 0.8060121107266436
4 0.48934331797235026 0.9673442906574395 0.494815668202765 0.9777249134948098 0.503168202764977 0.9842128027681663 0.5164170506912442 0.9885380622837371 0.5322580645161291 0.9917820069204153 0.5403225806451613 0.990484429065744 0.5466589861751152 0.9861591695501731 0.5504032258064516 0.981401384083045 0.554147465437788 0.9740484429065746 0.5529953917050692 0.9712370242214533 0.5504032258064516 0.9688581314878894 0.5362903225806452 0.967128027681661 0.5244815668202765 0.9638840830449829 0.5172811059907835 0.955666089965398 0.5014400921658987 0.9448529411764707 0.497983870967742 0.9442041522491349 0.494815668202765 0.9450692041522493 0.49135944700460826 0.9483131487889274 0.48934331797235026 0.9528546712802768 0.4876152073732719 0.9595588235294118 0.48934331797235026 0.9673442906574395
4 0.45852534562211983 0.909385813148789 0.4634216589861751 0.911332179930796 0.47033410138248855 0.9130622837370244 0.4743663594470046 0.9124134948096886 0.4743663594470046 0.9080882352941178 0.4717741935483871 0.9067906574394465 0.464573732718894 0.9050605536332181 0.4596774193548387 0.9054930795847751 0.4570852534562212 0.9067906574394465 0.45650921658986177 0.9078719723183392 0.45852534562211983 0.909385813148789
4 0.42885944700460826 0.9409602076124568 0.435483870967742 0.9476643598615917 0.4498847926267281 0.9476643598615917 0.4556451612903226 0.9446366782006921 0.46054147465437795 0.9383650519031143 0.4639976958525346 0.9288494809688583 0.4642857142857143 0.9225778546712803 0.4616935483870968 0.9204152249134949 0.44614055299539174 0.9156574394463668 0.4395161290322581 0.9139273356401384 0.4340437788018433 0.9137110726643598 0.43202764976958524 0.9145761245674742 0.4311635944700461 0.9163062283737025 0.4274193548387097 0.9303633217993081 0.42713133640552997 0.934688581314879 0.42885944700460826 0.9409602076124568
5 0.26872119815668205 0.41955017301038067 0.2727534562211982 0.4225778546712803 0.2860023041474654 0.42690311418685123 0.29349078341013823 0.42690311418685123 0.3001152073732719 0.4256055363321799 0.30414746543778803 0.4186851211072665 0.3050115207373272 0.4150086505190312 0.30443548387096775 0.40808823529411764 0.3024193548387097 0.40116782006920415 0.29896313364055305 0.39770761245674746 0.2955069124423963 0.39121972318339104 0.2868663594470046 0.38624567474048443 0.27880184331797236 0.3855968858131488 0.27563364055299544 0.386461937716263 0.27246543778801846 0.38862456747404844 0.2701612903225806 0.3933823529411765 0.2681451612903226 0.4108996539792388 0.26872119815668205 0.41955017301038067
5 0.22379032258064516 0.4288494809688582 0.23732718894009217 0.43057958477508657 0.24078341013824883 0.42971453287197237 0.24452764976958527 0.43014705882352944 0.24654377880184333 0.4288494809688582 0.2505760368663595 0.42171280276816614 0.25144009216589863 0.4147923875432526 0.24884792626728108 0.4078719723183391 0.24567972350230413 0.4041955017301039 0.23761520737327188 0.4007352941176471 0.23070276497695855 0.4007352941176471 0.22379032258064516 0.4044117647058824 0.21889400921658986 0.41133217993079585 0.21831797235023043 0.418901384083045 0.22379032258064516 0.4288494809688582
5 0.16820276497695855 0.44182525951557095 0.17338709677419356 0.4459342560553633 0.18577188940092165 0.45263840830449825 0.20017281105990783 0.45220588235294124 0.2056451612903226 0.45004325259515576 0.20766129032258066 0.44506920415224915 0.20996543778801846 0.44247404844290666 0.20650921658986174 0.4370674740484429 0.1995967741935484 0.4320934256055364 0.19066820276497695 0.42841695501730104 0.17857142857142858 0.4249567474048443 0.17223502304147467 0.4249567474048443 0.16849078341013826 0.4262543252595156 0.1653225806451613 0.42863321799307963 0.16445852534562214 0.43057958477508657 0.16474654377880185 0.4357698961937716 0.16820276497695855 0.44182525951557095
5 0.23127880184331798 0.47361591695501737 0.23473502304147464 0.4796712802768167 0.24107142857142855 0.48551038062283747 0.2439516129032258 0.4868079584775087 0.24798387096774194 0.4865916955017301 0.25230414746543783 0.4850778546712803 0.2569124423963134 0.48161764705882354 0.2595046082949309 0.4777249134948097 0.2603686635944701 0.46993944636678203 0.2632488479262673 0.46345155709342567 0.2626728110599078 0.4599913494809689 0.25432027649769584 0.45328719723183397 0.24913594470046085 0.45155709342560557 0.23963133640552997 0.45177335640138416 0.23444700460829493 0.45371972318339104 0.23070276497695855 0.4563148788927336 0.2275345622119816 0.46020761245674746 0.23127880184331798 0.47361591695501737
5 0.25892857142857145 0.617863321799308 0.26180875576036866 0.6198096885813149 0.27592165898617516 0.6195934256055364 0.283410138248848 0.6165657439446368 0.28773041474654376 0.611159169550173 0.2894585253456221 0.5953719723183392 0.2793778801843318 0.5880190311418685 0.27620967741935487 0.5869377162629759 0.26843317972350234 0.5867214532871973 0.26440092165898615 0.58780276816609 0.2595046082949309 0.5916955017301039 0.2574884792626728 0.5951557093425606 0.2560483870967742 0.601643598615917 0.2560483870967742 0.6096453287197232 0.25892857142857145 0.617863321799308
5 0.2831221198156682 0.6163494809688582 0.2914746543778802 0.622621107266436 0.29349078341013823 0.6234861591695502 0.29694700460829493 0.6232698961937717 0.3001152073732719 0.6217560553633218 0.31134792626728114 0.6126730103806228 0.3133640552995392 0.6020761245674742 0.31105990783410137 0.5981833910034602 0.3064516129032258 0.5947231833910035 0.29464285714285715 0.5936418685121108 0.28773041474654376 0.5953719723183392 0.28744239631336405 0.6072664359861593 0.2831221198156682 0.6163494809688582