5 0.6177943361181535 0.7983815163967435 0.6223943805646891 0.7988944023086197 0.6247057257160088 0.7985021551509183 0.6284909124843705 0.7961889707260847 0.6356136634058607 0.7842007273589884 0.6380371107817692 0.7608830695712664 0.6430610049315044 0.7536167007342254 0.6448945329927858 0.7475924193621336 0.6452542194370248 0.7434890752571738 0.64327614056449 0.7412915885750744 0.6360692277813562 0.741598383281902 0.6294193925846239 0.7429963814076436 0.6218716649040041 0.7463253700300315 0.6069471805194724 0.7596915050638403 0.6039542055731807 0.7661281400526627 0.6039289124636562 0.784080259811447 0.6078284555684665 0.7917186837438434 0.614649261741907 0.7970288434071343 0.6177943361181535 0.7983815163967435
5 0.5267993268137595 0.6479816005392953 0.5390527796027322 0.6391110567681477 0.5428719351552498 0.6348518020023957 0.5368459880573003 0.6170103533715883 0.5308664597274882 0.6130126537798481 0.5245725366656444 0.6105235378385098 0.5205257954961595 0.611318085383427 0.515566064605385 0.6149085435765106 0.5054076942788163 0.6192734428554825 0.5015923130356496 0.6233164675833548 0.5003838001290809 0.6265398116925234 0.5005925141992951 0.6310856691027572 0.510157190901886 0.6442303762772954 0.5195848654119244 0.6487208553218825 0.5267993268137595 0.6479816005392953
5 0.44724820712700597 0.4525755915109794 0.4501166298647271 0.4532745477721917 0.45847544091417014 0.45298785952439313 0.4637080491341197 0.4502673480975864 0.46782650218126626 0.445364429832952 0.46845906595468023 0.44213103249426877 0.4646312347275316 0.4303842378421554 0.4615314520634925 0.42643680439798815 0.45270992116141373 0.4202265382798768 0.4458211774196621 0.41880851929842294 0.43540880131067183 0.4212223216217189 0.43014222430656657 0.42588890338944435 0.42975234338752244 0.4317220877974429 0.4322120136594464 0.4393353786560529 0.44125735586914194 0.4492265820328788 0.44724820712700597 0.4525755915109794
5 0.8588223383765283 0.5389239509369442 0.8640511722871274 0.5364196695480172 0.8696510155700171 0.529163353940491 0.870677234571826 0.5198805421559296 0.8693090736166014 0.5157470383624261 0.8556070723201108 0.5085863996419218 0.8475437844559464 0.5084456544287177 0.8432090687198841 0.509235175358878 0.8408826263311621 0.5104923426680987 0.8346992852964163 0.5181710651218701 0.8343471474708783 0.5218419491510702 0.8362912575592576 0.5259855061740881 0.8485005456919531 0.536148232351124 0.8527899697158074 0.5379534718755219 0.8588223383765283 0.5389239509369442
5 0.46690066933443364 0.48190227961988796 0.4740962591895155 0.4822441750266999 0.4813333664474542 0.48020754001683363 0.4848305786492387 0.4778893289772427 0.4857548912985806 0.47444472821543704 0.48531104299269784 0.4668666236601279 0.4826426586505598 0.454707475391284 0.4820893553735088 0.45340004193449024 0.474412174119038 0.44764234235116784 0.47155507430936866 0.44629469597631594 0.46809183089173984 0.44666683667498824 0.46312455138226377 0.4506897549438314 0.459058938666026 0.4525654526781481 0.45578022566560283 0.4533734062046232 0.4475210844561808 0.4534455382772561 0.4468394546612087 0.45948992610837697 0.45214867612410065 0.4688833234175986 0.4623194964346511 0.4803082435186126 0.46690066933443364 0.48190227961988796
5 0.6518973970356834 0.31339245006989536 0.6577361488635926 0.3089521515695644 0.6586378156568305 0.30680493103503775 0.6590125993384721 0.3018366667785587 0.6553972564908885 0.29441949949879936 0.6471818691967692 0.28648944630716383 0.6414601209587294 0.2842266136332198 0.6336810333517917 0.284307125072653 0.6269821321335012 0.2885161136908324 0.6214238062534683 0.2933938988816804 0.6207384021491456 0.29965451675068133 0.6255207405004408 0.3062268703379504 0.6334896706308397 0.3117733664981503 0.6518973970356834 0.31339245006989536
5 0.9102641051320477 0.5458781560391334 0.9154702931865432 0.5446712548774854 0.9178118328126675 0.5425491674167452 0.9193460633793196 0.5371685495435355 0.9185161084637434 0.535207399358345 0.9128736207220667 0.5284037358889243 0.9046204903344414 0.5226359830760872 0.9000204458879055 0.5221230971642111 0.8971293772940807 0.5227215211302778 0.8872325613686352 0.5286050572891658 0.8868879721617983 0.5318434812426062 0.8930686659431235 0.5408194983203398 0.8981842705732035 0.5448021180678081 0.9102641051320477 0.5458781560391334
5 0.31591552810567125 0.5997436508894454 0.32284201494092896 0.5989993694921008 0.3323980159688887 0.5961380272487733 0.3344704525751891 0.5929297629838766 0.3367667004891063 0.5934024359776946 0.3371867758829554 0.5858394112666574 0.33436741916679236 0.582329464513007 0.32980889212311365 0.5794380481844527 0.32351496906126986 0.5769489322431142 0.3200592742623423 0.5768886128660268 0.3154290353410017 0.5781055672571893 0.309897129626423 0.5814697421828784 0.3072298723402148 0.5857491034076597 0.30683244280246946 0.5920147478914178 0.3079277264285193 0.5952783049186448 0.3124673819254448 0.5992508714365983 0.31591552810567125 0.5997436508894454
5 0.7607463839575563 0.6786695596109436 0.7625912349468894 0.6719965881252121 0.7686651210104671 0.6705885367699562 0.7720566525504341 0.6743247667910008 0.772591084280732 0.6767133504371936 0.780597757504637 0.6800975462185951 0.7805298199363258 0.6839896869004324 0.7824890272621076 0.6872683237719309 0.7919431219376004 0.6902451925513592 0.7988658344635076 0.6897171411918945 0.8113053554665909 0.68668983505826 0.8153709681828287 0.6848141373239434 0.8186066259834902 0.6809772894044362 0.8181137116560494 0.6762101753415652 0.8150441234668152 0.6705329015943592 0.8107697966803631 0.6678627419184419 0.8070412245522608 0.6669324757750779 0.8076586910882723 0.6645639985879142 0.8091174354679118 0.6635079814723013 0.8059799097103667 0.6617228484069324 0.804289805404409 0.6595303883395903 0.7976928105385854 0.657901165935014 0.7841315857439978 0.6591785253065806 0.775701062816893 0.6635735842740962 0.7734161378310277 0.6624522211666386 0.7702333203612749 0.6632618485558279 0.7662431938320495 0.6608129455325477 0.7636136796393476 0.6629300063785306 0.7615978576733065 0.6628948200752296 0.7599039790579982 0.6609185900457673 0.7570204590828746 0.6610845539360743 0.7535043753343371 0.6644839151650643 0.7539293520934668 0.6731431699097727 0.7553050616673926 0.6768442136275165 0.7592876395779167 0.6797255767265563 0.7607463839575563 0.6786695596109436
5 0.8254251780450707 0.6534104300804767 0.83175306989107 0.6539534756808966 0.8422107377122678 0.6489449129030425 0.8483487870348061 0.6438609509038292 0.8497848855583422 0.6441023140154954 0.8503759319288993 0.6432474470934907 0.8487235707164478 0.6388926866473501 0.8337175717236933 0.6239226334893849 0.8294394706278905 0.6214687038513473 0.8227934097405087 0.622650471939209 0.8184322738389925 0.624953603134528 0.814916190090455 0.6283529643635181 0.8087366233650597 0.6358154567794096 0.8078274079531204 0.6383951373896959 0.808342968136665 0.641864871225288 0.8111472276154255 0.6462397381304575 0.8159824062976296 0.6497848711874089 0.8254251780450707 0.6534104300804767
1 0.2902594762523426 0.270742322341421 0.293446068031446 0.26971646491435186 0.3035100806242491 0.2707573165823761 0.307515304390877 0.27234129945413704 0.3109936450459084 0.2711042386039452 0.31587788974967057 0.27183838116845865 0.3187161180125867 0.27426717773270975 0.31810242578592585 0.27641942488199356 0.32009182758651267 0.2779682214504534 0.32810982373846964 0.2807037271182154 0.33588513703605677 0.28083944571666203 0.3402311757001707 0.2794012346728624 0.3422696435223155 0.2781390407488843 0.3443647259847197 0.27363339625670857 0.3444175663156285 0.2706061757263908 0.3427576564844758 0.26668387535600996 0.3373503029784678 0.2629124590316643 0.3310526056072733 0.26063957312820557 0.32738819673813147 0.25603339634088434 0.3301875548516115 0.2441859837903085 0.3352416434761518 0.2351897746502289 0.33444188303538047 0.23149878416199976 0.33244115830674187 0.23059867770717943 0.326670344047144 0.23114683552567325 0.3170426311415225 0.23811654848871777 0.31098761662469787 0.2384434496545745 0.3072930132807511 0.2355671131702919 0.3035682154619993 0.234420616989048 0.30038162368289584 0.2354464744161171 0.29656624243972907 0.23948949914398948 0.29427376883516254 0.2388005961122917 0.289442364462309 0.2350392330174606 0.28369042174946424 0.23450624064655518 0.26775368854459647 0.2398517578197806 0.2665866930408847 0.24069657151227078 0.26652630409127476 0.2441562521183483 0.2696676041581707 0.2457251551458374 0.2755829692290222 0.2533987653815348 0.2737758613331953 0.2579094364884677 0.27512137643231627 0.2633403205092502 0.27853555382838696 0.26577917030301584 0.28827007445175584 0.2691935257729611 0.2902594762523426 0.270742322341421