5 0.7022560989666323 0.8450113971539992 0.7003846000168978 0.849188252492634 0.7002326114789466 0.8530886664068976 0.703913151310835 0.8594519830530973 0.7168650462590352 0.8672226952255443 0.7296584443580241 0.8704546514794356 0.7362863803700754 0.8704395936513951 0.7405511927889885 0.8687758995364913 0.7475434856290228 0.8626890637536586 0.7541649133298141 0.8542348360927988 0.7543244493367752 0.8505505534127519 0.7527795698699734 0.8475749746255101 0.7465461805619452 0.842382779435626 0.722223968319647 0.8391206286476617 0.7166945719450541 0.8375825610427474 0.707256133352771 0.8396433169623304 0.7022560989666323 0.8450113971539992
5 0.7537615066342713 0.8096715950506749 0.7453234905823161 0.807369519492483 0.7381274160790102 0.8076208119514583 0.7265533171216407 0.8062938300120835 0.7245006789156647 0.805283535729512 0.7210616580920982 0.8058364185782538 0.7174027215094899 0.8083445342333075 0.7104859033595563 0.8165926823583092 0.7086294993478419 0.8212018001653781 0.7169069402350858 0.8354111970022192 0.7207696584809656 0.8387386246710229 0.7259961169374061 0.8398544815058621 0.743031685048278 0.8407743499421987 0.7579315927940632 0.8383064805195776 0.7639159156247597 0.8363663449803027 0.76783250531146 0.8329836526900225 0.7645303780878245 0.8292038591560671 0.7621974443707265 0.8284197478060713 0.7585772842909184 0.823785481033607 0.7569946674790662 0.8197292460752802 0.7564804004286323 0.8132553607471313 0.7537615066342713 0.8096715950506749
5 0.7242440649693229 0.7979350737661363 0.7215618693622623 0.8036550028393666 0.7245459637297251 0.8065803231348136 0.728908893245769 0.8077263350647298 0.7488228911579631 0.8085456865174763 0.7557235752121265 0.808088314522643 0.7600034825690597 0.8068568828761732 0.7642230101739124 0.803896401355968 0.768321778274604 0.7974778200882915 0.7685115041576056 0.7946580623451125 0.7627858735887514 0.787500582650558 0.7586881446458097 0.7856961253196317 0.752908642636135 0.7852487655841613 0.737425501461075 0.7875206071692837 0.7303275440549001 0.7905816056730791 0.7242440649693229 0.7979350737661363
5 0.7617833727329234 0.8083094913255376 0.7582980279375463 0.8157886253675806 0.7609253129460367 0.8250018548520366 0.7669840713090834 0.8334460702535335 0.7684383811477646 0.8338280742301724 0.7877615981616742 0.8342352666112027 0.7962685805924701 0.8302594846787447 0.8024652717131981 0.8261479850989415 0.8058061754396342 0.8227853962053795 0.8071397257741543 0.8197093004345473 0.8066556485997607 0.814099940043266 0.8021115798274756 0.8077667784921433 0.790401626427925 0.8025494343368635 0.7842889966240578 0.8008153388944506 0.7733585108480431 0.80141343466631 0.7668211444641125 0.8040220673049536 0.7617833727329234 0.8083094913255376
5 0.6159052832424641 0.8315808294644986 0.6141168064518401 0.8381351283795198 0.6148207993852756 0.8417892559644896 0.6181908538300016 0.8475142306063976 0.6220535720758814 0.8508416582752014 0.6278934538376367 0.8530180678844073 0.6421044635880068 0.8473283333452504 0.6468392974010435 0.8426186985545913 0.64896844945487 0.8375672665807297 0.6491204379928212 0.833666852666466 0.64509922289773 0.8258006690791067 0.6418650228951851 0.8239660566531034 0.6381985388435666 0.82625804107394 0.6280259174418079 0.8238001444716854 0.6258061957598607 0.8262580016349437 0.6159052832424641 0.8315808294644986
5 0.1777605766856052 0.5649187584380504 0.1740789976959666 0.5667784803904531 0.16592778546639353 0.5726893917325047 0.16547285901029 0.5761675948766938 0.16675253790398986 0.5798016190649455 0.17514422998413465 0.5890299458164381 0.17921931652004625 0.5901860094447134 0.18892295568543147 0.5874668081241207 0.2022704364954048 0.5818072286800405 0.20727047088154346 0.576439148488372 0.2093543381213097 0.5700909291092089 0.2095440640043112 0.5672711713660296 0.20563606094437095 0.5626469562919244 0.20116746686218648 0.558475107082971 0.19768316122455945 0.5577312025264114 0.19138835300670068 0.5590329960613942 0.18547195739709485 0.5629183127086216 0.1777605766856052 0.5649187584380504
5 0.11006672238696133 0.5493219117156956 0.10937678523379597 0.554323085197762 0.11121705514974012 0.557504743520862 0.12554023777751105 0.5632800160935612 0.12957758696837224 0.563355423550752 0.1355543623300585 0.5611991567772603 0.14090261944840995 0.5575500747609681 0.14396322766372377 0.5544136687999818 0.14693326625091668 0.5486836880283924 0.1477676444730232 0.5395659693978452 0.1496240484847378 0.5349568515907765 0.14284516309248535 0.5306492847344783 0.13127106413511574 0.5293223027951034 0.12102192888550631 0.5329261324492819 0.11509043833788038 0.5363791866280752 0.11006672238696133 0.5493219117156956
5 0.18122535738945228 0.5403451534961519 0.18133102195559309 0.5433709907751888 0.18379226264586201 0.5478293331068723 0.19096465558438747 0.5551526855438486 0.19501709971326886 0.5556603554694732 0.20841741280631262 0.5515136946649116 0.21344763706849162 0.5470101394101107 0.21693298186386864 0.5395310053680678 0.2167669375456474 0.5347761182152952 0.21434343420042867 0.5313984320546965 0.20823835186557144 0.5298804678465003 0.19873953352120782 0.5302121738923479 0.18876314631371066 0.5333736893797335 0.18423313332169555 0.535695828895647 0.18122535738945228 0.5403451534961519
5 0.12124392296004818 0.5145248224457657 0.12181102229355248 0.5225116264134331 0.12395423012764914 0.5261154955066079 0.12661274416992968 0.5279702113293291 0.14167869623393617 0.5302572290594805 0.14743555583658075 0.5300561950923002 0.15273201982961188 0.5166711558378869 0.1533615772306968 0.5099409324820849 0.15182424523290494 0.5071814849290599 0.14041722975150667 0.5023863515438551 0.1363874280296556 0.5025270753208815 0.12696408437539253 0.5050200937088982 0.12275210423954983 0.5081967064633204 0.12124392296004818 0.5145248224457657
5 0.17364097112862398 0.49646546738143693 0.17630703263991454 0.49853631443837515 0.18215446187067977 0.5009288552817981 0.18913062061494373 0.502632795629134 0.19419858222217304 0.49920989654541775 0.196660862070192 0.4954452002784987 0.19638915318583 0.48766447584668926 0.19136751555041134 0.48416112373710457 0.18673938546126548 0.483673557208198 0.18043702977439668 0.4847592195089641 0.17815692834036892 0.485488026798487 0.17509632012505524 0.48862443275947315 0.17364097112862398 0.49646546738143693
5 0.8655769379271714 0.2978883240819773 0.8659930878804747 0.30155250336530615 0.8702266712655973 0.307247322912137 0.872885185307878 0.30910203873485836 0.8783919392754406 0.3099917126371218 0.881558212056895 0.3098811439551726 0.8863760680290425 0.30754895274089994 0.889421581306336 0.30398028431147983 0.8953012787286415 0.2907912728945657 0.8945670959191659 0.28627262037272805 0.8915377167376425 0.28205051267197956 0.886819017020376 0.2789693713324698 0.8833422588517591 0.27844159801012724 0.8768954620959493 0.28364380545937407 0.8714329537846967 0.2922739575610147 0.8655769379271714 0.2978883240819773
5 0.8918255597177749 0.28204046097362057 0.8948926762443484 0.2873432248454537 0.897543642817619 0.28898180943395807 0.903861093442508 0.28832840960162576 0.908413748841553 0.2866546637883631 0.9108609337515521 0.28245770505301027 0.9123464726240238 0.27548119536791427 0.912529690195765 0.26422226779191577 0.91057620824467 0.2577986409555618 0.9038652500735083 0.255436255207216 0.895813194098816 0.2559338339954854 0.8927601333525121 0.25928637119068854 0.8835621746108009 0.2764863652038158 0.8918255597177749 0.28204046097362057
2 0.840433637450046 0.3783996330146329 0.841713316343746 0.38203365720288474 0.8458940674457984 0.38621555811019714 0.852317182636828 0.3885879955569021 0.8592631515050517 0.3894274109673703 0.866141193152185 0.38832164526988616 0.8709665965933423 0.38620558528983057 0.8748529964040026 0.3819583680626827 0.8758609664133404 0.3778116678191249 0.8758921954471306 0.3704531541573901 0.8674088945811151 0.36685429119389684 0.8587207728940778 0.3656429235051487 0.8527062601873411 0.3667185341075559 0.845305364863014 0.3693573218412764 0.8430856431810667 0.3718151790045348 0.840433637450046 0.3783996330146329
3 0.43099934010357843 0.21590284406037946 0.4335586978909783 0.22317089243688307 0.4306188491798254 0.2297653981453402 0.44390387192221825 0.23882284602472953 0.44795631605109953 0.23933051595035412 0.4519408329588904 0.23789300476802624 0.4541831970478678 0.23608354130741865 0.45507795502205467 0.22869487255060691 0.4591465332467063 0.22141176634606294 0.47006296324245084 0.21215836950716715 0.4722675899863781 0.2092682498754749 0.46754342111560165 0.18952490010454331 0.4587949196764839 0.1865844825420598 0.4527502170937071 0.1867955682075991 0.4413939555798791 0.19995943065911764 0.4343941152708348 0.20583013520773336 0.4324848789760501 0.20892633437528355 0.43099934010357843 0.21590284406037946
4 0.7262315657614111 0.47522102542417527 0.7229510417870559 0.4803126641914729 0.7234351189614496 0.485922024582754 0.7282292933688166 0.49116447826443316 0.7343872079867443 0.49419536111214785 0.7378111338722907 0.49321021579497193 0.7448562589953953 0.48863629865165786 0.7545070658777101 0.4844041786915465 0.7572722836438814 0.4810616931947023 0.7588332972064535 0.4762464958517758 0.7585615883220915 0.46846577141996626 0.7570544462003399 0.46657084880380884 0.754092994239907 0.4642939222110128 0.7505935936642599 0.4631177551860194 0.7433824242229341 0.46293678517656084 0.7340496501967919 0.46802337837518093 0.7262315657614111 0.47522102542417527
4 0.7832546657036328 0.47409531408595784 0.7789747583466996 0.47532674573242784 0.7753158217640912 0.47783486138748116 0.7744286112589143 0.48543966137850986 0.77775338088958 0.4898678486151164 0.7821917850957243 0.4931751728872021 0.7865547146117681 0.4943211848171184 0.7905769688646092 0.4939643298058753 0.7965537442262954 0.49180806303238356 0.8084242727905574 0.4851180859090138 0.8132043914176545 0.48170523852365665 0.81649246286102 0.4768297309905759 0.8156828053614438 0.470149766126569 0.813266849485235 0.4669882112001873 0.8094343211153955 0.4645253084682513 0.8033367862495482 0.463223475494272 0.7996023749768393 0.463570278807156 0.7916559835682878 0.4670936948744625 0.7832546657036328 0.47409531408595784
4 0.7467480486719005 0.4437765127884446 0.7445887067420336 0.4479634198254385 0.7447170137152045 0.4516376508071264 0.7518818591847201 0.4587448720098856 0.7576689086634049 0.45940836297957305 0.7679255913820242 0.45602066455961143 0.7720620968277664 0.4506827394630199 0.7731002567131443 0.4474005641563298 0.7735174458241977 0.4428417048410562 0.7718819967292749 0.437272551243211 0.7682693841184769 0.43285441570496364 0.765936450401379 0.432070304354968 0.7622171340666901 0.4328493701362861 0.756263001112034 0.4356540306124286 0.7467480486719005 0.4437765127884446
4 0.7771763824068059 0.44033358918600285 0.7793120427718925 0.44372132704496065 0.7863787711442771 0.44801884220289984 0.7956048414465285 0.44812945032384527 0.7998772013344515 0.4466818874431584 0.8063315455592714 0.4416958112281285 0.8123169075477179 0.4315326370902513 0.8124764435546792 0.4278483544102044 0.8103483306586028 0.4246767477854635 0.8024256208148316 0.4206255189568183 0.7975171952145637 0.4203641353604876 0.7833590177472639 0.4275667885391633 0.7795179027506641 0.43311079317161283 0.7771763824068059 0.44033358918600285
4 0.27127230031176014 0.43679345885281523 0.2651359889431126 0.4426340083063538 0.26502173775021165 0.4476150783917022 0.26752826325454104 0.4533702081286872 0.2741627075778523 0.4617943201334662 0.27857092190795635 0.4642371194686842 0.2857971862873024 0.46485035194657653 0.29809895974288764 0.4622568165749696 0.3014776008143738 0.4599748838524921 0.3026828441757231 0.4532245570999721 0.30283483271367434 0.4493241431857083 0.30126731083984226 0.4457001706958155 0.2911334659408839 0.4360998916660431 0.2879219083453691 0.4349136729426906 0.2806503591519628 0.4330036530594968 0.27720379085938607 0.43334040467402196 0.27127230031176014 0.43679345885281523
4 0.270049610332131 0.40178019890967215 0.2626939998218641 0.4057157740486944 0.25850466209305156 0.40954078050576737 0.2571786592275413 0.4128330075108166 0.2585090920888114 0.43442602753579174 0.25981141338954145 0.4387084454266943 0.2637043215114615 0.44290039803236575 0.267120699927998 0.44169912148097296 0.27381760231888985 0.4354062061622824 0.2780899622068129 0.4339586432815956 0.28125623498826746 0.4338480745996464 0.292315027737453 0.43692420980947483 0.29486032974458276 0.4355369571189421 0.29780772592474564 0.42915858264470186 0.2979597144626968 0.425258168730438 0.2967177729140473 0.4227048007132709 0.2889772414842674 0.41561768290722967 0.2813660561854086 0.4039817574842736 0.27898783765425017 0.40190085872897646 0.2731932407065553 0.40102123652507216 0.270049610332131 0.40178019890967215
4 0.30717172898467815 0.41671347578434714 0.304171500521445 0.4215789316190687 0.3036853450315511 0.43241564842499247 0.3068581261242656 0.4407442495758628 0.3121525118017965 0.44380528751865445 0.31563681743942346 0.444549192075214 0.3300063240390047 0.4433982134546123 0.3334076075175211 0.44176467443478556 0.3380518717024371 0.4344614648335236 0.33784158172790557 0.42018675167684716 0.3358880997768105 0.4137631248404931 0.3320027391239005 0.4097873034690386 0.3279050101809588 0.4079828461381124 0.3235722705409553 0.4077013591450639 0.31814099126349327 0.4089729975849698 0.30717172898467815 0.41671347578434714
4 0.9070651035690128 0.28929849709076133 0.910753190869911 0.29587794497117803 0.9183729627955302 0.29950696302974844 0.9257965005268873 0.29751656899867857 0.9364175400734899 0.28805709262392476 0.9409787820992953 0.27837643944627655 0.9411232231682364 0.2742598942977958 0.9390102052101799 0.2715205501414889 0.9317311085477638 0.2693943990240779 0.9257090483720173 0.27025387839226805 0.9146039316510212 0.27410399437574057 0.9129372535223081 0.2758933544396301 0.9070651035690128 0.28929849709076133
4 0.41350468890560277 0.2513533331626416 0.41229189807524336 0.2578875286809446 0.4128363550017175 0.26522593894596136 0.4176078870020543 0.26981999892498965 0.42462933056037866 0.27282072667762725 0.4292574606495245 0.27330829320653377 0.4349765829071188 0.2720266030682688 0.4414837594150092 0.26855344549275756 0.4444915353472525 0.26390412089225274 0.44510599781031734 0.25674163506801684 0.4425099418356173 0.2401698919218262 0.43361803848530867 0.23312298090922093 0.43013373284768164 0.23237907635266136 0.4249601066743116 0.23277613815734063 0.42185421364493764 0.23461575671302531 0.41350468890560277 0.2513533331626416
4 0.45507795502205467 0.22869487255060691 0.4551599380234153 0.23929535472559574 0.4584394228400206 0.24242675455690055 0.4678164425224732 0.24685998736218454 0.47525507519185084 0.24530185579954855 0.4823756750050559 0.24288925099840383 0.4865801076718885 0.2394965070097646 0.4904514125445285 0.23481702731418275 0.4928080278264069 0.22802649376822673 0.4930818150262691 0.2193611410028314 0.4897042131125329 0.21342003512670646 0.4812360071845374 0.21025343463164706 0.4743277756613639 0.2104946753922634 0.464146567632845 0.21604368615439434 0.456388862949545 0.22497038307712408 0.45507795502205467 0.22869487255060691