1 0.3945852534562212 0.5516868512110726 0.3977534562211982 0.5551470588235294 0.40236175115207373 0.5573096885813149 0.40264976958525345 0.5599048442906576 0.39400921658986177 0.5676903114186851 0.39602534562211983 0.5711505190311419 0.4006336405529954 0.5724480968858132 0.4055299539170507 0.5724480968858132 0.41849078341013823 0.569204152249135 0.4441244239631336 0.5767733564013842 0.44614055299539174 0.578719723183391 0.4663018433179723 0.5746107266435987 0.4758064516129032 0.5698529411764707 0.4870391705069125 0.5659602076124568 0.48905529953917054 0.5631487889273357 0.48819124423963134 0.5575259515570934 0.4936635944700461 0.5497404844290659 0.4997119815668203 0.5439013840830451 0.5 0.5419550173010381 0.4985599078341014 0.5361159169550174 0.49510368663594473 0.5322231833910035 0.4902073732718894 0.5278979238754326 0.48099078341013823 0.5235726643598617 0.47033410138248855 0.5242214532871973 0.4660138248847926 0.5255190311418685 0.4616935483870968 0.5287629757785467 0.4599654377880184 0.5324394463667821 0.4539170506912442 0.5304930795847751 0.4539170506912442 0.5257352941176471 0.4449884792626729 0.5142733564013842 0.4392281105990784 0.511461937716263 0.43519585253456217 0.511461937716263 0.4291474654377881 0.5155709342560554 0.42655529953917054 0.5250865051903115 0.4112903225806452 0.5330882352941176 0.3994815668202765 0.5380622837370242 0.39631336405529954 0.5406574394463668 0.39400921658986177 0.5454152249134949 0.39372119815668205 0.5501730103806228 0.3945852534562212 0.5516868512110726
1 0.3415898617511521 0.5257352941176471 0.3464861751152074 0.5261678200692042 0.35195852534562216 0.5283304498269896 0.378168202764977 0.5313581314878892 0.38364055299539174 0.5304930795847751 0.38911290322580644 0.5274653979238755 0.3931451612903226 0.5263840830449827 0.40437788018433185 0.5261678200692042 0.41042626728110604 0.5248702422145329 0.4179147465437788 0.5211937716262975 0.4230990783410139 0.5153546712802768 0.4213709677419355 0.51340830449827 0.4153225806451613 0.511461937716263 0.4115783410138249 0.5090830449826991 0.40812211981566826 0.5015138408304499 0.404089861751152 0.497188581314879 0.38652073732718895 0.49437716262975784 0.3726958525345622 0.5 0.3623271889400922 0.5012975778546713 0.35656682027649766 0.5088667820069205 0.35339861751152074 0.5110294117647058 0.339573732718894 0.5153546712802768 0.334389400921659 0.5179498269896194 0.3346774193548387 0.5222750865051904 0.3415898617511521 0.5257352941176471
0 0.2785138248847926 0.5940743944636678 0.28168202764976963 0.5966695501730104 0.2897465437788019 0.5986159169550174 0.29781105990783413 0.598832179930796 0.3001152073732719 0.5953719723183392 0.2998271889400922 0.5916955017301039 0.29838709677419356 0.58780276816609 0.29349078341013823 0.5828287197231834 0.2897465437788019 0.5808823529411765 0.2825460829493088 0.5798010380622838 0.2790898617511521 0.5821799307958477 0.27764976958525345 0.5845588235294118 0.27736175115207373 0.5914792387543253 0.2785138248847926 0.5940743944636678
0 0.32114055299539174 0.592128027681661 0.33150921658986177 0.5903979238754327 0.3358294930875576 0.5886678200692043 0.339573732718894 0.5860726643598617 0.34014976958525345 0.5815311418685122 0.33496543778801846 0.5765570934256056 0.3326612903225806 0.5765570934256056 0.3245967741935484 0.5780709342560554 0.3191244239631337 0.5826124567474049 0.3182603686635945 0.5886678200692043 0.32114055299539174 0.592128027681661
0 0.3577188940092166 0.5923442906574394 0.3643433179723502 0.5932093425605537 0.37327188940092165 0.5897491349480969 0.3758640552995392 0.5849913494809689 0.37442396313364057 0.5826124567474049 0.369815668202765 0.580233564013841 0.3611751152073733 0.5795847750865052 0.35685483870967744 0.5815311418685122 0.35339861751152074 0.5862889273356402 0.353110599078341 0.5884515570934257 0.3577188940092166 0.5923442906574394
0 0.32805299539170507 0.6120242214532873 0.32776497695852536 0.6146193771626298 0.3257488479262673 0.6167820069204153 0.32142857142857145 0.6187283737024222 0.32114055299539174 0.6204584775086506 0.3248847926267281 0.6230536332179931 0.3346774193548387 0.6258650519031143 0.33842165898617516 0.6252162629757786 0.3433179723502304 0.6193771626297578 0.35455069124423966 0.6161332179930796 0.3554147465437788 0.61310553633218 0.35455069124423966 0.6096453287197232 0.3490783410138249 0.603589965397924 0.34475806451612906 0.6014273356401384 0.33496543778801846 0.6012110726643599 0.3231566820276498 0.6092128027681661 0.3248847926267281 0.6109429065743945 0.32805299539170507 0.6120242214532873
0 0.4807027649769585 0.4961072664359862 0.4841589861751152 0.4989186851211073 0.4887672811059908 0.5006487889273357 0.4902073732718894 0.5047577854671281 0.4899193548387097 0.513840830449827 0.49107142857142855 0.5151384083044983 0.49452764976958524 0.5149221453287198 0.49740783410138245 0.5121107266435987 0.49942396313364057 0.504325259515571 0.5060483870967742 0.5006487889273357 0.5095046082949308 0.4965397923875433 0.5129608294930875 0.4913494809688582 0.5126728110599078 0.4876730103806229 0.5092165898617511 0.4850778546712803 0.497983870967742 0.48010380622837373 0.49107142857142855 0.48161764705882354 0.48156682027649766 0.48572664359861595 0.47897465437788017 0.4898356401384083 0.47868663594470046 0.49199826989619383 0.4807027649769585 0.4961072664359862
5 0.5374423963133641 0.4137110726643599 0.5397465437788018 0.41825259515570934 0.5460829493087558 0.4251730103806229 0.5532834101382489 0.4273356401384083 0.5570276497695852 0.4273356401384083 0.5599078341013825 0.4258217993079585 0.5679723502304148 0.4154411764705882 0.565668202764977 0.4078719723183391 0.5622119815668203 0.4035467128027682 0.5564516129032258 0.3994377162629758 0.5506912442396313 0.39792387543252594 0.5463709677419355 0.39792387543252594 0.5408986175115207 0.39965397923875434 0.5374423963133641 0.4044117647058824 0.536578341013825 0.40743944636678203 0.5374423963133641 0.4137110726643599
5 0.568836405529954 0.4156574394463668 0.5722926267281105 0.4169550173010381 0.579205069124424 0.41673875432525953 0.5835253456221199 0.4178200692041523 0.5884216589861752 0.42019896193771633 0.5921658986175116 0.4238754325259516 0.5961981566820277 0.4173875432525952 0.595910138248848 0.4046280276816609 0.5973502304147466 0.39792387543252594 0.5964861751152074 0.3940311418685122 0.5924539170506913 0.3929498269896194 0.5884216589861752 0.393166089965398 0.5841013824884793 0.3966262975778547 0.5697004608294931 0.4016003460207613 0.5676843317972351 0.4046280276816609 0.566820276497696 0.40830449826989623 0.568836405529954 0.4156574394463668
5 0.5642281105990784 0.4390138408304499 0.5711405529953917 0.44160899653979246 0.5780529953917051 0.44204152249134954 0.5817972350230415 0.44096020761245674 0.5921658986175116 0.43230968858131497 0.5924539170506913 0.4288494809688582 0.5884216589861752 0.4210640138408305 0.5815092165898618 0.4169550173010381 0.570852534562212 0.4163062283737024 0.5682603686635945 0.4171712802768166 0.5633640552995393 0.42063148788927335 0.5596198156682027 0.4275519031141869 0.5599078341013825 0.43252595155709345 0.5642281105990784 0.4390138408304499
5 0.5961981566820277 0.41284602076124577 0.5967741935483871 0.4178200692041523 0.6005184331797235 0.42690311418685123 0.6042626728110599 0.4288494809688582 0.6160714285714286 0.42993079584775085 0.6235599078341014 0.4275519031141869 0.626152073732719 0.4251730103806229 0.6143433179723503 0.40095155709342567 0.6094470046082949 0.39684256055363326 0.6022465437788018 0.39359861591695505 0.5987903225806452 0.3940311418685122 0.5973502304147466 0.39727508650519033 0.595910138248848 0.4035467128027682 0.5961981566820277 0.41284602076124577
5 0.5936059907834101 0.4463667820069205 0.5979262672811061 0.4506920415224914 0.6022465437788018 0.4530709342560554 0.6108870967741936 0.45371972318339104 0.6232718894009217 0.4461505190311419 0.6244239631336406 0.43879757785467133 0.622983870967742 0.4355536332179931 0.6154953917050692 0.43036332179930803 0.6097350230414746 0.42928200692041524 0.6025345622119815 0.42949826989619383 0.5976382488479263 0.43252595155709345 0.5950460829493088 0.4366349480968858 0.5924539170506913 0.44247404844290666 0.5936059907834101 0.4463667820069205
5 0.73963133640553 0.48161764705882354 0.741647465437788 0.4850778546712803 0.746831797235023 0.4885380622837371 0.7517281105990784 0.4896193771626298 0.7629608294930875 0.4863754325259516 0.7664170506912443 0.4805363321799308 0.7623847926267281 0.47275086505190317 0.7589285714285714 0.4697231833910035 0.7546082949308757 0.4682093425605537 0.747983870967742 0.467560553633218 0.744815668202765 0.469506920415225 0.7404953917050692 0.474264705882353 0.7393433179723503 0.4768598615916956 0.73963133640553 0.48161764705882354
5 0.7410714285714286 0.5311418685121108 0.7445276497695853 0.534385813148789 0.7462557603686636 0.5328719723183392 0.7488479262672811 0.5326557093425606 0.75 0.5339532871972319 0.7520161290322581 0.5341695501730104 0.7609447004608295 0.5294117647058825 0.7678571428571429 0.5224913494809689 0.7678571428571429 0.5090830449826991 0.766705069124424 0.5054065743944637 0.7618087557603687 0.5002162629757786 0.7537442396313365 0.4980536332179931 0.7474078341013825 0.4995674740484429 0.7445276497695853 0.5023788927335641 0.7376152073732719 0.5045415224913495 0.7370391705069125 0.5064878892733564 0.7367511520737328 0.5192474048442908 0.7410714285714286 0.5311418685121108
5 0.6929723502304148 0.5203287197231834 0.7044930875576038 0.5220588235294118 0.7139976958525346 0.5188148788927336 0.7139976958525346 0.5051903114186851 0.7099654377880185 0.4984861591695502 0.706221198156682 0.497621107266436 0.6972926267281105 0.4993512110726644 0.6926843317972351 0.501946366782007 0.6909562211981567 0.5060553633217993 0.690668202764977 0.5129757785467128 0.6929723502304148 0.5203287197231834
5 0.8582949308755762 0.4945934256055364 0.8663594470046083 0.5006487889273357 0.8698156682027649 0.5010813148788927 0.8721198156682028 0.5028114186851211 0.8764400921658986 0.5041089965397925 0.8824884792626728 0.5032439446366783 0.8853686635944701 0.501946366782007 0.8870967741935484 0.497621107266436 0.8905529953917052 0.49502595155709345 0.8908410138248849 0.4878892733564014 0.8891129032258064 0.48248269896193774 0.886520737327189 0.4805363321799308 0.8767281105990783 0.4768598615916956 0.8701036866359446 0.4770761245674741 0.861463133640553 0.4796712802768167 0.8591589861751153 0.4811851211072665 0.8565668202764977 0.4868079584775087 0.856278801843318 0.4915657439446367 0.8582949308755762 0.4945934256055364
5 0.8960253456221199 0.5054065743944637 0.8997695852534562 0.5086505190311419 0.9040898617511521 0.509515570934256 0.911578341013825 0.5090830449826991 0.9182027649769585 0.5112456747404844 0.921947004608295 0.5092993079584776 0.9277073732718895 0.4982698961937716 0.923963133640553 0.49480968858131497 0.921947004608295 0.49091695501730104 0.9205069124423962 0.4898356401384083 0.9153225806451614 0.4889705882352942 0.9081221198156681 0.4896193771626298 0.9000576036866359 0.49221453287197237 0.8966013824884793 0.49480968858131497 0.8951612903225806 0.4974048442906575 0.8948732718894009 0.5017301038062284 0.8960253456221199 0.5054065743944637
5 0.8441820276497696 0.3689446366782007 0.849078341013825 0.3721885813148789 0.8545506912442397 0.3730536332179931 0.8698156682027649 0.3689446366782007 0.8718317972350231 0.36699826989619383 0.8735599078341014 0.3628892733564014 0.8738479262672811 0.35921280276816614 0.8703917050691243 0.3525086505190312 0.8669354838709677 0.3503460207612457 0.8640552995391705 0.3496972318339101 0.8588709677419356 0.3496972318339101 0.8522465437788019 0.351643598615917 0.8441820276497696 0.35921280276816614 0.8430299539170507 0.36570069204152256 0.8441820276497696 0.3689446366782007
5 0.8283410138248849 0.3970588235294118 0.831221198156682 0.39900519031141873 0.8418778801843319 0.3985726643598616 0.8453341013824884 0.39749134948096887 0.8551267281105991 0.3905709342560554 0.8528225806451614 0.38754325259515576 0.8528225806451614 0.3832179930795848 0.8542626728110599 0.38019031141868515 0.8533986175115208 0.37651384083044986 0.8456221198156681 0.3734861591695502 0.8418778801843319 0.36851211072664364 0.8320852534562212 0.3711072664359862 0.8286290322580646 0.37326989619377166 0.827188940092166 0.3808391003460208 0.827188940092166 0.3946799307958478 0.8283410138248849 0.3970588235294118
5 0.8689516129032258 0.39770761245674746 0.872983870967742 0.4033304498269897 0.875 0.4044117647058824 0.8781682027649771 0.405060553633218 0.8868087557603687 0.4044117647058824 0.8902649769585255 0.4016003460207613 0.8991935483870968 0.39878892733564014 0.9020737327188941 0.39619377162629765 0.9029377880184333 0.38343425605536335 0.9017857142857142 0.37867647058823534 0.900921658986175 0.37651384083044986 0.8934331797235023 0.372621107266436 0.8830645161290323 0.3728373702422146 0.8767281105990783 0.37478373702422146 0.8695276497695852 0.38019031141868515 0.8672235023041475 0.38624567474048443 0.8669354838709677 0.3905709342560554 0.8689516129032258 0.39770761245674746
5 0.9131624423963134 0.3946799307958478 0.9182027649769585 0.39684256055363326 0.921947004608295 0.3970588235294118 0.9254032258064516 0.39835640138408307 0.9288594470046083 0.39792387543252594 0.92713133640553 0.3836505190311419 0.9236751152073733 0.3812716262975779 0.9179147465437788 0.38019031141868515 0.9130184331797235 0.3814878892733564 0.9092741935483872 0.3836505190311419 0.9069700460829493 0.386461937716263 0.9081221198156681 0.3940311418685122 0.9131624423963134 0.3946799307958478
5 0.8879608294930875 0.4078719723183391 0.8931451612903226 0.4108996539792388 0.8971774193548387 0.4234429065743945 0.9006336405529953 0.4262543252595156 0.9023617511520738 0.4251730103806229 0.9069700460829493 0.4160899653979239 0.9110023041474655 0.4147923875432526 0.918778801843318 0.4156574394463668 0.9216589861751153 0.414143598615917 0.9285714285714286 0.4076557093425606 0.9300115207373272 0.4046280276816609 0.9274193548387097 0.39987024221453293 0.9230990783410139 0.39619377162629765 0.9118663594470047 0.3946799307958478 0.9035138248847927 0.39619377162629765 0.8977534562211982 0.40008650519031147 0.889688940092166 0.4033304498269897 0.8879608294930875 0.4044117647058824 0.8879608294930875 0.4078719723183391
3 0.6961405529953917 0.914143598615917 0.699020737327189 0.9182525951557095 0.7047811059907835 0.9219290657439447 0.7134216589861752 0.9236591695501731 0.7269585253456221 0.927984429065744 0.7338709677419355 0.9277681660899655 0.741647465437788 0.9243079584775087 0.743663594470046 0.9182525951557095 0.7399193548387097 0.9041955017301039 0.7347350230414746 0.8985726643598616 0.726094470046083 0.8920847750865052 0.7186059907834101 0.8910034602076126 0.7085253456221199 0.8923010380622838 0.6967165898617511 0.9007352941176471 0.6944124423963134 0.9044117647058825 0.6944124423963134 0.9098183391003462 0.6961405529953917 0.914143598615917
2 0.6238479262672811 0.9997837370242216 0.6284562211981567 0.9870242214532873 0.628168202764977 0.9770761245674742 0.621831797235023 0.9690743944636679 0.6163594470046083 0.9662629757785467 0.6126152073732719 0.967128027681661 0.6094470046082949 0.9658304498269897 0.6008064516129032 0.9647491349480969 0.5918778801843319 0.9653979238754327 0.5884216589861752 0.967128027681661 0.5841013824884793 0.9712370242214533 0.581221198156682 0.9881055363321799 0.5809331797235023 0.9997837370242216 0.6238479262672811 0.9997837370242216