4 0.6992315308230204 0.6119130251021982 0.7046365073412542 0.6127690892830059 0.7087882765324671 0.6123318713178383 0.7144500763291556 0.6097252727742676 0.7192984715768342 0.6030485866288963 0.7215189528237123 0.596393597237237 0.721226837603498 0.5908733627072001 0.7109167065390032 0.5804820495298809 0.7076383610907617 0.5790869757369712 0.7007433603650397 0.5784328323479402 0.6929549294983588 0.5815784405036128 0.6895350783053711 0.5847590875429919 0.6873346034564805 0.5894466171480252 0.6865703154341668 0.5961132861675866 0.6876143550505937 0.6024094899852086 0.6946323160819102 0.6096518700026705 0.6992315308230204 0.6119130251021982
4 0.7650271668707187 0.5021256922781818 0.7683593496998713 0.5013397058647867 0.7703706632361553 0.49968763814477396 0.7729832916931836 0.4887155843500208 0.7726373390920582 0.48537641002628906 0.7704153968863447 0.48283490174385457 0.7610616370744415 0.48113445301014124 0.7546340882966038 0.48121122289917934 0.7481188711549311 0.48368265341420125 0.7469409685656443 0.48743734894938867 0.7508435572502886 0.49593797222911995 0.7562423519554718 0.5005153555635009 0.7650271668707187 0.5021256922781818
4 0.15715821429456978 0.28585932933949343 0.15599267533138403 0.2821713865675342 0.15653397105816683 0.27875377985267225 0.1633060114782943 0.272819686613272 0.1641317796534052 0.269447135907926 0.15903128198148678 0.2666686679500084 0.14892559777337114 0.2641922499287099 0.14766620863329977 0.2666202869363078 0.14776151976902097 0.26970080483084446 0.15198387284375298 0.28722938137450693 0.15511306977536196 0.2877249974791851 0.15715821429456978 0.28585932933949343
5 0.5633814907300045 0.7552724094281104 0.5784370631345708 0.750431340045001 0.5921779480593186 0.7410028702017006 0.5932605395128843 0.7341676567719764 0.5894532619639612 0.728747551386782 0.5852876681878115 0.7274309099850024 0.5763136919599577 0.7288560351553419 0.573245975181146 0.7316545373648793 0.5685052546952896 0.7339691030976407 0.5641919733613433 0.7409495016817234 0.5591467740291716 0.7451864711915946 0.5554286258029191 0.7465682028545102 0.553397305868648 0.750187730361149 0.5544136963152013 0.7529762154448767 0.5559852070734742 0.7541009531806893 0.5633814907300045 0.7552724094281104
5 0.5501793175920764 0.7023829673584119 0.5548523761120849 0.7004956024650083 0.5588750031846528 0.6971914670249829 0.5605741951027351 0.6919866245615593 0.5604312283991533 0.6873658477197544 0.5580124821089467 0.6823846228018198 0.556373309384826 0.6816870859053649 0.5499457606069883 0.6817638557944028 0.542712450052027 0.6832457166021608 0.5397062134260125 0.6893383371259139 0.5391110803183186 0.6949370040470809 0.5402427882985804 0.6988385472387189 0.5436702822634543 0.7011330787198605 0.5501793175920764 0.7023829673584119
5 0.5410758612678693 0.7414484849038426 0.5480447057724898 0.7379541082999423 0.5598819519227761 0.7258155857640448 0.5605785779792419 0.7195761175838411 0.5509265211340739 0.7160767534736643 0.5484201064800324 0.7134901891817137 0.5493811985868389 0.7092632367976522 0.5459136918259906 0.7109036248897629 0.5442068571360221 0.7106332888326657 0.5424523668781929 0.7088226938283002 0.5414097882206018 0.7117229876847722 0.538497401771473 0.7116996284289681 0.5384235579925746 0.7158481484218989 0.5423185039053328 0.7188735931811097 0.5397182390744055 0.7224030086687161 0.5377483992929317 0.7293166544895705 0.5382373185976389 0.7372766056551073 0.5395043505095964 0.74032374716803 0.5410758612678693 0.7414484849038426
5 0.6810405796737948 0.6199797975342027 0.6839867971058473 0.6197895563703282 0.6908541486616961 0.6169359810254645 0.6939895274063557 0.6137102779765693 0.6945646541160624 0.6100790708420284 0.6861919928089532 0.6021842099376276 0.6796829574803309 0.6009343212990762 0.67524671584079 0.6013264832547277 0.6729847608391019 0.6027198945455454 0.6713732372848545 0.605530076382985 0.6711164140063999 0.6089927391073632 0.6729123780190391 0.6160649122125703 0.6763060410009889 0.6185730441133909 0.6810405796737948 0.6199797975342027
5 0.7315755205051315 0.5881332586371733 0.7358549708561541 0.5813664604727695 0.7347232628758922 0.5774649172811313 0.7301778855156933 0.5730227019752989 0.7259308051887592 0.5703794020459297 0.7219481909121659 0.5697486179127031 0.7177287597551051 0.5706130367172285 0.7133201672854375 0.5745129174067745 0.71110586785161 0.5774465876448606 0.7112011789873313 0.5805271055393971 0.7198921437256927 0.5882534220336353 0.7237732650535141 0.5895250074258986 0.7315755205051315 0.5881332586371733
5 0.8270959979871542 0.5097668421464074 0.8310371385089373 0.5051360481787925 0.832065892581592 0.5004818949553733 0.8305805892283186 0.48776599891948286 0.8275728916434684 0.48466212176914203 0.81731187710567 0.4850075652131851 0.8123543461373333 0.48684987409707253 0.8060774068349635 0.49702259934843623 0.805631422243902 0.5035207239578351 0.8159615597063841 0.511944577348528 0.8196597015346493 0.5125303054722387 0.8270959979871542 0.5097668421464074
5 0.8167767631919377 0.4847038527744739 0.8286431194709329 0.4852695466465645 0.8311218849551013 0.48434839220462084 0.8325566108228427 0.4771310339450552 0.829129116857969 0.47483650246391357 0.815359121804512 0.4715607558992255 0.8111873462153121 0.4739654336510194 0.8093051747976734 0.47848441884589 0.8116086035541713 0.48235258565591393 0.8137152282261765 0.4837810358304379 0.8167767631919377 0.4847038527744739
5 0.20085243880680687 0.38189601407106877 0.20349417739254422 0.3836281766843041 0.2175686512923165 0.3849815194718821 0.2201212605553832 0.37991184503700726 0.22113619004310095 0.3735038324466409 0.2205734269594953 0.3696924012740352 0.22156835004922587 0.3652518484702949 0.22042281748402734 0.3595964459117096 0.21500401638085687 0.3569865223639547 0.20437704284394567 0.35596025127089204 0.2001576116868849 0.35682467007541746 0.19406219092523594 0.3584867549212401 0.19263364687054493 0.36198279402723244 0.1929457684887464 0.36553556877064314 0.19481557628028404 0.3684592218829192 0.19694366830911197 0.377116709944911 0.20085243880680687 0.38189601407106877
5 0.18514025314174953 0.38904163206112974 0.19181844338499138 0.3892235186012867 0.1974602367836926 0.38858437984434235 0.19997283325078483 0.3874496249827197 0.20307438101252048 0.3844375223535034 0.19879965151571297 0.3782865036902399 0.1960149462263937 0.37193356423519963 0.19349324602857973 0.3583966429022077 0.1891446727528739 0.3563941442318753 0.18516205847628048 0.35576336009864856 0.1819313685958997 0.355908545253007 0.17970324457713563 0.3570883561241458 0.1750854843968739 0.36599115848533836 0.17413203506195343 0.37569328938992036 0.1778316378490542 0.3854755151877248 0.18097465936559992 0.3877249906593502 0.18514025314174953 0.38904163206112974
5 0.13276641358412777 0.39935792207801646 0.1405763118076314 0.4034413518098116 0.14751896810121412 0.4056357541461109 0.15532122355283157 0.40424400535738536 0.15860575081412356 0.4019177599967218 0.16054175961267347 0.39521771459554633 0.15931474049669045 0.3882356535093715 0.1500810190727107 0.3747304460559015 0.14611841119410462 0.3721322021360487 0.14163451398670296 0.3709841051444318 0.13580974108844543 0.37093738663282344 0.13196245074354782 0.36945220082088115 0.1282443025172954 0.37083393248379676 0.12490593787509226 0.3753412380507652 0.12360035412599588 0.38542551378518874 0.12513185208829428 0.3904851710942536 0.12775358427604439 0.3941847934941149 0.13276641358412777 0.39935792207801646
5 0.1573885113842786 0.32859275540526356 0.16570587435164114 0.3294721788418755 0.17873012682193606 0.3282506369654049 0.18042313692696793 0.3267671136555549 0.1827589357075544 0.3212251823718062 0.1803263648324111 0.3144900980869242 0.1775693087129653 0.3116448773657784 0.16277674139990445 0.30930196487093625 0.15264486898075105 0.3125143257898372 0.14912352483899158 0.31633577408825275 0.14876520861176512 0.32043923807166763 0.15024905100620287 0.32395863643346423 0.15300610712564874 0.3268038571546102 0.1573885113842786 0.32859275540526356
5 0.16081892726682354 0.349280282234593 0.16959756036901993 0.3546119381028473 0.1748057328027607 0.3530282856481549 0.19281370445243004 0.34427565594759757 0.18982601326556728 0.33920431901063053 0.18766409025381542 0.33076043136831756 0.18445340677142189 0.32893815673605 0.18047079249482853 0.3283073726028232 0.17067722990491435 0.3293837293249353 0.16232603595462797 0.3287179063080023 0.16019940488463555 0.3292569159201045 0.15539720424598194 0.3282773633386502 0.15035818672686077 0.32879301369494823 0.1441412666184528 0.3330633595864336 0.1408505575441103 0.3391109241006704 0.14072905819735132 0.34171918514633315 0.14106118621354002 0.34330450010311764 0.14366909381635348 0.3452502631360318 0.16081892726682354 0.349280282234593
5 0.3668935402529007 0.04975891475854359 0.3726506511853105 0.05023283410950974 0.37911821275912255 0.04622114464721942 0.38041761469516844 0.039858188066369225 0.37757907202493807 0.035686308817633884 0.3723970878022351 0.03158118233212681 0.36216226147547437 0.026237846835970392 0.3551995987839044 0.026010904286297175 0.35240252986848414 0.027100603138403477 0.34976843405463287 0.030843619045688886 0.3497622522415823 0.03456493819926232 0.35558848609867544 0.04380815438496457 0.35909746661433384 0.047429344393695595 0.3668935402529007 0.04975891475854359
5 0.43815461903850583 0.06564369397939744 0.44064720910761074 0.066476398904401 0.4445821678163434 0.06556692409035918 0.4453879295934671 0.06416183317163951 0.44462218061231784 0.06163200451710722 0.4422330605491799 0.05891797239639933 0.44100406437600165 0.05317643724689205 0.436918496191801 0.04398995669860808 0.43401229155572274 0.04024527828923059 0.43051713562500116 0.03837794764744675 0.42116337581309793 0.03667749891373342 0.41419307034964187 0.030975377843539764 0.409885970828746 0.034234457274049036 0.4093046623059887 0.04158698356216321 0.4107084791084776 0.05297622107046429 0.4224347906015623 0.06731413344893777 0.43815461903850583 0.06564369397939744
5 0.4586893497179122 0.017002858934215583 0.46685756416864227 0.016982824682595866 0.46912570098338086 0.01186809423820483 0.4694441373867123 0 0.44352753874365786 0 0.4437523547424339 0.0008426719234744696 0.44749197032550925 0.006689978148026743 0.45551249721844256 0.014966983882269158 0.4586893497179122 0.017002858934215583
5 0.3874726666047884 0.02477265316239121 0.3920242257780379 0.025493549314650376 0.4004216143373494 0.01850313360475786 0.4023976359318738 0.007868168630329997 0.398861006246342 0.0007392598877045131 0.397874662039459 0 0.3777138073124457 0 0.3729139942545239 0.002541542381609041 0.3728939878565366 0.004509002168235199 0.37970278117725925 0.01675430385734389 0.3838960241232822 0.021578663993017954 0.3874726666047884 0.02477265316239121