5 0.2658410138248848 0.14403114186851212 0.271889400921659 0.1485726643598616 0.27880184331797236 0.15030276816608998 0.2923387096774194 0.15138408304498271 0.3004032258064516 0.15376297577854672 0.307315668202765 0.15333044982698962 0.31538018433179726 0.14641003460207613 0.31797235023041476 0.14078719723183392 0.3159562211981567 0.13538062283737023 0.3087557603686636 0.12759515570934257 0.3018433179723502 0.12413494809688583 0.2903225806451613 0.12045847750865053 0.2825460829493088 0.12089100346020762 0.277073732718894 0.12283737024221456 0.26756912442396313 0.13213667820069205 0.26411290322580644 0.13862456747404844 0.2638248847926267 0.14057093425605538 0.2658410138248848 0.14403114186851212
5 0.2557603686635945 0.1660899653979239 0.25864055299539174 0.17474048442906576 0.258352534562212 0.17884948096885817 0.2603686635944701 0.18036332179930797 0.26756912442396313 0.18295847750865052 0.28878657834101384 0.18447231833910036 0.2932027649769585 0.18663494809688583 0.2966589861751152 0.18403979238754326 0.3050115207373272 0.17365916955017302 0.3064516129032258 0.16868512110726647 0.3058755760368664 0.1647923875432526 0.2966589861751152 0.152681660899654 0.2897465437788019 0.15116782006920418 0.26497695852534564 0.14987024221453288 0.25921658986175117 0.15073529411764708 0.2505760368663595 0.15419550173010382 0.2502880184331797 0.15852076124567477 0.2557603686635945 0.1660899653979239
5 0.21255760368663595 0.17928200692041524 0.2171658986175115 0.18360726643598618 0.2240783410138249 0.1868512110726644 0.24078341013824883 0.18858131487889276 0.2451036866359447 0.18793252595155713 0.24884792626728108 0.18663494809688583 0.25518433179723504 0.18230968858131488 0.25777649769585254 0.1786332179930796 0.258352534562212 0.17430795847750866 0.2572004608294931 0.1684688581314879 0.24971198156682028 0.15614186851211073 0.24827188940092165 0.15527681660899656 0.2341589861751152 0.15419550173010382 0.2275345622119816 0.15484429065743946 0.21658986175115208 0.15981833910034604 0.20996543778801846 0.16457612456747406 0.20823732718894009 0.16782006920415227 0.20823732718894009 0.17301038062283738 0.21255760368663595 0.17928200692041524
5 0.24654377880184333 0.1957179930795848 0.24942396313364057 0.20004325259515573 0.25489631336405527 0.20436851211072665 0.25892857142857145 0.20523356401384082 0.27505760368663595 0.20328719723183392 0.28168202764976963 0.20134083044982704 0.290610599078341 0.19377162629757788 0.29349078341013823 0.18793252595155713 0.2926267281105991 0.18576989619377166 0.2897465437788019 0.18425605536332182 0.27044930875576034 0.18295847750865052 0.2606566820276498 0.18122837370242215 0.2540322580645161 0.18360726643598618 0.24711981566820276 0.18901384083044986 0.2459677419354839 0.19247404844290658 0.24654377880184333 0.1957179930795848
5 0.8024193548387097 0.4467993079584775 0.8096198156682028 0.45220588235294124 0.8142281105990783 0.4530709342560554 0.8245967741935484 0.4480968858131488 0.8341013824884793 0.4463667820069205 0.8398617511520738 0.43944636678200694 0.840725806451613 0.4353373702422146 0.8398617511520738 0.4320934256055364 0.8346774193548387 0.4256055363321799 0.8315092165898618 0.42301038062283747 0.8277649769585255 0.4225778546712803 0.8073156682027649 0.4288494809688582 0.8029953917050692 0.4320934256055364 0.8001152073732719 0.4372837370242215 0.7992511520737328 0.44269031141868515 0.8024193548387097 0.4467993079584775
5 0.793778801843318 0.48096885813148793 0.8067396313364055 0.48226643598615915 0.8173963133640554 0.4811851211072665 0.8214285714285715 0.4803200692041523 0.8254608294930875 0.4775086505190312 0.8257488479262672 0.4666955017301039 0.8173963133640554 0.4586937716262976 0.8139400921658986 0.4573961937716263 0.8101958525345623 0.4573961937716263 0.8029953917050692 0.4595588235294118 0.7980990783410139 0.46215397923875434 0.7929147465437788 0.4671280276816609 0.7891705069124424 0.47318339100346024 0.7894585253456221 0.4772923875432526 0.793778801843318 0.48096885813148793
5 0.8582949308755762 0.48075259515570934 0.8623271889400922 0.48334775086505194 0.8703917050691243 0.48464532871972327 0.8801843317972351 0.48399653979238755 0.8919930875576038 0.4772923875432526 0.8983294930875576 0.4647491349480969 0.8986175115207373 0.45977508650519033 0.8870967741935484 0.45242214532871977 0.8836405529953918 0.45112456747404844 0.8741359447004609 0.45242214532871977 0.8683755760368663 0.456098615916955 0.861463133640553 0.46258650519031147 0.856278801843318 0.47361591695501737 0.8559907834101382 0.4775086505190312 0.8582949308755762 0.48075259515570934
5 0.8574308755760368 0.5082179930795848 0.8657834101382489 0.5105968858131489 0.872983870967742 0.5110294117647058 0.8784562211981568 0.5101643598615917 0.8839285714285715 0.5071366782006921 0.8850806451612904 0.5049740484429066 0.8868087557603687 0.4982698961937716 0.8856566820276498 0.49113321799307963 0.8796082949308757 0.48551038062283747 0.870679723502304 0.48421280276816614 0.861463133640553 0.4844290657439447 0.8588709677419356 0.4859429065743945 0.8577188940092165 0.49113321799307963 0.8539746543778802 0.4989186851211073 0.8533986175115208 0.5056228373702423 0.8574308755760368 0.5082179930795848
5 0.8101958525345623 0.5257352941176471 0.8133640552995391 0.5276816608996541 0.8165322580645162 0.5283304498269896 0.8245967741935484 0.5283304498269896 0.8277649769585255 0.5274653979238755 0.8326612903225806 0.5231401384083045 0.8346774193548387 0.5190311418685122 0.8329493087557603 0.5153546712802768 0.8251728110599078 0.5127595155709342 0.8173963133640554 0.5086505190311419 0.8142281105990783 0.5090830449826991 0.8110599078341014 0.5116782006920416 0.808179723502304 0.5170847750865052 0.808179723502304 0.5218425605536333 0.8101958525345623 0.5257352941176471
5 0.5509792626728112 0.7655709342560554 0.5570276497695852 0.7714100346020761 0.5639400921658987 0.7744377162629759 0.5679723502304148 0.7744377162629759 0.5720046082949308 0.7707612456747406 0.581221198156682 0.7545415224913495 0.5826612903225807 0.7482698961937717 0.5815092165898618 0.7394031141868512 0.5803571428571429 0.7376730103806228 0.5745967741935484 0.7339965397923877 0.565668202764977 0.7331314878892734 0.5610599078341014 0.7337802768166091 0.5544354838709677 0.7363754325259516 0.5518433179723503 0.7378892733564014 0.5501152073732719 0.7411332179930796 0.5498271889400922 0.759515570934256 0.5509792626728112 0.7655709342560554
5 0.5014400921658987 0.7893598615916956 0.5046082949308757 0.791522491349481 0.5109447004608295 0.7936851211072665 0.5192972350230415 0.7941176470588236 0.5244815668202765 0.791522491349481 0.5328341013824885 0.7850346020761246 0.5374423963133641 0.7789792387543253 0.5388824884792627 0.7707612456747406 0.5362903225806452 0.7623269896193772 0.5262096774193549 0.7573529411764707 0.511520737327189 0.761461937716263 0.5080645161290323 0.7636245674740485 0.5037442396313364 0.7688148788927336 0.4997119815668203 0.7794117647058825 0.4997119815668203 0.786332179930796 0.5014400921658987 0.7893598615916956
5 0.09907834101382489 0.7039359861591696 0.10570276497695852 0.7093425605536333 0.10915898617511521 0.7078287197231835 0.11290322580645162 0.7043685121107267 0.12067972350230416 0.6939878892733564 0.125 0.6909602076124568 0.12615207373271892 0.6892301038062285 0.12528801843317974 0.6857698961937717 0.11923963133640554 0.6790657439446368 0.11319124423963134 0.6775519031141869 0.10915898617511521 0.677984429065744 0.10253456221198157 0.6820934256055364 0.09735023041474655 0.6935553633217993 0.09648617511520738 0.6998269896193772 0.09907834101382489 0.7039359861591696
5 0.07949308755760369 0.728589965397924 0.08438940092165899 0.7314013840830451 0.09245391705069125 0.7318339100346021 0.09706221198156682 0.7275086505190311 0.1054147465437788 0.7132352941176471 0.10599078341013826 0.7091262975778547 0.10023041474654378 0.7043685121107267 0.09533410138248848 0.698529411764706 0.0869815668202765 0.6983131487889274 0.08496543778801843 0.698529411764706 0.08093317972350231 0.7019896193771626 0.07747695852534563 0.7106401384083045 0.07747695852534563 0.7212370242214534 0.07949308755760369 0.728589965397924
5 0.22724654377880188 0.5547145328719724 0.23070276497695855 0.5588235294117647 0.23473502304147464 0.5583910034602076 0.24107142857142855 0.5560121107266436 0.25 0.5484429065743945 0.25230414746543783 0.5436851211072665 0.25259216589861755 0.5395761245674742 0.24884792626728108 0.5346020761245676 0.24539170506912442 0.5324394463667821 0.23847926267281108 0.5330882352941176 0.22926267281105991 0.5363321799307958 0.22551843317972353 0.5436851211072665 0.22551843317972353 0.5493079584775087 0.22724654377880188 0.5547145328719724
5 0.1875 0.5646626297577855 0.1947004608294931 0.5689878892733564 0.19988479262672812 0.5696366782006921 0.2108294930875576 0.5648788927335641 0.21601382488479262 0.5612024221453288 0.22091013824884795 0.5538494809688582 0.22119815668202766 0.5499567474048443 0.21831797235023043 0.5462802768166091 0.2116935483870968 0.5423875432525952 0.20276497695852536 0.5417387543252595 0.19556451612903228 0.5449826989619377 0.19182027649769587 0.5480103806228375 0.18605990783410137 0.557742214532872 0.18548387096774194 0.5607698961937717 0.1875 0.5646626297577855
4 0.048675115207373276 0.7097750865051904 0.05328341013824885 0.7151816608996541 0.060771889400921666 0.7164792387543253 0.070852534562212 0.7141003460207613 0.07546082949308755 0.7115051903114187 0.08035714285714286 0.7030709342560554 0.08352534562211981 0.6996107266435987 0.08323732718894009 0.6957179930795848 0.0783410138248848 0.6890138408304499 0.07027649769585254 0.6866349480968859 0.0673963133640553 0.6872837370242215 0.06019585253456221 0.6916089965397925 0.05213133640552996 0.7004757785467128 0.048675115207373276 0.7065311418685122 0.048675115207373276 0.7097750865051904
4 0.18692396313364057 0.5227076124567475 0.19239631336405533 0.5255190311418685 0.1995967741935484 0.5263840830449827 0.2067972350230415 0.5235726643598617 0.2154377880184332 0.5155709342560554 0.2203341013824885 0.5147058823529412 0.22436635944700462 0.5125432525951558 0.22580645161290325 0.5049740484429066 0.22465437788018433 0.5023788927335641 0.21860599078341014 0.4969723183391004 0.21370967741935484 0.4954584775086506 0.20996543778801846 0.4954584775086506 0.20622119815668202 0.4963235294117648 0.195852534562212 0.5015138408304499 0.18548387096774194 0.5084342560553633 0.18375576036866362 0.5110294117647058 0.18346774193548387 0.5170847750865052 0.18692396313364057 0.5227076124567475
4 0.24337557603686638 0.5257352941176471 0.24769585253456222 0.5278979238754326 0.25547235023041476 0.5287629757785467 0.26180875576036866 0.5263840830449827 0.2727534562211982 0.5179498269896194 0.27764976958525345 0.5118944636678201 0.277073732718894 0.5054065743944637 0.271889400921659 0.4997837370242215 0.26872119815668205 0.4984861591695502 0.26526497695852536 0.4982698961937716 0.2620967741935484 0.4995674740484429 0.258352534562212 0.5028114186851211 0.25144009216589863 0.5045415224913495 0.2451036866359447 0.5075692041522492 0.24193548387096775 0.51340830449827 0.24135944700460832 0.5224913494809689 0.24337557603686638 0.5257352941176471
4 0.6667626728110599 0.5962370242214534 0.6702188940092166 0.5990484429065744 0.6756912442396314 0.6003460207612458 0.6814516129032258 0.5999134948096886 0.6849078341013825 0.5986159169550174 0.6929723502304148 0.592560553633218 0.6972926267281105 0.5869377162629759 0.6981566820276498 0.5836937716262975 0.6978686635944701 0.5737456747404844 0.6955645161290323 0.5670415224913495 0.6923963133640554 0.5646626297577855 0.6880760368663594 0.5633650519031141 0.6817396313364055 0.5633650519031141 0.6719470046082949 0.5648788927335641 0.6670506912442397 0.5676903114186851 0.6641705069124424 0.5741782006920416 0.6627304147465438 0.5852076124567475 0.6667626728110599 0.5962370242214534
4 0.7027649769585254 0.5637975778546713 0.7111175115207373 0.5728806228373703 0.7200460829493088 0.57590830449827 0.7272465437788018 0.57590830449827 0.7379032258064516 0.5676903114186851 0.7379032258064516 0.5609861591695502 0.7350230414746545 0.5540657439446367 0.7315668202764977 0.5495242214532873 0.7272465437788018 0.5460640138408305 0.7203341013824885 0.5445501730103807 0.7096774193548387 0.5449826989619377 0.7033410138248848 0.5469290657439447 0.7013248847926268 0.5523356401384084 0.7010368663594471 0.557742214532872 0.7027649769585254 0.5637975778546713
4 0.7076612903225807 0.5884515570934257 0.7151497695852534 0.5964532871972319 0.7191820276497696 0.6057525951557093 0.720910138248848 0.6074826989619377 0.7235023041474655 0.6083477508650519 0.7307027649769585 0.6076989619377163 0.7344470046082949 0.6061851211072665 0.7413594470046083 0.6012110726643599 0.7445276497695853 0.5958044982698962 0.7445276497695853 0.5862889273356402 0.7427995391705069 0.5741782006920416 0.7407834101382489 0.569204152249135 0.7373271889400922 0.5679065743944637 0.7335829493087558 0.5700692041522493 0.7304147465437788 0.5737456747404844 0.7247502880184332 0.57590830449827 0.7197580645161291 0.5756920415224914 0.7096774193548387 0.5722318339100346 0.7065092165898618 0.5741782006920416 0.7047811059907835 0.5778546712802768 0.704205069124424 0.5815311418685122 0.7076612903225807 0.5884515570934257
4 0.816820276497696 0.5088667820069205 0.8245967741935484 0.5127595155709342 0.8349654377880185 0.5140570934256056 0.8459101382488481 0.5088667820069205 0.8508064516129032 0.5051903114186851 0.859447004608295 0.48399653979238755 0.8545506912442397 0.48010380622837373 0.8485023041474655 0.4770761245674741 0.8410138248847927 0.4768598615916956 0.8297811059907835 0.4796712802768167 0.8208525345622121 0.4859429065743945 0.8171082949308757 0.49307958477508657 0.8156682027649771 0.4995674740484429 0.8153801843317974 0.5051903114186851 0.816820276497696 0.5088667820069205
3 0.5296658986175116 0.8179065743944637 0.5354262672811061 0.8185553633217995 0.5394585253456221 0.8179065743944637 0.543778801843318 0.8146626297577855 0.554147465437788 0.8019031141868513 0.5607718894009217 0.7969290657439447 0.5625 0.7936851211072665 0.5613479262672811 0.7785467128027682 0.5576036866359447 0.7727076124567475 0.5529953917050692 0.7683823529411765 0.5452188940092166 0.765787197231834 0.5429147465437788 0.765787197231834 0.5408986175115207 0.7670847750865052 0.5374423963133641 0.7787629757785468 0.530241935483871 0.7869809688581315 0.5210253456221199 0.7934688581314879 0.5201612903225807 0.7954152249134949 0.5241935483870968 0.8150951557093427 0.5296658986175116 0.8179065743944637
2 0.7926267281105991 0.8669982698961938 0.7986751152073733 0.8704584775086506 0.8050115207373272 0.8713235294117648 0.8142281105990783 0.870242214532872 0.8191244239631337 0.8685121107266436 0.8217165898617512 0.8661332179930797 0.8231566820276498 0.8553200692041523 0.8194124423963134 0.8473183391003462 0.8159562211981568 0.8445069204152249 0.8107718894009217 0.8445069204152249 0.8055875576036866 0.8479671280276817 0.8004032258064516 0.8477508650519032 0.7972350230414746 0.8466695501730104 0.7929147465437788 0.846885813148789 0.7894585253456221 0.8486159169550174 0.7868663594470047 0.854022491349481 0.786578341013825 0.8592128027681663 0.7926267281105991 0.8669982698961938
2 0.1201036866359447 0.6161332179930796 0.12298387096774195 0.6198096885813149 0.13018433179723504 0.6217560553633218 0.14055299539170507 0.622188581314879 0.14775345622119815 0.620242214532872 0.1509216589861751 0.617430795847751 0.1543778801843318 0.6092128027681661 0.15207373271889402 0.6044550173010381 0.1457373271889401 0.6005622837370242 0.13767281105990783 0.5983996539792388 0.12960829493087558 0.5986159169550174 0.12384792626728111 0.6014273356401384 0.12096774193548387 0.6053200692041523 0.11981566820276499 0.6089965397923877 0.1201036866359447 0.6161332179930796