5 0.3990806686477823 0.8002413140101039 0.3944438014820913 0.8109737216915942 0.3948421472243255 0.8187966973685844 0.39931952732077175 0.826823415304926 0.4032306502048117 0.8292024110725595 0.4071747937561578 0.8300407646645667 0.41128684877767585 0.8287038647482913 0.41741313104217986 0.8220466471472843 0.4216572687329217 0.814547178528503 0.4233658855692267 0.8065087683148603 0.4215617252637259 0.8039143380105742 0.414314871508059 0.8006052163389065 0.41119201570755964 0.7972882998157045 0.407517653761946 0.7951807235583853 0.4032138014029568 0.7960346668534609 0.3990806686477823 0.8002413140101039
5 0.483123121250003 0.7705697886190326 0.4808032836003363 0.7731720137748528 0.47815956594397474 0.7814538510119792 0.478668916621776 0.7859840052268314 0.48196249202609004 0.7926536256116007 0.48715928973782263 0.7972957497737767 0.4913971007622 0.7995230908299542 0.49796669236989344 0.8004773117950522 0.5024503991327042 0.7987772200564353 0.5039370060978748 0.7973244527670689 0.5047224650477731 0.7908585746416505 0.5014710451107721 0.778449459776146 0.49985868214274215 0.7763379860930598 0.4969395666133634 0.7748331312557986 0.48739395294168614 0.7712564874995834 0.483123121250003 0.7705697886190326
5 0.5655489819523921 0.7748242810043415 0.5646286321996279 0.7819247704624157 0.5672477535896107 0.7917674475104652 0.5699659369815115 0.7969881980316353 0.5761997056488608 0.8022929260132983 0.5814175810942499 0.804065302935107 0.5864317162685184 0.8040256181709745 0.5896536340709356 0.8027206081672974 0.5924350506638056 0.7993321169673647 0.5946923655115826 0.7845564091179892 0.5924477039965349 0.7798784976174478 0.5888962899201379 0.7758072049627316 0.5799021823935748 0.7710212209406335 0.5722506562293093 0.7696159332669338 0.5687470138875105 0.7708610608711819 0.5655489819523921 0.7748242810043415
5 0.5414113091665429 0.748468596017012 0.5360374651846312 0.7502005776682271 0.5302378710604644 0.7567061405577779 0.5296652871816936 0.7607852280640282 0.5274353767339377 0.7629643789980779 0.5263443073773588 0.7667121645945849 0.526652725917682 0.7749582144933459 0.5291552261048127 0.777037798263834 0.5443894289650896 0.7774017005926368 0.5496614028114409 0.7747636880984514 0.5538844627685263 0.7701339667200376 0.5563630770883583 0.7695553403610436 0.5545020102482524 0.765843342102902 0.5575770943141539 0.7638438383671394 0.560583328911801 0.7593976616127802 0.5564776005566474 0.7510077518540971 0.5552937958645152 0.7496506543025251 0.5479239942396315 0.7483052490282545 0.5414113091665429 0.748468596017012
5 0.5030814776576173 0.3109559765323156 0.5060244790542952 0.31511904149905895 0.5086169064433367 0.31677555104777655 0.5125610499946827 0.31761390463978356 0.5213486091164825 0.31505986960609106 0.5268664787012675 0.3084944243171112 0.5286980434067894 0.2984922977060712 0.5246731074535396 0.29387816603072614 0.5211455792444417 0.29246508350549216 0.5049790836977511 0.29787256557002273 0.5033575859297144 0.29995994419204514 0.5018737870981862 0.3069406688512612 0.5030814776576173 0.3109559765323156
5 0.5234267799595175 0.2803475857855988 0.5223026899356327 0.2856360135577322 0.5229588743499496 0.29086066150466944 0.5237710273007891 0.29258095087858316 0.5309848603891502 0.29743071472587745 0.5502053622680858 0.2928934761659522 0.5532354827330319 0.29110550954107506 0.5571768181507354 0.2864159057632324 0.558888243120683 0.28390545291943925 0.5587624871178238 0.28034121194698663 0.5536766943416584 0.2724062663226723 0.5491002522432944 0.2690014749132102 0.5438943197315547 0.26855820305614275 0.5261512900177828 0.2758415266318104 0.5234267799595175 0.2803475857855988
5 0.45799502922102997 0.25848023872960596 0.45770416988164114 0.2626192086352856 0.4605122804754528 0.267416884934685 0.4650318160392118 0.2697041083902913 0.46878416225308683 0.27005950536109874 0.47739186697106517 0.2683516187709475 0.4855021639448916 0.2634426830306852 0.4876962455916992 0.2572762169024122 0.48629675769479686 0.2527779526001582 0.48274534361839994 0.248706659945442 0.47752746817301084 0.24693428302363346 0.4712065804373933 0.2475805866335909 0.4622511098454212 0.25230987517556586 0.45799502922102997 0.25848023872960596
5 0.17263412135442263 0.04947054996497617 0.1599354393485827 0.04964558923103533 0.15826897797959028 0.05194450496394296 0.15816991597767274 0.0565664314908223 0.16173327298771886 0.06196682921027978 0.1681019324579343 0.06663694585928673 0.17219290974579607 0.06816979318337882 0.17759063959500673 0.06909602166164604 0.18213125289242243 0.06851349787688488 0.18817955088866498 0.06360845956238967 0.19053240920563771 0.059465592230943054 0.19229793257654776 0.0525447499711559 0.1919803792362175 0.048497552377503486 0.19059283427296456 0.0453283931399906 0.1872001968667329 0.043280699282100564 0.18368461159128438 0.04319672182160757 0.18238980196358484 0.04513244573217379 0.17263412135442263 0.04947054996497617
5 0.13117636086341386 0.020096649945129073 0.13453597760233968 0.023684985978645434 0.13852508475464098 0.024311802459767363 0.14695293506879786 0.023450064313157482 0.15316000973520572 0.0205686247954886 0.16065275922930608 0.01995031367236213 0.168133565789757 0.018002897484494573 0.17367532124184085 0.014095662324997083 0.17520408367432436 0.006903400554895444 0.1724625251413116 0 0.1305606545118649 0 0.13001715243766002 0.0006150381083810608 0.1287251509436029 0.008078719388797184 0.12902162655027682 0.014995664222817196 0.13117636086341386 0.020096649945129073
4 0.5035746899326433 0.26153566211341106 0.4969271140566886 0.2623336204348247 0.4908668731267964 0.26590955368457875 0.47918970061020144 0.28067285875019193 0.4788777635371562 0.28768157589623905 0.4809875342493378 0.29299409872943627 0.4847188027295563 0.2962192429406113 0.48861798267994694 0.2972691336435037 0.513350027477303 0.295893259469557 0.5206720573675887 0.2919222444848632 0.5221017577981545 0.28935190924164117 0.5233579304912632 0.2779009127670018 0.5226806683432896 0.27554601206043217 0.5162761800721258 0.26688858021720174 0.5130633970697157 0.26399473791577044 0.5087356588434276 0.2621904710813638 0.5035746899326433 0.26153566211341106
4 0.1528333215948685 0.020720279506944727 0.14378792380098554 0.025872642270690395 0.14313735565395347 0.031703909063452815 0.14630798318905067 0.04033724584561917 0.1514148536988725 0.045402444229566005 0.1576366794325723 0.04937806714648789 0.168093508057007 0.05005307374973733 0.1753944602136363 0.04895180600541123 0.18531805229297058 0.04243844826432626 0.18619624657842207 0.04107745328698713 0.17906672442468705 0.024748700478222575 0.1773974549220522 0.021519658841280487 0.1737111500427893 0.018082977519220257 0.17150231732868965 0.01739238121290243 0.16514840892576613 0.01957932699848621 0.1528333215948685 0.020720279506944727
3 0.45393758222349956 0.76657715498612 0.4501220028086553 0.7748309997364153 0.44978898800195355 0.78470946412283 0.44604225805536357 0.7954099818917223 0.44584132591788544 0.7991258775756312 0.45365443688595863 0.808082721416007 0.46090129064162555 0.8113918430876748 0.4641351513776922 0.8114159381487387 0.4682921700001657 0.809867501121578 0.4721555211496079 0.8069300766302471 0.47409176412433246 0.8033619382320273 0.4770474188537393 0.7880713838488538 0.47575893589240426 0.7802802980844614 0.47364916518022265 0.7749677752512643 0.4718899684756771 0.7721618078360929 0.46321060615580195 0.7658950640377974 0.45598763826743394 0.7652441524956118 0.45393758222349956 0.76657715498612
3 0.5871349954810295 0.7466905557630524 0.5782153536900059 0.7554071594992509 0.5769444299296052 0.7600010935392992 0.5792698838465568 0.7684547831231784 0.5890880872576089 0.7762901615839314 0.5948602769817548 0.7823811556097067 0.600845341777028 0.7860853590163142 0.6146048806057836 0.7892311336992244 0.6215672016884263 0.7869524156016133 0.6235603511977558 0.7845018451572493 0.6258176660455326 0.7697261373078736 0.6208639559385909 0.7556286229810537 0.6183228188168692 0.7440337666464923 0.6170490869228261 0.743099743316691 0.6062536272244048 0.7412472863601567 0.5962822634104726 0.7424442238422772 0.5871349954810295 0.7466905557630524