5 0.4241806697911647 0.6007694675219752 0.4205476538318503 0.603386458883887 0.4184622994046075 0.6081461467491726 0.41963926931519174 0.6197969709600959 0.42518354203078557 0.6313365193958859 0.4304145792835329 0.6361237250911851 0.43697193653590755 0.6384810729777852 0.44510170290227435 0.6381455717243943 0.4518172358360122 0.6347654502706286 0.4559088568498161 0.6281148092102405 0.4583777089882667 0.6188955167360064 0.45897372263959885 0.6106652537598738 0.45805564793309994 0.6037999613162591 0.4568667365303156 0.6020332058473018 0.45267439599378945 0.5981608458000152 0.445833395955409 0.5958535117894711 0.4423170215084169 0.5958147459364362 0.43051668551109473 0.5985542610965029 0.4241806697911647 0.6007694675219752
5 0.45770797469849267 0.5786073596993097 0.451972817724815 0.5842302054085613 0.4520775177449373 0.5914585169355806 0.4561532167691409 0.5979866341978138 0.46933905811977156 0.6064219744621421 0.47185030902478314 0.609053561703056 0.47978832653554593 0.6109478627541394 0.4860828080864351 0.6118143684540861 0.4900538070905166 0.6111141741893001 0.49379948406475355 0.609136115193097 0.4960518397656798 0.6069821706667019 0.501282012420907 0.596836784521434 0.5018532784903187 0.5934420671886663 0.500709881753975 0.5852989100136344 0.49469021739677155 0.576039177758375 0.4902310206613601 0.5739706651050903 0.4804784854196399 0.5717375149446353 0.4697959339792207 0.5725231410825316 0.46565395320405567 0.5739122815890823 0.45770797469849267 0.5786073596993097
5 0.18345517292482408 0.4927904287357321 0.184473102556525 0.49524613044645427 0.2098723702925263 0.5032847075583141 0.21669658374378634 0.5038382080509124 0.22734158151256478 0.5028396044577799 0.23122068658624437 0.49995962176457576 0.2324551126554697 0.4953499755274587 0.23111996706352222 0.4894366206569011 0.22772023412885245 0.48674209758891945 0.20086917928858133 0.4754459228214489 0.19589703723991927 0.47544424889345843 0.19115021722110195 0.47672043969688527 0.1845018306358454 0.487115895222434 0.18345517292482408 0.4927904287357321
5 0.14409251362841596 0.4470273242170505 0.13864497993814417 0.4493054664695905 0.1381823943862548 0.45663380574872214 0.14675484381751075 0.4654434131194763 0.15694521702919995 0.4651837696441647 0.18562273109262836 0.46693472477904113 0.1888386761664944 0.46526967099018635 0.18897608476333722 0.46107305771253004 0.18802045638519752 0.45399478781367913 0.18466225761956861 0.4482185526202784 0.17840931023772028 0.4442703347949125 0.16325077547476904 0.44123361476157824 0.15922941670932658 0.43667230847252697 0.15554206049125083 0.4373224888612568 0.14409251362841596 0.4470273242170505
5 0.3851497784838012 0.23345466270654264 0.38790313800577786 0.23911794819681947 0.394685817287997 0.242753160814837 0.4033245484702143 0.24364551041680702 0.411058011035653 0.24272109067376357 0.4185493649841267 0.23876497268135713 0.4211812378988607 0.23544611312666888 0.4222071285253617 0.23131243567608037 0.42130982090338315 0.22290628716975616 0.4168921583370125 0.21775606239105225 0.4016001954746188 0.21562126605471907 0.3930909118944441 0.21712168233640344 0.38832332479110626 0.21993872920253987 0.3850786516379198 0.22973401821541484 0.3851497784838012 0.23345466270654264
5 0.7296297089088288 0.027558498170312706 0.7327665661420133 0.028762179051640933 0.7358866367880772 0.028212026415023406 0.7612306996677971 0.0193512007131341 0.7761590673059835 0.009472153755139167 0.7800421528770632 0.0032974814812796183 0.7796269798693768 0 0.7353276060057423 0 0.7313634096040642 0.0009008982687331191 0.7274259837742236 0.005108759569410726 0.7260581296055555 0.010620329503528758 0.7296297089088288 0.027558498170312706
4 0.636941683736007 0.05422305929311015 0.633137686005609 0.05752899689678674 0.6309396705634439 0.06164975239636368 0.6298179055091409 0.06689833099918947 0.6288967149027621 0.0782603199767972 0.6297228956788591 0.08294582399199366 0.6321382721560685 0.08669231238514477 0.6377863802942646 0.09052758050738677 0.6407354691692452 0.09066637411253398 0.6489986636350548 0.08942894916214202 0.6677230680088388 0.08283334376178124 0.6696917809237593 0.08072941311144248 0.6702582018982508 0.06569679351876286 0.668664161102218 0.054997906880896605 0.6679674279281638 0.0527051687493544 0.6660026955106433 0.051514409819037876 0.6582692329452047 0.052438829562081325 0.6489881088476942 0.05122055280175122 0.6441286278139544 0.05185781123946933 0.636941683736007 0.05422305929311015
4 0.11132562985354344 0.4187671368807724 0.1093737035257433 0.42262490104905703 0.1087065630285297 0.42713451953406184 0.10887356430221314 0.4297402628729524 0.11128894077942267 0.4334867512661035 0.11712481727582251 0.4383869066645265 0.12386994288640096 0.4418091418273077 0.13110326622830942 0.44800008390815976 0.13647171207789965 0.4485906763258026 0.14345012071312283 0.4467013970586903 0.15049083060190718 0.4401895496034494 0.15162938224333064 0.4366948045185695 0.15040689766630555 0.43142038201372046 0.15053548067082803 0.41888055605680774 0.14468281758730786 0.4122265671404389 0.14007340616533331 0.40930614466620935 0.13302387068422866 0.40747477944219385 0.12597035470572376 0.40893810379883366 0.11132562985354344 0.4187671368807724
4 0.39309003055288655 0.562112150732158 0.3915679812002554 0.5700665004259866 0.3931284488220474 0.5772577200279614 0.39624055847331124 0.5832969465526545 0.39961952432346065 0.5875323256833457 0.40541784714821977 0.5922195036265328 0.41431945403192233 0.5946026954151561 0.4183655603792854 0.5943284560608425 0.4224699874828096 0.5927263380990555 0.43121255408762893 0.5859144073874778 0.43545837028539597 0.5768209865673791 0.4371138477374699 0.5679647131765495 0.4343684492102935 0.5557120485249619 0.4298173585444801 0.5514637474432592 0.4178372151837542 0.5465489961658341 0.4115219665483446 0.5472233465285969 0.4019700057545486 0.5511036067429239 0.3966143659946788 0.5555615374238823 0.39309003055288655 0.562112150732158
4 0.33743808297382255 0.2912773375938049 0.3324668055226807 0.30620825550638175 0.33210407489599325 0.30912700405262084 0.3334224339008204 0.3132865254052326 0.33876613216849 0.3187126634662404 0.34398038283411697 0.3217460356435938 0.3470045790523791 0.3223107841592133 0.3573115937763906 0.3193953834689551 0.365128124679911 0.3123075394750733 0.3751426710255964 0.30109893998161463 0.3766399727963071 0.29798013593115097 0.37668150696534786 0.29489842380573184 0.37442430616950156 0.28541446607221493 0.36860919675762216 0.2789734546110823 0.36333662533583394 0.2772679610412022 0.35751355492915443 0.2774163287413803 0.3501763961646439 0.2789296669740763 0.3441783634894809 0.28306167049667436 0.33743808297382255 0.2912773375938049
4 0.7656552622702916 0.5038852204526971 0.7645670703902292 0.5126414660914144 0.7655810195245301 0.5183918573827919 0.7715503241203725 0.522390089084214 0.785457646226978 0.5282826218367194 0.7955521450108652 0.529137879513645 0.8066517673367329 0.5274003158026915 0.8146105519320164 0.5277537607910654 0.8229113000694666 0.5267293132959096 0.8289636730033907 0.5245641207464934 0.8324089206045014 0.5208822421084005 0.8327380780569481 0.5144558265262699 0.8294629476294009 0.5025161670820308 0.8269892503960301 0.5000975572963532 0.8127231781601372 0.4938290835094315 0.7857267537282233 0.49331890118092775 0.771332098487808 0.4995902533509188 0.7656552622702916 0.5038852204526971
3 0.7188135330078105 0.5301518139679471 0.7135625932680628 0.5418380561759247 0.7133125236562977 0.5453957370878724 0.7194072953567827 0.5550814242536043 0.729401939215468 0.5603462726634223 0.7315168863195515 0.5623889414146838 0.7336150468365144 0.5626777766479992 0.7579667922639741 0.5614582954325902 0.7748519313248806 0.5593593865662225 0.7834195356612165 0.5565310916770648 0.7961498878572376 0.5507728002186468 0.8010341164728978 0.5452999961375637 0.7999450599953154 0.5391236499357137 0.7917689143649875 0.530902961054612 0.7628572526793942 0.5195309285090619 0.7395274173810354 0.5199114218545379 0.7344594009045714 0.5210246490787848 0.7221836732656395 0.5260439804193819 0.7188135330078105 0.5301518139679471
3 0.7057240881923014 0.4575765156084577 0.696981521587482 0.46438844632003545 0.6894901676390084 0.4683445643124419 0.686403670167185 0.472402383984951 0.6855863149834083 0.47606009264901095 0.6867672653913925 0.484416227279279 0.6906136618883515 0.4929611693907505 0.6946557877383145 0.4959816196170922 0.6991149844737259 0.49805013227037687 0.7107403582025646 0.4992942529327304 0.7293728686459469 0.4905188591039513 0.7382864170218497 0.4830179821506088 0.754629018092665 0.47618355539298857 0.7600054249370554 0.4701847686493207 0.7606893520213894 0.4674289836822617 0.7597880639020109 0.46231752475659277 0.7573351337531605 0.45835805890820547 0.7554287220918013 0.45583942137041567 0.7511780607991141 0.45329493993060244 0.7338422776785183 0.4528381193341356 0.7114928183402197 0.4554613369350976 0.7057240881923014 0.4575765156084577
5 0.7257817293458737 0.5680117871239353 0.7259279635350367 0.5721583865255355 0.7272295359527436 0.5745640743602014 0.7352139327274674 0.5850145655457775 0.7428307537805837 0.5867459030176807 0.7488168449635466 0.5924979682370486 0.7578894336183328 0.5941922137839074 0.7592325402050804 0.5935161894931544 0.76311562577616 0.5873415172192947 0.7670698381931211 0.5848874894365629 0.7704775321225911 0.5809926333432338 0.7732468136341678 0.5734771605108893 0.7735719905892144 0.5703454345094141 0.7717278801814166 0.5632042287834954 0.7673813444609272 0.5617746484959193 0.7400805101584871 0.5628553361061813 0.7293771916335474 0.5651818183067873 0.7269370675744173 0.5662708755570012 0.7257817293458737 0.5680117871239353