5 0.7370391705069125 0.26232698961937717 0.7410714285714286 0.26535467128027684 0.7471198156682027 0.26535467128027684 0.7551843317972351 0.2618944636678201 0.7577764976958525 0.2562716262975779 0.7577764976958525 0.25151384083044986 0.7551843317972351 0.24870242214532876 0.7485599078341014 0.24697231833910038 0.7422235023041475 0.24697231833910038 0.7379032258064516 0.24870242214532876 0.7347350230414746 0.25151384083044986 0.7344470046082949 0.2586505190311419 0.7370391705069125 0.26232698961937717
5 0.7134216589861752 0.30211937716262977 0.7160138248847926 0.3025519031141869 0.7269585253456221 0.30211937716262977 0.7379032258064516 0.29649653979238755 0.7551843317972351 0.29822664359861595 0.7649769585253456 0.2897923875432526 0.7672811059907835 0.28633217993079585 0.7678571428571429 0.28265570934256057 0.7652649769585254 0.2798442906574395 0.7577764976958525 0.2781141868512111 0.7508640552995393 0.2781141868512111 0.7474078341013825 0.2789792387543253 0.7384792626728112 0.28330449826989623 0.7341589861751152 0.2807093425605537 0.7269585253456221 0.2798442906574395 0.7163018433179724 0.28568339100346024 0.7128456221198156 0.2902249134948097 0.7119815668202765 0.29303633217993086 0.7119815668202765 0.2999567474048443 0.7134216589861752 0.30211937716262977
5 0.6160714285714286 0.26211072664359863 0.6192396313364055 0.26448961937716264 0.6232718894009217 0.26535467128027684 0.6252880184331797 0.26297577854671284 0.6267281105990784 0.25346020761245674 0.6330645161290323 0.2480536332179931 0.6310483870967742 0.24459342560553635 0.6270161290322581 0.24307958477508654 0.6152073732718895 0.24372837370242215 0.6129032258064516 0.2448096885813149 0.6123271889400922 0.24610726643598618 0.6123271889400922 0.2521626297577855 0.6160714285714286 0.26211072664359863
5 0.07546082949308755 0.3579152249134948 0.08467741935483872 0.36483564013840836 0.09158986175115208 0.36613321799307963 0.09936635944700462 0.36570069204152256 0.10685483870967742 0.36397058823529416 0.11290322580645162 0.36397058823529416 0.11635944700460829 0.3624567474048443 0.11808755760368664 0.35618512110726647 0.11693548387096775 0.3483996539792388 0.11405529953917051 0.34342560553633217 0.10915898617511521 0.3406141868512111 0.10080645161290322 0.33888408304498274 0.09187788018433181 0.3393166089965398 0.08525345622119816 0.3406141868512111 0.07805299539170507 0.34407439446366783 0.07402073732718895 0.3488321799307959 0.07373271889400922 0.3525086505190312 0.07546082949308755 0.3579152249134948
5 0.07056451612903226 0.37391868512110726 0.07402073732718895 0.37500000000000006 0.08784562211981567 0.37651384083044986 0.0956221198156682 0.37651384083044986 0.10627880184331798 0.3737024221453288 0.11088709677419355 0.370242214532872 0.11261520737327188 0.3665657439446367 0.11232718894009217 0.36548442906574397 0.1103110599078341 0.36461937716262977 0.10253456221198157 0.36634948096885817 0.08784562211981567 0.36548442906574397 0.08410138248847927 0.36440311418685123 0.07690092165898618 0.3600778546712803 0.07344470046082949 0.35207612456747406 0.07142857142857142 0.35056228373702425 0.0673963133640553 0.351643598615917 0.06394009216589862 0.35445501730103807 0.0625 0.35705017301038067 0.06336405529953917 0.36678200692041524 0.07056451612903226 0.37391868512110726
5 0.1336405529953917 0.40895328719723184 0.13911290322580644 0.41133217993079585 0.15063364055299538 0.4124134948096886 0.16129032258064518 0.4085207612456748 0.1653225806451613 0.405060553633218 0.16849078341013826 0.39900519031141873 0.16877880184331798 0.3918685121107267 0.16705069124423963 0.38970588235294124 0.15207373271889402 0.3827854671280277 0.141705069124424 0.38256920415224915 0.1370967741935484 0.38343425605536335 0.1359447004608295 0.3855968858131488 0.1336405529953917 0.3868944636678201 0.1287442396313364 0.39749134948096887 0.1287442396313364 0.4037629757785467 0.1336405529953917 0.40895328719723184
5 0.16618663594470046 0.36613321799307963 0.17050691244239632 0.3706747404844291 0.17597926267281108 0.37391868512110726 0.1849078341013825 0.3743512110726644 0.19182027649769587 0.37326989619377166 0.19700460829493088 0.3706747404844291 0.20276497695852536 0.36591695501730104 0.204205069124424 0.35986159169550175 0.20391705069124427 0.3522923875432526 0.1995967741935484 0.34688581314878897 0.195852534562212 0.34429065743944637 0.18836405529953917 0.34364186851211076 0.17511520737327188 0.3447231833910035 0.1679147465437788 0.3486159169550173 0.1653225806451613 0.3525086505190312 0.16474654377880185 0.3624567474048443 0.16618663594470046 0.36613321799307963
4 0.626152073732719 0.26297577854671284 0.6278801843317973 0.2651384083044983 0.6336405529953917 0.268598615916955 0.6396889400921659 0.2696799307958478 0.6440092165898618 0.26924740484429066 0.6509216589861752 0.2655709342560554 0.6514976958525346 0.26211072664359863 0.6422811059907835 0.25756920415224915 0.6336405529953917 0.2493512110726644 0.6296082949308757 0.25 0.6264400921658987 0.2530276816608997 0.6255760368663594 0.2549740484429066 0.626152073732719 0.26297577854671284
4 0.5682603686635945 0.29649653979238755 0.5884216589861752 0.29346885813148793 0.5936059907834101 0.28957612456747406 0.5941820276497696 0.2837370242214533 0.592741935483871 0.2804930795847751 0.5872695852534562 0.2774653979238754 0.5846774193548387 0.2772491349480969 0.5800691244239632 0.2785467128027682 0.5743087557603687 0.28243944636678203 0.5671082949308757 0.29217128027681666 0.566820276497696 0.29411764705882354 0.5682603686635945 0.29649653979238755
4 0.5250576036866359 0.2923875432525952 0.5293778801843319 0.293901384083045 0.5434907834101382 0.29519896193771633 0.5455069124423964 0.2908737024221454 0.5457949308755761 0.2867647058823529 0.543778801843318 0.28157439446366783 0.5400345622119815 0.2768166089965398 0.5336981566820277 0.27487024221453293 0.5293778801843319 0.27551903114186854 0.5241935483870968 0.2791955017301038 0.5221774193548387 0.28395328719723184 0.521889400921659 0.2897923875432526 0.5250576036866359 0.2923875432525952
4 0.5247695852534562 0.31358131487889274 0.5290898617511521 0.3157439446366782 0.5400345622119815 0.31596020761245674 0.5432027649769585 0.31487889273356406 0.5478110599078342 0.3105536332179931 0.5483870967741936 0.3062283737024222 0.5472350230414746 0.30276816608996543 0.5432027649769585 0.29649653979238755 0.5394585253456221 0.29455017301038067 0.5325460829493088 0.293901384083045 0.5262096774193549 0.2947664359861592 0.5233294930875576 0.29736159169550175 0.5216013824884793 0.30298442906574397 0.5221774193548387 0.3103373702422146 0.5247695852534562 0.31358131487889274
4 0.5282258064516129 0.3423442906574395 0.533410138248848 0.34666955017301043 0.5362903225806452 0.3477508650519031 0.5432027649769585 0.34731833910034604 0.5501152073732719 0.3421280276816609 0.55213133640553 0.3386678200692042 0.5529953917050692 0.3313148788927336 0.5509792626728112 0.3267733564013841 0.5423387096774194 0.3196366782006921 0.5362903225806452 0.3183391003460208 0.5293778801843319 0.3207179930795848 0.5264976958525346 0.3274221453287197 0.5250576036866359 0.33564013840830453 0.5282258064516129 0.3423442906574395
4 0.4660138248847926 0.33109861591695505 0.47062211981566826 0.33347750865051906 0.4772465437788019 0.33499134948096887 0.4841589861751152 0.333044982698962 0.48934331797235026 0.3280709342560554 0.48617511520737333 0.3243944636678201 0.478110599078341 0.32266435986159175 0.4660138248847926 0.32309688581314877 0.4631336405529954 0.32396193771626297 0.46370967741935487 0.3280709342560554 0.4660138248847926 0.33109861591695505
4 0.4634216589861751 0.3527249134948097 0.48444700460829493 0.3518598615916955 0.4858870967741936 0.349264705882353 0.48473502304147464 0.3416955017301038 0.4775345622119816 0.3345588235294118 0.46658986175115214 0.33326124567474047 0.46255760368663595 0.33499134948096887 0.459389400921659 0.33801903114186854 0.459389400921659 0.3471020761245675 0.4634216589861751 0.3527249134948097
4 0.1336405529953917 0.38624567474048443 0.14141705069124424 0.3827854671280277 0.1483294930875576 0.3821366782006921 0.15841013824884792 0.3845155709342561 0.16330645161290322 0.3884083044982699 0.16474654377880185 0.3907871972318339 0.1679147465437788 0.3920847750865052 0.17309907834101385 0.38775951557093424 0.17511520737327188 0.38019031141868515 0.173963133640553 0.37413494809688586 0.16474654377880185 0.36526816608996543 0.15841013824884792 0.36548442906574397 0.1419930875576037 0.37089100346020765 0.13392857142857145 0.3721885813148789 0.13076036866359447 0.37500000000000006 0.13018433179723504 0.37932525951557095 0.1336405529953917 0.38624567474048443
4 0.17914746543778803 0.4885380622837371 0.18202764976958524 0.4907006920415225 0.20276497695852536 0.4974048442906575 0.20708525345622122 0.4974048442906575 0.21226958525345624 0.49567474048442917 0.2168778801843318 0.4907006920415225 0.22004608294930877 0.4844290657439447 0.2180299539170507 0.4768598615916956 0.21457373271889404 0.47296712802768165 0.21025345622119818 0.469506920415225 0.1995967741935484 0.4666955017301039 0.19239631336405533 0.4664792387543253 0.18519585253456222 0.4684256055363322 0.18202764976958524 0.4710207612456748 0.17684331797235026 0.4781574394463668 0.1777073732718894 0.4859429065743945 0.17914746543778803 0.4885380622837371
4 0.21630184331797236 0.6498702422145329 0.2206221198156682 0.6498702422145329 0.22321428571428573 0.6479238754325259 0.22551843317972353 0.6423010380622838 0.23473502304147464 0.6334342560553634 0.22868663594470048 0.6295415224913495 0.22004608294930877 0.6295415224913495 0.21428571428571427 0.6325692041522493 0.21198156682027652 0.63840830449827 0.21226958525345624 0.6477076124567475 0.21630184331797236 0.6498702422145329
2 0.2278225806451613 0.6541955017301039 0.23099078341013826 0.6621972318339101 0.2399193548387097 0.6630622837370244 0.25172811059907835 0.6621972318339101 0.258352534562212 0.6565743944636678 0.2629608294930876 0.6505190311418685 0.2632488479262673 0.6464100346020761 0.2595046082949309 0.6410034602076126 0.2603686635944701 0.6362456747404844 0.263536866359447 0.6301903114186851 0.263536866359447 0.6265138408304499 0.2623847926267281 0.6247837370242215 0.25777649769585254 0.6232698961937717 0.2341589861751152 0.6327854671280277 0.2266705069124424 0.6403546712802768 0.222926267281106 0.6474913494809689 0.22235023041474652 0.6509515570934257 0.2278225806451613 0.6541955017301039
2 0.19182027649769587 0.6743079584775087 0.20996543778801846 0.6764705882352942 0.22350230414746544 0.6717128027681661 0.2278225806451613 0.6676038062283738 0.23185483870967744 0.6608996539792388 0.22868663594470048 0.6535467128027682 0.2203341013824885 0.6498702422145329 0.21284562211981567 0.6490051903114187 0.2036290322580645 0.6507352941176471 0.19671658986175117 0.6539792387543253 0.19297235023041476 0.6576557093425606 0.18836405529953917 0.6647923875432526 0.18836405529953917 0.6695501730103807 0.19182027649769587 0.6743079584775087
5 0.8303571428571429 0.8211505190311419 0.838421658986175 0.826340830449827 0.8453341013824884 0.8280709342560554 0.8525345622119817 0.8278546712802768 0.8629032258064516 0.8259083044982699 0.8689516129032258 0.8209342560553633 0.8764400921658986 0.8181228373702423 0.8798963133640554 0.8142301038062284 0.8778801843317974 0.8107698961937716 0.8629032258064516 0.7997404844290659 0.8559907834101382 0.7975778546712803 0.8487903225806452 0.7967128027681661 0.842741935483871 0.7967128027681661 0.8341013824884793 0.7993079584775087 0.8300691244239632 0.8036332179930797 0.8286290322580646 0.8088235294117648 0.8286290322580646 0.8148788927335641 0.8303571428571429 0.8211505190311419
5 0.8568548387096774 0.8834342560553633 0.8626152073732719 0.8875432525951558 0.8695276497695852 0.8897058823529413 0.8764400921658986 0.8886245674740485 0.8833525345622121 0.8851643598615917 0.8914170506912443 0.87651384083045 0.8931451612903226 0.8711072664359862 0.893721198156682 0.8628892733564015 0.8922811059907835 0.8589965397923877 0.889688940092166 0.855968858131488 0.8764400921658986 0.8479671280276817 0.8701036866359446 0.8466695501730104 0.8669354838709677 0.846885813148789 0.861463133640553 0.84969723183391 0.8565668202764977 0.8538062283737025 0.8525345622119817 0.8600778546712803 0.8522465437788019 0.872621107266436 0.8568548387096774 0.8834342560553633
5 0.7917626728110599 0.8687283737024222 0.8001152073732719 0.872621107266436 0.8038594470046083 0.8739186851211074 0.8078917050691243 0.8737024221453288 0.8150921658986177 0.8704584775086506 0.8211405529953918 0.8661332179930797 0.8277649769585255 0.8570501730103807 0.8277649769585255 0.8529411764705882 0.8237327188940092 0.8349913494809689 0.810483870967742 0.8250432525951558 0.806163594470046 0.8269896193771628 0.7929147465437788 0.830233564013841 0.788594470046083 0.8352076124567475 0.7891705069124424 0.8663494809688583 0.7917626728110599 0.8687283737024222
5 0.8093317972350231 0.9478806228373703 0.8231566820276498 0.962370242214533 0.8257488479262672 0.9638840830449829 0.8280529953917052 0.9641003460207613 0.8349654377880185 0.9500432525951558 0.8332373271889401 0.9392301038062284 0.8280529953917052 0.9316608996539794 0.824020737327189 0.9282006920415226 0.8214285714285715 0.9273356401384083 0.8179723502304148 0.9275519031141869 0.8067396313364055 0.9329584775086506 0.8038594470046083 0.9355536332179932 0.8035714285714286 0.939446366782007 0.8093317972350231 0.9478806228373703
5 0.7168778801843319 0.9366349480968859 0.7197580645161291 0.9403114186851212 0.7433755760368663 0.9424740484429066 0.7459677419354839 0.9418252595155711 0.7471198156682027 0.9368512110726644 0.7456797235023042 0.9230103806228375 0.743663594470046 0.9197664359861593 0.7384792626728112 0.9163062283737025 0.7315668202764977 0.9147923875432526 0.7237903225806452 0.9158737024221454 0.7171658986175116 0.9201989619377164 0.7154377880184332 0.9236591695501731 0.7154377880184332 0.931877162629758 0.7168778801843319 0.9366349480968859
5 0.3358294930875576 0.8384515570934257 0.3378456221198157 0.848832179930796 0.3424539170506912 0.8527249134948098 0.34735023041474655 0.8538062283737025 0.3522465437788019 0.853589965397924 0.3557027649769585 0.8518598615916956 0.36376728110599077 0.8384515570934257 0.36347926267281105 0.8352076124567475 0.3597350230414747 0.8276384083044983 0.35685483870967744 0.8246107266435987 0.3453341013824885 0.8209342560553633 0.33842165898617516 0.823529411764706 0.33726958525345624 0.825475778546713 0.3358294930875576 0.831098615916955 0.3358294930875576 0.8384515570934257
5 0.30069124423963134 0.8525086505190312 0.3070276497695853 0.8583477508650519 0.31105990783410137 0.8598615916955017 0.320852534562212 0.8592128027681663 0.3245967741935484 0.8568339100346021 0.32862903225806456 0.8520761245674742 0.329205069124424 0.8486159169550174 0.32258064516129037 0.8419117647058825 0.3182603686635945 0.8401816608996541 0.31105990783410137 0.8388840830449829 0.3064516129032258 0.8393166089965399 0.3015552995391705 0.8416955017301039 0.2995391705069125 0.8451557093425606 0.2986751152073733 0.848832179930796 0.30069124423963134 0.8525086505190312
5 0.3580069124423963 0.8261245674740485 0.36175115207373276 0.8332612456747406 0.36578341013824883 0.8360726643598616 0.3715437788018433 0.8349913494809689 0.37413594470046085 0.8317474048442908 0.37413594470046085 0.8246107266435987 0.37211981566820274 0.8211505190311419 0.37010368663594473 0.8196366782006921 0.36693548387096775 0.8189878892733565 0.3626152073732719 0.8192041522491349 0.3588709677419355 0.8211505190311419 0.3557027649769585 0.8246107266435987 0.3580069124423963 0.8261245674740485
5 0.09447004608294932 0.8682958477508651 0.10599078341013826 0.872188581314879 0.11261520737327188 0.8711072664359862 0.11635944700460829 0.8689446366782008 0.11981566820276499 0.8661332179930797 0.12240783410138249 0.8594290657439447 0.11981566820276499 0.8529411764705882 0.11664746543778803 0.84969723183391 0.10944700460829493 0.8486159169550174 0.10483870967741934 0.848832179930796 0.09619815668202766 0.8518598615916956 0.09331797235023041 0.8546712802768166 0.09158986175115208 0.8587802768166091 0.09187788018433181 0.8650519031141869 0.09447004608294932 0.8682958477508651
4 0.12269585253456221 0.8561851211072666 0.12586405529953917 0.8596453287197232 0.13076036866359447 0.8598615916955017 0.14372119815668202 0.8581314878892734 0.1480414746543779 0.8561851211072666 0.15264976958525348 0.8522923875432526 0.15524193548387097 0.8458044982698963 0.15725806451612906 0.8347750865051904 0.1546658986175115 0.830666089965398 0.1509216589861751 0.8287197231833912 0.14487327188940094 0.830666089965398 0.13680875576036866 0.8308823529411764 0.12644009216589863 0.8341262975778548 0.12096774193548387 0.8384515570934257 0.11923963133640554 0.842128027681661 0.1189516129032258 0.8490484429065746 0.12269585253456221 0.8561851211072666