3 0.6931458377266504 0.4800453952455877 0.6810374441992842 0.4890554824080313 0.6733669580018504 0.5019239327017437 0.6735354136893109 0.505214315347972 0.6765813932893648 0.5107257397988463 0.6809593970677754 0.513044271691861 0.6924807476852539 0.5232575499789788 0.6959082897095358 0.5240199006146621 0.7294125900336781 0.5180604360471408 0.738905583788748 0.5156468541701364 0.7503405233853846 0.5101215198045639 0.756346071564651 0.5054057560536221 0.7578726900806753 0.5030557441746424 0.7587781319663843 0.4992954811578372 0.7578538088624628 0.49529179793315736 0.7525514819801307 0.4889695828154628 0.7460256830553805 0.4875908116636022 0.7288542080326567 0.4797917252795836 0.7108970982272671 0.4788325643888786 0.6931458377266504 0.4800453952455877
3 0.6636176222620274 0.41872338575269163 0.6591612025329954 0.423747359761722 0.6562687949372996 0.42530293099295874 0.6520105982619326 0.42606406157645244 0.649166839250654 0.4278303529774091 0.6464802809597309 0.43155791595605997 0.6450810957978577 0.4434224254844989 0.6468211898697621 0.44967924052588437 0.6521721653365112 0.45621217581329887 0.6565015205305049 0.4583199875365935 0.6641611205799465 0.46076870955613136 0.6717495621107614 0.460348489268881 0.6825858350112929 0.45607112590255117 0.6879440679100368 0.4523926129811319 0.6944309404367488 0.44549425264882947 0.7126360858418336 0.4351505292849106 0.7160186079976958 0.430596435646457 0.7171934314556967 0.4254422715109033 0.7159285682608567 0.41996354709818356 0.7108694843006091 0.414694932829089 0.7075766330624733 0.41323563163403154 0.6923511014164264 0.4138653520388126 0.6755989512543551 0.41684508432257317 0.6667906663971197 0.4171030244712407 0.6636176222620274 0.41872338575269163
4 0.7467956965167184 0.45123493244260215 0.7399144738179475 0.45215773313858404 0.7318097790767588 0.4580239778003998 0.7271849036602662 0.45975756916320193 0.7246929397070108 0.4643280128207327 0.7266839029521075 0.47807326388366905 0.7448432333462721 0.48631014062620503 0.7519303053498155 0.48755933167763726 0.7557731746996399 0.48755994170373196 0.7671333270616525 0.4842713891357879 0.782860228234971 0.4819722573923242 0.7876197944376095 0.4795417154701479 0.7897563346168439 0.47727284366045974 0.7906392665683434 0.470854358506586 0.7892172026531477 0.46341436251617213 0.7873162791448902 0.4603020000015093 0.7799148057006355 0.4551302657946888 0.7727191815611533 0.4521305233352824 0.7681204447948679 0.45141661273073613 0.753736822767011 0.4518519629848744 0.7467956965167184 0.45123493244260215
4 0.370618929087028 0.5234333779758168 0.36582196926707744 0.5269823107968075 0.359678101585668 0.5375007492115402 0.35845462954325014 0.5424441931773739 0.3587802859510663 0.5476958474012965 0.36355510465591984 0.558134975825022 0.3715516160802826 0.5671644631370165 0.37484446731841853 0.568623764332074 0.37934590691587006 0.5689162345971802 0.38645911756962065 0.5677179236812641 0.38911953721033654 0.5664378626699615 0.3986909469160279 0.556681774890912 0.40192752331863935 0.5514955207432986 0.4042136379671222 0.5447530853383535 0.4041461081644929 0.5367784189271485 0.40255195984583914 0.531153764394923 0.397249632963507 0.5248315492772284 0.39249369547686597 0.5221563670949881 0.3864805210464922 0.520437295672979 0.3821624208196035 0.5196585950182185 0.3778555755598195 0.5202090054319922 0.370618929087028 0.5234333779758168
4 0.0812186964073002 0.4055829713088218 0.07519826454493181 0.41407534809564617 0.07443876841247324 0.4184677716216115 0.0760590553813342 0.42164492418648863 0.08205734612860546 0.4271406086443803 0.08841106064989764 0.4303347212544294 0.09431205422833526 0.43540896537288115 0.09811752996084752 0.4365279662977902 0.1091596521661515 0.4344225946788745 0.11438319427874952 0.4314410323168296 0.11715579477140162 0.42680579860908463 0.11714816852029405 0.42037096343613367 0.11631351633409878 0.4103538853779428 0.11458467722929924 0.4054261814050915 0.1091476595608211 0.3998009168467713 0.10406243695036654 0.39697980454502524 0.09487621838490043 0.39688109440446695 0.08884816027142449 0.39893863601834034 0.0812186964073002 0.4055829713088218
4 0.5832454256319303 0.025780539334330842 0.5805552386250098 0.03461382641739839 0.5802898545878283 0.04754828681351464 0.5828718582779226 0.0536107317042573 0.5883836631810249 0.056999214464949065 0.5955567773862972 0.057340734787287094 0.6028533274106106 0.055656193481716666 0.6080768695232086 0.052674631119671834 0.6188757488064279 0.04951565865215635 0.620660493927639 0.044442634585893884 0.6203159563016106 0.0314270341204864 0.6182988544063069 0.02012928502489846 0.6171537983145103 0.01773022308868697 0.6147028566945643 0.016076551742986656 0.6054418508944744 0.01821462340005677 0.5946092067099402 0.0173862626619699 0.5871779658994811 0.019767754526914684 0.5832454256319303 0.025780539334330842
5 0.11312595733501696 0.4323971430770608 0.10851233688562925 0.43545984550839717 0.10484917819037023 0.440078729197065 0.10562755554104104 0.4434502519125848 0.1087969709601361 0.44693561473555066 0.11162584628831251 0.4489459363704766 0.11683450471780821 0.4497409870443142 0.14059893964879883 0.45024722760961433 0.15173835902293648 0.4485632963301387 0.15381499565064938 0.44475459328219624 0.1519663494428062 0.4367472268328367 0.14776043006785344 0.43261335348163354 0.13578272979152314 0.4293859308073352 0.12729247509099628 0.42846069000697423 0.12230454964937554 0.42606101804466806 0.11809500155842541 0.4270328687978818 0.11312595733501696 0.4323971430770608
5 0.16524667535040144 0.4609812664028251 0.15846274982046446 0.462325507438247 0.1531644204732424 0.4675438515979202 0.14981566321869472 0.47608527844197635 0.15374094605425082 0.4802839418433935 0.16324156606042808 0.4843051951393401 0.17667109761815877 0.4874193877322873 0.1853446916892483 0.4878583981429941 0.19587418940017592 0.48609332679422695 0.19871794841145465 0.4843270353932702 0.19996393038808224 0.4820418135645048 0.20063738431881176 0.47855706076763377 0.19981035838372402 0.4749748178823938 0.19640895500964933 0.47176496527936235 0.18812817832989256 0.4679059921219988 0.17577254434533168 0.46432191915847454 0.17144318915133797 0.46221410743518004 0.16524667535040144 0.4609812664028251
5 0.4241577134824981 0.5479169380146272 0.42058059698896805 0.5516281509742008 0.4177931128132138 0.5600399977178284 0.42400850783236266 0.5690367849916684 0.4351406697745056 0.5775643019210263 0.4464823097374187 0.5831580864933816 0.4497639060084498 0.5832882766199049 0.4599528636284589 0.5800481640830978 0.4628340162570496 0.5771634817833269 0.46708458668130903 0.5699675160268822 0.46858869526312363 0.5649592820108342 0.4674959164717415 0.5576652161399261 0.465048603567793 0.5509058206898091 0.4587097727296031 0.5439350950438774 0.4564047768629079 0.5429135842073373 0.4477685764091304 0.5413561828978162 0.43349350651721225 0.5435420845599286 0.4241577134824981 0.5479169380146272
5 0.4040495486338845 0.5696495453512774 0.4014377775775855 0.5711403265322998 0.3973629202727814 0.5714152267261394 0.38874560103721617 0.5776217716581036 0.3882257191108451 0.5881735201370856 0.39011175893600025 0.5950624956876309 0.3935955757958065 0.6024704016659852 0.39865465975605396 0.6077390159350797 0.40280067557948485 0.6103330580480286 0.4061795690193499 0.6108846885139918 0.4131094403025376 0.6101726079877299 0.41965012291039 0.607774766103708 0.4261345306827179 0.5987313688770152 0.4278630009684047 0.5870127894680819 0.4262463427155412 0.578729912798788 0.42381028477869764 0.5732996284172053 0.41923768666261935 0.5701382158453107 0.4144443555586661 0.5685814245618845 0.4107848255794046 0.5680945841461356 0.40817305452310554 0.5695853653271581 0.4040495486338845 0.5696495453512774
5 0.6889112574428314 0.5334035981115033 0.6916653455363838 0.5376507015440576 0.6997253892282658 0.5431142959898897 0.7020641499962756 0.5481231400320323 0.7060754750335605 0.5514141327043555 0.7105170110794903 0.5501667717312075 0.7201185569704989 0.5495037412621773 0.7255254384536596 0.5460359485104782 0.7297611251948168 0.5426165957899161 0.7334242838900759 0.5379977121012484 0.7350892219082434 0.5298450255584777 0.7347261718831152 0.5257117622333694 0.7301797124172441 0.5201028476941264 0.7237512106613277 0.5191455168817057 0.7064751810377753 0.5211364383670806 0.6924433540679419 0.5243759408777929 0.6880729765406388 0.5284922441577293 0.6889112574428314 0.5334035981115033
5 0.3413393104057907 0.19815354629150303 0.3392103964776636 0.2068572532741421 0.340280665334836 0.21149309700798186 0.3430834020128052 0.21595092061025611 0.3523033854795859 0.22003696395641703 0.35919586314546165 0.22044327432896932 0.3691528328104909 0.2174786720120964 0.3751583809897572 0.21276290826115463 0.3767859253906128 0.20572861261719816 0.37574179518364753 0.19864526691600998 0.3739381688442238 0.1959543447407872 0.37204850030307124 0.19417109329465845 0.3678650908623284 0.19269544208052364 0.3534215652829497 0.1915909610964078 0.34486777831490373 0.19423161316220955 0.3413393104057907 0.19815354629150303
4 0.29676059825148066 0.2688161827994752 0.2906131018540738 0.2844403453186247 0.29057207952076436 0.2906644603218558 0.29360680415371343 0.29484677370419576 0.30039835593475794 0.2999373678417248 0.30617954241015194 0.3019319494836682 0.3102057511305391 0.3014463291201087 0.319017664703772 0.2960826648670245 0.3222281024561763 0.29334391268675936 0.3249520543644114 0.2884979588092943 0.33335226932809914 0.27879031106138175 0.33509199458089084 0.2684008427209827 0.33474019952286743 0.26559669046440865 0.33265593664404713 0.2629705583393999 0.32387741915301616 0.25567527241630233 0.31604573470011665 0.25504189185495285 0.3069306746532773 0.2578121240211829 0.30390357627143577 0.2600646458117938 0.29676059825148066 0.2688161827994752