5 0.8461981566820278 0.6751730103806228 0.8519585253456221 0.6825259515570935 0.8591589861751153 0.6892301038062285 0.8732718894009217 0.6959342560553634 0.8798963133640554 0.6959342560553634 0.8845046082949309 0.694204152249135 0.8905529953917052 0.6903114186851211 0.8945852534562212 0.6857698961937717 0.8960253456221199 0.6825259515570935 0.8945852534562212 0.6738754325259516 0.889688940092166 0.6669550173010381 0.8819124423963134 0.6470588235294118 0.8758640552995391 0.6399221453287198 0.8732718894009217 0.638840830449827 0.8626152073732719 0.63840830449827 0.8591589861751153 0.6386245674740485 0.856278801843318 0.6399221453287198 0.8516705069124424 0.6433823529411765 0.8482142857142858 0.6477076124567475 0.844758064516129 0.6606833910034602 0.8444700460829493 0.6682525951557093 0.8461981566820278 0.6751730103806228
5 0.8905529953917052 0.7437283737024222 0.8940092165898618 0.7461072664359862 0.8974654377880185 0.7456747404844292 0.9043778801843319 0.7465397923875433 0.909562211981567 0.7491349480968859 0.9150345622119817 0.7549740484429066 0.9158986175115208 0.7580017301038062 0.918778801843318 0.761029411764706 0.9202188940092165 0.766219723183391 0.9251152073732719 0.7720588235294119 0.9288594470046083 0.7727076124567475 0.9392281105990783 0.7701124567474049 0.9495967741935484 0.7644896193771628 0.9544930875576038 0.7551903114186852 0.9559331797235023 0.7448096885813149 0.9550691244239632 0.7368079584775087 0.9444124423963134 0.7158304498269896 0.9340437788018434 0.7035034602076126 0.9265552995391705 0.6976643598615918 0.9213709677419356 0.6957179930795848 0.9153225806451614 0.6957179930795848 0.9084101382488481 0.6980968858131489 0.9012096774193548 0.7030709342560554 0.8983294930875576 0.7067474048442908 0.893721198156682 0.717128027681661 0.8908410138248849 0.7288062283737025 0.889688940092166 0.7402681660899655 0.8905529953917052 0.7437283737024222
5 0.9752304147465438 0.7586505190311419 0.9841589861751153 0.7655709342560554 0.9997119815668203 0.766219723183391 0.9997119815668203 0.7039359861591696 0.9847350230414748 0.7054498269896194 0.9789746543778802 0.7091262975778547 0.9743663594470047 0.717128027681661 0.9683179723502304 0.7339965397923877 0.9688940092165899 0.7497837370242215 0.9752304147465438 0.7586505190311419
5 0.8698156682027649 0.7837370242214534 0.877304147465438 0.7902249134948097 0.8836405529953918 0.7923875432525953 0.8870967741935484 0.7947664359861593 0.8945852534562212 0.7967128027681661 0.9101382488479264 0.7943339100346021 0.9150345622119817 0.7947664359861593 0.9184907834101382 0.7932525951557095 0.9202188940092165 0.7902249134948097 0.9207949308755762 0.7822231833910036 0.9222350230414748 0.7789792387543253 0.9225230414746545 0.7694636678200693 0.9153225806451614 0.7532439446366783 0.9084101382488481 0.747621107266436 0.9012096774193548 0.7450259515570935 0.891705069124424 0.7430795847750866 0.8790322580645162 0.7445934256055364 0.8767281105990783 0.7461072664359862 0.8726958525345623 0.7532439446366783 0.8675115207373272 0.7716262975778547 0.8672235023041475 0.7778979238754327 0.8698156682027649 0.7837370242214534
5 0.8329493087557603 0.7515138408304499 0.8433179723502304 0.7688148788927336 0.8525345622119817 0.7772491349480969 0.8591589861751153 0.7794117647058825 0.8660714285714286 0.779628027681661 0.872983870967742 0.7512975778546713 0.8764400921658986 0.7448096885813149 0.8747119815668203 0.7407006920415226 0.8701036866359446 0.7374567474048443 0.861463133640553 0.7275086505190311 0.8502304147465438 0.722318339100346 0.8441820276497696 0.7221020761245676 0.8381336405529953 0.7233996539792388 0.8341013824884793 0.7264273356401385 0.8309331797235023 0.7337802768166091 0.8306451612903226 0.7426470588235294 0.8329493087557603 0.7515138408304499
5 0.8461981566820278 0.8663494809688583 0.8559907834101382 0.872621107266436 0.8600230414746545 0.8734861591695502 0.8626152073732719 0.8758650519031143 0.8660714285714286 0.8762975778546714 0.8767281105990783 0.8730536332179932 0.8914170506912443 0.8669982698961938 0.8963133640552996 0.8598615916955017 0.900921658986175 0.8574826989619379 0.9046658986175116 0.8585640138408305 0.9086981566820278 0.8494809688581315 0.9081221198156681 0.8445069204152249 0.9107142857142858 0.8388840830449829 0.9101382488479264 0.8315311418685122 0.9084101382488481 0.8280709342560554 0.8963133640552996 0.8194204152249135 0.8868087557603687 0.814446366782007 0.8836405529953918 0.8135813148788928 0.8798963133640554 0.8140138408304498 0.8770161290322582 0.8155276816608998 0.8701036866359446 0.8163927335640139 0.8626152073732719 0.8198529411764707 0.8557027649769585 0.8336937716262977 0.8476382488479264 0.8386678200692043 0.8433179723502304 0.8449394463667821 0.8433179723502304 0.8587802768166091 0.8461981566820278 0.8663494809688583
5 0.11693548387096775 0.3421280276816609 0.11664746543778803 0.34558823529411764 0.1189516129032258 0.3488321799307959 0.12327188940092167 0.3514273356401384 0.12701612903225806 0.35532006920415227 0.13018433179723504 0.35575259515570934 0.13191244239631336 0.35380622837370246 0.14112903225806453 0.34904844290657444 0.14429723502304148 0.34537197231833916 0.14026497695852536 0.342560553633218 0.13623271889400923 0.33737024221453293 0.13191244239631336 0.33499134948096887 0.13047235023041476 0.33174740484429066 0.1287442396313364 0.330666089965398 0.12586405529953917 0.3300173010380623 0.12298387096774195 0.3315311418685122 0.11952764976958526 0.3308823529411765 0.11434331797235024 0.33391003460207613 0.11290322580645162 0.33499134948096887 0.11693548387096775 0.3421280276816609
5 0.10311059907834101 0.37564878892733566 0.1088709677419355 0.3838667820069205 0.11463133640552996 0.38862456747404844 0.11952764976958526 0.3910034602076125 0.12471198156682028 0.3914359861591696 0.1298963133640553 0.39035467128027684 0.13450460829493088 0.3873269896193772 0.13738479262672812 0.3838667820069205 0.13796082949308758 0.3799740484429066 0.1287442396313364 0.3600778546712803 0.12471198156682028 0.3548875432525952 0.11952764976958526 0.35207612456747406 0.11578341013824885 0.3518598615916955 0.11232718894009217 0.3527249134948097 0.1077188940092166 0.35510380622837373 0.10426267281105991 0.3589965397923876 0.1028225806451613 0.3626730103806229 0.10224654377880185 0.3704584775086505 0.10311059907834101 0.37564878892733566
5 0.1627304147465438 0.2861159169550173 0.1630184331797235 0.2897923875432526 0.1650345622119816 0.29217128027681666 0.16993087557603687 0.293901384083045 0.18548387096774194 0.29455017301038067 0.19210829493087558 0.2861159169550173 0.19239631336405533 0.2783304498269896 0.19066820276497695 0.27249134948096887 0.18548387096774194 0.2657871972318339 0.18202764976958524 0.26297577854671284 0.17857142857142858 0.26167820069204156 0.17482718894009217 0.26146193771626297 0.1653225806451613 0.26535467128027684 0.16618663594470046 0.2774653979238754 0.1627304147465438 0.2861159169550173
5 0.14055299539170507 0.27270761245674746 0.16244239631336405 0.26448961937716264 0.16474654377880185 0.2649221453287197 0.17597926267281108 0.2601643598615917 0.17799539170506912 0.25756920415224915 0.1777073732718894 0.2512975778546713 0.17511520737327188 0.2480536332179931 0.1713709677419355 0.24675605536332182 0.16705069124423963 0.24632352941176472 0.16129032258064518 0.24718858131487892 0.1529377880184332 0.25151384083044986 0.14372119815668202 0.26211072664359863 0.1399769585253456 0.2688148788927336 0.14055299539170507 0.27270761245674746
5 0.3623271889400922 0.20458477508650522 0.369815668202765 0.21128892733564014 0.37327188940092165 0.21085640138408307 0.3747119815668203 0.20891003460207616 0.3752880184331797 0.19550173010380625 0.3790322580645161 0.18576989619377166 0.3787442396313364 0.18209342560553635 0.37413594470046085 0.17884948096885817 0.369815668202765 0.17711937716262977 0.36463133640552997 0.17690311418685123 0.3588709677419355 0.1790657439446367 0.35656682027649766 0.18360726643598618 0.35627880184331795 0.18576989619377166 0.3623271889400922 0.20458477508650522
5 0.3758640552995392 0.21301903114186854 0.383352534562212 0.21950692041522496 0.3888248847926267 0.22166955017301038 0.40005760368663595 0.2236159169550173 0.40466589861751157 0.22231833910034604 0.40812211981566826 0.2169117647058824 0.408410138248848 0.21258650519031144 0.40610599078341014 0.19679930795847753 0.402073732718894 0.18923010380622837 0.39631336405529954 0.18230968858131488 0.3914170506912443 0.1801470588235294 0.3870967741935484 0.1801470588235294 0.3813364055299539 0.18209342560553635 0.378168202764977 0.18663494809688583 0.375 0.19679930795847753 0.37413594470046085 0.21020761245674743 0.3758640552995392 0.21301903114186854
5 0.13536866359447003 0.5170847750865052 0.13796082949308758 0.5227076124567475 0.14055299539170507 0.5255190311418685 0.14976958525345624 0.5276816608996541 0.15552995391705068 0.5278979238754326 0.15898617511520738 0.5270328719723183 0.1650345622119816 0.5235726643598617 0.17108294930875576 0.5153546712802768 0.17309907834101385 0.5058391003460209 0.17050691244239632 0.4907006920415225 0.1679147465437788 0.48421280276816614 0.1578341013824885 0.47923875432525953 0.15034562211981567 0.4798875432525952 0.14631336405529954 0.4811851211072665 0.14026497695852536 0.4874567474048443 0.1370967741935484 0.4945934256055364 0.13450460829493088 0.5045415224913495 0.13421658986175117 0.5121107266435987 0.13536866359447003 0.5170847750865052
5 0.1788594470046083 0.4781574394463668 0.1849078341013825 0.4798875432525952 0.19297235023041476 0.4805363321799308 0.1995967741935484 0.4796712802768167 0.2036290322580645 0.4777249134948097 0.20478110599078342 0.47058823529411764 0.20766129032258066 0.46345155709342567 0.20794930875576037 0.4586937716262976 0.20622119815668202 0.45371972318339104 0.19902073732718895 0.4463667820069205 0.19268433179723504 0.4457179930795848 0.18433179723502305 0.45004325259515576 0.1765552995391705 0.4582612456747405 0.17367511520737328 0.4664792387543253 0.17367511520737328 0.4733996539792388 0.1788594470046083 0.4781574394463668
2 0.41244239631336405 0.22556228373702422 0.4182027649769585 0.2281574394463668 0.42684331797235026 0.23010380622837373 0.43202764976958524 0.23313148788927335 0.43519585253456217 0.23248269896193774 0.4481566820276498 0.22166955017301038 0.4570852534562212 0.20999134948096887 0.4602534562211981 0.20134083044982704 0.46226958525345624 0.189878892733564 0.4619815668202765 0.1855536332179931 0.44902073732718895 0.17452422145328722 0.4449884792626729 0.17365916955017302 0.438652073732719 0.17409169550173012 0.435483870967742 0.1753892733564014 0.42569124423963134 0.18252595155709345 0.4213709677419355 0.18728373702422146 0.4089861751152074 0.1961505190311419 0.40754608294930883 0.19831314878892736 0.4086981566820277 0.22037197231833913 0.41244239631336405 0.22556228373702422
2 0.5216013824884793 0.3804065743944637 0.5256336405529953 0.3873269896193772 0.5276497695852534 0.38884083044982704 0.5362903225806452 0.3914359861591696 0.5527073732718895 0.3873269896193772 0.5587557603686636 0.38019031141868515 0.5639400921658987 0.36634948096885817 0.5633640552995393 0.35358996539792387 0.5642281105990784 0.3522923875432526 0.5610599078341014 0.3477508650519031 0.5570276497695852 0.34493944636678203 0.5509792626728112 0.34342560553633217 0.5443548387096774 0.34277681660899656 0.5328341013824885 0.34342560553633217 0.5259216589861752 0.3471020761245675 0.5224654377880185 0.35056228373702425 0.518721198156682 0.3589965397923876 0.5190092165898618 0.3730536332179931 0.5216013824884793 0.3804065743944637
2 0.4663018433179723 0.44074394463667826 0.4737903225806452 0.44355536332179935 0.4798387096774194 0.4444204152249135 0.4879032258064516 0.4444204152249135 0.49107142857142855 0.4431228373702423 0.49711981566820274 0.4392301038062284 0.5005760368663594 0.43230968858131497 0.501152073732719 0.4072231833910035 0.49884792626728114 0.40008650519031147 0.49135944700460826 0.39619377162629765 0.4841589861751152 0.39597750865051906 0.47033410138248855 0.3994377162629758 0.4634216589861751 0.4046280276816609 0.4611175115207374 0.4078719723183391 0.4602534562211981 0.42236159169550175 0.4663018433179723 0.44074394463667826
2 0.506336405529954 0.4338235294117648 0.5120967741935484 0.44031141868512114 0.5203052995391706 0.44117647058823534 0.5224654377880185 0.4429065743944637 0.527073732718894 0.4422577854671281 0.5290898617511521 0.44074394463667826 0.5336981566820277 0.43014705882352944 0.5394585253456221 0.4243079584775087 0.5432027649769585 0.4180363321799308 0.5446428571428572 0.4078719723183391 0.543778801843318 0.4057093425605537 0.5345622119815668 0.39273356401384085 0.5313940092165899 0.3905709342560554 0.5262096774193549 0.3892733564013841 0.5181451612903226 0.3905709342560554 0.5086405529953917 0.3940311418685122 0.504320276497696 0.39727508650519033 0.5017281105990784 0.40268166089965407 0.503168202764977 0.4320934256055364 0.506336405529954 0.4338235294117648