5 0.8892827455252863 0.40074220149970224 0.8782028829444055 0.4018931549449217 0.8668921848590978 0.41026949174299865 0.8661784257502754 0.41696038284849113 0.8703535507805787 0.4241609553564329 0.8768914026139434 0.42675364924045667 0.8839244335010532 0.4267988677349105 0.8910873868762744 0.4246662335635042 0.8970140217687114 0.41832769075254833 0.8996304658233203 0.41090509061537783 0.8988358060237858 0.40744596383899057 0.8954966057141623 0.4034922284916386 0.8892827455252863 0.40074220149970224
5 0.8110405869736723 0.40778484762939354 0.8061104379134012 0.4074874558427418 0.8030355811530965 0.4082116284586775 0.7942878067519025 0.4124596223723165 0.7890504200695885 0.4182712093516498 0.7843188387387909 0.429027950417953 0.7832046858678638 0.4347597700444856 0.7845938085858802 0.44119848785778026 0.7911132772452201 0.4484141331972067 0.8158465523888665 0.4494765128988697 0.81924540079366 0.44859500717502165 0.8289422683811993 0.43946435209804 0.8311047983032085 0.43437693773464225 0.8323076087411014 0.426679555058047 0.8316016065085327 0.4212548652315974 0.8225024601426332 0.41221591711853645 0.8110405869736723 0.40778484762939354
5 0.8388115636479336 0.4581263622613581 0.829428061407112 0.4596070547538872 0.8175396544257681 0.47095544617312923 0.8165141591218068 0.4747217027495994 0.8200000359419872 0.4824492310891637 0.8300070105730866 0.4868178076546793 0.8405152919826062 0.48709792501215754 0.849787254909341 0.48317213373008594 0.8512482811718778 0.4816936428352457 0.8533634184480663 0.47835950190611276 0.8541184424780341 0.4714563211848228 0.8509152923811969 0.46378374935314337 0.8459561338491302 0.4606166795453544 0.8388115636479336 0.4581263622613581
5 0.7204029758192598 0.3910479235693997 0.7103547362670151 0.3868916366196815 0.7009834894755433 0.3852903614752757 0.6967303331760453 0.3875479814939364 0.6952983163853044 0.3918961504099141 0.6975997659416168 0.40269810997067107 0.6974865974759512 0.4108276082946035 0.6992593599336266 0.4122737519287857 0.6997941747569387 0.42008858403689314 0.7045179992114825 0.4214474239025322 0.7151974680302586 0.4193373989783528 0.7270658626859989 0.4231865561279882 0.7297051884877288 0.42017461783042276 0.729758708858224 0.4168803605776903 0.7318387089379422 0.41221752544588747 0.736174395079731 0.4095353261956317 0.7371173605414014 0.4061936488507566 0.7362340431749014 0.40470008512443184 0.7318754752859917 0.40297162253508256 0.7252383395878902 0.3948518622245813 0.7204029758192598 0.3910479235693997
5 0.6066950154413849 0.5141300889671611 0.596281519323506 0.5103434247411529 0.591716626828869 0.5096764102307912 0.5872632736483187 0.511454494509972 0.5851129991756594 0.5134599412364349 0.5827792818443936 0.5209374978814901 0.587848350538968 0.5371242635922966 0.5914992870437301 0.544002633468671 0.6008750324082981 0.5546375219080841 0.6077017386896808 0.5557441884815255 0.6138514522102906 0.5542958432496544 0.6241489104409869 0.5466037953911126 0.6287795787554689 0.5408945850118069 0.6291158258493074 0.5376552842669594 0.6222433560736832 0.5277272940143083 0.6148757072443135 0.5203467791512271 0.6066950154413849 0.5141300889671611
5 0.6293119866639206 0.6407988235042533 0.6250772135384473 0.6384334920675115 0.6179677805337213 0.6372718689861854 0.6058746780982289 0.63910711137094 0.6020219155608355 0.6423238028685606 0.5941742125485875 0.6540170061665969 0.5915577684939785 0.6614396063037673 0.5939004829714363 0.6720292762487268 0.5981581378440305 0.6788052695250735 0.6104146708125257 0.6866954657906037 0.6139663234525512 0.6880467692405006 0.6226544497585751 0.6886340163980615 0.6327807205800147 0.6833321108211774 0.6366870034879034 0.6768211620708241 0.6371883102663236 0.6727327028627867 0.6371609299461068 0.6592884277281742 0.6336109064576603 0.6473625271648025 0.6293119866639206 0.6407988235042533
5 0.54852443621392 0.5764066489055908 0.5443721929307375 0.573616738237254 0.5383936668193843 0.5726749411874675 0.5323616203375361 0.5750274013904135 0.5291568410891199 0.5779294266722091 0.5234181476283858 0.5878294728595801 0.5214909517838995 0.5947251171651278 0.5259075386164005 0.6021929357967519 0.5310668940295196 0.6058395413440211 0.5366388986540931 0.6073632507333151 0.5436306646200577 0.6076207588435663 0.5482016848393696 0.6067467895354605 0.5534268160723337 0.6040171701930621 0.5552486003274083 0.5931354432795044 0.5547489227005669 0.586649305374067 0.5519049014446888 0.580148094637145 0.54852443621392 0.5764066489055908
5 0.3539169971903172 0.6734089455505792 0.3488340438948142 0.6708787445901825 0.34455187812352034 0.6702666865877058 0.34131808940330854 0.6702990338483639 0.3371474629461014 0.6721320746354296 0.333364974801649 0.6780061545383902 0.33270473606332185 0.6814027883911503 0.334946537524464 0.6970399890231072 0.337272497979476 0.7016780133099942 0.34499927564980476 0.7102298892678328 0.3473374915541665 0.7117859459177849 0.3512956656809716 0.7125553370281741 0.36291197223674326 0.7086446185775872 0.3676541798653119 0.7053805069878238 0.36899753908908683 0.7029979011219087 0.3692161191441639 0.6988544854059862 0.36659067794336286 0.6882098589531418 0.36389946092271686 0.6839414573899647 0.3539169971903172 0.6734089455505792
5 0.5326599344384031 0.7033062174626673 0.5297975300085004 0.7014279581811478 0.5270879298138297 0.7017825080733733 0.5218521722830947 0.6970194979392318 0.5136592250308161 0.6938847753921007 0.506626194143706 0.693839556897647 0.49772561550728006 0.695854741637541 0.4903730915487774 0.7050004695460071 0.4884458957042912 0.7118961138515549 0.49100719023682604 0.7183423680805919 0.4910300719839468 0.722753029920197 0.4934034250847792 0.725637780772819 0.4958302985561066 0.7252282743727086 0.5235130065450428 0.7367779474193036 0.5274773083965227 0.7360063547112254 0.5301395159453731 0.737405078253265 0.5329316459823349 0.7366259491294443 0.5369310850302853 0.7371830506240362 0.5454312699046067 0.7342087944051823 0.555734855859978 0.724975762728173 0.5562774275595437 0.7206750139043379 0.5539163299080612 0.7147082954147809 0.547714725168535 0.7088763007859096 0.5326599344384031 0.7033062174626673
5 0.6721876272540106 0.7553227630691096 0.6594069057599743 0.747110364172012 0.651048898823114 0.744824800088071 0.647532383379559 0.7448021908408441 0.6362874611140964 0.7468023027492536 0.6306558083943526 0.7501138344311594 0.6296715780115368 0.7536678013918322 0.6307367090850647 0.7602638523130395 0.6325797459356811 0.7643673843525616 0.6503608908829295 0.7755345634416507 0.6564158191118985 0.7775927650783097 0.6708761469235482 0.7801832573646446 0.6772673222463558 0.7790021582564559 0.6799005203234108 0.7775312037773581 0.6810972030366287 0.7713748049192304 0.680385073079385 0.7674910989112481 0.677617453941123 0.7621062927611986 0.6721876272540106 0.7553227630691096
5 0.6930579760691495 0.8638068215846749 0.6863489368265281 0.8636042699823087 0.67767756454295 0.86896866848282 0.6715094678483157 0.8750399651700936 0.668197647858909 0.8845305049573542 0.669180249090146 0.8915511351101564 0.6727257740054965 0.8944434223785207 0.6787394373133202 0.896713913630977 0.686090332120244 0.8981427828359857 0.693205892849645 0.8977634220988445 0.6974651768738178 0.8939648182617163 0.6988498010187383 0.8913699227800034 0.7024214659843674 0.8775236776610231 0.7004256248985192 0.871187336447756 0.6964033041034478 0.8662195731135593 0.6930579760691495 0.8638068215846749
4 0.6816442733092903 0.7761076693904028 0.6779565704564787 0.7784752024248334 0.6733442853160213 0.7795614613487366 0.6592018214241853 0.7783546197729567 0.6499543693961499 0.7761164757811584 0.6484933431336135 0.7775949666759987 0.6464713619974866 0.7879971578500763 0.647936886833119 0.7955522802502435 0.6519530799035154 0.8020610274029079 0.6582082050135368 0.8045987647790465 0.6756959969396711 0.808218357883711 0.6897269215174204 0.8069801006699485 0.6938150181323369 0.8055716391144777 0.6949520527503847 0.8042504813275502 0.6962022558340979 0.79479982521669 0.6943424649610356 0.7847446475190955 0.6881057230250389 0.7775839586875541 0.6816442733092903 0.7761076693904028
3 0.481851580453898 0.5405344453835278 0.4706785617329552 0.5346173485838024 0.4669618494083479 0.5341152035970954 0.4558758591027921 0.5368071408607825 0.45409084119576704 0.5384429648635353 0.4483872849315033 0.5496717052535761 0.4462889016777605 0.5589574918407815 0.4455506316702384 0.5718123182201439 0.4423152137984478 0.582419262594277 0.4436340621235232 0.5862005920022317 0.44580721834330317 0.5886058071153737 0.45669138261622766 0.5960089312256818 0.4678292641406999 0.6005973338227373 0.48581836284525437 0.6001284677193641 0.4914500155649981 0.596816936037458 0.4947785895768506 0.5932780419082702 0.4990501290503735 0.5863974704342069 0.5000878798036845 0.5795492462208017 0.4895370932030813 0.5492986109571639 0.4862040206181327 0.5438038917913446 0.481851580453898 0.5405344453835278