3 0.564563651467944 0.4361472208501854 0.5778304801331828 0.42055863726712434 0.5800021758385294 0.41295037302327164 0.5760320479119871 0.40004191674232564 0.5725084155447482 0.3962100954375759 0.565237339502654 0.39222739008679103 0.5600387000668599 0.3914529490009027 0.5516912119454689 0.3918149508667438 0.5465227669844799 0.3927703500838942 0.5422408915793265 0.3950080496840519 0.5399672895215132 0.3967781029051488 0.536617275384403 0.4028928633428718 0.5388471059274997 0.4316212986923472 0.5441891691186174 0.4406124812176694 0.5529038923029489 0.4447862835325479 0.5560527409885461 0.4436498405808186 0.5574510964185758 0.44124617709035385 0.564563651467944 0.4361472208501854
3 0.5220792907511258 0.44467544119793745 0.5280965621744442 0.4428400419849958 0.53769143335184 0.43142517511349643 0.5379050487873347 0.4106570382475169 0.5357684489220735 0.4037728633386631 0.533415586367897 0.4010020857642834 0.5313733442364017 0.3995236618024255 0.5244242115450402 0.3974820001778017 0.5160654004955971 0.39719531193000324 0.5065962085827018 0.3993072605579121 0.49862350414295226 0.4046375266802322 0.49694094845569603 0.407262446823334 0.4951025190291342 0.4174604449069876 0.49524594278445794 0.4256771863464216 0.4986552188152481 0.4394606160084015 0.5004321322362701 0.4422414468122957 0.5079345682046823 0.4429756749801258 0.5169032971714356 0.4451983803393283 0.5220792907511258 0.44467544119793745
2 0.46921985150850976 0.23838661603254363 0.47637392396073486 0.2356661902090535 0.48231570919704064 0.22950619023851507 0.485733660902462 0.2272835704826292 0.49671933889118636 0.2130325800449055 0.5010853761579832 0.199113431784479 0.5003395831040506 0.18939313330940064 0.48924180289073754 0.1807187131171038 0.48634695998756206 0.17990405911315732 0.47540770076697514 0.18031130051181385 0.46686282150342173 0.1858678499015284 0.4603601843713638 0.19290282325310087 0.449841000544626 0.20087308936279463 0.44787801890949364 0.20393549619641335 0.4489646268609123 0.21667798858705217 0.4471450689811037 0.227957136860105 0.4484139708372822 0.234640161575351 0.45215764020278704 0.2345748155835064 0.4550600317246638 0.2358219296632126 0.46921985150850976 0.23838661603254363
2 0.5864983914078162 0.3890444301023142 0.5904771950089895 0.38594683696539445 0.5961083598226145 0.3784944833823341 0.5988861991359207 0.3726060062120055 0.5983981861737603 0.3611508408191312 0.594757550216652 0.35061588834010626 0.592700210847754 0.34827254422672904 0.5822727375013612 0.34499382175191373 0.568146886501671 0.3443752057235011 0.5615612145638993 0.346653118241717 0.5595718127633125 0.3482019148101769 0.5533533758884812 0.35501563150911225 0.5525875842318656 0.36065269233826003 0.5524317104925601 0.36822577027881176 0.5552159713686377 0.37920826267786817 0.5564282585845568 0.38264783682491654 0.5620243275580961 0.38968792239456296 0.5727548727084687 0.39382653840614046 0.5864983914078162 0.3890444301023142
4 0.5066992419910986 0.3887069620870426 0.5084119921531599 0.3878118822469795 0.510647851117467 0.3838795286470841 0.5102843903638772 0.3795599545042445 0.5084961540148034 0.3761304335867108 0.49854272344909845 0.3670034468596251 0.488452290690841 0.3665306882624904 0.48185152151566674 0.36794368062918703 0.4715636976152471 0.37266546955592583 0.4687481152084346 0.37639164634745603 0.46968375078582836 0.3804849372229012 0.4726389826386138 0.3847592718329252 0.477875365167914 0.38769601329761183 0.49569581951155106 0.38543829284174186 0.5029480240068923 0.38833984800312754 0.5066992419910986 0.3887069620870426
4 0.19621472025513914 0.37487615280932945 0.2034140844195717 0.3747504874403974 0.20778654324913998 0.37770230874935595 0.210094114091109 0.3778783258691775 0.21124601235741824 0.3778582194101484 0.21464509251608646 0.3745544494648634 0.21760900004350314 0.36282273465702175 0.2174693505975301 0.35482222325546764 0.2141733038472585 0.34752569472988304 0.20832322909129752 0.34243670611591254 0.20112386492686501 0.3425623714848446 0.19166977025137213 0.3455392402642728 0.17425429406418175 0.3544950652796607 0.17085521390551342 0.35779883522494577 0.17187010997927027 0.36643295689586763 0.1775680853052764 0.37931125348826983 0.1796178760554731 0.3812221375258874 0.1833539968022768 0.380724331458283 0.18962527400801685 0.37693783528966546 0.19621472025513914 0.37487615280932945
5 0.03771277973493104 0.18946536520804158 0.04800060363535076 0.18474357628130272 0.06333986890689017 0.1723632569631383 0.06556063063379493 0.1675659832117235 0.06508394059968638 0.1567595079324887 0.05979471773947751 0.15079554593748418 0.05485385839545598 0.14828623793379986 0.05109509179254845 0.14748666377412523 0.04217165453800281 0.1478587188694808 0.026681416892438376 0.15158983667245146 0.012422338009546407 0.1598416788118698 0.004794222776633568 0.16841036888763022 0.0006029307958952755 0.1758375893969041 0.00039799103503171884 0.18059967684501785 0.005077295977930338 0.1846276217286184 0.013470075811528998 0.18686038031733557 0.020150105483066234 0.18998821874611563 0.028800665408437183 0.1904861104170367 0.03771277973493104 0.18946536520804158
5 0.2174157239834995 0.25273148568763826 0.2159418823664574 0.2508105484205061 0.2127477419686527 0.2493522309176774 0.20496488005236432 0.24905548944036426 0.20180848274806587 0.24975947231633383 0.1898305545416885 0.2566737213104149 0.18334678895638365 0.2647898448513865 0.18287274617569588 0.2706381091036568 0.18951880706307755 0.27181987719151846 0.21617211523684543 0.2640005807311765 0.21760066514168006 0.2633267575437505 0.21814641980002966 0.26158686401119724 0.2174157239834995 0.25273148568763826
5 0.4161128804149962 0.2159536424421033 0.41695793256797503 0.21485741240843229 0.41642840220295774 0.20102371659887966 0.4199267414606721 0.18690341814484518 0.4085825040836387 0.18061255498398396 0.40541478385128843 0.18066784774631403 0.4011291341367844 0.1826893173085919 0.3974647252676426 0.1872954940959132 0.3972371396506753 0.19076020131674803 0.3996239709890075 0.19547704923204626 0.4024308777211888 0.20775692185838174 0.40478374027536523 0.21052769943276148 0.41323690905857385 0.21622013862755604 0.4161128804149962 0.2159536424421033
5 0.44846793822412084 0.2212288726120435 0.44855964870446563 0.20997988402753442 0.4460897825604199 0.20050597527887953 0.43662926632215565 0.18661187448892286 0.4334389002337017 0.1853697870239739 0.4288237585497635 0.18501775278433077 0.4211012855830852 0.18818069191309514 0.41694773669585306 0.1977702128011675 0.4156475133089397 0.20579585727650804 0.4163744348161192 0.21443500556218723 0.42460001798236047 0.22359215197781648 0.4298364005116605 0.2265288934425032 0.44111647462973347 0.22914384595940712 0.44396980013005216 0.2275799695466755 0.44846793822412084 0.2212288726120435
5 0.9110280881871173 0.6959273456876179 0.9147830804806742 0.6965106898094128 0.9185192012274779 0.6960128837418085 0.9273822495324137 0.6921811480403753 0.9313535045148861 0.6886510948276958 0.9321608135743584 0.6853925644152264 0.9298656927163711 0.669426727915419 0.9233264395467368 0.6578608913945677 0.9208527990933403 0.648170752608033 0.9143852578013678 0.6407132868068988 0.9114790919701405 0.6392499426893128 0.9033931582498722 0.6380933076752375 0.893923966336977 0.6402052563031464 0.8896496395505249 0.6428754159790638 0.8859852306813831 0.6474815927663852 0.8823887593805525 0.6559799102355438 0.8825246345171751 0.6637641915992181 0.8846989774759424 0.6728106668868705 0.8900523635951118 0.6824505395258323 0.8973800542774655 0.6896766954448148 0.9011690153551779 0.6922061099075283 0.9110280881871173 0.6959273456876179
5 0.9632790773411612 0.7683396177168454 0.9648133079078134 0.7737202355900552 0.9751237776643368 0.7702958268905954 0.9859762277698593 0.7649152946207025 0.9900882592542345 0.7529472433159519 0.9921580486071143 0.7395007680493434 0.9885249612687075 0.7293982756460782 0.9760261783719442 0.7064727794127409 0.9646441979014042 0.6980196158730811 0.9597146614854344 0.6961589979830365 0.9530836978354553 0.6958421500466943 0.9427845510069834 0.6999152488597936 0.9393703736109129 0.7023540986535591 0.9351564357740706 0.7084839389355541 0.9315524158545392 0.7165497963289529 0.9283194053072981 0.7293676879409509 0.9291067157640878 0.7414665168327076 0.9323121790899445 0.7435735244491759 0.9424365806323574 0.745992353387229 0.9499805340036265 0.7491051119717372 0.9555501828117112 0.7546315872762249 0.9632790773411612 0.7683396177168454
5 0.9541910906726789 0.7922908001706186 0.9578517252324701 0.7874683933454174 0.9622517312834227 0.7754953154259094 0.9606193686736543 0.7644927165678239 0.9564443009862484 0.7563463477349919 0.9511513038166889 0.7501661557021075 0.9450359003502543 0.7463795739301732 0.9297090850626967 0.7429700738683518 0.9196488467792443 0.7442271555742559 0.9136768670681334 0.7486573152417557 0.9100426526737966 0.7549933323321159 0.9057294557379082 0.77193970112286 0.9055735819986028 0.7795127790634118 0.9088734030582251 0.7870255376268762 0.9199296658686812 0.7933214274024947 0.9265908239934653 0.7953681156418757 0.937541406142104 0.7956095643568586 0.9541910906726789 0.7922908001706186
5 0.8853964907914387 0.7787834919070225 0.8906140017739856 0.7806390831823098 0.9027315794263361 0.781725345589783 0.905281833122675 0.7793015756402892 0.905672841097649 0.7686962505546624 0.911691239576897 0.7504223418480954 0.9119301481219162 0.7476063247409003 0.9104336606487706 0.7443880072464889 0.8983738246926094 0.7301066859135881 0.893410319492484 0.7262999976826248 0.8847144678549055 0.7232073455571455 0.8783790273902049 0.7233179310818058 0.8732181310479172 0.7247057903747158 0.870080605290372 0.7264909234400848 0.8664199707305809 0.731313330265286 0.8647487379713764 0.7345869405220273 0.8658806376350026 0.7499241933672243 0.8701047713439666 0.7608815526924942 0.8754392859163829 0.7694402751420568 0.8780914459651887 0.7728547162153188 0.8853964907914387 0.7787834919070225
5 0.8968105790758351 0.8715915032936069 0.9011339718838451 0.8717323341101275 0.904036363405722 0.8729794481898339 0.9068896889060406 0.8714155717771022 0.9109288814568242 0.8717776592462598 0.9143506074715958 0.8697712695282538 0.9188487455656646 0.8634201725936219 0.9265561212949407 0.859392313313338 0.9364616128950175 0.8492698000543605 0.9389816721165513 0.8451161898018281 0.9414337937697741 0.8370704388674582 0.9418889650037088 0.8301410244257887 0.9310565135008693 0.8201641973914555 0.9240620890973001 0.8155277753122739 0.9197311476705889 0.8149544844199935 0.9094169036047148 0.8181626630815735 0.8993566653212623 0.8194197447874775 0.8933846856101516 0.8238499044549774 0.8878780730050974 0.8384378492880724 0.8790338962469146 0.8433507351789047 0.8762673798616604 0.8498879024628728 0.8767365212770676 0.860261917666348 0.8782292344408628 0.8632640051228793 0.883495811444968 0.8679305868906049 0.8866937261521232 0.8696051344313135 0.8930367152355251 0.8699270089824129 0.8968105790758351 0.8715915032936069
5 0.09965074368827644 0.2887455403000164 0.10198850900505048 0.29065139772287685 0.10561517478068605 0.283882920556757 0.10610808910812693 0.27911580649388595 0.10482786432389657 0.2717840916650005 0.08915003826673097 0.24826519808035372 0.08480022529326649 0.24661075699867427 0.07356544288740104 0.2465905649363284 0.06983687075929867 0.24752083107969244 0.06841964378251586 0.24884334438075792 0.0659863936760463 0.2579702455045268 0.06578145391518274 0.2627323329526406 0.07026336771591915 0.2719548253601146 0.07616250849343827 0.2798548044665231 0.08484703720296465 0.28229876647836283 0.09532357657091574 0.2883884794456161 0.09965074368827644 0.2887455403000164
5 0.17369118805656975 0.3882470576479453 0.17624144175290862 0.3858232876984514 0.17818555184128787 0.3816797306754334 0.17423429546149866 0.36985242458388684 0.17156326386593987 0.3653568333212257 0.17000261313383339 0.3584626051828571 0.16853632013549252 0.35697412799148465 0.1621367164118313 0.35340880287218757 0.15866969868485178 0.3528204321356353 0.15349370510516158 0.35334337127702614 0.14722242789942158 0.3571298674456437 0.14361085936118848 0.3647632647632828 0.14292432820093587 0.3749411563879073 0.14854304303057891 0.3832786221848328 0.15583299061942643 0.3883424777250169 0.16163777366317994 0.3908367058844294 0.16682886448027262 0.391178686894558 0.17369118805656975 0.3882470576479453
5 0.24186454709244787 0.3991696586864978 0.24076171484769673 0.40200075563796495 0.2428115055978935 0.40391163967558263 0.24811317844208416 0.3940857822906013 0.2540813838438444 0.3894393925852217 0.25716606927048097 0.38462703898953504 0.2551200528296349 0.3829323849897972 0.25208933478983697 0.37433344962217635 0.250031995420939 0.3719901055087991 0.24596260839535047 0.36989817773660255 0.22982848404832038 0.36974720808725076 0.2183887618815914 0.3744891034730188 0.21469415853764456 0.3773654399573013 0.21539465987936973 0.38449097797782156 0.220740497379838 0.39369839054102373 0.2248287559521796 0.39687146850261945 0.22888682004971614 0.39831470616117637 0.2398109820329005 0.39704254461100047 0.24186454709244787 0.3991696586864978
5 0.1504298045643298 0.4418618826059982 0.15980463874345957 0.43434418303109323 0.16003599866977752 0.4310957058481383 0.15071135756813583 0.42498588642185586 0.14689597632496904 0.42094286169398354 0.14569123772775106 0.417935747622695 0.14650986971527552 0.415325907323865 0.14582823992030342 0.40928151949274394 0.14378599778880796 0.40780309553088606 0.13886778430089008 0.4065911677544808 0.13455194011158123 0.4068827970137199 0.12824669412168552 0.4087232228414187 0.12598441499192398 0.4111419661761553 0.12462380265540059 0.41570793004541845 0.12507029821470408 0.4247845650216145 0.12833237618082 0.4301350232062805 0.13567893840992687 0.4384423293146623 0.13977851991032025 0.4422640973898974 0.14670123243622737 0.4427921487493622 0.1504298045643298 0.4418618826059982
5 0.20563602557115912 0.5185484892452499 0.21094902134340163 0.509371321973908 0.21127209175006442 0.4948738562064441 0.21002206144063904 0.48927198168059727 0.20677885502127627 0.4850026736853306 0.19571126928276822 0.47805809379607256 0.19196005129856208 0.47769097971215746 0.18535550781403723 0.4788877420409742 0.18081207800776103 0.4826440785210481 0.17828447016752585 0.48636522869782095 0.1744075729188192 0.49530103285749644 0.1730771550571008 0.5015968370297983 0.17330738792748884 0.5147868693404687 0.177239772760525 0.525533025242616 0.17927824058266975 0.5267952191665941 0.19339276865430824 0.5267651450813672 0.19854611637789465 0.5249448257126974 0.20563602557115912 0.5185484892452499