2 0.30503268779980697 0.24286139873811746 0.29948384120947347 0.23782963519203998 0.28292712816851334 0.2281478399550513 0.27713553424569315 0.22790245445037322 0.274156077974519 0.23071229114383102 0.27005546267299074 0.24639119992148686 0.27133981396981566 0.2523715392317601 0.2745448686543561 0.2569168234698963 0.2835106580510239 0.2653950992536438 0.29370183122516874 0.2707526129054872 0.30076337842773176 0.2726435231693888 0.3085058472234509 0.271885325942008 0.3155831678941151 0.2698728939949376 0.3180030762383765 0.2673189757720625 0.3233585590770558 0.25306985558359124 0.3246154897907354 0.24214240902974318 0.3234518244346442 0.2378879590797812 0.3227859885840799 0.2407528027411026 0.3200485919198829 0.24289533977417185 0.31933749884154333 0.24511297492537643 0.3137872768001907 0.24831936814132058 0.30503268779980697 0.24286139873811746
0 0.3784882731298849 0.5501208127152104 0.38317585694147127 0.5510937713310929 0.3902984348399108 0.5497285478941392 0.39430647250936013 0.5451124572392826 0.3960008897581998 0.5404413596165625 0.3962738085758698 0.5360864539152408 0.3858707472799313 0.5318277122638637 0.378687826411125 0.5323299910206618 0.37546699825848323 0.5316880489934974 0.3664532007320023 0.5390388782236766 0.3666945726134699 0.5424906569442988 0.3784882731298849 0.5501208127152104
0 0.4096199651282132 0.5741755919621796 0.40958910591752024 0.5778631980031126 0.4135655966507671 0.5810537917701999 0.4165141937112483 0.5819315611176752 0.4315602693165075 0.5823969744938072 0.4357493358970575 0.5803697178794172 0.4396517733683648 0.5742434740342883 0.4392746298035718 0.5688500697833161 0.43616008957458174 0.5655992025654131 0.425877714219377 0.5630663502743471 0.4192392555348918 0.5630969743905236 0.4150803604395251 0.5655557033449914 0.4119041017891491 0.5696800482089546 0.4096199651282132 0.5741755919621796
0 0.6348832408290752 0.5172333463388818 0.6381794976946755 0.5189539692162406 0.6437441177531105 0.5200823905513463 0.6460577381737201 0.5201373975192098 0.6508365241663665 0.5182856947743149 0.654723875895082 0.511943714759147 0.6540745012381285 0.5067861378284857 0.6482685092982259 0.5022059377727578 0.6415998791285572 0.5018050895488566 0.6344471297449342 0.5027388406457324 0.6294859393901684 0.5102398661121824 0.6303170306837321 0.5138671987022996 0.6348832408290752 0.5172333463388818
0 0.6372901266072735 0.5021064568029354 0.6482685092982259 0.5022059377727578 0.6532591834126659 0.4992554630273965 0.6552409174962577 0.49456427425440436 0.6550153190828913 0.4872091533228102 0.6527929008433414 0.48432948499416917 0.6366729866120319 0.4850231170693193 0.6317728269531423 0.4892680088349139 0.6333438073592099 0.4993473353759259 0.6343113580616088 0.5007972151153824 0.6372901266072735 0.5021064568029354
0 0.6805714316332503 0.4852053047785699 0.6820676710518688 0.4900868720883766 0.6859989045573406 0.4926302573453472 0.6924254751200323 0.49369840522963715 0.7023307069104437 0.49083785326973084 0.7069737212197645 0.48704452499448586 0.7069744089452741 0.4829254466134751 0.7049789645701096 0.4791627424544065 0.7016223647341424 0.4765791748968923 0.6977967314268129 0.4755459428301938 0.6875287540886902 0.4773479050901776 0.6825833372020255 0.4809455883456556 0.6805714316332503 0.4852053047785699
0 0.6635806706846779 0.4486717687053995 0.6724264618661213 0.45130507674782516 0.6799117853122716 0.4509984430107939 0.6849024594267115 0.4480479682654326 0.6866421339033262 0.44402407915282904 0.6864316212325516 0.43688469439127375 0.6820622134664105 0.43220403858418627 0.6635985073293077 0.4324111913513951 0.6599840744182621 0.4343982656652412 0.6582443999416474 0.4384221547778447 0.659301777374087 0.4452855299185453 0.6635806706846779 0.4486717687053995
5 0.5057174964422628 0.5817640084447391 0.5073954524974916 0.5851153314140015 0.5116290885803074 0.5878543616907391 0.5162714151641186 0.588180111796505 0.5216550063114528 0.5867196990911439 0.5368389167765661 0.5767695028545936 0.5375198383697222 0.574120395363311 0.5361141134066539 0.5705332450737377 0.5236106952629183 0.5568825676920091 0.510317316700337 0.564966236516345 0.50579498833175 0.570485454151901 0.5048411479209239 0.577489467344505 0.5057174964422628 0.5817640084447391
5 0.5256369988487759 0.5569576658101445 0.5263775756867892 0.5592905813800284 0.5355998227075163 0.5714363720544371 0.5453377358784 0.5744408789861246 0.5519158515925182 0.5735473101897925 0.55612000391566 0.5717357897454416 0.5593113483086277 0.5678271810515173 0.558346548508267 0.5499009877880175 0.5557161274932312 0.5453155212493374 0.5503030525862231 0.5422253832336099 0.5432565911262517 0.5405502091397472 0.5292384091937581 0.542397620183227 0.5260923220285656 0.546953437387268 0.5256369988487759 0.5569576658101445
5 0.5606869017865127 0.570982859001013 0.5631657776501218 0.577530042220315 0.5659930010443597 0.58080100058849 0.5734625510224086 0.5843977090624307 0.5772730985871466 0.5852152049590901 0.5807209006041737 0.584974111155827 0.5849401386699071 0.5833783268815148 0.5904752749686681 0.5799561974955318 0.590974479925214 0.5788373343447936 0.5889790355500495 0.575074630185725 0.5750534312496348 0.5658592231064059 0.5651050054079766 0.555715331413163 0.5615968604205827 0.5550934805362705 0.5601294170361284 0.5588815423285631 0.5606869017865127 0.570982859001013
5 0.6987442496521998 0.7781200167235183 0.6959766815028193 0.7798310814165096 0.6882780944838564 0.7894746439160288 0.6854796671237827 0.7948733146499534 0.6857498350394148 0.806994722472675 0.6820887694495751 0.816572745038426 0.683903184913639 0.8177466151570278 0.6870033271255467 0.8166626678238812 0.6899368384434362 0.8173247010013176 0.6935958408567473 0.8201039135785988 0.6949110513642653 0.8223966468479389 0.6973001004978338 0.8235303346659968 0.6989327993252874 0.8262344491251428 0.7032123803613878 0.8255016095309861 0.705858574844525 0.8261837338586944 0.707280761001204 0.821748463556285 0.7139055093941165 0.813263946508048 0.7174595993347952 0.8104139275140463 0.7192294452965935 0.8068215107415206 0.7250217269449233 0.8029478178651879 0.725914536659873 0.799199938373439 0.7251444760621856 0.7923164720824666 0.7212441017674067 0.786085480784563 0.7175089829156275 0.7863466657380981 0.7118538484016422 0.783923827382759 0.705745453884396 0.7791479823072642 0.7021920516692268 0.777878922920255 0.6987442496521998 0.7781200167235183
5 0.7291443052441384 0.7462938614474627 0.7275870351296434 0.7446684278385113 0.7246384380691622 0.7437906584910361 0.7203739427756536 0.7447392342552316 0.7111942020806638 0.749716965614983 0.7069893620320123 0.7556475644403448 0.7045536802196499 0.762104824874192 0.7036149255514154 0.7693245742368349 0.7049143625908321 0.775520649717147 0.7109164691844269 0.7829054199833804 0.7159969700289077 0.7853684406392631 0.7238148675375855 0.7856889242620767 0.7301365256276445 0.7811278405750836 0.7406616483153358 0.77887431482475 0.7422950348682991 0.7774593509028852 0.7399978756412999 0.7693819233430389 0.7363539589705806 0.7668184469357965 0.7292924117680175 0.764927536671895 0.7270398220432841 0.7616163960031761 0.7308668308016328 0.7544114713078528 0.7291443052441384 0.7462938614474627