5 0.30529953917050695 0.43944636678200694 0.3061635944700461 0.44269031141868515 0.307315668202765 0.44333910034602075 0.3130760368663595 0.4444204152249135 0.3361175115207373 0.4452854671280277 0.34447004608294934 0.4448529411764707 0.3482142857142857 0.44269031141868515 0.3490783410138249 0.43944636678200694 0.3485023041474654 0.4357698961937716 0.34475806451612906 0.42971453287197237 0.3418778801843318 0.41955017301038067 0.33870967741935487 0.4152249134948097 0.32402073732718895 0.41046712802768165 0.3220046082949309 0.41133217993079585 0.32114055299539174 0.4150086505190312 0.31077188940092165 0.418901384083045 0.3061635944700461 0.4227941176470589 0.3050115207373272 0.4249567474048443 0.30529953917050695 0.43944636678200694
5 0.6252880184331797 0.46453287197231835 0.6307603686635945 0.4673442906574395 0.6396889400921659 0.4686418685121108 0.6480414746543779 0.4686418685121108 0.6509216589861752 0.4679930795847751 0.6566820276497696 0.46453287197231835 0.6592741935483871 0.46107266435986166 0.6618663594470047 0.4478806228373703 0.6581221198156683 0.4353373702422146 0.6535138248847926 0.4290657439446367 0.6477534562211982 0.4271193771626298 0.6368087557603687 0.4262543252595156 0.6298963133640554 0.42993079584775085 0.626152073732719 0.4338235294117648 0.6235599078341014 0.4390138408304499 0.6215437788018433 0.45285467128027684 0.621831797235023 0.46020761245674746 0.6252880184331797 0.46453287197231835
5 0.5769009216589862 0.47296712802768165 0.5806451612903226 0.4805363321799308 0.586405529953917 0.48464532871972327 0.5956221198156683 0.4878892733564014 0.6022465437788018 0.4883217993079585 0.6154953917050692 0.4850778546712803 0.6195276497695853 0.48269896193771633 0.6244239631336406 0.4777249134948097 0.6255760368663594 0.46993944636678203 0.6238479262672811 0.4664792387543253 0.6175115207373272 0.46042387543252594 0.6117511520737328 0.45220588235294124 0.6028225806451613 0.446583044982699 0.5961981566820277 0.44506920415224915 0.5875576036866359 0.4459342560553633 0.5783410138248848 0.45263840830449825 0.5763248847926268 0.4576124567474049 0.5757488479262672 0.46539792387543255 0.5769009216589862 0.47296712802768165
5 0.8243087557603687 0.6137543252595157 0.8323732718894009 0.620242214532872 0.8453341013824884 0.6284602076124568 0.8487903225806452 0.6297577854671281 0.8629032258064516 0.6297577854671281 0.866647465437788 0.6273788927335641 0.8724078341013826 0.6198096885813149 0.8715437788018434 0.6161332179930796 0.8683755760368663 0.6126730103806228 0.8548387096774194 0.6066176470588236 0.8456221198156681 0.6009948096885813 0.8320852534562212 0.5990484429065744 0.8280529953917052 0.5994809688581315 0.824020737327189 0.6025086505190311 0.8222926267281107 0.6064013840830451 0.8217165898617512 0.6094290657439447 0.8243087557603687 0.6137543252595157
5 0.8608870967741936 0.6608996539792388 0.8652073732718895 0.666089965397924 0.8868087557603687 0.6758217993079585 0.8905529953917052 0.6762543252595157 0.905241935483871 0.6719290657439447 0.9110023041474655 0.6684688581314879 0.9112903225806452 0.6643598615916956 0.9078341013824884 0.6602508650519032 0.8902649769585255 0.6554930795847751 0.8876728110599078 0.6539792387543253 0.8683755760368663 0.6492214532871973 0.8663594470046083 0.6457612456747406 0.8603110599078342 0.6516003460207613 0.8597350230414748 0.6565743944636678 0.8608870967741936 0.6608996539792388
5 0.5829493087557605 0.84969723183391 0.5878456221198156 0.8525086505190312 0.6008064516129032 0.8566176470588236 0.6091589861751152 0.8566176470588236 0.6129032258064516 0.8551038062283738 0.616647465437788 0.8499134948096886 0.6189516129032258 0.8423442906574395 0.6189516129032258 0.8382352941176471 0.6172235023041475 0.8341262975778548 0.6134792626728112 0.830666089965398 0.6091589861751152 0.8287197231833912 0.5973502304147466 0.8269896193771628 0.5924539170506913 0.8272058823529413 0.5884216589861752 0.828287197231834 0.584389400921659 0.8308823529411764 0.5809331797235023 0.8380190311418685 0.581221198156682 0.846885813148789 0.5829493087557605 0.84969723183391
5 0.1826036866359447 0.9997837370242216 0.23243087557603687 0.9997837370242216 0.23934331797235023 0.9842128027681663 0.24135944700460832 0.976643598615917 0.23531105990783413 0.9744809688581316 0.23127880184331798 0.9716695501730104 0.2266705069124424 0.9716695501730104 0.20708525345622122 0.9755622837370244 0.1995967741935484 0.9751297577854672 0.19700460829493088 0.9779411764705884 0.19268433179723504 0.9801038062283738 0.18577188940092165 0.9818339100346021 0.1814516129032258 0.9850778546712803 0.17943548387096775 0.9883217993079585 0.17914746543778803 0.9915657439446367 0.1826036866359447 0.9997837370242216
4 0.23559907834101385 0.4876730103806229 0.24078341013824883 0.49307958477508657 0.24942396313364057 0.4991349480968858 0.25518433179723504 0.5010813148788927 0.27073732718894006 0.5036764705882353 0.27592165898617516 0.5054065743944637 0.2825460829493088 0.5045415224913495 0.2932027649769585 0.5015138408304499 0.2975230414746544 0.4991349480968858 0.2998271889400922 0.4915657439446367 0.2998271889400922 0.4844290657439447 0.2831221198156682 0.47166955017301043 0.2796658986175115 0.46993944636678203 0.2727534562211982 0.4684256055363322 0.25460829493087556 0.4677768166089966 0.24452764976958527 0.4660467128027682 0.24135944700460832 0.4666955017301039 0.23761520737327188 0.469506920415225 0.23473502304147464 0.47383217993079585 0.2338709677419355 0.48075259515570934 0.23559907834101385 0.4876730103806229
4 0.6385368663594471 0.5155709342560554 0.6428571428571429 0.5198961937716263 0.6512096774193549 0.5231401384083045 0.6653225806451613 0.5229238754325259 0.6710829493087558 0.5201124567474049 0.6788594470046083 0.5121107266435987 0.6826036866359447 0.5051903114186851 0.6831797235023042 0.5015138408304499 0.679147465437788 0.4876730103806229 0.6716589861751152 0.4794550173010381 0.6684907834101382 0.4772923875432526 0.6621543778801844 0.47556228373702425 0.6578341013824885 0.47556228373702425 0.6445852534562213 0.48205017301038067 0.6350806451612903 0.497621107266436 0.6350806451612903 0.5058391003460209 0.6385368663594471 0.5155709342560554
4 0.8940092165898618 0.7058823529411765 0.900921658986175 0.7097750865051904 0.9078341013824884 0.7112889273356402 0.9144585253456222 0.7108564013840831 0.918778801843318 0.708044982698962 0.9265552995391705 0.7050173010380624 0.9305875576036866 0.6998269896193772 0.9323156682027649 0.6948529411764707 0.9302995391705069 0.6879325259515572 0.921947004608295 0.6786332179930796 0.9207949308755762 0.67560553633218 0.9112903225806452 0.6706314878892734 0.8980414746543779 0.6743079584775087 0.8925691244239632 0.6769031141868512 0.888536866359447 0.6825259515570935 0.886520737327189 0.6929065743944637 0.8862327188940092 0.6961505190311419 0.8940092165898618 0.7058823529411765
4 0.29723502304147464 0.9599913494809689 0.30097926267281105 0.9641003460207613 0.31105990783410137 0.9662629757785467 0.31682027649769584 0.9692906574394465 0.32114055299539174 0.9703719723183392 0.3300691244239632 0.9649653979238755 0.3358294930875576 0.9567474048442908 0.3407258064516129 0.9424740484429066 0.3407258064516129 0.935121107266436 0.3378456221198157 0.9310121107266436 0.3317972350230415 0.9269031141868513 0.3145161290322581 0.9284169550173011 0.3024193548387097 0.9284169550173011 0.30097926267281105 0.9297145328719724 0.3001152073732719 0.9340397923875432 0.29694700460829493 0.9524221453287198 0.29723502304147464 0.9599913494809689
4 0.6442972350230415 0.7982266435986161 0.6543778801843319 0.8016868512110727 0.6633064516129032 0.8010380622837371 0.6728110599078342 0.7956314878892734 0.682315668202765 0.7841695501730104 0.6863479262672811 0.7761678200692043 0.6857718894009217 0.7690311418685122 0.6782834101382489 0.7612456747404844 0.6742511520737328 0.7588667820069205 0.6707949308755761 0.7584342560553634 0.6592741935483871 0.761029411764706 0.6543778801843319 0.7636245674740485 0.6460253456221199 0.7707612456747406 0.6411290322580645 0.7727076124567475 0.6379608294930875 0.7824394463667821 0.6385368663594471 0.7917387543252595 0.6442972350230415 0.7982266435986161
3 0.27534562211981567 0.4649653979238755 0.2796658986175115 0.4692906574394464 0.3004032258064516 0.48313148788927335 0.31163594470046085 0.48572664359861595 0.31768433179723504 0.4885380622837371 0.3326612903225806 0.4907006920415225 0.33410138248847926 0.4887543252595156 0.3415898617511521 0.4859429065743945 0.3453341013824885 0.48551038062283747 0.34763824884792627 0.48399653979238755 0.3554147465437788 0.4772923875432526 0.3577188940092166 0.47361591695501737 0.3585829493087558 0.4692906574394464 0.35714285714285715 0.46301903114186854 0.34763824884792627 0.4493944636678201 0.34101382488479265 0.4459342560553633 0.30817972350230416 0.4448529411764707 0.29406682027649766 0.4457179930795848 0.2793778801843318 0.4493944636678201 0.27505760368663595 0.45285467128027684 0.2736175115207373 0.456098615916955 0.2733294930875576 0.4599913494809689 0.27534562211981567 0.4649653979238755
3 0.29579493087557607 0.5432525951557093 0.2998271889400922 0.5510380622837371 0.30414746543778803 0.5540657439446367 0.31710829493087556 0.5564446366782008 0.33150921658986177 0.5570934256055364 0.3418778801843318 0.5588235294117647 0.34735023041474655 0.5579584775086506 0.3623271889400922 0.5532006920415226 0.36751152073732724 0.5501730103806228 0.37010368663594473 0.5471453287197232 0.3712557603686636 0.5434688581314879 0.3724078341013825 0.5291955017301039 0.37039170506912444 0.52530276816609 0.3660714285714286 0.5211937716262975 0.3525345622119816 0.5144896193771626 0.34763824884792627 0.5144896193771626 0.3346774193548387 0.5170847750865052 0.3257488479262673 0.5233564013840831 0.3194124423963134 0.5261678200692042 0.30414746543778803 0.5294117647058825 0.3004032258064516 0.5322231833910035 0.29723502304147464 0.5365484429065744 0.2955069124423963 0.5397923875432526 0.29579493087557607 0.5432525951557093