5 0.2563364055299539 0.09234429065743946 0.26180875576036866 0.09753460207612458 0.2658410138248848 0.09796712802768168 0.26872119815668205 0.09969723183391004 0.27620967741935487 0.10012975778546714 0.2790898617511521 0.09839965397923876 0.2828341013824885 0.09904844290657441 0.28830645161290325 0.09666955017301039 0.2914746543778802 0.09407439446366783 0.29464285714285715 0.08845155709342561 0.28859447004608296 0.07201557093425606 0.285426267281106 0.06855536332179932 0.2767857142857143 0.06271626297577855 0.27246543778801846 0.06120242214532873 0.2681451612903226 0.06098615916955018 0.26555299539170507 0.06098615916955018 0.2606566820276498 0.06271626297577855 0.2557603686635945 0.06704152249134948 0.2534562211981567 0.0722318339100346 0.2540322580645161 0.08845155709342561 0.2563364055299539 0.09234429065743946
5 0.35714285714285715 0.10056228373702422 0.36347926267281105 0.10423875432525953 0.3663594470046083 0.10964532871972318 0.3695276497695853 0.11180795847750866 0.37327188940092165 0.11267301038062286 0.3810483870967742 0.11288927335640139 0.3882488479262673 0.108780276816609 0.39400921658986177 0.10748269896193771 0.3951612903225806 0.1059688581314879 0.39602534562211983 0.10012975778546714 0.3994815668202765 0.0953719723183391 0.4014976958525346 0.08888408304498271 0.40120967741935487 0.08196366782006921 0.3977534562211982 0.07331314878892733 0.3908410138248848 0.06574394463667821 0.38392857142857145 0.06466262975778547 0.3807603686635945 0.0629325259515571 0.3726958525345622 0.06314878892733564 0.3663594470046083 0.06487889273356402 0.3626152073732719 0.06704152249134948 0.36088709677419356 0.06920415224913495 0.35627880184331795 0.08304498269896195 0.3528225806451613 0.0893166089965398 0.3525345622119816 0.09191176470588236 0.35714285714285715 0.10056228373702422
5 0.6690668202764977 0.3920847750865052 0.6742511520737328 0.39814013840830453 0.6808755760368663 0.4016003460207613 0.6872119815668203 0.4031141868512111 0.6955645161290323 0.4033304498269897 0.7030529953917051 0.40116782006920415 0.707373271889401 0.39727508650519033 0.709389400921659 0.3938148788927336 0.7102534562211982 0.386461937716263 0.7050691244239632 0.37089100346020765 0.6970046082949308 0.36224048442906576 0.6892281105990784 0.3585640138408305 0.6840437788018433 0.35834775086505194 0.6788594470046083 0.3594290657439447 0.6751152073732719 0.3609429065743945 0.6713709677419355 0.3641868512110727 0.6673387096774194 0.3728373702422146 0.6670506912442397 0.3819204152249135 0.6690668202764977 0.3920847750865052
5 0.7845622119815668 0.3602941176470588 0.7946428571428572 0.3628892733564014 0.8001152073732719 0.3682958477508651 0.8032834101382489 0.36786332179930803 0.814516129032258 0.34515570934256057 0.8156682027649771 0.3408304498269897 0.814804147465438 0.3345588235294118 0.810483870967742 0.3321799307958478 0.8055875576036866 0.3313148788927336 0.7932027649769585 0.3328287197231834 0.7851382488479264 0.3384515570934256 0.7779377880184332 0.34602076124567477 0.7736175115207373 0.3488321799307959 0.7721774193548387 0.3514273356401384 0.7724654377880185 0.35294117647058826 0.7845622119815668 0.3602941176470588
5 0.73963133640553 0.3899221453287197 0.7413594470046083 0.3920847750865052 0.7445276497695853 0.3938148788927336 0.7724654377880185 0.39446366782006925 0.7767857142857143 0.3918685121107267 0.7796658986175116 0.38581314878892736 0.7822580645161291 0.3743512110726644 0.7828341013824885 0.3626730103806229 0.7767857142857143 0.35553633217993086 0.7724654377880185 0.35294117647058826 0.7652649769585254 0.3533737024221454 0.7586405529953917 0.35575259515570934 0.753168202764977 0.35921280276816614 0.7427995391705069 0.36916089965397925 0.7399193548387097 0.37413494809688586 0.7387672811059909 0.38581314878892736 0.73963133640553 0.3899221453287197
5 0.7753456221198156 0.41846885813148793 0.7796658986175116 0.4186851211072665 0.7828341013824885 0.42019896193771633 0.7897465437788018 0.4266868512110727 0.7911866359447005 0.4256055363321799 0.793778801843318 0.42214532871972327 0.7929147465437788 0.418901384083045 0.7943548387096775 0.4160899653979239 0.7946428571428572 0.41133217993079585 0.7934907834101382 0.4078719723183391 0.7897465437788018 0.40268166089965407 0.7825460829493088 0.39900519031141873 0.7753456221198156 0.3994377162629758 0.7658410138248848 0.40138408304498274 0.7609447004608295 0.4041955017301039 0.7589285714285714 0.4078719723183391 0.7753456221198156 0.41846885813148793
5 0.8660714285714286 0.599264705882353 0.8732718894009217 0.6025086505190311 0.8764400921658986 0.6029411764705883 0.8842165898617512 0.6022923875432526 0.8882488479262672 0.6005622837370242 0.8919930875576038 0.5949394463667821 0.8922811059907835 0.5845588235294118 0.8908410138248849 0.5815311418685122 0.8798963133640554 0.5694204152249135 0.8764400921658986 0.5676903114186851 0.872983870967742 0.5672577854671281 0.8652073732718895 0.5702854671280277 0.861463133640553 0.5746107266435987 0.8591589861751153 0.5815311418685122 0.8597350230414748 0.5919117647058825 0.8660714285714286 0.599264705882353
5 0.9023617511520738 0.6576557093425606 0.9069700460829493 0.661764705882353 0.9216589861751153 0.6691176470588236 0.9288594470046083 0.6686851211072665 0.9366359447004609 0.6645761245674742 0.9395161290322582 0.6602508650519032 0.9432603686635945 0.6479238754325259 0.9421082949308757 0.6405709342560554 0.9386520737327189 0.6371107266435987 0.9320276497695852 0.6327854671280277 0.9268433179723502 0.631704152249135 0.9179147465437788 0.6325692041522493 0.9110023041474655 0.6366782006920416 0.9038018433179724 0.6446799307958477 0.9014976958525345 0.65030276816609 0.9012096774193548 0.654628027681661 0.9023617511520738 0.6576557093425606
5 0.9619815668202765 0.6273788927335641 0.9703341013824884 0.6338667820069205 0.9752304147465438 0.6353806228373703 0.9925115207373272 0.6351643598615918 0.9956797235023043 0.6334342560553634 0.9982718894009217 0.6304065743944637 0.9997119815668203 0.6304065743944637 0.9997119815668203 0.6072664359861593 0.9942396313364055 0.6059688581314879 0.9867511520737328 0.6070501730103807 0.974078341013825 0.610726643598616 0.9631336405529953 0.615916955017301 0.9608294930875576 0.6180795847750866 0.9596774193548387 0.6211072664359862 0.9596774193548387 0.6239186851211074 0.9619815668202765 0.6273788927335641
5 0.31048387096774194 0.7097750865051904 0.31394009216589863 0.7119377162629759 0.31710829493087556 0.7125865051903115 0.3346774193548387 0.7119377162629759 0.3430299539170507 0.7063148788927336 0.3453341013824885 0.7028546712802768 0.3464861751152074 0.6998269896193772 0.3453341013824885 0.6890138408304499 0.3366935483870968 0.6838235294117647 0.32805299539170507 0.6766868512110726 0.3191244239631337 0.6766868512110726 0.307315668202765 0.679930795847751 0.3035714285714286 0.6831747404844292 0.30126728110599077 0.6898788927335641 0.30097926267281105 0.6996107266435987 0.31048387096774194 0.7097750865051904
0 0.23963133640552997 0.6818771626297578 0.2451036866359447 0.6849048442906576 0.24971198156682028 0.6859861591695502 0.2557603686635945 0.6857698961937717 0.2620967741935484 0.682742214532872 0.2658410138248848 0.6788494809688582 0.26526497695852536 0.6699826989619377 0.2638248847926267 0.6676038062283738 0.25864055299539174 0.6645761245674742 0.24971198156682028 0.6643598615916956 0.24135944700460832 0.6658737024221454 0.23847926267281108 0.6671712802768167 0.23675115207373273 0.6693339100346021 0.23703917050691245 0.67560553633218 0.23963133640552997 0.6818771626297578
0 0.371831797235023 0.7283737024221454 0.37413594470046085 0.7307525951557093 0.383352534562212 0.7326989619377163 0.3876728110599078 0.7324826989619377 0.39717741935483875 0.7279411764705883 0.40034562211981567 0.7240484429065744 0.3994815668202765 0.7134515570934257 0.39631336405529954 0.7119377162629759 0.38997695852534564 0.7108564013840831 0.3819124423963134 0.7112889273356402 0.37788018433179726 0.71280276816609 0.37211981566820274 0.7166955017301039 0.3686635944700461 0.7205882352941176 0.371831797235023 0.7283737024221454
1 0.37039170506912444 0.6680363321799309 0.3695276497695853 0.6717128027681661 0.37211981566820274 0.6782006920415226 0.37355990783410137 0.6794982698961938 0.37960829493087556 0.6814446366782008 0.38680875576036866 0.6818771626297578 0.39372119815668205 0.6805795847750866 0.39631336405529954 0.6769031141868512 0.396889400921659 0.6712802768166091 0.3957373271889401 0.6676038062283738 0.39746543778801846 0.6637110726643599 0.40437788018433185 0.6628460207612458 0.40812211981566826 0.6608996539792388 0.41013824884792627 0.6578719723183392 0.4038018433179723 0.6548442906574394 0.39400921658986177 0.6468425605536333 0.3919930875576037 0.6466262975778547 0.3896889400921659 0.6472750865051904 0.3856566820276498 0.6522491349480969 0.375 0.6554930795847751 0.37010368663594473 0.6578719723183392 0.3683755760368664 0.661764705882353 0.37039170506912444 0.6680363321799309