3 0.5800010881872995 0.18656246249878752 0.584943754171926 0.19944109276735275 0.588391556188953 0.19919999896408963 0.594833900219746 0.19636480463740758 0.5982823899622826 0.19200463245313365 0.598374279868852 0.18506089271134538 0.6019750024883248 0.17461992546543872 0.6020065494245272 0.16681324104349476 0.6036255379604082 0.16106346257058024 0.6030515920164132 0.15698456649011328 0.5995893919823041 0.15289084574232664 0.5907895457541453 0.14678566782900698 0.5866313383842882 0.14512531840246384 0.5808397444614679 0.14487993289778572 0.5743219717177165 0.14663644637427325 0.5682122017494511 0.15009875806080014 0.5630699824835844 0.15501094948678337 0.5572612396416439 0.16690706295509877 0.5570184923091573 0.17169344099649822 0.5579257000411892 0.1722803760557991 0.5612980733452575 0.17096060140234162 0.5656379973517249 0.1710907064883404 0.5777635842051578 0.18346705800010765 0.5800010881872995 0.18656246249878752
3 0.3327576202185908 0.4741898716890855 0.33584267668790696 0.4728901881858999 0.3450237928339159 0.45967430006412685 0.3460228904725172 0.45331749538163946 0.3424400044976742 0.44749788527354173 0.33023761348026354 0.44228100967360184 0.3197735214884486 0.44127840172308 0.3105032663379084 0.444961716062598 0.3072817504597572 0.44843885241644443 0.3055571617257341 0.45267847769908676 0.3054652718191647 0.45962221744087517 0.3105443972126264 0.4703233948587796 0.31532249547976315 0.47259077049489545 0.321189518115542 0.47391483684976804 0.33011142573545355 0.47350774736137724 0.3327576202185908 0.4741898716890855
3 0.4144159442585977 0.4693469296920142 0.4176984908326252 0.4626136596373125 0.41656568468722704 0.4546716036464174 0.4133757157452783 0.45034205557832 0.4088547628277103 0.4476231164518545 0.3968032292362169 0.44456360255230337 0.3821651564064438 0.44580398738621047 0.3779911755684855 0.4480469801706393 0.37513240523804514 0.4525827062244083 0.3733769572933291 0.46050993754798386 0.37387478679885594 0.4676292311592671 0.3772156131667219 0.47411614092775334 0.3913085360866645 0.4774664891154788 0.39909626211015875 0.4773555003982146 0.407519652499034 0.47394819567955127 0.4144159442585977 0.4693469296920142
3 0.32114137732987535 0.7622503235205257 0.32428746449506796 0.7576945063164848 0.3243032379631691 0.7537911641055128 0.3201601163359038 0.7523465508490086 0.3185123317658584 0.7494267002198238 0.3161081968896984 0.748077276231727 0.302271731593815 0.7483944429346627 0.2977500909507375 0.749794582189208 0.2955722422134533 0.7516812007516945 0.296463676477384 0.7561714780219674 0.30037913651475445 0.7626182054899099 0.304476313188735 0.7675346886173082 0.3080749726316793 0.769450956514434 0.3107671120681012 0.766661210971248 0.32114137732987535 0.7622503235205257
3 0.3254017462703268 0.7860162180423951 0.32978761523007877 0.7826744532574998 0.3332052457619223 0.782001887114159 0.3366537355044589 0.7776417149298849 0.335309041237267 0.7707984309394562 0.32968407820846524 0.768807064924195 0.3241352316181316 0.7637753013781176 0.32085406049512305 0.7622704146707976 0.3179808921476005 0.7624713261735169 0.31406405665921105 0.7642627554675959 0.3102377356263718 0.7673486017819086 0.3066068415217155 0.7773580966877375 0.306469694387371 0.7836546279194091 0.3080722217296412 0.7859272700384773 0.31018903977104906 0.787296785176846 0.3151639404173877 0.7882496526424567 0.31976100977342375 0.7879281942381058 0.3254017462703268 0.7860162180423951
2 0.33178319226109665 0.5139307757597373 0.33848268164145845 0.5106440179427054 0.3430804387230039 0.5062034811573438 0.3445629678500499 0.5026311555350901 0.339197901072855 0.48371191250543594 0.3364461063915759 0.4815196349874554 0.3165156445955283 0.48139577116594606 0.31167651563251514 0.4823845292306855 0.2977927299323281 0.49441172256653704 0.2926038779876672 0.5069148622444253 0.29394857225485904 0.5137581462348539 0.2976528318959454 0.5171845673222519 0.3047898078114671 0.520154158436348 0.3079804644789253 0.5203646281234346 0.31935245192828166 0.5178350927522464 0.33178319226109665 0.5139307757597373
2 0.366987258596445 0.7820243204027715 0.36828875881239026 0.775863160740051 0.3665504597867945 0.7716488930906328 0.36348117678557956 0.7690452343828464 0.3483747582099535 0.7677168763265587 0.3417966424958351 0.7686104451228909 0.3378948927500373 0.7706176105870088 0.3361991000501786 0.7835268649717507 0.3368477869816227 0.7928035202834229 0.33913054819153954 0.7965461332922196 0.34153468306769963 0.7978955572803164 0.34472533973515784 0.798106026967403 0.35438851191859233 0.7959127746678852 0.366987258596445 0.7820243204027715
2 0.4424856971432267 0.899665490801463 0.449803701969849 0.9052239159560257 0.45316098953132566 0.9036884051325293 0.4556419285714634 0.8978783532087988 0.4560362210553769 0.8911302584867776 0.45000394297659857 0.8833140158804664 0.43837618562869246 0.8780569579799826 0.43134480991131297 0.8765975200561588 0.42340553873639186 0.8786702254540449 0.4196546464165113 0.8828347526185519 0.4178841127292035 0.8905462477720884 0.4178230820333272 0.8938023814729437 0.4195613810589228 0.8980166491223619 0.42500462745111445 0.901538259478167 0.4319461764384533 0.8975842020007466 0.43537889271288854 0.897127372027445 0.4424856971432267 0.899665490801463
5 0.6353346145302792 0.1686017459929623 0.6394791116085635 0.16180820248744476 0.6426265742247752 0.14901422852138224 0.642582692448019 0.14012886324924398 0.6399975286607583 0.13619060522068044 0.6354011470302318 0.13239298524402043 0.632437464227159 0.1312994797265064 0.6283848570554438 0.13114928349023552 0.6255418601931049 0.1317816673330326 0.6217306249028574 0.1350832498173839 0.6123383083605644 0.14527883155861251 0.610024000214445 0.1493429029717598 0.6081622643460773 0.15987905948607387 0.6082520910761182 0.16529255488731795 0.6100809045572643 0.1708012395569695 0.6138153356835341 0.1746591329844453 0.6179886287959828 0.1765352185810273 0.6248389756022618 0.17540582246438433 0.6353346145302792 0.1686017459929623
5 0.5130466817515088 0.15807533729402068 0.5188842206276137 0.15484885292780462 0.5284719640980897 0.1515769197780925 0.5276559585471177 0.14816532335801416 0.5216991091812979 0.14142776160189738 0.5144263615824507 0.13651654495745139 0.5083474508248783 0.1362912506030451 0.504370272366122 0.1372197352169687 0.49824472892975524 0.14458538911446744 0.4979567243694934 0.14872455864575024 0.4994529637881121 0.15360612595555695 0.505363868200647 0.16381555758256794 0.5092196729931602 0.165280261989344 0.5111712355915685 0.1601576008762741 0.5130466817515088 0.15807533729402068
5 0.5506652872828955 0.18406120910543522 0.55142232531452 0.17837170408333644 0.5457685662515537 0.1677107089659758 0.5410665844228851 0.16240293579904366 0.5312991874923276 0.15484787814626744 0.5293791718301215 0.15216385483739342 0.526763148832168 0.15191320284976295 0.5188691348850221 0.15463311675776575 0.5127744506593483 0.1583111646143315 0.5114283809411373 0.15970603738592443 0.5103085973618022 0.16433695270810075 0.5124535237118649 0.17849517532957973 0.5219480018247525 0.1904051386836776 0.5258641495876325 0.19273278777060923 0.5364489275201811 0.19546128508144212 0.5431175576898498 0.1958621333053434 0.5506652872828955 0.18406120910543522
5 0.5985923133016136 0.23772587583405863 0.6094356120347499 0.23176465289252013 0.6112658009669152 0.22903518080014992 0.6110251168109571 0.2214643236985169 0.6077446334134581 0.21584035861018616 0.6028760206907711 0.21227856595383696 0.5964041929003041 0.21056320955943045 0.5889339551967455 0.21108557946650053 0.5850020339657644 0.21266127259054085 0.5782113424043428 0.21877269176835007 0.5750350837539668 0.22289703663231322 0.5730986068981501 0.22823543391542195 0.5733242053115164 0.23559055484701613 0.5767562338604423 0.2392528032547249 0.5800524907260425 0.24097342613208372 0.5832582331360925 0.2413996319892092 0.5915602498587244 0.2403855162912456 0.5985923133016136 0.23772587583405863
5 0.19877329019681533 0.5978078615339113 0.20556329403272736 0.595815520737113 0.20802845960476385 0.5939088110243544 0.20931418635260787 0.591650993572606 0.20881635684708102 0.5845316999613226 0.20529450156811446 0.5754559561523697 0.20152989895666118 0.5711665903848161 0.19356114402206628 0.5686887450616136 0.18642348038103507 0.5698382323285284 0.18253681637782904 0.5720611339626854 0.17821129038844402 0.5762658434277361 0.17616921333448526 0.5800940875205727 0.17612258065569106 0.5876850357724777 0.17748304839098417 0.5906249775519343 0.18064284584774942 0.594523053279954 0.18507328430976702 0.5959475753861863 0.18723535957895002 0.5979642990346716 0.19877329019681533 0.5978078615339113
5 0.16830055679395617 0.6120790224357291 0.17571045152714784 0.6106937078485035 0.18168444981208778 0.6052897706316266 0.18266777398258788 0.602836308160111 0.18245657358630377 0.5998160017795666 0.17603137847463118 0.5905096971332551 0.1739454196439163 0.5854525759539534 0.1702713314880134 0.5824576272066331 0.15902140543040988 0.5784748951761107 0.155316458063814 0.5791675524697235 0.1505980150415347 0.5818821998947741 0.1463479177651082 0.5871655902100194 0.14274857059665444 0.5893684006939044 0.14776735301974922 0.5992066334316533 0.15402660496291284 0.606139840207537 0.16128426681916827 0.6108353206819441 0.16830055679395617 0.6120790224357291
5 0.1351103265480583 0.5998749078735791 0.13697068696540687 0.5975769081212867 0.13925551135185224 0.5889622859870508 0.13795607431243556 0.5827662105067388 0.1335866665462943 0.5780855546996513 0.13000309284594178 0.5763850229725644 0.11367197821834804 0.57405834866717 0.10860587539094957 0.5759301425623369 0.10570184783273404 0.5798186601059891 0.10550435772802255 0.5852522466575052 0.11392499721485969 0.5983212554628852 0.11867292399681299 0.6001571587589234 0.13031645481282036 0.6015108744484352 0.13290230632559064 0.6013300540959878 0.1351103265480583 0.5998749078735791
5 0.11535607958454477 0.6311734267596122 0.11993943864900816 0.6223980754232008 0.11826217031928887 0.6149276740729274 0.10875123101279058 0.6110401313108124 0.08479833353021152 0.6111975435931098 0.07979257367317985 0.6139322821684324 0.07800764196878995 0.6173089627709192 0.07833952830580784 0.6220551585117747 0.08180172833991711 0.6261488792595613 0.09604550868577692 0.6316565891476756 0.10693268919566963 0.6345807314782755 0.1109400391396094 0.6340837192044296 0.11535607958454477 0.6311734267596122
5 0.13732380435598443 0.6563025951553608 0.13989525785167253 0.6517869602518637 0.1405309222170534 0.6484906442504647 0.1379155869446092 0.6441209138818234 0.13277474312976167 0.640794948545785 0.12480598819516667 0.6383171032225825 0.11434189620335178 0.6373144952720606 0.10780903771700853 0.6388552725785094 0.1039367717308847 0.6454129887637162 0.1044044297512281 0.6521008100349217 0.10571964025874606 0.6543935433042618 0.11943404416287658 0.6605886440030365 0.12782657534105885 0.6608689453253062 0.132907763911049 0.6592128876001783 0.13732380435598443 0.6563025951553608
5 0.3740309691543781 0.8001758080206773 0.37616424838939677 0.7935229025670634 0.37500127075881506 0.7851493742360904 0.3719772449853753 0.7831929240384209 0.3656864461060092 0.784066401684481 0.356052069956739 0.7949292830860981 0.35505366004364725 0.7971670093875748 0.3589842058236094 0.8038294730255562 0.36290035358648937 0.8061571221124877 0.3666807296660438 0.8065431456690695 0.3697808718779517 0.8054591983359227 0.3740309691543781 0.8001758080206773
5 0.28701656298741807 0.6417160274826768 0.28479483247337767 0.6347172807730249 0.2812414302582086 0.6334482213860159 0.269279723396756 0.635802202887709 0.26608837900378823 0.6397108115816332 0.2634106375844486 0.6468353716758688 0.263107547281595 0.6507588050371126 0.2675674695032866 0.6567338778644335 0.2716955053879601 0.6579627549508988 0.2779561327821428 0.6566578049647609 0.28631986792616065 0.6482684771849312 0.28701656298741807 0.6417160274826768
5 0.6550014319168475 0.8420971025998577 0.6501938498900369 0.8352791762426532 0.6460205567775881 0.8334030906460711 0.6391098670009423 0.8336695420825586 0.6326071799997826 0.8356417917290851 0.6304293312624982 0.8375284102915718 0.6294151478813053 0.8436694788040201 0.6304876110563365 0.8507485901147597 0.6410113582930088 0.8567332211264478 0.6450337939795404 0.856451945022641 0.648103764706265 0.8549365253494164 0.6549246277528699 0.8492565785116849 0.6550014319168475 0.8420971025998577
5 0.6908659649545374 0.867772048972826 0.6924540942797254 0.8657098765408444 0.6935135348886936 0.8602160165385128 0.6921990121066852 0.8538042048881618 0.6897345342601582 0.8515918362199095 0.6861660463023974 0.8501070406628614 0.6803744523795772 0.8498616551581832 0.6735391913158899 0.851206787444865 0.6699398441474361 0.8534095979287502 0.6677619954101519 0.8552962164912365 0.6680787960045781 0.8598266760620532 0.6735364404138517 0.8676831009689083 0.6805678161312314 0.8691425388927321 0.6880531395773818 0.868835905155701 0.6908659649545374 0.867772048972826
5 0.7150773832377044 0.8589249164381572 0.7118270713253888 0.8537324236899042 0.7088030455519491 0.8517759734922346 0.7035860852986332 0.8514904056870124 0.696508764627969 0.853502837634083 0.694073770541116 0.8558410196869192 0.6926364986418452 0.8600605538192896 0.693481987952491 0.8680227009604564 0.7040523678679576 0.8664163837202399 0.7117941489381672 0.8697772648738697 0.7139569119328597 0.8676749101413442 0.7153640123469471 0.863023903668896 0.7150773832377044 0.8589249164381572
5 0.7099015538591067 0.8840010274291167 0.7135468459808452 0.8783263470743374 0.7129132447919928 0.8692654279327042 0.7080898892970808 0.8663508437864715 0.7054587805565354 0.8658844556288023 0.6973988234408806 0.8662312716663774 0.694328852714156 0.8677466913396017 0.6902303005891566 0.871068364974225 0.68847554036995 0.8748765179167897 0.6879297027346098 0.883586329319433 0.6910442429635999 0.8868371965373362 0.6960794865803055 0.8886530086831023 0.7027179452647907 0.8886223845669259 0.7049712227150337 0.8878144468546336 0.7099015538591067 0.8840010274291167
5 0.6762361006122607 0.9104189537868803 0.6797908782784489 0.9034498564118678 0.6795344206543896 0.8997823415212067 0.6755126726933673 0.8959445392440027 0.66467074941125 0.8936676054235196 0.6591205273698972 0.8968739986394636 0.6542505391961912 0.9015503627451361 0.6535243603752598 0.903552261726302 0.6533879009664249 0.9057297145769626 0.6553079166286309 0.9084137378858367 0.6625655784848863 0.9131092183602438 0.6678277959659772 0.9140419946755826 0.6732415585984948 0.9130130543102993 0.6762361006122607 0.9104189537868803
5 0.4471561320356928 0.9127799483903392 0.44950061166699556 0.9091473493172696 0.44671933322604235 0.9024045210782005 0.4421531230806993 0.8990383734416183 0.438312404030778 0.897789405204881 0.4327930412001183 0.8973081923798922 0.42995004433777917 0.8979405762226891 0.42636578291191707 0.9003591228766131 0.4251253133918483 0.9032641488384783 0.4251397114089304 0.907598963389528 0.42810270648649373 0.912811547288053 0.4296298051158053 0.9140055085569265 0.4366913523183684 0.9158964188208281 0.4435869563524225 0.9154142312143019 0.4471561320356928 0.9127799483903392