5 0.6486319589915098 0.16619450273933695 0.6423873897132285 0.16543187558174605 0.631794247159241 0.16667174709448757 0.6287665431764038 0.16780816445820235 0.622365182609604 0.17342017350936367 0.6222360404909588 0.1762870909842215 0.6238475640452062 0.17909727282166096 0.6258912476055783 0.19015943863544646 0.6277734190232171 0.1946784238303171 0.6310441216995724 0.19875852855792778 0.6375793452392323 0.20319741885957593 0.6419341003279889 0.20491623934281686 0.6486599461390913 0.2031940938553915 0.6548583208083476 0.19630048228615685 0.6631695019626597 0.19169973969597165 0.6645180204254018 0.18732593965545957 0.6630494635747363 0.17989498097621492 0.660612171845378 0.17371224843342956 0.6533050175115183 0.16808186763274055 0.6486319589915098 0.16619450273933695
5 0.6695894079686111 0.19725168810553032 0.6642935671710353 0.19327337502485403 0.6613811807219065 0.19329673428065827 0.6569649454803528 0.1948720321116329 0.6495471944669996 0.2032725262465218 0.6519153632716743 0.21822455562404336 0.6549215998976886 0.22431717614779637 0.6585782679711439 0.22899302612492747 0.6669218191495441 0.233802381628515 0.670789115892429 0.23428465560319886 0.6776502856352272 0.2334169117944891 0.6804888283054575 0.22924503254575385 0.6808962610593803 0.2226117399078064 0.678932603090957 0.21941941324052533 0.6749438070013132 0.21632887822017874 0.6741857007920501 0.21338352835419055 0.6780468157218843 0.21014448317530113 0.6841698856534066 0.20829884928722925 0.6848341416857842 0.20512821937366024 0.6838730495789775 0.20090126698959887 0.6809068257489376 0.198743566039098 0.6754480118497926 0.1974185700136008 0.6695894079686111 0.19725168810553032
5 0.5953097289308906 0.19960120849548452 0.5882317487056122 0.2009412091530683 0.5849872342402949 0.20254988336565702 0.5812276122592323 0.20642972980358315 0.577412691938423 0.2173250137092982 0.5738898868378279 0.22270006308497647 0.5747156550129389 0.2260726137903223 0.5782646483245716 0.2263863433548435 0.5823211063800634 0.22990407921454792 0.5860054236233918 0.23107221045778462 0.6026554351018892 0.2183630065435196 0.6135683420459641 0.2080951817668469 0.6218318676324156 0.20503469812393 0.6217103682856565 0.2024264370782672 0.6209384374914568 0.20123494657922633 0.6007347118471116 0.20071260410130293 0.5953097289308906 0.19960120849548452
5 0.5077801121393783 0.4276061669762954 0.5042987807935935 0.42771963825113196 0.5004853214316196 0.42941842448275314 0.4979112448117302 0.431577787935346 0.49646123340021636 0.4353107867168215 0.4967180566786711 0.4387734494411998 0.4994874764242179 0.44337086702720063 0.5083384923464772 0.45138422882597135 0.5198650778373977 0.4578790284311857 0.5269245126235245 0.44537507031288187 0.5322356389648726 0.438403026352517 0.5328184084464654 0.43655905496653746 0.5317281742210136 0.4351990200573338 0.5303196365643099 0.43367044073796757 0.5227818471630332 0.43026617615309987 0.5077801121393783 0.4276061669762954
5 0.5661784505974219 0.4170430264978858 0.5581517418914379 0.4215987130785549 0.5560989546003441 0.42520822345938375 0.5530221340908106 0.43708139744446084 0.5547751633898041 0.4444673001141893 0.5586486419457396 0.44867089324244647 0.5604231386015559 0.4488277580247071 0.5638168015835058 0.44631962612388654 0.571695822731693 0.4334668995573553 0.5800684840388023 0.42557203865295457 0.5818706298644921 0.4222211847013206 0.5806789026902685 0.4202203485330804 0.5743128340652282 0.4168494603298267 0.5704793683052672 0.41658078677482174 0.5661784505974219 0.4170430264978858
5 0.534525243136434 0.4362887189094403 0.5290926174483268 0.4406525018241424 0.5247025704178109 0.4479165785953165 0.521904040543555 0.45602337741730403 0.5247334794830636 0.4665231743631832 0.5291620783507185 0.4723905148393552 0.5426476009558473 0.46915982428418357 0.5553211799708019 0.4608027236567186 0.5572462861020863 0.4508636330766535 0.5524055336262937 0.4387117684107616 0.5489856824333061 0.43553112137138267 0.5441296444137413 0.4343296137465318 0.534525243136434 0.4362887189094403
0 0.3842302782200236 0.49446962200438327 0.38120257423718634 0.4956060393680981 0.37612208296325517 0.5003519671126417 0.37268076441344467 0.5044003579607306 0.37233481181231926 0.5077395322844623 0.37798278702407107 0.5120999901949801 0.3843965112169721 0.5139306194509655 0.3881284840281612 0.5135584917469338 0.3986616073881867 0.506416240874314 0.40028077371432025 0.503751244191233 0.39881839867670527 0.5000416046655618 0.3958321684486781 0.49591644392843487 0.3918772033419582 0.4930395093277672 0.3842302782200236 0.49446962200438327
0 0.41066441058000525 0.45700114115689583 0.40683712663309485 0.4604537867554642 0.40620670158364136 0.4638380170887122 0.4126804449705041 0.4715710257045759 0.416866045144641 0.4722218440894223 0.4209301459720187 0.47026440142860626 0.43003326431851774 0.4688226091240879 0.43434800661129974 0.4666065100340767 0.43680058388443027 0.46183888553582086 0.4362392817596602 0.45645381903433274 0.43062513753083237 0.4523069615434938 0.42384545433881876 0.45184804682461427 0.41066441058000525 0.45700114115689583
0 0.647791810157748 0.4665199756987689 0.6416349092433018 0.4681520091671619 0.637340173348507 0.47233556804379917 0.6354227099891088 0.47679948010334366 0.6373248878047348 0.4832859250848404 0.6401757941010662 0.48655668414325176 0.6462850394476519 0.4864649096221272 0.6541487750520667 0.48456254009663713 0.6571088170690561 0.4829989218935646 0.6599273533412993 0.47685958285820307 0.6590339232003406 0.4730598313134994 0.6567181308177413 0.46948535981637685 0.652898489642717 0.46746282689442464 0.647791810157748 0.4665199756987689
0 0.6426545595852345 0.48747783858519556 0.6398360233129913 0.4936171776205569 0.6416567145778328 0.501430281129643 0.6459438077007416 0.5027219007735262 0.6633781135995396 0.4986468256654488 0.664273004699334 0.49325007953605865 0.663447236524223 0.4898775288307126 0.6595737579682877 0.4856739357024556 0.6546162269999511 0.48383162681856806 0.6426545595852345 0.48747783858519556
0 0.7010452552713919 0.48238987662730654 0.6948545233740216 0.4838083096760205 0.6919959743058042 0.4860127291381297 0.6907627733767704 0.4892734710707313 0.6910195966552252 0.4927361337951095 0.6935722059182919 0.4978058082299842 0.69841441935292 0.5007611752217824 0.7094411828718677 0.4985767900112929 0.7121167524405292 0.4970582278177367 0.7154227470586438 0.49215543529093225 0.7148752695188105 0.4850165094224968 0.7122611801029466 0.48324095330183764 0.7056983073934132 0.482309781734084 0.7010452552713919 0.48238987662730654
0 0.6925652571801686 0.5264299269690463 0.688650304869423 0.5274879119416308 0.6804944540447939 0.5349105159971577 0.6799655219441123 0.5389355475894424 0.6819968418783835 0.5425550750960811 0.6816370646923213 0.5476481087867602 0.6850369094873218 0.5488612960395132 0.6907263584538835 0.5479601758491892 0.7037920846789886 0.5439201396248181 0.7053297644543374 0.5425818014693266 0.7060616824525627 0.5398383723951151 0.7048775980502253 0.5323623577063544 0.7026632986163979 0.5294286874682683 0.7001507021493057 0.5282939326066457 0.6925652571801686 0.5264299269690463
0 0.3209761306721204 0.7155643017817808 0.3164645842948454 0.7202201175072921 0.31732418345288027 0.7238062686323168 0.3238455824076036 0.7299990183009122 0.32811266913252496 0.7293231781581693 0.3357195814584851 0.7239581459083009 0.33840897561208305 0.7206857243477972 0.33939153507571246 0.7176836388443909 0.33846427395182976 0.7136702868800084 0.33148160486227257 0.7119297696430554 0.3280002735164877 0.7120432409178921 0.3209761306721204 0.7155643017817808
2 0.3637229786144846 0.7847725423730866 0.3514491895815665 0.7919715288831247 0.3442144180677696 0.7996861657494607 0.34002735693479724 0.8082318450387082 0.3397552481125702 0.8157195393553709 0.34476515550298237 0.8289394061196573 0.3469456239538859 0.8316594759380646 0.3500948272834822 0.8331313196200123 0.35411127254299934 0.8327141359064644 0.3603973155760907 0.8282151849632136 0.3732476922775511 0.8154509079136227 0.37824051518764723 0.8083103195430951 0.3821016301174815 0.8050712743642056 0.3875604440166264 0.806396270389703 0.39322842562636545 0.8127241880868468 0.39543654324714234 0.8119365391713593 0.3951258825877765 0.8062928162406763 0.38969471785850496 0.8014601014812845 0.3864993199198837 0.7923320190725109 0.3820507146542415 0.7844972188097128 0.38102814239463767 0.783564384739867 0.3759891248755165 0.783048734383569 0.3637229786144846 0.7847725423730866