5 0.7535376961236034 0.26981497124287024 0.7465953039004384 0.26989228343027516 0.7427207687866207 0.2716042387566732 0.7329136624563393 0.28024590461247967 0.7272297532415934 0.28954147605215 0.7259254435072394 0.2964196451232884 0.7287669365249413 0.3041667980428599 0.7324754918199818 0.30638646372713463 0.7402394273209988 0.3086148002015655 0.7508829422025136 0.3079310301348218 0.756981185511307 0.3053329910210116 0.7628081611818625 0.3001540127323704 0.7645193723735733 0.2971472524234787 0.7674670763900782 0.28661708824974086 0.76712055920559 0.28056479071758844 0.7653040601944187 0.2770589908409762 0.7621005692659524 0.2741338781145676 0.7535376961236034 0.26981497124287024
5 0.6104273280082781 0.3685763489349444 0.6004471169489763 0.3700602198115392 0.5917631675344425 0.37836638290592417 0.59030061834445 0.3837390041250778 0.5934886285466398 0.39753845457680165 0.6016065138688356 0.4086452121469984 0.6071241355383568 0.41154455414427193 0.6255241532841979 0.4102629969883457 0.6351878854322222 0.4057680304077812 0.6383012615410566 0.39956953764964165 0.6376456980819818 0.39333226797713305 0.630650969675534 0.3818900076455149 0.6154550583110542 0.3695700926753077 0.6104273280082781 0.3685763489349444
5 0.6037168861547646 0.41494702946301115 0.6010184595928727 0.4113164696944686 0.5988628760339039 0.4045844958493173 0.5919133589004956 0.3935723920468378 0.5902628397081011 0.3861349711595527 0.5889814433367146 0.3849649260689893 0.5845039886735526 0.3836958918156307 0.5737474456094385 0.3833042705595281 0.568485918578326 0.38559691303612986 0.5661789127475143 0.3967120997551494 0.5671958586644588 0.41465391408703745 0.5730525648817775 0.42077943005284996 0.5760674703549469 0.427421085525362 0.581193055840493 0.4321012658876159 0.5864468425084672 0.43524579227367177 0.5918740416319093 0.43728482121266826 0.6014622165072359 0.43758178870105374 0.6075604598160292 0.4349837495872436 0.6151512905880259 0.43005429108246274 0.6167569062338282 0.42879826301433815 0.6201040790709991 0.4193133840392337 0.6185213767881641 0.41252119794565634 0.6124609121157195 0.41272327002499154 0.6055259525292453 0.41562670577600996 0.6037168861547646 0.41494702946301115
5 0.659723617396758 0.40775575952984094 0.6525626014450855 0.4085084126351667 0.6489971126058545 0.41040534010192103 0.6349386079776093 0.4199287543500615 0.6311167167735219 0.4248969897692116 0.6321565760534338 0.4347905899393977 0.6369805479010839 0.44211192172490865 0.6425659864801646 0.44565649851589006 0.6467570005052597 0.4469556388934617 0.6537672096379843 0.44752356149976447 0.659805068673909 0.44710641115586 0.6667400282603833 0.44420297540484144 0.6780322894171772 0.4304037665944508 0.6800451142467837 0.4247558548623019 0.6789674763305231 0.4172582217265908 0.6749650477607247 0.4122425386029156 0.6670428728040692 0.40850865427649985 0.659723617396758 0.40775575952984094
5 0.7082754594123211 0.3985211252625961 0.7042652904793845 0.3989426110015785 0.6978806065325242 0.4015707562396017 0.6803244299746074 0.4136363327482043 0.679404723787538 0.4159075398907491 0.6802185267022516 0.4236503574152426 0.6818616132579551 0.4282616547389142 0.6859470317371421 0.431311527357253 0.6904018807637842 0.4323654833460423 0.695889464160095 0.4322236235151332 0.7204933207606377 0.4265932950046296 0.7251519282424057 0.4213196629482711 0.7342579521141254 0.4142738633170886 0.7384114952293191 0.40970567830286403 0.7396554206908043 0.4050083980016314 0.7385248311383658 0.4025177771994393 0.7355247909385778 0.40152836885415405 0.7183535256543929 0.40072369100789196 0.7082754594123211 0.3985211252625961
5 0.6266832424776095 0.45711128175007587 0.6196578603450561 0.4591544044428174 0.6148862246806888 0.46335264517632935 0.6121119331196516 0.4727773119030079 0.6126392953962981 0.48055023555171444 0.615345154594881 0.4870069188838704 0.6194079674375479 0.4898417132376399 0.6220311444531897 0.49000091464886103 0.6262599371146338 0.4889040879919578 0.6292299390412112 0.48685229450906037 0.6400769046514043 0.4881042288234399 0.6470796811474381 0.4858460278661293 0.6502230955294832 0.4826887369361724 0.6543466003714664 0.47507935009376523 0.6548141938281394 0.46850657765983506 0.6538570167311686 0.4649104594105838 0.64989979943441 0.46032493281604714 0.6408092562889669 0.4564963947219143 0.6266832424776095 0.45711128175007587
4 0.5694824129438831 0.3454806021195508 0.5592157612465144 0.3469945791203585 0.5559367130453503 0.3488614004628998 0.5523334455697706 0.353154294964129 0.5515493732018201 0.3567159716940893 0.5534714677588999 0.35847103932993446 0.5557778581368166 0.36388243746345716 0.5558078964100271 0.36692363929163985 0.5534182083962744 0.37174134408972476 0.5544128564031465 0.3812047877307723 0.5596666430711209 0.3843493141168282 0.5660587596546719 0.3845472924424185 0.5872779725081423 0.38253451751522327 0.5905118094362666 0.3802375396435435 0.5942884893673143 0.37483914769525495 0.6020301269582586 0.3685891134788454 0.6013141792263152 0.3645327325762425 0.5835932537554114 0.34747676039043335 0.5793570284572767 0.3457474634837232 0.5694824129438831 0.3454806021195508
4 0.4237370798040094 0.3557976070104659 0.42054102151223394 0.35569861784767076 0.41595797130316353 0.35618031583507925 0.41076426118161047 0.3591181931053888 0.4056231949697878 0.36531235046845034 0.4034143520481937 0.3718506813830893 0.4077332595292694 0.37987746021073415 0.4196126517826838 0.38819687113168644 0.434160740051227 0.3888423475667274 0.44490985047865017 0.3864078452592165 0.4507216531493767 0.3838399122696195 0.45651859054672156 0.3756197321527955 0.4571066448226844 0.37294847460532515 0.4559308439972062 0.3700276972739947 0.44990072532441977 0.3650076787552415 0.44281526664544496 0.36096839779161743 0.4237370798040094 0.3557976070104659
4 0.3858590986696192 0.35912638061287855 0.3729166260468784 0.3572248761097131 0.3657782157317258 0.35819260747960824 0.36082573497519993 0.3606702220965662 0.3577275318661945 0.3642576695556616 0.3524430914721147 0.3745985261939651 0.35202783419872463 0.39269087114691825 0.3541608121211736 0.39920776672750025 0.3624068986257975 0.40877887032149907 0.3696431641237202 0.4114975755734944 0.3765403450738456 0.4109901068569509 0.39108100070569796 0.40880945972837834 0.39962157593797454 0.4046499959092353 0.4045666240578096 0.3993462577286639 0.4059235777018938 0.39572436875027756 0.4047558249660014 0.37910313013001823 0.39938157747873726 0.3720570888575025 0.3914971811584306 0.36592723749661193 0.3858590986696192 0.35912638061287855
4 0.4737706916551626 0.43230164647761893 0.46274257322636325 0.43759237847295623 0.4527846600771338 0.4475546200403914 0.4462414289481872 0.45694050985270085 0.44537436667084823 0.4624679970879976 0.4484722620534061 0.46714384205517334 0.45251246925955335 0.4697635581443736 0.46016337657797113 0.470916503295958 0.48129216688536214 0.46804341531048577 0.4837571044453652 0.4666970688697222 0.48665185682569234 0.4611739170295034 0.4883785487436795 0.4472928189952965 0.48703707582587175 0.4400403702483676 0.4816402227020878 0.4327792507112826 0.4774492086769926 0.43148011033371103 0.4737706916551626 0.43230164647761893
3 0.4814051950679613 0.46911880663333205 0.47064865200384726 0.46872718537722957 0.4561306020085148 0.4711229107703713 0.4498967248806025 0.47243048029676576 0.4457809604017576 0.4746026982765154 0.44033084791534816 0.48061188349922074 0.43518234906683484 0.48397991729866874 0.42962664103451714 0.4917398347621412 0.4284353594827623 0.49969339515612593 0.43589737361943587 0.512826175480085 0.44400039366824995 0.5182806859230549 0.454741763732535 0.5212833524782016 0.4697497050946128 0.5207932253419701 0.480883111342873 0.5220150535321368 0.4907880728559245 0.5170598242982208 0.49632117525172237 0.5090848285701791 0.4998717988175718 0.5015356539761979 0.5013947322804331 0.4939821439871387 0.5005583237291997 0.486024248198076 0.4970157482529361 0.4798729615031284 0.49005849075638946 0.4742980265633065 0.4814051950679613 0.46911880663333205
3 0.4143266727563666 0.43985418990134556 0.4103165038234299 0.44027567564032805 0.394577134003132 0.4475837595992719 0.3849737861279764 0.44989783740993056 0.37387011042647933 0.4599805034742178 0.37102056931919186 0.465933811843575 0.3632033744555496 0.4769757801289344 0.36048946716738106 0.48421955808570727 0.36244903263436223 0.4918419511133486 0.36940629013090887 0.4974168860531706 0.37591143489705897 0.49869025570160713 0.388183171060896 0.4969655358313082 0.39762053911727463 0.49858307903132226 0.41384980030431784 0.4931805933292887 0.4276066912946672 0.4862983305044056 0.44042901082456576 0.4760350276948401 0.44370836675217723 0.46590491392602773 0.44282674692790425 0.45751686160782656 0.43849266644699936 0.45210112807922576 0.4347162942423993 0.44923622760124327 0.4143266727563666 0.43985418990134556
2 0.5204400641086797 0.3693362229824274 0.5166259132677307 0.3688672895389198 0.5053717384737332 0.3720072388885646 0.4893233223788485 0.3791303507071521 0.477887994766245 0.3888129663665138 0.4756491135714402 0.39231009545297 0.47603340939227723 0.39596642595064757 0.4808499486032365 0.4004616341725451 0.4924054293086826 0.40294382582591426 0.5013451656351775 0.40809293963167564 0.5143706281673069 0.4080286336295048 0.5204385254764422 0.41065268511378294 0.5237853905871657 0.4094310985649495 0.5310897807210955 0.40453174618438165 0.537180591393198 0.3991075835069581 0.5383641325818145 0.396591191975631 0.5369548427544473 0.38869350843499434 0.5333370177319334 0.3790708633827255 0.5277667521526818 0.37291524129269993 0.5204400641086797 0.3693362229824274