3 0.7424246408263199 0.4063727731187689 0.747378801366626 0.40796043436206536 0.7529167449199352 0.4070194535687219 0.7582339554853699 0.40447385148691 0.7609767886118173 0.40155585912288994 0.7595100736473148 0.3976660160056561 0.7539049691104889 0.3899353798284202 0.7520715754048608 0.3850730759318779 0.7519706495200296 0.3803887921669011 0.7559634621582149 0.3682154623542787 0.7472001971693989 0.36264107793147443 0.7380364885381425 0.3600815659349643 0.7331683701995655 0.3594015754207621 0.7295088402203038 0.3598884158365111 0.7250821878574762 0.3624176678992458 0.7237911860124291 0.36544889034461703 0.7240979612020328 0.36796118236217973 0.7306085076245681 0.3794520815562209 0.7328009538202143 0.3917216814050226 0.7349149840652391 0.3966487753517791 0.7424246408263199 0.4063727731187689
4 0.6868637100182277 0.33206493375362695 0.6989986110149139 0.32687623950163436 0.7028265966816359 0.3230990164396571 0.7039567690903301 0.3169233414675631 0.7013675079682409 0.3127743381494723 0.6952534076530359 0.30980912580650466 0.6885667792919328 0.3080434444316427 0.6811878157818879 0.3105569565013949 0.6697826435514557 0.3125848482075876 0.666429888761798 0.31558398064089915 0.6653708748717305 0.3188907133062048 0.6662988266916494 0.3199927541859417 0.6740107040415053 0.32243903610110064 0.6780144028276828 0.3255828786017284 0.6818122523090876 0.3308987128497705 0.6868637100182277 0.33206493375362695
4 0.6685395526525999 0.34869791724680793 0.6727828656448646 0.345682434794419 0.6767680520319425 0.33994394015474755 0.6809815976580025 0.32937523163059357 0.6778310634571201 0.32509664821207424 0.6742426919964852 0.3227145463210348 0.6674700214336531 0.3200411942170788 0.6513426766178944 0.3207569348999092 0.6455614901425004 0.3227515165418526 0.6388672355302898 0.3274206703399417 0.6364199226263413 0.33418006579005854 0.637482565232406 0.33597905722916976 0.6489323885121451 0.34528100463062483 0.6573888783113572 0.3483430970358664 0.6622569966499344 0.3490230875500686 0.6685395526525999 0.34869791724680793
4 0.7039781725672017 0.3642039694758482 0.7120269612919787 0.3600694860985504 0.7141337341050089 0.3547851318364733 0.7124836797699434 0.3504090583295853 0.70834529019762 0.3465682652695832 0.6870281681705782 0.34031511038476625 0.677879343222424 0.3415322114241387 0.6714432152154004 0.3489243774095103 0.6704328499097498 0.35202038990509604 0.6727937517928567 0.36099960710766926 0.6755776072526136 0.36430572974688014 0.6859125106258734 0.3669136817745273 0.698904204923852 0.36569597070906007 0.7039781725672017 0.3642039694758482
4 0.7866007558986432 0.40835942442148065 0.7993942271429565 0.40287886993047656 0.8049060320460585 0.3994903871697847 0.806099736722272 0.3968806050638533 0.8055834835118982 0.39143458068928805 0.8021149191543069 0.3859728163217403 0.787248808817391 0.3761041084874343 0.7817184915151892 0.3706102541078268 0.7746764393800653 0.36654300088512226 0.7717840317843696 0.36498742965388553 0.768087108187796 0.36435587917082035 0.7611459819375034 0.3649729097130926 0.7548409160006282 0.3679563021534217 0.7532206290317673 0.37113345471829884 0.7512859406221952 0.3782331504385642 0.7512296657866707 0.3848787057812352 0.7568122603892868 0.3952675640955394 0.7644791178707233 0.40303029028483506 0.7707878125235958 0.40515262194892276 0.7866007558986432 0.40835942442148065
4 0.8180124294546323 0.45667242305053024 0.8253688830304673 0.45681713311784655 0.8321005312599901 0.4532663702185717 0.8435844882601566 0.44193470103263977 0.8449727872740377 0.43848203824782833 0.8407410980679908 0.4235221262498986 0.8341855317770358 0.41734767132999406 0.8310124876419437 0.41572731004854313 0.8252538111007596 0.41506366955341817 0.8146531548712052 0.41616754051143945 0.8106530848010249 0.41812942211522836 0.8057399465940284 0.42276587587516296 0.8044489447489811 0.4257970983205343 0.8065440937757936 0.4384881385087759 0.8034382106242178 0.44553939419790434 0.8025999297220252 0.4504507481516784 0.806236949767077 0.4526221298729977 0.8180124294546323 0.45667242305053024
4 0.8110992859501105 0.37650553865122854 0.8162367858609795 0.3785794302841792 0.8238176011406868 0.38543448574438055 0.8277203740420331 0.38389404448003167 0.830096528427355 0.38000359133670314 0.8307028213745677 0.37481672716299486 0.8281473251537932 0.3666803906393014 0.8221980518100516 0.35531907154568876 0.8176555898792905 0.34938742680756396 0.8147631822835949 0.34783185557632734 0.8073580801233428 0.34789786567873104 0.8009183234003217 0.3501843075596859 0.7945907475292365 0.3558259221370835 0.7861451438780166 0.3680810020450922 0.7850374814035322 0.3715984548801178 0.7869195236935773 0.37625003860694006 0.7905078951542122 0.37863214049797944 0.7989643849534244 0.381694232903221 0.8029045514720826 0.38127218253768635 0.8110992859501105 0.37650553865122854
5 0.8748222927922541 0.40009521719016183 0.8823472020555496 0.3969495446112498 0.8939996147431767 0.3823274927790894 0.8983478511553826 0.37245573481430966 0.8967914652731539 0.3625524968635649 0.8940936520151259 0.3601540449534482 0.888772812733694 0.3575939229308434 0.8876615215432123 0.35600565166145215 0.8843911802392862 0.35480673071944124 0.8812068811370889 0.3545154805065244 0.8771207688651799 0.3555696913812192 0.8687053013992774 0.35873171397920856 0.86488857069966 0.3611798259726517 0.8571353021973817 0.3691557124360464 0.8502203145972963 0.3722202449456669 0.8449179877149643 0.3785424600633614 0.8438851124751039 0.38429669469601546 0.8480982892820512 0.3903742695536459 0.8536885101357751 0.39432829269499925 0.8609850601600885 0.39601283400056964 0.8670505118908762 0.3991887665132572 0.8748222927922541 0.40009521719016183
5 0.5552691582518505 0.2324350445389388 0.5547006277410624 0.22209401622967678 0.5521600152033902 0.21773429274186595 0.5479991156968571 0.21655172181893229 0.5394602124119133 0.21768768278901324 0.5354601423417333 0.21964956439280217 0.5305470041347367 0.22428601815273672 0.5277478961727647 0.2338495658594278 0.5304831030481046 0.23736640866835867 0.5460789421512745 0.2440743139568647 0.5505803817487261 0.24378184369175857 0.5532371726734445 0.23995618059864426 0.5552691582518505 0.2324350445389388
5 0.5152612001180552 0.2418424123679944 0.5158562380981632 0.23798465926282025 0.5148647540107251 0.23331672551692084 0.5115196254721747 0.22988102277728148 0.5106029286193607 0.2274498708290104 0.5075645752704143 0.22652646010693359 0.5007693947733725 0.22651133014004593 0.4959648087023143 0.2293972324920063 0.49168773080873496 0.23640004814999763 0.4896670001974338 0.24259207314116887 0.4876273883679204 0.2565480443738252 0.4899585228848228 0.2579740355046335 0.5008173057195638 0.2595931767338949 0.5031709501706759 0.2583609457276347 0.5152612001180552 0.2418424123679944
5 0.5353392287813515 0.27266807701466395 0.5365554433917746 0.2674000727716642 0.5365819508610946 0.25320129135722813 0.5326381556264389 0.24851761761834604 0.5306588161675599 0.24428747423096375 0.5286569667744713 0.24271555298064987 0.525386625470545 0.2415166320386389 0.51632384272412 0.24364140380710558 0.5088624657283435 0.2503529692521802 0.5056218917906218 0.2567072743819344 0.5041849441923238 0.2603706573364658 0.5035597700268986 0.27332146775165916 0.5037805030147735 0.2749260890401276 0.5055503644528824 0.27622250007050736 0.5226205447716623 0.28038541330329636 0.5353392287813515 0.27266807701466395
5 0.5663029165678216 0.2742678180943744 0.5734237534726796 0.26903129383733965 0.5747634039021439 0.26578935122224834 0.57445662871254 0.26327705920468564 0.572649373657119 0.2608622572754917 0.5680731468250434 0.2589179457429696 0.5534201432248947 0.25708869437008297 0.5454686516689515 0.2608017374079408 0.5410194893719142 0.26598921160774375 0.5396086804238234 0.27210009652962347 0.5421006443770786 0.27667054018715426 0.5517544675685017 0.28222857459088135 0.5554027425806584 0.2830708452436665 0.5603420194378621 0.2808818934510803 0.5663029165678216 0.2742678180943744