5 0.12672811059907835 0.14251730103806232 0.1336405529953917 0.13970588235294118 0.14055299539170507 0.14467993079584776 0.1445852534562212 0.1258650519031142 0.14775345622119815 0.11959342560553635 0.1509216589861751 0.11656574394463667 0.15207373271889402 0.11180795847750866 0.14746543778801843 0.108780276816609 0.1399769585253456 0.108780276816609 0.13162442396313365 0.1124567474048443 0.12730414746543778 0.11613321799307959 0.12298387096774195 0.12326989619377164 0.12154377880184333 0.13343425605536335 0.12211981566820278 0.14100346020761248 0.12672811059907835 0.14251730103806232
5 0.14372119815668202 0.14165224913494812 0.14631336405529954 0.1444636678200692 0.15236175115207373 0.14749134948096887 0.16129032258064518 0.14987024221453288 0.1679147465437788 0.1494377162629758 0.17309907834101385 0.14662629757785467 0.1814516129032258 0.13732698961937717 0.18317972350230416 0.1336505190311419 0.1800115207373272 0.10942906574394465 0.1788594470046083 0.1059688581314879 0.17684331797235026 0.10445501730103808 0.17194700460829493 0.1027249134948097 0.1679147465437788 0.1027249134948097 0.16100230414746544 0.10553633217993082 0.1546658986175115 0.10964532871972318 0.1517857142857143 0.11267301038062286 0.1509216589861751 0.11678200692041522 0.14631336405529954 0.1221885813148789 0.1434331797235023 0.13148788927335642 0.14285714285714285 0.1384083044982699 0.14372119815668202 0.14165224913494812
5 0.1788594470046083 0.15289792387543252 0.18317972350230416 0.15614186851211073 0.18605990783410137 0.15700692041522493 0.19210829493087558 0.16241349480968859 0.1995967741935484 0.1656574394463668 0.20305299539170507 0.1656574394463668 0.21025345622119818 0.16133217993079588 0.21399769585253456 0.1546280276816609 0.21428571428571427 0.14338235294117646 0.21111751152073732 0.13667820069204153 0.20622119815668202 0.13256920415224915 0.20305299539170507 0.13105536332179932 0.19642857142857145 0.13019031141868515 0.18721198156682028 0.13235294117647062 0.18346774193548387 0.13494809688581316 0.1765552995391705 0.14381487889273356 0.1762672811059908 0.14835640138408307 0.1788594470046083 0.15289792387543252
5 0.07430875576036866 0.2597318339100346 0.08525345622119816 0.25994809688581316 0.09475806451612903 0.2582179930795848 0.09936635944700462 0.2564878892733564 0.10455069124423963 0.25346020761245674 0.1088709677419355 0.2493512110726644 0.11232718894009217 0.24156574394463667 0.11232718894009217 0.23442906574394465 0.1103110599078341 0.2272923875432526 0.10829493087557604 0.2240484429065744 0.10483870967741934 0.22166955017301038 0.09965437788018433 0.21993944636678203 0.09475806451612903 0.21972318339100347 0.09158986175115208 0.22080449826989623 0.08035714285714286 0.22880622837370246 0.07315668202764977 0.23724048442906578 0.06422811059907835 0.24459342560553635 0.06509216589861752 0.25194636678200694 0.07430875576036866 0.2597318339100346
5 0.16071428571428573 0.1903114186851211 0.1627304147465438 0.1961505190311419 0.1676267281105991 0.20025951557093427 0.1716589861751152 0.2022058823529412 0.17453917050691245 0.2017733564013841 0.17914746543778803 0.20307093425605535 0.18692396313364057 0.20134083044982704 0.19038018433179724 0.19939446366782007 0.20305299539170507 0.1786332179930796 0.20161290322580644 0.17214532871972318 0.1995967741935484 0.168901384083045 0.195852534562212 0.166522491349481 0.1909562211981567 0.1660899653979239 0.18231566820276499 0.16738754325259517 0.1716589861751152 0.17063148788927338 0.16474654377880185 0.1753892733564014 0.16244239631336405 0.1794982698961938 0.16071428571428573 0.1855536332179931 0.16071428571428573 0.1903114186851211
5 0.1399769585253456 0.6185121107266436 0.14631336405529954 0.6247837370242215 0.1566820276497696 0.6418685121107267 0.16129032258064518 0.6444636678200693 0.16561059907834103 0.6438148788927336 0.16877880184331798 0.6472750865051904 0.17079493087557604 0.6481401384083045 0.18173963133640553 0.6440311418685122 0.1846198156682028 0.6405709342560554 0.18836405529953917 0.6297577854671281 0.18663594470046083 0.6232698961937717 0.18231566820276499 0.6163494809688582 0.1788594470046083 0.61310553633218 0.17108294930875576 0.6087802768166091 0.1543778801843318 0.6031574394463668 0.15063364055299538 0.6031574394463668 0.14400921658986177 0.6057525951557093 0.1396889400921659 0.6105103806228375 0.13911290322580644 0.6165657439446368 0.1399769585253456 0.6185121107266436
5 0.20535714285714288 0.6405709342560554 0.20938940092165897 0.6505190311418685 0.21284562211981567 0.6539792387543253 0.21658986175115208 0.6537629757785468 0.23099078341013826 0.6416522491349481 0.24222350230414746 0.6342993079584776 0.24481566820276499 0.6262975778546713 0.2439516129032258 0.6200259515570934 0.24135944700460832 0.6172145328719724 0.23732718894009217 0.615916955017301 0.2269585253456221 0.6152681660899655 0.2206221198156682 0.6167820069204153 0.20938940092165897 0.6262975778546713 0.2056451612903226 0.6334342560553634 0.20478110599078342 0.6368944636678201 0.20535714285714288 0.6405709342560554
5 0.21255760368663595 0.673659169550173 0.22091013824884795 0.6805795847750866 0.22724654377880188 0.6844723183391004 0.23099078341013826 0.684688581314879 0.23847926267281108 0.682742214532872 0.24798387096774194 0.6753892733564014 0.25489631336405527 0.6723615916955018 0.2560483870967742 0.6714965397923877 0.25864055299539174 0.6632785467128028 0.26152073732718895 0.6500865051903115 0.2597926267281106 0.6416522491349481 0.2563364055299539 0.6375432525951558 0.24855990783410137 0.6353806228373703 0.2436635944700461 0.6353806228373703 0.23502304147465441 0.6386245674740485 0.22868663594470048 0.6431660899653979 0.21831797235023043 0.6533304498269896 0.2154377880184332 0.657006920415225 0.2116935483870968 0.6678200692041523 0.21140552995391704 0.6721453287197232 0.21255760368663595 0.673659169550173
5 0.570852534562212 0.6310553633217993 0.5774769585253456 0.6379757785467128 0.5817972350230415 0.6410034602076126 0.5918778801843319 0.6418685121107267 0.6022465437788018 0.6392733564013842 0.6054147465437788 0.6338667820069205 0.6057027649769585 0.6291089965397925 0.6028225806451613 0.6243512110726643 0.5918778801843319 0.6150519031141869 0.5858294930875576 0.6135380622837371 0.581221198156682 0.6137543252595157 0.5754608294930875 0.6161332179930796 0.570852534562212 0.6195934256055364 0.568836405529954 0.6230536332179931 0.5685483870967742 0.6267301038062285 0.570852534562212 0.6310553633217993
5 0.6558179723502304 0.6425173010380624 0.6650345622119815 0.6468425605536333 0.6716589861751152 0.6474913494809689 0.679147465437788 0.6386245674740485 0.6826036866359447 0.6368944636678201 0.6863479262672811 0.6278114186851211 0.6857718894009217 0.6217560553633218 0.684331797235023 0.6195934256055364 0.6782834101382489 0.615916955017301 0.6716589861751152 0.615484429065744 0.6684907834101382 0.6163494809688582 0.6630184331797235 0.6195934256055364 0.6566820276497696 0.6254325259515572 0.6523617511520737 0.6327854671280277 0.6532258064516129 0.6381920415224914 0.6558179723502304 0.6425173010380624
5 0.6857718894009217 0.6645761245674742 0.6967165898617511 0.6652249134948097 0.7030529953917051 0.664143598615917 0.7099654377880185 0.6583044982698962 0.7137096774193549 0.6509515570934257 0.7151497695852534 0.6433823529411765 0.7134216589861752 0.63840830449827 0.7102534562211982 0.6358131487889274 0.706221198156682 0.6342993079584776 0.6880760368663594 0.6403546712802768 0.6800115207373272 0.6466262975778547 0.6765552995391706 0.6507352941176471 0.6756912442396314 0.6541955017301039 0.6751152073732719 0.6578719723183392 0.6857718894009217 0.6645761245674742
5 0.5849654377880185 0.8391003460207613 0.5898617511520737 0.8388840830449829 0.5993663594470047 0.8436418685121108 0.6085829493087558 0.8432093425605537 0.6131912442396313 0.8408304498269897 0.6149193548387097 0.83780276816609 0.6149193548387097 0.8319636678200693 0.6071428571428572 0.8137975778546714 0.6036866359447004 0.8105536332179932 0.5967741935483871 0.8103373702422146 0.5892857142857143 0.8137975778546714 0.5846774193548387 0.8176903114186851 0.582373271889401 0.8241782006920415 0.5820852534562213 0.8323961937716264 0.5849654377880185 0.8391003460207613
5 0.6016705069124424 0.904628027681661 0.6100230414746544 0.9197664359861593 0.6131912442396313 0.9219290657439447 0.622983870967742 0.9238754325259515 0.6267281105990784 0.9236591695501731 0.6327764976958525 0.9217128027681663 0.6379608294930875 0.9156574394463668 0.6385368663594471 0.9104671280276817 0.6373847926267281 0.9013840830449829 0.6301843317972351 0.8901384083044983 0.6226958525345623 0.8836505190311419 0.6120391705069125 0.8812716262975779 0.606278801843318 0.8832179930795849 0.6005184331797235 0.8903546712802768 0.6002304147465438 0.8970588235294118 0.6016705069124424 0.904628027681661
3 0.18346774193548387 0.2789792387543253 0.18778801843317974 0.2876297577854671 0.19210829493087558 0.2902249134948097 0.1995967741935484 0.2923875432525952 0.21342165898617513 0.29282006920415227 0.2206221198156682 0.29217128027681666 0.23271889400921658 0.2893598615916955 0.2379032258064516 0.28806228373702425 0.24078341013824883 0.28633217993079585 0.24567972350230413 0.27335640138408307 0.2459677419354839 0.268598615916955 0.24452764976958527 0.2649221453287197 0.23934331797235023 0.26081314878892736 0.22321428571428573 0.25605536332179935 0.21370967741935484 0.2512975778546713 0.2007488479262673 0.25 0.1961405529953917 0.2508650519031142 0.19066820276497695 0.25367647058823534 0.18605990783410137 0.2582179930795848 0.18231566820276499 0.26384083044982704 0.18202764976958524 0.2703287197231834 0.18346774193548387 0.2789792387543253
4 0.2217741935483871 0.6167820069204153 0.22379032258064516 0.6172145328719724 0.22724654377880188 0.6161332179930796 0.23502304147465441 0.615916955017301 0.24135944700460832 0.6176470588235294 0.2439516129032258 0.6208910034602076 0.2451036866359447 0.6260813148788927 0.2436635944700461 0.6336505190311419 0.2534562211981567 0.6349480968858132 0.2563364055299539 0.634515570934256 0.2664170506912443 0.6135380622837371 0.26612903225806456 0.6092128027681661 0.2620967741935484 0.6040224913494809 0.25259216589861755 0.6007785467128028 0.24164746543778803 0.601643598615917 0.22724654377880188 0.6089965397923877 0.2220622119815668 0.6126730103806228 0.22091013824884795 0.6161332179930796 0.2217741935483871 0.6167820069204153
4 0.1359447004608295 0.6684688581314879 0.14717741935483872 0.6790657439446368 0.1509216589861751 0.6810121107266436 0.15754608294930877 0.6825259515570935 0.16820276497695855 0.6792820069204153 0.17972350230414746 0.6719290657439447 0.1863479262672811 0.6693339100346021 0.19066820276497695 0.6650086505190311 0.19009216589861752 0.661332179930796 0.18605990783410137 0.6580882352941176 0.18087557603686638 0.6559256055363323 0.17540322580645162 0.6522491349480969 0.16849078341013826 0.6496539792387543 0.1650345622119816 0.6511678200692043 0.16013824884792627 0.6500865051903115 0.1581221198156682 0.6483564013840831 0.15639400921658986 0.6440311418685122 0.15408986175115208 0.642733564013841 0.15063364055299538 0.6423010380622838 0.14429723502304148 0.6442474048442908 0.1359447004608295 0.6509515570934257 0.1347926267281106 0.6544117647058825 0.13421658986175117 0.6650086505190311 0.1359447004608295 0.6684688581314879
4 0.5552995391705069 0.8269896193771628 0.5587557603686636 0.8490484429065746 0.5607718894009217 0.8522923875432526 0.563652073732719 0.8533737024221454 0.5720046082949308 0.853589965397924 0.5766129032258065 0.8512110726643598 0.5815092165898618 0.8471020761245676 0.586405529953917 0.8384515570934257 0.5826612903225807 0.833044982698962 0.5835253456221199 0.8155276816608998 0.5777649769585254 0.8103373702422146 0.5705645161290323 0.8079584775086506 0.5627880184331797 0.8103373702422146 0.556163594470046 0.8176903114186851 0.5550115207373272 0.8211505190311419 0.5552995391705069 0.8269896193771628
2 0.48617511520737333 0.717128027681661 0.49107142857142855 0.7221020761245676 0.504320276497696 0.7272923875432526 0.5086405529953917 0.7272923875432526 0.5221774193548387 0.724264705882353 0.5296658986175116 0.7208044982698962 0.5331221198156683 0.7182093425605537 0.5408986175115207 0.7071799307958477 0.5426267281105991 0.6993944636678202 0.5426267281105991 0.6920415224913495 0.5400345622119815 0.6812283737024222 0.5362903225806452 0.6786332179930796 0.5264976958525346 0.6751730103806228 0.5178571428571429 0.6751730103806228 0.5112327188940092 0.6771193771626298 0.49539170506912444 0.6857698961937717 0.4876152073732719 0.6950692041522493 0.4838709677419355 0.7030709342560554 0.4835829493087558 0.710423875432526 0.48617511520737333 0.717128027681661
2 0.43490783410138245 0.6686851211072665 0.440668202764977 0.6790657439446368 0.4418202764976959 0.6831747404844292 0.4495967741935484 0.6944204152249135 0.45650921658986177 0.6993944636678202 0.4616935483870968 0.6996107266435987 0.4680299539170507 0.6907439446366783 0.4778225806451613 0.6844723183391004 0.48300691244239635 0.6829584775086506 0.4870391705069125 0.6829584775086506 0.49078341013824883 0.6849048442906576 0.49452764976958524 0.6844723183391004 0.4959677419354839 0.6820934256055364 0.4962557603686636 0.6751730103806228 0.4939516129032258 0.6717128027681661 0.48963133640552997 0.6686851211072665 0.4821428571428571 0.6611159169550174 0.47292626728110604 0.6567906574394464 0.4691820276497696 0.6535467128027682 0.4576612903225807 0.6468425605536333 0.45247695852534564 0.6457612456747406 0.4421082949308756 0.6474913494809689 0.43836405529953915 0.6496539792387543 0.4340437788018433 0.655060553633218 0.4334677419354839 0.6624134948096886 0.43490783410138245 0.6686851211072665
2 0.7387672811059909 0.40095155709342567 0.7456797235023042 0.4054930795847751 0.7580645161290323 0.40916955017301043 0.7655529953917051 0.40981833910034604 0.7839861751152074 0.4044117647058824 0.7880184331797235 0.4007352941176471 0.7940668202764977 0.39035467128027684 0.7949308755760369 0.38711072664359863 0.7949308755760369 0.3832179930795848 0.7903225806451613 0.3728373702422146 0.7877304147465438 0.3624567474048443 0.7831221198156683 0.3596453287197232 0.7764976958525346 0.3579152249134948 0.7658410138248848 0.358780276816609 0.7572004608294931 0.3618079584775087 0.7502880184331797 0.36634948096885817 0.7474078341013825 0.36937716262975784 0.7370391705069125 0.38343425605536335 0.7361751152073733 0.38667820069204156 0.7367511520737328 0.39792387543252594 0.7387672811059909 0.40095155709342567
2 0.7361751152073733 0.44074394463667826 0.7433755760368663 0.4493944636678201 0.7525921658986175 0.4565311418685122 0.7592165898617511 0.4576124567474049 0.783410138248848 0.45415224913494817 0.8012672811059908 0.4459342560553633 0.8076036866359446 0.44009515570934254 0.8119239631336406 0.43317474048442917 0.8159562211981568 0.42993079584775085 0.8182603686635945 0.42322664359861595 0.8171082949308757 0.41154844290657444 0.8122119815668203 0.4078719723183391 0.8076036866359446 0.4063581314878893 0.7960829493087558 0.4039792387543253 0.7897465437788018 0.4039792387543253 0.7623847926267281 0.411764705882353 0.7476958525345623 0.4171712802768166 0.7376152073732719 0.4249567474048443 0.7353110599078342 0.42928200692041524 0.7341589861751152 0.43252595155709345 0.7361751152073733 0.44074394463667826