5 0.9167626728110599 0.29974048442906576 0.9193548387096774 0.29974048442906576 0.9222350230414748 0.30363321799307963 0.9248271889400922 0.30514705882352944 0.9294354838709677 0.30384948096885817 0.9423963133640554 0.3064446366782007 0.9449884792626728 0.30298442906574397 0.9458525345622121 0.29649653979238755 0.9429723502304148 0.29411764705882354 0.9285714285714286 0.29411764705882354 0.9173387096774194 0.2960640138408305 0.9144585253456222 0.2990916955017301 0.9147465437788019 0.3025519031141869 0.9167626728110599 0.29974048442906576
5 0.9691820276497696 0.29346885813148793 0.9755184331797235 0.2980103806228374 0.9809907834101382 0.3086072664359862 0.9876152073732719 0.3112024221453288 0.991647465437788 0.30601211072664364 0.9933755760368663 0.2990916955017301 0.9925115207373272 0.29519896193771633 0.9997119815668203 0.2884948096885813 0.9997119815668203 0.2750865051903114 0.9919354838709677 0.27141003460207613 0.9881912442396313 0.27141003460207613 0.9809907834101382 0.2735726643598616 0.974078341013825 0.27941176470588236 0.9694700460829493 0.2867647058823529 0.9686059907834101 0.2893598615916955 0.9691820276497696 0.29346885813148793
5 0.9153225806451614 0.29282006920415227 0.9196428571428571 0.29173875432525953 0.9216589861751153 0.2923875432525952 0.9288594470046083 0.29195501730103807 0.9305875576036866 0.2900086505190312 0.9288594470046083 0.2887110726643599 0.921947004608295 0.2867647058823529 0.9170506912442397 0.28719723183391005 0.9144585253456222 0.2889273356401384 0.9147465437788019 0.2947664359861592 0.9153225806451614 0.29282006920415227
5 0.9472926267281107 0.3112024221453288 0.9582373271889402 0.31596020761245674 0.9668778801843319 0.3181228373702422 0.9703341013824884 0.31769031141868515 0.9755184331797235 0.31487889273356406 0.9792626728110599 0.3105536332179931 0.9804147465437788 0.30752595155709345 0.9755184331797235 0.2969290657439446 0.9706221198156684 0.29498269896193774 0.9527649769585255 0.2960640138408305 0.9470046082949309 0.2988754325259516 0.9441244239631337 0.30384948096885817 0.9432603686635945 0.3070934256055363 0.9472926267281107 0.3112024221453288
5 0.8231566820276498 0.24178200692041524 0.8315092165898618 0.245242214532872 0.8418778801843319 0.24718858131487892 0.8444700460829493 0.24264705882352944 0.8516705069124424 0.2342128027681661 0.8528225806451614 0.22988754325259517 0.8522465437788019 0.22426470588235295 0.8479262672811061 0.22037197231833913 0.8456221198156681 0.21950692041522496 0.8410138248847927 0.21950692041522496 0.8315092165898618 0.22339965397923875 0.8269009216589861 0.2272923875432526 0.8251728110599078 0.23075259515570937 0.8225806451612904 0.2374567474048443 0.8231566820276498 0.24178200692041524
5 0.7410714285714286 0.2549740484429066 0.7517281105990784 0.26211072664359863 0.7600806451612904 0.2655709342560554 0.7652649769585254 0.27076124567474047 0.768721198156682 0.27076124567474047 0.7724654377880185 0.26924740484429066 0.7727534562211982 0.2634083044982699 0.7773617511520737 0.2588667820069204 0.7793778801843319 0.2554065743944637 0.7788018433179724 0.25151384083044986 0.7655529953917051 0.2439446366782007 0.7554723502304148 0.24048442906574397 0.7445276497695853 0.2391868512110727 0.7422235023041475 0.24048442906574397 0.7407834101382489 0.24286332179930797 0.7384792626728112 0.24826989619377166 0.7410714285714286 0.2549740484429066
5 0.2828341013824885 0.40938581314878897 0.2897465437788019 0.414143598615917 0.29349078341013823 0.414143598615917 0.29896313364055305 0.411764705882353 0.30529953917050695 0.4061418685121107 0.3084677419354839 0.4007352941176471 0.3101958525345622 0.3940311418685122 0.3090437788018433 0.3923010380622838 0.30069124423963134 0.3847318339100346 0.285426267281106 0.37867647058823534 0.2793778801843318 0.3788927335640139 0.277073732718894 0.38019031141868515 0.27534562211981567 0.38775951557093424 0.27592165898617516 0.39814013840830453 0.2828341013824885 0.40938581314878897
5 0.2857142857142857 0.4288494809688582 0.28830645161290325 0.43252595155709345 0.2923387096774194 0.44269031141868515 0.29694700460829493 0.4457179930795848 0.3064516129032258 0.4457179930795848 0.31682027649769584 0.4431228373702423 0.3194124423963134 0.44160899653979246 0.3228686635944701 0.4357698961937716 0.32402073732718895 0.42949826989619383 0.3228686635944701 0.4249567474048443 0.31768433179723504 0.41998269896193774 0.3101958525345622 0.416522491349481 0.29838709677419356 0.414143598615917 0.2903225806451613 0.4163062283737024 0.2860023041474654 0.42171280276816614 0.28513824884792627 0.4249567474048443 0.2857142857142857 0.4288494809688582
5 0.4521889400921659 0.5006487889273357 0.4599654377880184 0.5038927335640139 0.4657258064516129 0.5030276816608997 0.4737903225806452 0.4978373702422146 0.478110599078341 0.49221453287197237 0.47955069124423966 0.48291522491349487 0.4778225806451613 0.4779411764705883 0.47033410138248855 0.47296712802768165 0.46716589861751157 0.47188581314878897 0.4596774193548387 0.47188581314878897 0.4582373271889401 0.47253460207612463 0.45305299539170507 0.4768598615916956 0.45247695852534564 0.48421280276816614 0.44902073732718895 0.49113321799307963 0.44902073732718895 0.4969723183391004 0.4521889400921659 0.5006487889273357
5 0.5048963133640554 0.7798442906574394 0.508352534562212 0.7824394463667821 0.5109447004608295 0.7830882352941178 0.5221774193548387 0.7833044982698962 0.5293778801843319 0.7822231833910036 0.533410138248848 0.7807093425605537 0.5400345622119815 0.7768166089965398 0.5457949308755761 0.7688148788927336 0.5460829493087558 0.7649221453287198 0.5408986175115207 0.7571366782006921 0.5397465437788018 0.7510813148788927 0.5377304147465438 0.7506487889273357 0.5362903225806452 0.7480536332179931 0.5328341013824885 0.7456747404844292 0.5264976958525346 0.7443771626297578 0.5204493087557605 0.7463235294117647 0.516705069124424 0.7517301038062285 0.5120967741935484 0.7534602076124568 0.5048963133640554 0.7586505190311419 0.5037442396313364 0.7621107266435987 0.5034562211981567 0.7763840830449827 0.5048963133640554 0.7798442906574394
5 0.48646313364055305 0.7316176470588236 0.49740783410138245 0.7352941176470589 0.501152073732719 0.7342128027681661 0.5037442396313364 0.7288062283737025 0.5037442396313364 0.7162629757785468 0.5028801843317973 0.71280276816609 0.49884792626728114 0.7084775086505191 0.4942396313364055 0.7067474048442908 0.4835829493087558 0.7073961937716263 0.4775345622119816 0.7149653979238755 0.47494239631336405 0.7203719723183392 0.47523041474654376 0.7307525951557093 0.48646313364055305 0.7316176470588236
5 0.42367511520737333 0.7350778546712803 0.42194700460829493 0.7372404844290659 0.42194700460829493 0.7389705882352942 0.4251152073732719 0.7430795847750866 0.42597926267281105 0.7396193771626298 0.42885944700460826 0.73810553633218 0.43029953917050695 0.7350778546712803 0.44009216589861755 0.7329152249134949 0.44268433179723504 0.7329152249134949 0.44614055299539174 0.7344290657439447 0.45622119815668205 0.7402681660899655 0.4599654377880184 0.7400519031141869 0.46284562211981567 0.7376730103806228 0.46486175115207373 0.7307525951557093 0.46082949308755766 0.7225346020761246 0.45622119815668205 0.7184256055363323 0.45276497695852536 0.7173442906574394 0.44268433179723504 0.7115051903114187 0.4389400921658987 0.7117214532871973 0.4340437788018433 0.7134515570934257 0.42857142857142855 0.7169117647058825 0.4251152073732719 0.7208044982698962 0.42252304147465436 0.7270761245674742 0.4216589861751152 0.7311851211072665 0.42367511520737333 0.7350778546712803
5 0.4308755760368664 0.7625432525951558 0.435483870967742 0.7653546712802769 0.4455645161290323 0.7664359861591696 0.4495967741935484 0.7653546712802769 0.4550691244239632 0.761461937716263 0.4576612903225807 0.7554065743944637 0.4579493087557604 0.7443771626297578 0.4550691244239632 0.7400519031141869 0.4501728110599078 0.7363754325259516 0.4421082949308756 0.7322664359861593 0.43663594470046085 0.7333477508650519 0.43289170506912444 0.7350778546712803 0.4262672811059908 0.7411332179930796 0.4262672811059908 0.7551903114186852 0.4308755760368664 0.7625432525951558
5 0.8859447004608295 0.7815743944636678 0.8997695852534562 0.7904411764705883 0.9046658986175116 0.7908737024221454 0.9104262672811061 0.7871972318339101 0.911578341013825 0.7854671280276817 0.9130184331797235 0.77530276816609 0.9164746543778802 0.765787197231834 0.9153225806451614 0.7621107266435987 0.9069700460829493 0.7575692041522493 0.9038018433179724 0.7573529411764707 0.9000576036866359 0.7584342560553634 0.889688940092166 0.7655709342560554 0.886520737327189 0.7709775086505191 0.8850806451612904 0.7766003460207613 0.8847926267281107 0.7802768166089966 0.8859447004608295 0.7815743944636678
5 0.8764400921658986 0.8125 0.8798963133640554 0.8155276816608998 0.8870967741935484 0.8148788927335641 0.8980414746543779 0.810121107266436 0.8994815668202765 0.8075259515570934 0.8991935483870968 0.7923875432525953 0.8980414746543779 0.7897923875432526 0.8934331797235023 0.7852508650519032 0.8868087557603687 0.7815743944636678 0.8798963133640554 0.7826557093425606 0.8764400921658986 0.7856833910034602 0.8741359447004609 0.7932525951557095 0.8738479262672811 0.8073096885813149 0.8764400921658986 0.8125
4 0.6849078341013825 0.25454152249134954 0.6923963133640554 0.26362456747404844 0.6981566820276498 0.26232698961937717 0.7091013824884793 0.26319204152249137 0.7137096774193549 0.26275951557093424 0.7206221198156683 0.2610294117647059 0.731278801843318 0.25519031141868515 0.7393433179723503 0.2456747404844291 0.7407834101382489 0.24178200692041524 0.7404953917050692 0.23853806228373706 0.7379032258064516 0.233780276816609 0.731278801843318 0.23075259515570937 0.7246543778801844 0.22967128027681666 0.7137096774193549 0.23053633217993083 0.7004608294930875 0.22967128027681666 0.6955645161290323 0.23010380622837373 0.6923963133640554 0.23075259515570937 0.6877880184331797 0.23399653979238755 0.685483870967742 0.2374567474048443 0.6840437788018433 0.24632352941176472 0.6837557603686636 0.25151384083044986 0.6849078341013825 0.25454152249134954
4 0.5697004608294931 0.20307093425605535 0.5734447004608295 0.2073961937716263 0.5777649769585254 0.20912629757785467 0.581221198156682 0.20934256055363326 0.5852534562211982 0.20804498269896196 0.5915898617511521 0.20198961937716264 0.5961981566820277 0.19982698961937717 0.6028225806451613 0.19874567474048443 0.6097350230414746 0.19247404844290658 0.6103110599078342 0.18923010380622837 0.606278801843318 0.18209342560553635 0.6022465437788018 0.1782006920415225 0.5944700460829493 0.17430795847750866 0.5849654377880185 0.17301038062283738 0.5780529953917051 0.17344290657439448 0.5720046082949308 0.1753892733564014 0.5679723502304148 0.17798442906574397 0.5659562211981567 0.18187716262975778 0.5662442396313364 0.18966262975778547 0.5697004608294931 0.20307093425605535
4 0.5362903225806452 0.22231833910034604 0.5639400921658987 0.217560553633218 0.5754608294930875 0.2171280276816609 0.5725806451612903 0.21237024221453288 0.5682603686635945 0.21020761245674743 0.5601958525345622 0.20761245674740486 0.5524193548387097 0.20653114186851212 0.5429147465437788 0.2063148788927336 0.5360023041474655 0.20999134948096887 0.5339861751152074 0.21323529411764705 0.5336981566820277 0.21777681660899656 0.5362903225806452 0.22231833910034604
4 0.46687788018433185 0.2554065743944637 0.47033410138248855 0.2558391003460208 0.4772465437788019 0.2588667820069204 0.4818548387096774 0.2592993079584775 0.504320276497696 0.256704152249135 0.5086405529953917 0.25519031141868515 0.5129608294930875 0.2456747404844291 0.5138248847926268 0.2342128027681661 0.5028801843317973 0.21280276816608995 0.4982718894009217 0.2071799307958478 0.49567972350230416 0.2054498269896194 0.4922235023041475 0.20458477508650522 0.4835829493087558 0.20458477508650522 0.47667050691244245 0.2067474048442907 0.46889400921658986 0.21388408304498271 0.4683179723502304 0.21777681660899656 0.4631336405529954 0.22707612456747409 0.4619815668202765 0.2342128027681661 0.46082949308755766 0.2517301038062284 0.46687788018433185 0.2554065743944637
4 0.3689516129032258 0.291522491349481 0.37644009216589863 0.2969290657439446 0.38364055299539174 0.30060553633217996 0.38997695852534564 0.3094723183391004 0.39343317972350234 0.3118512110726644 0.405241935483871 0.31617647058823534 0.42223502304147464 0.31531141868512114 0.42569124423963134 0.31444636678200694 0.42885944700460826 0.3120674740484429 0.4308755760368664 0.3064446366782007 0.4317396313364055 0.29433391003460213 0.435483870967742 0.28633217993079585 0.42828341013824883 0.28092560553633217 0.4176267281105991 0.2772491349480969 0.4032258064516129 0.2766003460207613 0.3980414746543779 0.27530276816609 0.38018433179723504 0.27487024221453293 0.37327188940092165 0.2768166089965398 0.36779953917050695 0.28308823529411764 0.36722350230414746 0.28654844290657444 0.3689516129032258 0.291522491349481
4 0.43807603686635943 0.32461072664359863 0.4432603686635945 0.3313148788927336 0.4475806451612903 0.34191176470588236 0.45276497695852536 0.3477508650519031 0.45650921658986177 0.349264705882353 0.47235023041474655 0.3503460207612457 0.4778225806451613 0.349264705882353 0.4821428571428571 0.34645328719723184 0.4853110599078342 0.34191176470588236 0.4887672811059908 0.3315311418685122 0.48905529953917054 0.3280709342560554 0.48502304147465436 0.32374567474048443 0.46889400921658986 0.31358131487889274 0.4570852534562212 0.3105536332179931 0.45247695852534564 0.3103373702422146 0.445852534562212 0.3120674740484429 0.4421082949308756 0.31358131487889274 0.438652073732719 0.3166089965397924 0.4377880184331797 0.3174740484429066 0.43807603686635943 0.32461072664359863
4 0.4904953917050691 0.4446366782006921 0.5034562211981567 0.46128892733564014 0.5092165898617511 0.46258650519031147 0.518721198156682 0.4608564013840831 0.5224654377880185 0.4567474048442907 0.5230414746543779 0.45285467128027684 0.5155529953917051 0.4381487889273357 0.5092165898617511 0.434688581314879 0.4982718894009217 0.43317474048442917 0.4904953917050691 0.43490484429065746 0.4884792626728111 0.4372837370242215 0.48819124423963134 0.43987889273356406 0.4904953917050691 0.4446366782006921
4 0.5944700460829493 0.9997837370242216 0.5961981566820277 0.9850778546712803 0.5956221198156683 0.9807525951557095 0.5921658986175116 0.9777249134948098 0.5852534562211982 0.9751297577854672 0.5817972350230415 0.974264705882353 0.574020737327189 0.9749134948096886 0.5676843317972351 0.9777249134948098 0.5558755760368663 0.9807525951557095 0.55213133640553 0.9876730103806229 0.5455069124423964 0.994809688581315 0.5440668202764977 0.9997837370242216 0.5944700460829493 0.9997837370242216
4 0.838421658986175 0.8127162629757786 0.8453341013824884 0.8159602076124568 0.8551267281105991 0.8176903114186851 0.8631912442396313 0.8172577854671281 0.870679723502304 0.8137975778546714 0.8718317972350231 0.8116349480968859 0.8718317972350231 0.8032006920415226 0.8741359447004609 0.7971453287197232 0.8741359447004609 0.7932525951557095 0.8718317972350231 0.7900086505190311 0.8605990783410139 0.7817906574394464 0.8453341013824884 0.7722750865051904 0.8418778801843319 0.7709775086505191 0.8358294930875576 0.770544982698962 0.831221198156682 0.7714100346020761 0.8274769585253458 0.7735726643598617 0.8228686635944701 0.7807093425605537 0.8257488479262672 0.8001730103806229 0.838421658986175 0.8127162629757786
3 0.5313940092165899 0.5434688581314879 0.5351382488479263 0.5469290657439447 0.5397465437788018 0.5501730103806228 0.5434907834101382 0.5514705882352942 0.5498271889400922 0.5510380622837371 0.5601958525345622 0.5467128027681661 0.5665322580645162 0.5417387543252595 0.5711405529953917 0.5333044982698962 0.5725806451612903 0.5259515570934257 0.5711405529953917 0.5224913494809689 0.5673963133640554 0.5194636678200693 0.5601958525345622 0.5168685121107266 0.5535714285714286 0.5164359861591696 0.5429147465437788 0.5209775086505191 0.5282258064516129 0.5322231833910035 0.5282258064516129 0.5350346020761246 0.5313940092165899 0.5434688581314879
2 0.6578341013824885 0.23010380622837373 0.6644585253456221 0.23269896193771628 0.668778801843318 0.23269896193771628 0.6745391705069125 0.23118512110726647 0.6869239631336406 0.22577854671280279 0.6964285714285714 0.2173442906574395 0.7036290322580645 0.21388408304498271 0.7059331797235023 0.2063148788927336 0.7059331797235023 0.2026384083044983 0.7033410138248848 0.19788062283737026 0.6995967741935484 0.19442041522491352 0.695852534562212 0.19247404844290658 0.6895161290322581 0.19052768166089967 0.6713709677419355 0.1911764705882353 0.6610023041474655 0.19377162629757788 0.6546658986175116 0.19831314878892736 0.6497695852534562 0.20566608996539792 0.6483294930875576 0.21172145328719724 0.648905529953917 0.22383217993079585 0.6578341013824885 0.23010380622837373
2 0.5195852534562212 0.2558391003460208 0.5342741935483871 0.2582179930795848 0.5397465437788018 0.2577854671280277 0.5443548387096774 0.2562716262975779 0.5610599078341014 0.256704152249135 0.5679723502304148 0.2556228373702422 0.5760368663594471 0.25151384083044986 0.5815092165898618 0.2448096885813149 0.5817972350230415 0.23767301038062288 0.5794930875576038 0.23313148788927335 0.579205069124424 0.22383217993079585 0.5682603686635945 0.21820934256055366 0.5480990783410139 0.22015570934256057 0.536578341013825 0.22296712802768165 0.5210253456221199 0.23075259515570937 0.5161290322580645 0.2342128027681661 0.5144009216589862 0.2391868512110727 0.5132488479262672 0.25194636678200694 0.5195852534562212 0.2558391003460208
2 0.43692396313364057 0.24459342560553635 0.4455645161290323 0.25346020761245674 0.4576612903225807 0.25454152249134954 0.46054147465437795 0.2517301038062284 0.46255760368663595 0.2277249134948097 0.46860599078341014 0.2188581314878893 0.4691820276497696 0.21366782006920415 0.45852534562211983 0.20307093425605535 0.45247695852534564 0.20047577854671284 0.44614055299539174 0.20112456747404844 0.4421082949308756 0.20350346020761245 0.438652073732719 0.20653114186851212 0.43519585253456217 0.21366782006920415 0.43519585253456217 0.2383217993079585 0.43692396313364057 0.24459342560553635
2 0.48300691244239635 0.270544982698962 0.48646313364055305 0.2759515570934256 0.4902073732718894 0.27941176470588236 0.49308755760368667 0.29346885813148793 0.4982718894009217 0.3001730103806229 0.5034562211981567 0.30190311418685123 0.519873271889401 0.3008217993079585 0.530241935483871 0.29671280276816614 0.5342741935483871 0.2908737024221454 0.5357142857142858 0.28265570934256057 0.5331221198156683 0.2720588235294118 0.5305299539170507 0.2679498269896194 0.5256336405529953 0.26362456747404844 0.5100806451612903 0.2580017301038063 0.5037442396313364 0.2577854671280277 0.4879032258064516 0.25994809688581316 0.4838709677419355 0.26146193771626297 0.4821428571428571 0.26405709342560557 0.4807027649769585 0.2690311418685121 0.48300691244239635 0.270544982698962
2 0.3991935483870968 0.4671280276816609 0.4006336405529954 0.47383217993079585 0.39976958525345624 0.48096885813148793 0.40264976958525345 0.4859429065743945 0.41071428571428575 0.4915657439446367 0.42021889400921664 0.49589100346020765 0.4340437788018433 0.4969723183391004 0.4421082949308756 0.49502595155709345 0.4472926267281106 0.49113321799307963 0.4516129032258065 0.48486159169550175 0.45247695852534564 0.479022491349481 0.4519009216589862 0.47231833910034604 0.4432603686635945 0.4586937716262976 0.43663594470046085 0.45263840830449825 0.434331797235023 0.4459342560553633 0.4311635944700461 0.44074394463667826 0.42857142857142855 0.4390138408304499 0.41676267281105994 0.43944636678200694 0.41417050691244245 0.43879757785467133 0.40783410138248855 0.43966262975778553 0.39717741935483875 0.44204152249134954 0.39343317972350234 0.4470155709342561 0.39372119815668205 0.4565311418685122 0.3991935483870968 0.4671280276816609
2 0.4582373271889401 0.7653546712802769 0.4611175115207374 0.7692474048442908 0.47062211981566826 0.7744377162629759 0.4772465437788019 0.7763840830449827 0.48502304147465436 0.7766003460207613 0.4959677419354839 0.7733564013840831 0.5014400921658987 0.7690311418685122 0.504320276497696 0.7582179930795848 0.5086405529953917 0.7487024221453288 0.508352534562212 0.7445934256055364 0.5048963133640554 0.7383217993079585 0.49510368663594473 0.7350778546712803 0.49078341013824883 0.7318339100346021 0.4807027649769585 0.7303200692041523 0.4743663594470046 0.7320501730103807 0.46255760368663595 0.7396193771626298 0.45881336405529954 0.7448096885813149 0.4579493087557604 0.7508650519031143 0.4576612903225807 0.7627595155709344 0.4582373271889401 0.7653546712802769