5 0.8027073732718895 0.9528546712802768 0.8076036866359446 0.9569636678200693 0.810483870967742 0.9612889273356402 0.8142281105990783 0.9634515570934257 0.8185483870967742 0.9606401384083046 0.8245967741935484 0.9537197231833912 0.8251728110599078 0.9455017301038063 0.824020737327189 0.93901384083045 0.8139400921658986 0.9294982698961938 0.810483870967742 0.9294982698961938 0.8050115207373272 0.9331747404844292 0.7969470046082949 0.935121107266436 0.7952188940092166 0.9364186851211074 0.7949308755760369 0.9403114186851212 0.8027073732718895 0.9528546712802768
5 0.8441820276497696 0.8830017301038063 0.8482142857142858 0.8873269896193772 0.8519585253456221 0.8897058823529413 0.8585829493087559 0.8918685121107266 0.8657834101382489 0.8905709342560554 0.870967741935484 0.8877595155709344 0.8778801843317974 0.8810553633217995 0.8816244239631337 0.8737024221453288 0.8816244239631337 0.8628892733564015 0.8778801843317974 0.8572664359861593 0.866647465437788 0.8507785467128028 0.8557027649769585 0.8490484429065746 0.8459101382488481 0.8542387543252596 0.8401497695852536 0.8609429065743945 0.8410138248847927 0.875 0.8441820276497696 0.8830017301038063
5 0.7785138248847926 0.8695934256055364 0.7816820276497696 0.8715397923875432 0.7932027649769585 0.8754325259515572 0.7969470046082949 0.8754325259515572 0.8029953917050692 0.8732698961937716 0.8110599078341014 0.8672145328719724 0.8153801843317974 0.8626730103806229 0.8171082949308757 0.8592128027681663 0.8125 0.8501297577854672 0.8125 0.8384515570934257 0.8001152073732719 0.8289359861591696 0.7986751152073733 0.8289359861591696 0.7946428571428572 0.830233564013841 0.7862903225806452 0.831098615916955 0.7793778801843319 0.8343425605536332 0.777073732718894 0.8414792387543253 0.7767857142857143 0.8631055363321799 0.7785138248847926 0.8695934256055364
5 0.8185483870967742 0.8215830449826991 0.8237327188940092 0.8256920415224915 0.834389400921659 0.8295847750865052 0.8444700460829493 0.828287197231834 0.8519585253456221 0.8259083044982699 0.8660714285714286 0.8183391003460209 0.8683755760368663 0.814446366782007 0.8620391705069125 0.8112024221453288 0.8508064516129032 0.8016868512110727 0.8415898617511521 0.7990916955017302 0.8320852534562212 0.7988754325259516 0.8251728110599078 0.8003892733564015 0.8208525345622121 0.8040657439446367 0.8176843317972351 0.8105536332179932 0.8173963133640554 0.8187716262975779 0.8185483870967742 0.8215830449826991
5 0.7232142857142858 0.26254325259515576 0.7258064516129032 0.2655709342560554 0.7307027649769585 0.2681660899653979 0.7410714285714286 0.2670847750865052 0.7433755760368663 0.2655709342560554 0.7453917050691244 0.26124567474048443 0.7456797235023042 0.2564878892733564 0.7445276497695853 0.2538927335640139 0.7422235023041475 0.25281141868512114 0.7381912442396314 0.25151384083044986 0.731278801843318 0.25151384083044986 0.7243663594470047 0.25432525951557095 0.7223502304147466 0.2569204152249135 0.7217741935483871 0.2592993079584775 0.7232142857142858 0.26254325259515576
5 0.7235023041474655 0.2969290657439446 0.7263824884792627 0.2999567474048443 0.7307027649769585 0.30147058823529416 0.7410714285714286 0.30276816608996543 0.7451036866359447 0.30125432525951557 0.7546082949308757 0.28957612456747406 0.7523041474654378 0.28287197231833916 0.7474078341013825 0.28157439446366783 0.7407834101382489 0.28200692041522496 0.7335829493087558 0.28416955017301043 0.7237903225806452 0.2897923875432526 0.7243663594470047 0.29455017301038067 0.7235023041474655 0.2969290657439446
5 0.7007488479262673 0.30384948096885817 0.7027649769585254 0.30493079584775085 0.7134216589861752 0.305363321799308 0.7168778801843319 0.30428200692041524 0.7223502304147466 0.30060553633217996 0.724078341013825 0.2969290657439446 0.7252304147465438 0.2897923875432526 0.720910138248848 0.28568339100346024 0.7168778801843319 0.2846020761245675 0.7139976958525346 0.28503460207612463 0.7065092165898618 0.2876297577854671 0.7001728110599078 0.29368512110726647 0.6993087557603687 0.30125432525951557 0.7007488479262673 0.30384948096885817
5 0.6045506912442397 0.2642733564013841 0.6068548387096774 0.26621972318339104 0.6105990783410139 0.2666522491349481 0.6123271889400922 0.2649221453287197 0.6154953917050692 0.2564878892733564 0.6209677419354839 0.2517301038062284 0.6203917050691244 0.24826989619377166 0.616647465437788 0.24632352941176472 0.6117511520737328 0.24589100346020762 0.6045506912442397 0.24675605536332182 0.6013824884792627 0.2493512110726644 0.6016705069124424 0.256704152249135 0.6045506912442397 0.2642733564013841
5 0.06278801843317973 0.36613321799307963 0.07114055299539171 0.3704584775086505 0.08237327188940093 0.3713235294117647 0.08899769585253456 0.370242214532872 0.09187788018433181 0.3689446366782007 0.09821428571428573 0.36916089965397925 0.10311059907834101 0.3633217993079585 0.10311059907834101 0.35921280276816614 0.10023041474654378 0.35056228373702425 0.09648617511520738 0.3471020761245675 0.09187788018433181 0.34558823529411764 0.08381336405529954 0.34450692041522496 0.070852534562212 0.3462370242214533 0.06491935483870968 0.34917820069204153 0.060771889400921666 0.3522923875432526 0.058179723502304145 0.35575259515570934 0.05789170506912442 0.35921280276816614 0.06278801843317973 0.36613321799307963
5 0.049827188940092165 0.37413494809688586 0.057027649769585256 0.37932525951557095 0.06768433179723501 0.3819204152249135 0.07430875576036866 0.3827854671280277 0.08179723502304148 0.38256920415224915 0.09533410138248848 0.3775951557093426 0.09821428571428573 0.3730536332179931 0.09907834101382489 0.36937716262975784 0.09533410138248848 0.36786332179930803 0.08899769585253456 0.37002595155709345 0.07949308755760369 0.37089100346020765 0.06624423963133641 0.36851211072664364 0.061347926267281104 0.36440311418685123 0.05760368663594471 0.358780276816609 0.05414746543778802 0.35683391003460213 0.049827188940092165 0.35834775086505194 0.04752304147465438 0.3626730103806229 0.04752304147465438 0.3682958477508651 0.049827188940092165 0.37413494809688586
5 0.11520737327188942 0.4108996539792388 0.11808755760368664 0.41284602076124577 0.13018433179723504 0.4178200692041523 0.13738479262672812 0.41825259515570934 0.14688940092165897 0.4143598615916956 0.15264976958525348 0.40916955017301043 0.15552995391705068 0.4016003460207613 0.15552995391705068 0.39424740484429066 0.15120967741935484 0.38970588235294124 0.14400921658986177 0.38905709342560557 0.138536866359447 0.38754325259515576 0.12701612903225806 0.38797577854671284 0.12240783410138249 0.38948961937716264 0.11866359447004608 0.39273356401384085 0.11405529953917051 0.4044117647058824 0.1137672811059908 0.4085207612456748 0.11520737327188942 0.4108996539792388
5 0.15408986175115208 0.3743512110726644 0.1578341013824885 0.3775951557093426 0.16129032258064518 0.3788927335640139 0.16993087557603687 0.37954152249134954 0.17943548387096775 0.37716262975778553 0.1846198156682028 0.37478373702422146 0.18894009216589863 0.370242214532872 0.18980414746543778 0.3674307958477509 0.18922811059907835 0.3602941176470588 0.18519585253456222 0.3531574394463668 0.18231566820276499 0.35056228373702425 0.16877880184331798 0.349264705882353 0.1581221198156682 0.3512110726643599 0.15264976958525348 0.35467128027681666 0.15034562211981567 0.3596453287197232 0.1509216589861751 0.36937716262975784 0.15408986175115208 0.3743512110726644
5 0.3528225806451613 0.8391003460207613 0.35627880184331795 0.8399653979238755 0.36376728110599077 0.8384515570934257 0.3652073732718894 0.8352076124567475 0.3652073732718894 0.831098615916955 0.36175115207373276 0.8239619377162631 0.35944700460829493 0.8230968858131489 0.3522465437788019 0.823529411764706 0.3461981566820277 0.8274221453287198 0.34735023041474655 0.8326124567474048 0.3528225806451613 0.8391003460207613
5 0.3289170506912443 0.8525086505190312 0.33150921658986177 0.8553200692041523 0.3378456221198157 0.8579152249134949 0.3421658986175115 0.8579152249134949 0.3450460829493088 0.8568339100346021 0.34994239631336405 0.8522923875432526 0.353110599078341 0.8427768166089965 0.3522465437788019 0.8384515570934257 0.3461981566820277 0.8278546712802768 0.33842165898617516 0.8250432525951558 0.33496543778801846 0.8250432525951558 0.329205069124424 0.8280709342560554 0.32661290322580644 0.8319636678200693 0.32661290322580644 0.8436418685121108 0.3289170506912443 0.8525086505190312
5 0.29089861751152074 0.8557525951557095 0.2926267281105991 0.8581314878892734 0.2975230414746544 0.8615916955017301 0.3067396313364056 0.8628892733564015 0.31077188940092165 0.8618079584775087 0.3191244239631337 0.8527249134948098 0.31710829493087556 0.8483996539792388 0.31394009216589863 0.8455882352941178 0.31048387096774194 0.8440743944636679 0.2966589861751152 0.8434256055363323 0.29349078341013823 0.8442906574394465 0.2903225806451613 0.8477508650519032 0.2897465437788019 0.8527249134948098 0.29089861751152074 0.8557525951557095
5 0.08467741935483872 0.8732698961937716 0.09475806451612903 0.8773788927335641 0.10224654377880185 0.87651384083045 0.10944700460829493 0.8708910034602078 0.11319124423963134 0.8661332179930797 0.11117511520737326 0.8607266435986161 0.10570276497695852 0.8538062283737025 0.09648617511520738 0.8538062283737025 0.08986175115207373 0.8553200692041523 0.08438940092165899 0.8585640138408305 0.08150921658986175 0.8631055363321799 0.08093317972350231 0.8661332179930797 0.08467741935483872 0.8732698961937716
5 0.7085253456221199 0.9405276816608998 0.7102534562211982 0.9422577854671281 0.7134216589861752 0.9431228373702423 0.7255184331797235 0.9431228373702423 0.7332949308755761 0.9444204152249135 0.7376152073732719 0.9431228373702423 0.7370391705069125 0.9247404844290659 0.7350230414746545 0.9217128027681663 0.7307027649769585 0.918901384083045 0.7243663594470047 0.9171712802768166 0.7151497695852534 0.9178200692041523 0.709389400921659 0.9212802768166091 0.7053571428571429 0.9288494809688583 0.7050691244239632 0.9323096885813149 0.7085253456221199 0.9405276816608998
4 0.61463133640553 0.2681660899653979 0.619815668202765 0.2703287197231834 0.6232718894009217 0.27292387543252594 0.6301843317972351 0.27292387543252594 0.6394009216589862 0.26924740484429066 0.6396889400921659 0.2655709342560554 0.6290322580645162 0.2601643598615917 0.622983870967742 0.2532439446366782 0.6192396313364055 0.25281141868512114 0.6180875576036866 0.25346020761245674 0.6143433179723503 0.2582179930795848 0.6134792626728112 0.26254325259515576 0.61463133640553 0.2681660899653979
4 0.5570276497695852 0.29974048442906576 0.5745967741935484 0.2971453287197232 0.5815092165898618 0.29346885813148793 0.5826612903225807 0.29044117647058826 0.5817972350230415 0.2861159169550173 0.5777649769585254 0.28200692041522496 0.5748847926267281 0.28092560553633217 0.5714285714285714 0.28092560553633217 0.5627880184331797 0.2854671280276817 0.5570276497695852 0.29325259515570934 0.556163594470046 0.29584775086505194 0.5570276497695852 0.29974048442906576
4 0.5155529953917051 0.2969290657439446 0.5290898617511521 0.2988754325259516 0.5328341013824885 0.2975778546712803 0.5339861751152074 0.29368512110726647 0.5336981566820277 0.2893598615916955 0.530241935483871 0.28179065743944637 0.5273617511520737 0.2791955017301038 0.5210253456221199 0.2783304498269896 0.5158410138248848 0.280060553633218 0.5126728110599078 0.28287197231833916 0.5109447004608295 0.2869809688581315 0.5106566820276498 0.29325259515570934 0.5155529953917051 0.2969290657439446
4 0.5126728110599078 0.3155276816608997 0.5152649769585254 0.3179065743944637 0.519873271889401 0.3194204152249135 0.5250576036866359 0.3196366782006921 0.533410138248848 0.31617647058823534 0.5360023041474655 0.31076989619377166 0.5354262672811061 0.3070934256055363 0.5328341013824885 0.30233564013840836 0.5290898617511521 0.2993079584775087 0.5227534562211982 0.29736159169550175 0.5152649769585254 0.2975778546712803 0.5129608294930875 0.2988754325259516 0.5103686635944701 0.3040657439446367 0.5103686635944701 0.3109861591695502 0.5126728110599078 0.3155276816608997
4 0.5164170506912442 0.34515570934256057 0.518721198156682 0.34818339100346024 0.5250576036866359 0.3525086505190312 0.5293778801843319 0.3525086505190312 0.5345622119815668 0.3494809688581315 0.5383064516129032 0.34515570934256057 0.5408986175115207 0.3391003460207613 0.5400345622119815 0.33196366782006925 0.536578341013825 0.3276384083044983 0.5316820276497696 0.32396193771626297 0.5262096774193549 0.3220155709342561 0.5224654377880185 0.3222318339100346 0.5178571428571429 0.3243944636678201 0.5155529953917051 0.3313148788927336 0.5146889400921659 0.3386678200692042 0.5164170506912442 0.34515570934256057
4 0.45247695852534564 0.33174740484429066 0.45622119815668205 0.33585640138408307 0.4683179723502304 0.3393166089965398 0.47004608294930883 0.3391003460207613 0.47523041474654376 0.33499134948096887 0.47523041474654376 0.3291522491349481 0.47494239631336405 0.3280709342560554 0.47321428571428575 0.3274221453287197 0.46370967741935487 0.32569204152249137 0.45247695852534564 0.32698961937716264 0.4516129032258065 0.32785467128027684 0.45247695852534564 0.33174740484429066
4 0.4481566820276498 0.349264705882353 0.45305299539170507 0.35618512110726647 0.4619815668202765 0.35553633217993086 0.47033410138248855 0.356401384083045 0.4737903225806452 0.35445501730103807 0.4737903225806452 0.3488321799307959 0.47033410138248855 0.34191176470588236 0.4639976958525346 0.33780276816609 0.4567972350230415 0.3360726643598616 0.4536290322580645 0.33672145328719727 0.4495967741935484 0.3391003460207613 0.4478686635944701 0.3423442906574395 0.4472926267281106 0.3462370242214533 0.4481566820276498 0.349264705882353
4 0.11952764976958526 0.3892733564013841 0.1298963133640553 0.3873269896193772 0.13738479262672812 0.3868944636678201 0.14919354838709678 0.3901384083044983 0.1529377880184332 0.3925173010380623 0.1543778801843318 0.39532871972318345 0.1578341013824885 0.39446366782006925 0.15898617511520738 0.3920847750865052 0.16013824884792627 0.38797577854671284 0.1592741935483871 0.3799740484429066 0.15063364055299538 0.3698096885813149 0.14372119815668202 0.37002595155709345 0.13536866359447003 0.3737024221453288 0.13047235023041476 0.37500000000000006 0.12672811059907835 0.37478373702422146 0.12413594470046083 0.37694636678200694 0.11837557603686637 0.37932525951557095 0.11607142857142858 0.38256920415224915 0.11607142857142858 0.3847318339100346 0.11952764976958526 0.3892733564013841
4 0.16964285714285715 0.495242214532872 0.17597926267281108 0.4980536332179931 0.18922811059907835 0.501946366782007 0.19671658986175117 0.5023788927335641 0.1995967741935484 0.5015138408304499 0.20737327188940094 0.49113321799307963 0.20737327188940094 0.48399653979238755 0.204205069124424 0.4796712802768167 0.1995967741935484 0.47556228373702425 0.18778801843317974 0.4710207612456748 0.18173963133640553 0.47037197231833916 0.17511520737327188 0.4710207612456748 0.17194700460829493 0.47253460207612463 0.16820276497695855 0.4759948096885814 0.16388248847926268 0.48313148788927335 0.16445852534562214 0.4891868512110727 0.16964285714285715 0.495242214532872
4 0.20305299539170507 0.6535467128027682 0.20996543778801846 0.654628027681661 0.21198156682027652 0.6537629757785468 0.21601382488479262 0.6468425605536333 0.2226382488479263 0.640787197231834 0.22379032258064516 0.6371107266435987 0.22004608294930877 0.634515570934256 0.20766129032258066 0.6347318339100346 0.20305299539170507 0.6368944636678201 0.20161290322580644 0.6401384083044983 0.20218894009216593 0.6524653979238755 0.20305299539170507 0.6535467128027682
2 0.22119815668202766 0.6682525951557093 0.22638248847926268 0.6689013840830451 0.23358294930875578 0.6673875432525952 0.24135944700460832 0.6669550173010381 0.24769585253456222 0.6615484429065744 0.25 0.6559256055363323 0.2505760368663595 0.65030276816609 0.24769585253456222 0.6397058823529412 0.25 0.6340830449826991 0.24942396313364057 0.6314878892733564 0.24683179723502305 0.6299740484429066 0.24452764976958527 0.6297577854671281 0.24251152073732718 0.6321366782006921 0.2341589861751152 0.6336505190311419 0.2278225806451613 0.6381920415224914 0.22350230414746544 0.6399221453287198 0.2154377880184332 0.6468425605536333 0.21342165898617513 0.6509515570934257 0.21255760368663595 0.654628027681661 0.22119815668202766 0.6682525951557093
2 0.17857142857142858 0.6753892733564014 0.18231566820276499 0.679930795847751 0.18577188940092165 0.6816608996539794 0.19671658986175117 0.6820934256055364 0.19988479262672812 0.6816608996539794 0.21284562211981567 0.6766868512110726 0.22235023041474652 0.6682525951557093 0.2203341013824885 0.6615484429065744 0.21342165898617513 0.6548442906574394 0.20247695852534564 0.6539792387543253 0.18894009216589863 0.6576557093425606 0.1811635944700461 0.6634948096885813 0.17828341013824883 0.6691176470588236 0.1777073732718894 0.6723615916955018 0.17857142857142858 0.6753892733564014
2 0.10858294930875576 0.8531574394463668 0.11117511520737326 0.8598615916955017 0.11405529953917051 0.8631055363321799 0.11635944700460829 0.8644031141868513 0.13248847926267282 0.8635380622837371 0.1370967741935484 0.8622404844290659 0.14228110599078342 0.8566176470588236 0.14746543778801843 0.8425605536332181 0.14717741935483872 0.8391003460207613 0.14429723502304148 0.8356401384083046 0.14228110599078342 0.8349913494809689 0.12471198156682028 0.8371539792387545 0.11463133640552996 0.8412629757785467 0.11002304147465439 0.8458044982698963 0.10858294930875576 0.8486159169550174 0.10858294930875576 0.8531574394463668