5 0.16733870967741934 0.2355103806228374 0.17482718894009217 0.23615916955017302 0.1826036866359447 0.24005190311418687 0.18807603686635946 0.24156574394463667 0.1947004608294931 0.24048442906574397 0.1984447004608295 0.23637543252595158 0.20190092165898615 0.2277249134948097 0.20391705069124427 0.21345155709342561 0.19268433179723504 0.2022058823529412 0.1849078341013825 0.20242214532871974 0.17914746543778803 0.20371972318339102 0.173963133640553 0.2058823529411765 0.17021889400921658 0.20912629757785467 0.16445852534562214 0.22037197231833913 0.16330645161290322 0.22469723183391005 0.16330645161290322 0.23183391003460208 0.16733870967741934 0.2355103806228374
5 0.204205069124424 0.2893598615916955 0.21226958525345624 0.29217128027681666 0.22379032258064516 0.2908737024221454 0.23185483870967744 0.2846020761245675 0.23588709677419356 0.27941176470588236 0.23703917050691245 0.2759515570934256 0.23588709677419356 0.268598615916955 0.2341589861751152 0.26621972318339104 0.23012672811059906 0.26384083044982704 0.2240783410138249 0.2618944636678201 0.21342165898617513 0.26059688581314877 0.2056451612903226 0.2683823529411765 0.20161290322580644 0.27551903114186854 0.20161290322580644 0.28395328719723184 0.204205069124424 0.2893598615916955
5 0.28629032258064513 0.28287197231833916 0.2900345622119816 0.28352076124567477 0.29435483870967744 0.28957612456747406 0.29694700460829493 0.291522491349481 0.2995391705069125 0.29217128027681666 0.31394009216589863 0.291522491349481 0.3182603686635945 0.2893598615916955 0.32258064516129037 0.28503460207612463 0.32373271889400923 0.2787629757785467 0.32229262672811065 0.27487024221453293 0.3162442396313364 0.2655709342560554 0.3101958525345622 0.2610294117647059 0.30760368663594473 0.2601643598615917 0.3038594470046083 0.2592993079584775 0.2960829493087558 0.2597318339100346 0.2900345622119816 0.2603806228373703 0.2865783410138249 0.2618944636678201 0.2828341013824885 0.2670847750865052 0.28110599078341014 0.27249134948096887 0.28168202764976963 0.280060553633218 0.28629032258064513 0.28287197231833916
5 0.24855990783410137 0.32093425605536335 0.25432027649769584 0.32720588235294124 0.258352534562212 0.3293685121107267 0.26555299539170507 0.33023356401384085 0.2796658986175115 0.32612456747404844 0.28197004608294934 0.3243944636678201 0.2839861751152074 0.31401384083044986 0.2839861751152074 0.3062283737024222 0.28110599078341014 0.29822664359861595 0.27620967741935487 0.2947664359861592 0.26756912442396313 0.29303633217993086 0.2574884792626728 0.29563148788927335 0.2502880184331797 0.30320069204152256 0.2474078341013825 0.3096885813148789 0.24711981566820276 0.31444636678200694 0.24855990783410137 0.32093425605536335
5 0.2620967741935484 0.35596885813148793 0.26555299539170507 0.35661764705882354 0.271889400921659 0.3609429065743945 0.27563364055299544 0.3620242214532872 0.28629032258064513 0.361159169550173 0.2923387096774194 0.35921280276816614 0.2955069124423963 0.35596885813148793 0.2975230414746544 0.3522923875432526 0.29723502304147464 0.34537197231833916 0.2860023041474654 0.3285034602076125 0.2828341013824885 0.3276384083044983 0.2793778801843318 0.3293685121107267 0.27592165898617516 0.3291522491349481 0.2721774193548387 0.33023356401384085 0.2678571428571429 0.33391003460207613 0.26180875576036866 0.3421280276816609 0.26008064516129037 0.3462370242214533 0.2620967741935484 0.35596885813148793
5 0.2842741935483871 0.32266435986159175 0.28485023041474655 0.32461072664359863 0.28629032258064513 0.32504325259515576 0.28801843317972353 0.3276384083044983 0.2897465437788019 0.333044982698962 0.2932027649769585 0.33715397923875434 0.29694700460829493 0.33888408304498274 0.3038594470046083 0.3393166089965398 0.3070276497695853 0.3382352941176471 0.31192396313364057 0.33542387543252594 0.315668202764977 0.3315311418685122 0.31394009216589863 0.32698961937716264 0.3145161290322581 0.32417820069204156 0.3101958525345622 0.3181228373702422 0.3130760368663595 0.30687716262975784 0.3127880184331797 0.3008217993079585 0.31163594470046085 0.2984429065743945 0.31077188940092165 0.2977941176470588 0.3001152073732719 0.2977941176470588 0.29435483870967744 0.29974048442906576 0.2860023041474654 0.3112024221453288 0.2839861751152074 0.3174740484429066 0.2842741935483871 0.32266435986159175
5 0.21342165898617513 0.26297577854671284 0.22119815668202766 0.26232698961937717 0.23271889400921658 0.2657871972318339 0.23559907834101385 0.268598615916955 0.23761520737327188 0.2750865051903114 0.24481566820276499 0.27530276816609 0.24971198156682028 0.27227508650519033 0.25172811059907835 0.2694636678200692 0.2508640552995392 0.26275951557093424 0.24884792626728108 0.2584342560553633 0.24049539170506912 0.2521626297577855 0.23041474654377883 0.2480536332179931 0.2203341013824885 0.24632352941176472 0.21630184331797236 0.247621107266436 0.21428571428571427 0.2508650519031142 0.21284562211981567 0.2573529411764706 0.21255760368663595 0.26232698961937717 0.21342165898617513 0.26297577854671284
5 0.5362903225806452 0.330666089965398 0.5423387096774194 0.3384515570934256 0.5504032258064516 0.34493944636678203 0.5555875576036866 0.3471020761245675 0.5607718894009217 0.34731833910034604 0.5676843317972351 0.34407439446366783 0.5745967741935484 0.3423442906574395 0.5789170506912442 0.3397491349480969 0.5803571428571429 0.33564013840830453 0.5794930875576038 0.33174740484429066 0.5642281105990784 0.310121107266436 0.5601958525345622 0.30666089965397925 0.557315668202765 0.30514705882352944 0.5506912442396313 0.3040657439446367 0.5434907834101382 0.30471453287197237 0.5394585253456221 0.30687716262975784 0.5342741935483871 0.31509515570934254 0.5336981566820277 0.3183391003460208 0.5362903225806452 0.330666089965398
5 0.6440092165898618 0.2990916955017301 0.644873271889401 0.29584775086505194 0.643721198156682 0.29130622837370246 0.6405529953917051 0.289143598615917 0.636520737327189 0.28957612456747406 0.6394009216589862 0.29736159169550175 0.6440092165898618 0.2990916955017301
5 0.6091589861751152 0.3274221453287197 0.6129032258064516 0.32698961937716264 0.6160714285714286 0.3280709342560554 0.618663594470046 0.3274221453287197 0.6267281105990784 0.3285034602076125 0.631336405529954 0.3315311418685122 0.6316244239631337 0.33261245674740486 0.633352534562212 0.333044982698962 0.6345046082949308 0.3315311418685122 0.6342165898617511 0.317257785467128 0.6252880184331797 0.29671280276816614 0.6232718894009217 0.29282006920415227 0.619815668202765 0.2893598615916955 0.6169354838709677 0.2906574394463668 0.6143433179723503 0.29325259515570934 0.6111751152073733 0.3003892733564014 0.6100230414746544 0.3070934256055363 0.6105990783410139 0.3175460640138409 0.6091589861751152 0.3274221453287197
0 0.3931451612903226 0.45285467128027684 0.3977534562211982 0.45523356401384085 0.40437788018433185 0.4565311418685122 0.4112903225806452 0.4565311418685122 0.41445852534562216 0.45501730103806237 0.4176267281105991 0.4498269896193772 0.41589861751152074 0.44204152249134954 0.4147465437788019 0.44096020761245674 0.40812211981566826 0.4390138408304499 0.4009216589861751 0.4392301038062284 0.39343317972350234 0.4437716262975779 0.391705069124424 0.4463667820069205 0.3914170506912443 0.45004325259515576 0.3931451612903226 0.45285467128027684
0 0.402073732718894 0.5733131487889274 0.40783410138248855 0.5752595155709342 0.4153225806451613 0.5756920415224914 0.4182027649769585 0.5750432525951558 0.4228110599078341 0.5717993079584776 0.4274193548387097 0.5679065743944637 0.43001152073732724 0.5637975778546713 0.42885944700460826 0.5607698961937717 0.42367511520737333 0.5557958477508651 0.4216589861751152 0.5549307958477508 0.41589861751152074 0.5547145328719724 0.40754608294930883 0.5564446366782008 0.4032258064516129 0.5583910034602076 0.39976958525345624 0.5642301038062284 0.3994815668202765 0.5707179930795848 0.402073732718894 0.5733131487889274
1 0.3640552995391705 0.5028114186851211 0.36808755760368667 0.5058391003460209 0.37211981566820274 0.506704152249135 0.38277649769585254 0.5058391003460209 0.39400921658986177 0.5004325259515572 0.39660138248847926 0.4980536332179931 0.3977534562211982 0.49502595155709345 0.39660138248847926 0.49113321799307963 0.3925691244239632 0.4874567474048443 0.383352534562212 0.48313148788927335 0.3755760368663595 0.4775086505190312 0.3692396313364056 0.476643598615917 0.3663594470046083 0.4781574394463668 0.36088709677419356 0.4872404844290658 0.36146313364055305 0.4982698961937716 0.3640552995391705 0.5028114186851211
1 0.42194700460829493 0.5058391003460209 0.4392281105990784 0.5054065743944637 0.4472926267281106 0.5028114186851211 0.4504608294930875 0.5 0.4516129032258065 0.4945934256055364 0.4501728110599078 0.48205017301038067 0.4513248847926268 0.47037197231833916 0.4495967741935484 0.4660467128027682 0.44614055299539174 0.4647491349480969 0.4392281105990784 0.4656141868512111 0.42684331797235026 0.4733996539792388 0.4153225806451613 0.48378027681660907 0.4118663594470046 0.49199826989619383 0.40783410138248855 0.4945934256055364 0.4066820276497696 0.497188581314879 0.40783410138248855 0.5 0.42194700460829493 0.5058391003460209
1 0.47263824884792627 0.4563148788927336 0.47523041474654376 0.46107266435986166 0.4778225806451613 0.46237024221453293 0.4798387096774194 0.4669117647058824 0.48444700460829493 0.467560553633218 0.5 0.47383217993079585 0.5146889400921659 0.47361591695501737 0.523905529953917 0.4701557093425606 0.5259216589861752 0.4669117647058824 0.5221774193548387 0.4573961937716263 0.521889400921659 0.45263840830449825 0.5138248847926268 0.43798659169550175 0.5141129032258065 0.4320934256055364 0.5126728110599078 0.43079584775086505 0.49452764976958524 0.42993079584775085 0.4873271889400922 0.43166089965397925 0.4807027649769585 0.43166089965397925 0.47695852534562216 0.4329584775086506 0.47494239631336405 0.4364186851211073 0.47206221198156684 0.4459342560553633 0.47263824884792627 0.4563148788927336
1 0.5017281105990784 0.42690311418685123 0.5080645161290323 0.42928200692041524 0.5190092165898618 0.43144463667820077 0.5299539170506913 0.4357698961937716 0.5357142857142858 0.4368512110726644 0.5518433179723503 0.432742214532872 0.557315668202765 0.42993079584775085 0.5645161290322581 0.42322664359861595 0.566820276497696 0.4236591695501731 0.5694124423963134 0.4288494809688582 0.5748847926267281 0.43079584775086505 0.5769009216589862 0.42841695501730104 0.5745967741935484 0.42171280276816614 0.5745967741935484 0.4180363321799308 0.5809331797235023 0.4078719723183391 0.5769009216589862 0.405060553633218 0.574020737327189 0.40030276816608995 0.5679723502304148 0.39835640138408307 0.5648041474654378 0.39878892733564014 0.5622119815668203 0.39814013840830453 0.560483870967742 0.39641003460207613 0.5527073732718895 0.39597750865051906 0.5501152073732719 0.39727508650519033 0.5469470046082949 0.3970588235294118 0.5443548387096774 0.39532871972318345 0.543778801843318 0.3938148788927336 0.5417626728110599 0.393166089965398 0.5397465437788018 0.38970588235294124 0.5351382488479263 0.393166089965398 0.5345622119815668 0.39641003460207613 0.5325460829493088 0.39727508650519033 0.533410138248848 0.40008650519031147 0.5316820276497696 0.4048442906574395 0.5336981566820277 0.4134948096885814 0.530241935483871 0.4154411764705882 0.521889400921659 0.4145761245674741 0.5086405529953917 0.4163062283737024 0.504320276497696 0.41825259515570934 0.5008640552995391 0.42236159169550175 0.5 0.4253892733564014 0.5017281105990784 0.42690311418685123
1 0.5918778801843319 0.4889705882352942 0.5985023041474655 0.4913494809688582 0.6036866359447004 0.49113321799307963 0.6103110599078342 0.4889705882352942 0.6131912442396313 0.4861591695501731 0.6143433179723503 0.48269896193771633 0.618663594470046 0.48096885813148793 0.6275921658986175 0.4803200692041523 0.6336405529953917 0.48226643598615915 0.6370967741935484 0.4844290657439447 0.6405529953917051 0.48248269896193774 0.6428571428571429 0.4772923875432526 0.6411290322580645 0.47534602076124577 0.6359447004608295 0.47318339100346024 0.6275921658986175 0.45977508650519033 0.6238479262672811 0.456098615916955 0.61463133640553 0.45090830449826996 0.6080069124423964 0.45025951557093424 0.6028225806451613 0.4506920415224914 0.5982142857142858 0.45220588235294124 0.5941820276497696 0.4565311418685122 0.5881336405529953 0.4608564013840831 0.5849654377880185 0.4669117647058824 0.5849654377880185 0.47285899653979246 0.5817972350230415 0.4770761245674741 0.5815092165898618 0.48075259515570934 0.5918778801843319 0.4889705882352942