3 0.7010368663594471 0.33499134948096887 0.7070852534562213 0.3410467128027682 0.7122695852534562 0.3486159169550173 0.7168778801843319 0.3589965397923876 0.7220622119815668 0.3620242214532872 0.7272465437788018 0.36699826989619383 0.7307027649769585 0.36721453287197237 0.741647465437788 0.36310553633217996 0.7451036866359447 0.35575259515570934 0.7399193548387097 0.3531574394463668 0.7324308755760369 0.3462370242214533 0.731278801843318 0.34407439446366783 0.7295506912442397 0.33780276816609 0.7301267281105991 0.32720588235294124 0.724078341013825 0.3243944636678201 0.7122695852534562 0.32374567474048443 0.7065092165898618 0.3243944636678201 0.7021889400921659 0.32698961937716264 0.7007488479262673 0.3291522491349481 0.6998847926267281 0.33174740484429066 0.7010368663594471 0.33499134948096887
4 0.7626728110599078 0.3280709342560554 0.7652649769585254 0.3298010380622838 0.768721198156682 0.3304498269896194 0.7793778801843319 0.3298010380622838 0.7871543778801844 0.32396193771626297 0.7894585253456221 0.32309688581314877 0.7917626728110599 0.3235294117647059 0.793778801843318 0.32482698961937717 0.7917626728110599 0.3280709342560554 0.7932027649769585 0.33174740484429066 0.7957949308755761 0.3300173010380623 0.8001152073732719 0.3295847750865052 0.8038594470046083 0.32785467128027684 0.806163594470046 0.32461072664359863 0.8070276497695852 0.3211505190311419 0.8052995391705069 0.31401384083044986 0.7943548387096775 0.2999567474048443 0.7897465437788018 0.29563148788927335 0.7842741935483871 0.293901384083045 0.7764976958525346 0.2960640138408305 0.7710253456221199 0.2999567474048443 0.7655529953917051 0.3092560553633218 0.7612327188940092 0.3207179930795848 0.7606566820276498 0.32482698961937717 0.7626728110599078 0.3280709342560554
4 0.7330069124423964 0.34602076124567477 0.7413594470046083 0.35445501730103807 0.75 0.35834775086505194 0.758352534562212 0.3596453287197232 0.7690092165898618 0.3596453287197232 0.773905529953917 0.35748269896193774 0.7845622119815668 0.34904844290657444 0.7860023041474655 0.34537197231833916 0.7857142857142858 0.3414792387543253 0.7819700460829494 0.33585640138408307 0.7759216589861752 0.3328287197231834 0.7721774193548387 0.33261245674740486 0.7635368663594471 0.3298010380622838 0.7566244239631337 0.32417820069204156 0.7482718894009217 0.3211505190311419 0.741647465437788 0.32158304498269896 0.7341589861751152 0.3243944636678201 0.7298387096774194 0.33109861591695505 0.7301267281105991 0.3399653979238755 0.7330069124423964 0.34602076124567477
4 0.7923387096774194 0.3734861591695502 0.7957949308755761 0.3799740484429066 0.7957949308755761 0.39446366782006925 0.7966589861751152 0.3966262975778547 0.7986751152073733 0.39770761245674746 0.8058755760368663 0.3985726643598616 0.814516129032258 0.39900519031141873 0.8191244239631337 0.39814013840830453 0.8245967741935484 0.39424740484429066 0.8326612903225806 0.3821366782006921 0.8346774193548387 0.37737889273356406 0.8341013824884793 0.3730536332179931 0.8283410138248849 0.3628892733564014 0.8176843317972351 0.35553633217993086 0.8110599078341014 0.35575259515570934 0.8052995391705069 0.35769896193771633 0.800979262672811 0.3602941176470588 0.7946428571428572 0.36613321799307963 0.7923387096774194 0.3695934256055363 0.7923387096774194 0.3734861591695502
4 0.6347926267281105 0.3003892733564014 0.6428571428571429 0.30190311418685123 0.6474654377880185 0.3040657439446367 0.6509216589861752 0.307742214532872 0.6546658986175116 0.307742214532872 0.6578341013824885 0.3073096885813149 0.6604262672811061 0.30579584775086505 0.668778801843318 0.2984429065743945 0.6710829493087558 0.29368512110726647 0.6710829493087558 0.2908737024221454 0.6679147465437788 0.2858996539792388 0.661578341013825 0.28416955017301043 0.6540898617511521 0.28395328719723184 0.6347926267281105 0.29368512110726647 0.6339285714285714 0.296280276816609 0.6347926267281105 0.3003892733564014
4 0.6221198156682027 0.3289359861591696 0.6322004608294931 0.3308823529411765 0.6399769585253456 0.3298010380622838 0.6440092165898618 0.3285034602076125 0.646889400921659 0.32504325259515576 0.6497695852534562 0.31704152249134954 0.6506336405529953 0.30687716262975784 0.6483294930875576 0.30428200692041524 0.6440092165898618 0.30211937716262977 0.6347926267281105 0.30125432525951557 0.6252880184331797 0.30298442906574397 0.6160714285714286 0.3070934256055363 0.6100230414746544 0.3137975778546713 0.6085829493087558 0.3183391003460208 0.6091589861751152 0.3228806228373703 0.6221198156682027 0.3289359861591696
4 0.6474654377880185 0.3285034602076125 0.6509216589861752 0.3382352941176471 0.6540898617511521 0.340181660899654 0.6578341013824885 0.3410467128027682 0.6647465437788018 0.34191176470588236 0.6751152073732719 0.3386678200692042 0.6863479262672811 0.33109861591695505 0.6895161290322581 0.32720588235294124 0.6898041474654378 0.32374567474048443 0.6880760368663594 0.3202854671280277 0.6831797235023042 0.3174740484429066 0.6745391705069125 0.31596020761245674 0.6650345622119815 0.31531141868512114 0.6572580645161291 0.31596020761245674 0.6526497695852534 0.317257785467128 0.6486175115207373 0.3213667820069205 0.6471774193548387 0.32461072664359863 0.6474654377880185 0.3285034602076125
5 0.48156682027649766 0.2532439446366782 0.4838709677419355 0.2541089965397924 0.4899193548387097 0.2601643598615917 0.494815668202765 0.26275951557093424 0.49913594470046085 0.2603806228373703 0.5005760368663594 0.2577854671280277 0.5034562211981567 0.2577854671280277 0.5051843317972351 0.2592993079584775 0.506336405529954 0.2556228373702422 0.5074884792626728 0.23724048442906578 0.5014400921658987 0.22750865051903119 0.49452764976958524 0.2272923875432526 0.49251152073732724 0.229022491349481 0.48617511520737333 0.23075259515570937 0.4841589861751152 0.23486159169550175 0.4804147465437788 0.23442906574394465 0.478110599078341 0.24005190311418687 0.4778225806451613 0.2480536332179931 0.48156682027649766 0.2532439446366782
5 0.4470046082949309 0.27941176470588236 0.4495967741935484 0.28092560553633217 0.45650921658986177 0.28092560553633217 0.4611175115207374 0.2774653979238754 0.46370967741935487 0.2698961937716263 0.46860599078341014 0.2618944636678201 0.46889400921658986 0.25756920415224915 0.467741935483871 0.25367647058823534 0.4599654377880184 0.24697231833910038 0.45305299539170507 0.24826989619377166 0.4481566820276498 0.25151384083044986 0.44470046082949305 0.26081314878892736 0.44470046082949305 0.27314013840830453 0.4470046082949309 0.27941176470588236
5 0.46486175115207373 0.2902249134948097 0.46860599078341014 0.2947664359861592 0.4740783410138249 0.2975778546712803 0.48444700460829493 0.2977941176470588 0.4876152073732719 0.2969290657439446 0.4902073732718894 0.2900086505190312 0.4936635944700461 0.28654844290657444 0.49510368663594473 0.28287197231833916 0.494815668202765 0.2787629757785467 0.4922235023041475 0.2675173010380623 0.4841589861751152 0.25756920415224915 0.4804147465437788 0.2569204152249135 0.4775345622119816 0.2580017301038063 0.467741935483871 0.26470588235294124 0.46486175115207373 0.2690311418685121 0.4631336405529954 0.2757352941176471 0.4634216589861751 0.28654844290657444 0.46486175115207373 0.2902249134948097
5 0.5014400921658987 0.2874134948096886 0.5048963133640554 0.2897923875432526 0.5169930875576038 0.29044117647058826 0.5221774193548387 0.2858996539792388 0.5267857142857143 0.2781141868512111 0.5313940092165899 0.27270761245674746 0.5305299539170507 0.2666522491349481 0.5262096774193549 0.2642733564013841 0.5181451612903226 0.2642733564013841 0.511520737327189 0.2655709342560554 0.5048963133640554 0.2698961937716263 0.5002880184331797 0.2772491349480969 0.5002880184331797 0.28481833910034604 0.5014400921658987 0.2874134948096886
5 0.8211405529953918 0.32396193771626297 0.8237327188940092 0.32698961937716264 0.8277649769585255 0.3289359861591696 0.8349654377880185 0.330666089965398 0.8482142857142858 0.3321799307958478 0.8557027649769585 0.3313148788927336 0.8608870967741936 0.3293685121107267 0.8637672811059908 0.32547577854671284 0.870967741935484 0.3040657439446367 0.870967741935484 0.29671280276816614 0.8672235023041475 0.2893598615916955 0.8559907834101382 0.2846020761245675 0.851094470046083 0.28481833910034604 0.8467741935483872 0.28633217993079585 0.8381336405529953 0.29325259515570934 0.8320852534562212 0.30341695501730104 0.8243087557603687 0.30990484429065746 0.8208525345622121 0.3174740484429066 0.8202764976958525 0.3213667820069205 0.8211405529953918 0.32396193771626297