5 0.1315354112498756 0.059013735935592226 0.12848646744969308 0.06328453306333745 0.12611348973904446 0.07138892438533465 0.12687736926158016 0.0806969965886597 0.13271324575797996 0.08559715198708284 0.1464743336754223 0.08734308533798804 0.15449143902686688 0.0863686517188885 0.17660277024560056 0.07741904628790816 0.17948073227469957 0.0738371954019276 0.1805649436573618 0.06837563934386574 0.17964686895086293 0.06151034690025101 0.17696861677216796 0.056273016320446526 0.17445736586715638 0.05364142907953271 0.17096175850468462 0.0520618071637883 0.1706988828031992 0.05057096497713474 0.1312725355483902 0.05752289374893867 0.1315354112498756 0.059013735935592226
5 0.7013914027761715 0.3351453445336346 0.6993060483489288 0.33990503239892017 0.7001905498811871 0.3432626578066432 0.703210765602049 0.34712209590291815 0.7072904451236528 0.35035552358449606 0.7120332846450701 0.35237402236172466 0.7219400150707533 0.35216439276246914 0.7257983530599127 0.3508252661319745 0.7294521361037474 0.3466674187073532 0.7319921150880797 0.3411687707242468 0.7307903975955748 0.33435349215668825 0.7283374674467246 0.33039402630830095 0.7256927884422701 0.3286643627643881 0.7224225031096432 0.32836260558006086 0.7097168984955424 0.32928535139511395 0.7052912749343715 0.3307245057777209 0.7013914027761715 0.3351453445336346
5 0.7249678492962149 0.2714768029139423 0.7226531923417275 0.27825331562846584 0.7246099637644476 0.28603345372009314 0.7276301794853098 0.289892891816368 0.7338831268671581 0.29384110964173404 0.7384757517020123 0.2950076985980177 0.7440527329943267 0.29512232222913204 0.7510311416295499 0.29323304296201974 0.7539546183250898 0.2832747903699647 0.7516015431014414 0.274905733788685 0.7477343795199621 0.2679016477399231 0.7460532898884475 0.26666087493355045 0.7390037544073429 0.2648295097095348 0.7346740052739741 0.2651537629399046 0.7303610427277256 0.2672318496882201 0.7249678492962149 0.2714768029139423
5 0.6388151904594891 0.5690723875983128 0.6365796213456834 0.5729801656426534 0.6370470519924927 0.5772897286234338 0.640121607972116 0.5831159776928907 0.6432752517924207 0.5860734920921646 0.6460158052246769 0.5866882544838402 0.6533905176608283 0.5853878937063806 0.6608235508531408 0.5827596543214475 0.6673513154286747 0.5783146455915009 0.6698705273284864 0.574356853671104 0.670971525298269 0.5706491311309879 0.6695197381939992 0.5673915334753771 0.6651188622147488 0.563995142214619 0.6612061839668285 0.5633674578719317 0.6514496682277083 0.5644289972921319 0.6419935818617143 0.5671943563542218 0.6388151904594891 0.5690723875983128
5 0.5945222657736603 0.5981835458097129 0.5990901430265941 0.6041856804093615 0.6010173217724737 0.6051634618844417 0.6048548926771125 0.6053651913166568 0.6157459795602559 0.6041035963922319 0.618770175778518 0.6046683449078516 0.6261073345430286 0.6031550066751556 0.6312336717756538 0.6007139008434355 0.631784170760545 0.5988600395733774 0.6345662583618421 0.596393089839634 0.6316458975661821 0.5881240610104664 0.6299648079346676 0.5868832882040939 0.6262606651294715 0.5857796350748778 0.6079780792230565 0.5865877572588166 0.6017211513438079 0.585934229014106 0.5970286715837517 0.589177230790715 0.5945222657736603 0.5981835458097129
5 0.5990428991651131 0.5806968984343015 0.6017587050154487 0.5861472064693423 0.6039527399602138 0.5853211405504207 0.6157866491317767 0.5860892924262456 0.6249007719556036 0.5847018258476852 0.6302356446309532 0.5817847512294365 0.6335682312171416 0.5774639402256351 0.6320077635953495 0.5702727206236602 0.626434762800435 0.5668634074118907 0.6186637465633555 0.5675748496996977 0.6057663930936509 0.5707273978192252 0.6022292515621384 0.5722294880288998 0.5985754685183033 0.5763873354535214 0.5990428991651131 0.5806968984343015
5 0.6146418656905934 0.6260386003535705 0.619005187998203 0.6292220141590924 0.6276982594391813 0.6320811747342445 0.6428607746995325 0.6318232051869231 0.6456181147189091 0.6341918010965448 0.6485504170067694 0.6325767611837462 0.6505270909164897 0.6238834513720967 0.6501347676129616 0.6199998433017889 0.6465472663200882 0.6162404329576262 0.64176687312703 0.6140089567251616 0.6317099280147837 0.6133666765034721 0.6270342348418477 0.6183635117980267 0.6167815603765974 0.6232457234614671 0.6146418656905934 0.6260386003535705
4 0.6338735056851879 0.5908056621274365 0.6371941507791761 0.596368919865601 0.6336530287502634 0.6011656996559311 0.631780190263145 0.6021547291540327 0.6331568700241331 0.6049863718991711 0.6417372804501893 0.6072066001086147 0.6502673311148844 0.6041653277642208 0.6609578435501037 0.5967903224650137 0.6690036769808686 0.5876856536218937 0.6681399425331309 0.5827871721514611 0.6642480313697311 0.5806186317460643 0.6512715900593448 0.5866399145357747 0.6444266095235643 0.5876272701058858 0.6395127882310635 0.586297717570422 0.635541789226982 0.586997911835208 0.6338735056851879 0.5908056621274365
4 0.48437178328787944 0.5258135902476753 0.4886520372574073 0.5351604283040354 0.4955641641416692 0.5411884068057071 0.5026680398815351 0.5449865830029048 0.5101346462480882 0.5458660106538633 0.5165833229829406 0.5442897365940996 0.5209170526137095 0.5406707937830745 0.5230982814687541 0.5347962047655518 0.5186965408919837 0.5164672216642267 0.5107249502069802 0.5110652535772517 0.5042219332133667 0.5106747166638334 0.4963174888768445 0.5122880826486417 0.49022756227127956 0.5142402977428217 0.4839458868101107 0.5184223151414759 0.48437178328787944 0.5258135902476753
4 0.028005777613713746 0.4371918609324064 0.02843565458888253 0.4412884464579504 0.032319604757482225 0.4500463660246581 0.036173962249241395 0.4520019289748188 0.04243089012848985 0.4526554572195294 0.051820694743522557 0.4578073559262236 0.06724608570535914 0.4590402285655557 0.07053713812250657 0.4578011296871735 0.0723180826792232 0.45463231176065355 0.0717755446891321 0.449896793869401 0.05911857064135204 0.4262158565571571 0.05416719567721057 0.4246733265664572 0.04240839384892919 0.4243311296011047 0.03349882597042636 0.4285373169737919 0.02906922191185543 0.43327116093705415 0.028005777613713746 0.4371918609324064
3 0.687056454996757 0.29199635299379534 0.6840865990372562 0.2933984154513578 0.6811335296648755 0.29655431142686595 0.6829736595752733 0.30699020673344 0.7037100402280592 0.32507414223845565 0.7074892903765366 0.3266037502781439 0.7287209651579324 0.32593442169935233 0.7322581066894449 0.3244323314896776 0.743861848736243 0.31228471637417343 0.7444874550644157 0.31085681001458787 0.7431690960595888 0.30669728866197604 0.7294782703905077 0.2937394079616314 0.7143197356275566 0.2907026879282972 0.7044881125451548 0.2913382724380251 0.697626345422254 0.29057179449019055 0.687056454996757 0.29199635299379534