5 0.7106685583375972 0.10936936809121392 0.700354314271723 0.1125775467527939 0.6894980898568498 0.117741848984807 0.6847534945990608 0.12647650295087448 0.6848214321673719 0.13036864363271167 0.6895535774411792 0.13742380904662999 0.6936418360135209 0.14059688700822565 0.6971201766685522 0.14183394785841733 0.7037398173904795 0.14150210568111993 0.7100412890710246 0.13944544981554122 0.7215527231154154 0.13881192514949023 0.7298737910713522 0.13693631301849027 0.7378049781082447 0.1292275164794919 0.7391882363008719 0.12595893283750786 0.7385594468368086 0.12294176553670462 0.727708123787216 0.11188378831297223 0.7204634679105759 0.10941469322734623 0.7106685583375972 0.10936936809121392
5 0.70745706659053 0.13992314942411638 0.7029098624749033 0.1434632558663104 0.6970511120443111 0.1543803166702054 0.6963117405531497 0.16153098776451208 0.7010438858269572 0.16858615317843037 0.7080420845398767 0.173438805295492 0.7112173533909283 0.1738159726089216 0.7224106183939368 0.17145763425458913 0.735653674147142 0.1710101799378744 0.7422393460849139 0.16873226741965835 0.7436565730616966 0.1674097541185929 0.7430277835976333 0.16439258681778973 0.7457263624145762 0.15396327885198452 0.7510695526616239 0.14651595188368147 0.7515851128451685 0.14304621804808942 0.7498308452802503 0.14156276747147417 0.7425824150942597 0.13887744234796834 0.7319047102747958 0.13776604686670865 0.70745706659053 0.13992314942411638
5 0.7183827487712053 0.17174423689907087 0.711501553648155 0.17359471595628442 0.7101145211461771 0.17664706956038864 0.7107848280130974 0.1820427672778701 0.7125541928154181 0.18439113800600468 0.7256225032825647 0.1904356114404424 0.7394943484998333 0.19300532442453094 0.7478380623118739 0.19242709252080997 0.7546739657227166 0.18798185300903833 0.7571562818507442 0.18166594237770745 0.7562395178201037 0.17865380169166145 0.7497719765281312 0.17119633589052713 0.7462936358730997 0.1699592750403355 0.7183827487712053 0.17174423689907087
5 0.7757674278189606 0.142191522332718 0.7699966135593627 0.14164336451422418 0.7556280797053027 0.14362453555512703 0.7527672055862827 0.14475595189209897 0.7471360407726578 0.15220830547515934 0.7449190533551038 0.1572218092644539 0.7444638821211692 0.1641512237061235 0.7471311394073774 0.16843058493090474 0.7567437550755964 0.17453537774242983 0.7610784708116584 0.17532489867259002 0.7685658095426683 0.17519420668890068 0.7777621241263887 0.17395220482726842 0.7920363002466833 0.1665652828393695 0.7942834821390423 0.1632816193531137 0.7941589299304719 0.15614602810307887 0.7905862315416747 0.14950321630589114 0.7838911046327348 0.1455104577255916 0.7757674278189606 0.142191522332718
5 0.1797213026054308 0.4201535975737737 0.17395048834583288 0.41960543975527964 0.17252193844099828 0.4202792629427057 0.16797850863472197 0.42403559942277946 0.16291197002619986 0.4308292096626857 0.16358605120247066 0.43644113741804713 0.17031514689556604 0.442379966339265 0.17640790450589686 0.4448691678839203 0.18624055717238208 0.447076793398851 0.18973022075546522 0.4489625443626822 0.19607320983886706 0.4492844189137816 0.1995138074003923 0.44835917938517494 0.2040647858253697 0.4450353029808608 0.20744876874663548 0.4408666128840563 0.20714192263330505 0.4397904893094144 0.19912127922792744 0.4258712554456713 0.19507831236779324 0.42529293793863365 0.1797213026054308 0.4201535975737737
5 0.19933151349563247 0.4544186470605679 0.19126067701276678 0.454126932198012 0.18811937694587075 0.4556958352255009 0.18131744231918365 0.46208714507819115 0.17993795843590715 0.46557195875805507 0.18062713684958046 0.47204880666493576 0.18647721160554143 0.4771377952789063 0.20291818206590198 0.47836488850290015 0.20982202304505596 0.47781178967296567 0.21383479543038506 0.4766602668769645 0.2155362226643945 0.47511649692326197 0.21634353172386703 0.47185796651079254 0.21421825478665785 0.465622481715578 0.2115472231910991 0.46112689045291677 0.20627687187764326 0.45624407864731154 0.19933151349563247 0.4544186470605679
5 0.1324232820065822 0.44996284069938125 0.1292404645368295 0.449153213310192 0.1226208238149022 0.4494850554874894 0.11403442714849174 0.45266307446052556 0.10748272399487568 0.4568870573196602 0.10637989175012459 0.45971815427112717 0.10701245552353855 0.4629515516098103 0.1135554830025235 0.4747336181685414 0.1196784350876593 0.4789526600162353 0.1260365214084637 0.48013945471885416 0.12981793386747492 0.48223640910580795 0.14160601955039115 0.4809491677113601 0.14704356753120412 0.4789075916900532 0.15103369406042955 0.476458688666773 0.1521252033771287 0.47297890160166645 0.15064003883203483 0.4704092742208948 0.1459494109610842 0.46573263922365465 0.1382544852157901 0.4539706791239526 0.1324232820065822 0.44996284069938125
5 0.12321716469230073 0.4836494014725045 0.1215421576237455 0.486706781691366 0.1208367549167398 0.4958035231265911 0.12532621733617746 0.5054584756098249 0.13027085098954974 0.508184013651389 0.13748531239138476 0.5089232684339763 0.15181610315193853 0.5047797970142751 0.15346846436438982 0.5004250365681345 0.15127524985886948 0.4902974110910828 0.14593318666775182 0.48130622856576066 0.14419024203088554 0.48047146810278496 0.12321716469230073 0.4836494014725045
5 0.44372350007259004 0.7250648817277888 0.4365354588362093 0.7258392372103604 0.4316814086072521 0.7283032200779125 0.4277139279341304 0.7320495033284716 0.42662241861743116 0.7355292903935782 0.4267507451353524 0.7428811116814928 0.42888734500061343 0.7497652865903468 0.43687401962183553 0.7617384501131715 0.4397990569998161 0.7642829444201567 0.44385712109735254 0.7657261820787137 0.447597016153507 0.7654446060489892 0.45131049104420684 0.7636494197541058 0.4583739800720169 0.7557394730214994 0.45858759550751166 0.7349713361555199 0.4570760107969633 0.7308880985095894 0.4544276250575082 0.7276898874742072 0.44372350007259004 0.7250648817277888
5 0.495170561334951 0.7514201556886099 0.48187089094148644 0.7486241594371272 0.472742513926077 0.7537583019805965 0.4693774025515644 0.7590081422668001 0.4691535912439477 0.7626890795255148 0.4739574483954169 0.7738526156591501 0.4818573139015746 0.7808524883107383 0.48970433907682376 0.7848251404320086 0.49403150619418446 0.785182201286409 0.4997721259789773 0.7840005188018642 0.5066042550804695 0.7793390492522129 0.5082717135303233 0.7758492089575916 0.5078591867551754 0.7687186443223141 0.5036388273555621 0.7579775150349238 0.5007024670495297 0.7547843306142991 0.495170561334951 0.7514201556886099
5 0.9004318979758764 0.6664797620145844 0.896953557320845 0.6652427011643927 0.8923346413275561 0.6646744368868698 0.8866053444708152 0.6665048094850541 0.8818003602634162 0.671779782845044 0.8815954205025525 0.6765418702931579 0.8859829765695233 0.6803586117536358 0.8971977603727057 0.6957361631202078 0.901278470326346 0.6984767810060436 0.9041431187547164 0.6975615947069514 0.9066178862640427 0.6908132239998608 0.9108469213382874 0.6855483038693855 0.9104796862753469 0.6810124996886661 0.9083544093381379 0.6747770148934515 0.905694700670631 0.6709301137444299 0.9004318979758764 0.6664797620145844
5 0.9191830865316266 0.6845376118899049 0.9108544699569885 0.6859807639451452 0.9077282671274954 0.6884145871241535 0.9052044335966107 0.6923519673388062 0.9032829693643352 0.6977929045891031 0.9045254510550593 0.7029623190391904 0.9122581198938597 0.7168865795176907 0.915456034601015 0.7185611270583994 0.9223485526521171 0.7173593381148254 0.9280287834873 0.712717975024203 0.9294007187518755 0.7088007012685795 0.9288787370055595 0.6953994655347865 0.926154865079092 0.6878766537418075 0.9241088486382457 0.6861819997420697 0.9191830865316266 0.6845376118899049
5 0.769716685490553 0.5216801798232821 0.7627713271085422 0.5198547482365382 0.7596187041135944 0.5207749611503878 0.7479438477111968 0.5285491036812308 0.7485877344126628 0.5324311911335533 0.7594164116061515 0.5421917881300067 0.7701582796845761 0.5469790942552236 0.7736215231022049 0.5473512349538959 0.7776116496314303 0.5449023319306158 0.7803819403260353 0.5385813946845275 0.780033576809848 0.5351267406932072 0.7793896901083821 0.5312446532408848 0.7764344582555966 0.5269703186308605 0.769716685490553 0.5216801798232821
4 0.17607615842460292 0.4753726830692499 0.16797890177628289 0.47356735794153526 0.16048401442657184 0.4732655898494649 0.1544629686939029 0.47488475902452665 0.14764216252046264 0.48019491868781766 0.14683485346098993 0.4834534491002872 0.15158209597219985 0.49137353466572486 0.1546581057242054 0.5025672304879039 0.1575793687928352 0.5048954947570092 0.17209132640221894 0.5111310651555404 0.17899139307202228 0.5103617362877262 0.18383034606357712 0.5070328332686548 0.18983629455884357 0.5045487439420734 0.1906511522370174 0.5017226736053637 0.19018955944031138 0.49178111847764827 0.1854196710729979 0.48256365268493157 0.18219156189103747 0.4791592648411842 0.17607615842460292 0.4753726830692499
4 0.296448793339546 0.539241826113087 0.2869267610957419 0.5383265542106782 0.2803448634673208 0.5408206967667739 0.2766389371953222 0.543048343137417 0.2732511799647058 0.5470008031963416 0.2701853660848223 0.5528943069814274 0.2688662711511557 0.5598388012673687 0.2701012042231787 0.5645757556416962 0.27709940293609825 0.5694284077587578 0.2808657181577069 0.5706604419941921 0.28806508232213945 0.5705347766252601 0.29522292908371517 0.5680305808396497 0.30203241232910355 0.5620717310627193 0.30511332344638953 0.5570431474291528 0.30518993668933186 0.5449292386931244 0.3045837930813723 0.5432094516196002 0.301075257951536 0.5402425504663697 0.296448793339546 0.539241826113087
4 0.2851853366563665 0.570585042772833 0.27621660768961326 0.5683623374136304 0.2718366002413437 0.5649780560289122 0.27035521000560037 0.5626246586860203 0.26662663787749796 0.5635549248293843 0.26302261795796605 0.5716207822227832 0.26249460779043965 0.590880335438361 0.26575668575655553 0.5962307936230269 0.2715954375844647 0.600671092123358 0.2805717151699192 0.6033262575583203 0.2845958104833001 0.6028234248759585 0.2865852122838869 0.6012746283074988 0.2961121458929715 0.5859676207541622 0.3017697308720507 0.5800288774362607 0.30222112779663474 0.5728832329567114 0.2980762545840338 0.566466704426918 0.2909259564411593 0.5694033602882881 0.2851853366563665 0.570585042772833
4 0.3255821635294817 0.5579836380086648 0.31551815093667857 0.559024489676689 0.31125892138762906 0.5625595695041257 0.3085150508584785 0.5703941170153729 0.3101738336337012 0.5829103261386173 0.31195074705472303 0.5856911569425117 0.32274545546405625 0.5935056835980463 0.3270877198188196 0.5947276646039662 0.3325554622744377 0.594415928885698 0.3379816873271989 0.5917256627507516 0.3413845417952178 0.5886381228433464 0.3432305198404809 0.5788725848354525 0.3418710345598874 0.5670000392110902 0.3400714752827617 0.562921828179917 0.3362787398956987 0.5601761836793238 0.3255821635294817 0.5579836380086648
4 0.7553806002231578 0.492514172179973 0.7522242029188593 0.49321815505594263 0.748745862263828 0.49198109420575104 0.741471011912383 0.4877821588170862 0.7374393679803007 0.4878525314236882 0.7345784938612809 0.4889839477606602 0.7274772617399645 0.4947315941144681 0.7275904910204832 0.5012184952508634 0.7308450203678979 0.5061364933597696 0.7384455883794264 0.5124927025124756 0.7457128901121701 0.5162591778253807 0.7549658193361501 0.5182606265319462 0.7595696380920363 0.5179639706579497 0.7624154149736537 0.5159676341694583 0.7635295701464566 0.5137852273316309 0.7639885156897419 0.5070720429278411 0.7627082909055115 0.4997403280989555 0.76032523387653 0.4952397102215372 0.7553806002231578 0.492514172179973
4 0.8010591013377807 0.48544426933504975 0.7967168369830173 0.48422228832912995 0.7895174728185848 0.48434795369806205 0.7846483253522252 0.4859470164140946 0.778437437096095 0.4931931931887896 0.7832677144130187 0.5058703395875839 0.7904821758148538 0.5066095943701712 0.7972037228892479 0.5121159632156296 0.8035882293755066 0.5148163681834073 0.8133680417110829 0.5139967731680202 0.8165131160873293 0.512644100178411 0.8219091466652859 0.5082239937404258 0.8226598410844991 0.5017220127597588 0.8188104910571766 0.4957329176909678 0.8144267092995566 0.4921324062683697 0.8010591013377807 0.48544426933504975
4 0.8044359287819061 0.5303748776812414 0.8003891876124214 0.529580330136324 0.7923372226763089 0.5303697654631674 0.7846524928031366 0.5356950049707302 0.7838376351249627 0.5385210753074401 0.7847581734649542 0.5417494460313658 0.7897896162333906 0.5494482749441663 0.7938778748057322 0.552621352905762 0.8017211256716307 0.5563777749891526 0.8092273359493933 0.5573282331948625 0.8152483816820626 0.5557090640198007 0.8200760117455654 0.5517314708870897 0.8196785822078201 0.5454658264033315 0.8172955251788385 0.5409652085259131 0.8131846207503932 0.5364947503370383 0.8044359287819061 0.5303748776812414
4 0.939160139343208 0.6738067070386627 0.9331013505170327 0.6732635758349261 0.930808876912466 0.6739524788666239 0.9273946995163953 0.6763913286603895 0.9231656644421505 0.681656248790865 0.9220779294348022 0.6853522658938515 0.9258744391312158 0.6883141404323246 0.929174260190838 0.695826898995789 0.9320917489501174 0.6979389332270145 0.9428071968630872 0.7012126290870725 0.9474185642376748 0.7013484332888359 0.9563004840893636 0.698597847776802 0.9579792654672694 0.6957566975958205 0.9576459991884846 0.6931669637560196 0.9549447731181206 0.6869415321903196 0.9502352737004172 0.6811837470036805 0.939160139343208 0.6738067070386627
3 0.4706764988825479 0.7674210072850849 0.4697144431396998 0.7618141061444808 0.4676533294614512 0.7592545319932237 0.4630268648494614 0.758253807639941 0.45785464557912176 0.7589929768192116 0.4484760370906414 0.7662944463562369 0.4473807534645914 0.7695580033834635 0.4484145210851014 0.7792732752437844 0.44647795961542347 0.7838492923425623 0.45002801214811655 0.7891947239124708 0.46938534431182644 0.8089723608613155 0.472852362038806 0.8095607315978676 0.4814614045613201 0.8076800928521106 0.48659210642880274 0.8045623932561616 0.4880934952672291 0.7915584312948274 0.490022508118206 0.78654995412029 0.4888441896864424 0.7850564503141603 0.4780645785145117 0.7781068438101449 0.4739574483954169 0.7738526156591501 0.4706764988825479 0.7674210072850849
2 0.20666725067575387 0.8416765916738509 0.19883154842855683 0.83835262966622 0.19395107803414516 0.8393030022686133 0.19055577218482742 0.8428230022517782 0.18695175226529567 0.8508888596451769 0.18794400248294876 0.8582256010888198 0.19032328520257957 0.8625099889283584 0.1972837408219929 0.8652003406666214 0.20479749971845726 0.8665832589480911 0.20998104191684863 0.86649277988246 0.21398249137412587 0.8646925669728193 0.2191018703135567 0.8609261772632311 0.22410424566311815 0.8504566563793675 0.22432050835203365 0.8463432590448932 0.22284289242564087 0.8442060917398813 0.2161515398260517 0.8404295631974614 0.21269207071777352 0.840273652536669 0.20666725067575387 0.8416765916738509
2 0.8641602864854872 0.585353028081635 0.858722738504674 0.5873946041029421 0.8527658560309656 0.5926896839219612 0.8519660955901944 0.5963806744101903 0.8523182334157322 0.6000515584393904 0.8561789063711066 0.6066893436218208 0.8642912602568291 0.6093595889010548 0.8749387706014881 0.6087411440792757 0.879815466686549 0.6075745414390027 0.8815206682299092 0.60624700152318 0.8854315342627712 0.5992572677044231 0.8855911823114273 0.5919004198017511 0.8832345454479004 0.5889134121894916 0.8782823631758268 0.5857554140721677 0.8730912723587341 0.5854134330620392 0.8641602864854872 0.585353028081635