4 0.196677582432105 0.4580576028970019 0.20349816098881282 0.45540995250509314 0.207526609508559 0.45198317298936386 0.2096523730825186 0.4478246844419568 0.21016267700713093 0.4338459170599795 0.2152913937968755 0.422494392420373 0.21405957388718697 0.41766668776491545 0.20921645324230279 0.40935504548815455 0.20438558804676837 0.4041253708483287 0.19972591026049075 0.40128583849016053 0.1932583328200672 0.40122114396884434 0.17520508744724647 0.4049506500892786 0.16592862594741548 0.41005847210221447 0.16198270726996014 0.4139098308495387 0.1601396704193437 0.4180133628890609 0.1588224512458472 0.4323692894104905 0.16023158628946735 0.44112812016607317 0.16793261279115826 0.4565951164563219 0.1720681020518949 0.45975685144605744 0.18217598969930984 0.4604358055675394 0.193685255514091 0.45775800951266143 0.196677582432105 0.4580576028970019
4 0.1893671011580291 0.5306389738751973 0.19481368186758735 0.5179037985250361 0.19408766730941515 0.5081309397826084 0.1910830849420514 0.504749378761333 0.1844443200923711 0.5022945419583593 0.17567366394405634 0.5024572098843253 0.16854584776530565 0.49899588151024893 0.1546509734003424 0.5014764607808141 0.1505399950383053 0.5044786610649483 0.13754232264077088 0.5191222413595983 0.13611806272628388 0.526889653375563 0.1394834030861858 0.539674450415556 0.14982212623802754 0.5475787878898952 0.1572265414154465 0.549444175937619 0.1743078118548012 0.5452426704934471 0.18382573515683004 0.5398676023568288 0.1893671011580291 0.5306389738751973
4 0.1332883149529752 0.5878048334983269 0.13986130398281038 0.5838834454116332 0.14838886917734845 0.5734134264958748 0.1526465240499426 0.566637433219528 0.1561965475383893 0.5547115326561564 0.155247454352044 0.5498288714928136 0.14589296158301807 0.5454785009791471 0.14102695919101318 0.5415775205419913 0.13395716195585372 0.53237683612564 0.1298690653409374 0.5309683745701694 0.12854408929118705 0.5332087201596567 0.12314327207587024 0.5371225718306081 0.11281230580028231 0.5413338152882112 0.10456133960441254 0.5502078938776171 0.10215284930710969 0.5544213389329092 0.10188237803311632 0.5575582630777292 0.10276282597809938 0.5756729097598866 0.1074882795842221 0.5848886670077224 0.1153404811695661 0.5875482570107513 0.11820901332414377 0.5872109815476992 0.12937140574731554 0.5887865142245137 0.1332883149529752 0.5878048334983269
4 0.2023149003698666 0.5746077351901968 0.20350995393150567 0.5701895369348495 0.20304828292265195 0.5557387702291346 0.19124403493517778 0.5553895551549625 0.17967512102522643 0.5532321101386405 0.1759584087006191 0.5537342551253472 0.16679961423954948 0.5579379621672081 0.1632128244030534 0.560617959819775 0.15818339147804564 0.566442418032904 0.15642288446972014 0.5709705293040213 0.15831494311773575 0.579194867812239 0.16233276533971097 0.5832607177730497 0.17883795603460834 0.5866617548211874 0.1930629497687352 0.5858794924770026 0.1983812371417611 0.5815410615744561 0.2023149003698666 0.5746077351901968
4 0.653555821596856 0.31637490058754897 0.6641633868711123 0.3105677168035934 0.6684332971930562 0.3068736911641816 0.6697260054678531 0.2863538293688821 0.6687707845568329 0.27993018438707196 0.6671446986097147 0.2776025350290417 0.6638757726930324 0.27889888197105367 0.6603943944459478 0.2775927970156105 0.6549697036246989 0.27886756079834785 0.6520302597844128 0.27833737728108404 0.65044543875844 0.2762220175388513 0.6465988039457213 0.2745463098596982 0.6411383386352344 0.27362492045944975 0.6349183507216835 0.27483396363291857 0.6270800337372682 0.28583093838029955 0.6244897297329378 0.295146870630474 0.6258453444060625 0.3006114441333242 0.6310598493412558 0.3108336929522625 0.6347949448398877 0.31495449942095816 0.6429360008732499 0.31910011673456956 0.648390338459062 0.3184805223163505 0.653555821596856 0.31637490058754897
3 0.6705713162163657 0.3057971702537096 0.6763145082501958 0.30666360314607305 0.6828997527293809 0.30582418269631423 0.6941201640961439 0.3016603593308537 0.6995973834290766 0.2966301030730298 0.7018759512382684 0.2902388053518778 0.7010473945122017 0.2648438188089778 0.7000631641293859 0.2612898518483052 0.69160424417621 0.2585278852452487 0.6848952049335886 0.25873043684761504 0.6779508316134444 0.26074121839213127 0.6719845609514412 0.2647649830788527 0.664580145774022 0.2628995950311289 0.6606280993718918 0.26520996995998575 0.65874379760013 0.2691012123837103 0.6610178668362257 0.27174352795756573 0.6618431652591347 0.27598932027351586 0.6691895614929623 0.28359406436351453 0.6696283507546953 0.30245549290883444 0.6705713162163657 0.3057971702537096
2 0.7713013012656856 0.2655080384513127 0.7806602926078074 0.26082479566997196 0.7862490512548269 0.25334944062260545 0.7901459481348829 0.2371702113275413 0.7858482686110815 0.2135511074661333 0.7802333699137836 0.20428793012615487 0.7762216754164835 0.20176306398381166 0.7718921169993693 0.20062184855202353 0.760824509867838 0.20255286274373904 0.7512469384706393 0.20309268980915735 0.7485022010794978 0.20406683411960183 0.7360867361510957 0.21264885574040954 0.7309044989908559 0.22070612312728355 0.7302687711512283 0.22347342454839336 0.7315357282573876 0.2269724350011811 0.751296349149679 0.25617796499232937 0.756610137949609 0.26087314738479017 0.767301862217735 0.2660651399459046 0.7713013012656856 0.2655080384513127
2 0.10509189748623635 0.8970941225564563 0.10964290537994463 0.8827705432956849 0.10776310218127887 0.877628172424402 0.10395160456503083 0.874623770542579 0.09589307837395952 0.8709027324605625 0.07437520877650025 0.8673745079674813 0.06763103233740844 0.8689057537725177 0.062872070686394 0.8715932878408268 0.07405486431681 0.9291237737219505 0.08543420764347993 0.9242681250012128 0.09393276336622237 0.9166677841065918 0.09581093741330929 0.9112355578643996 0.10509189748623635 0.8970941225564563
5 0.7876224393452869 0.6800446252301866 0.7941602911786514 0.6774519313461627 0.7984302015005953 0.673757905706751 0.799507588023473 0.6702438224224788 0.7987235545217095 0.6662103197223261 0.7915238347984387 0.654831782640115 0.7879125340632431 0.6513478450188119 0.7758423133748715 0.6451019407944523 0.7739808933502305 0.644582521378572 0.7694160008555934 0.6452495358889336 0.7645393721658176 0.6488411849283178 0.7575185967280573 0.6519683710597065 0.7522828391973223 0.656731381193848 0.7512467175955901 0.6604577540939178 0.7518305542163013 0.6649707925335504 0.7571917356620517 0.6714192483602762 0.767029152035473 0.675235126626578 0.7726608047552167 0.6785466583084839 0.777879808263506 0.6797352938324148 0.7876224393452869 0.6800446252301866
5 0.7304810026065814 0.6834409207306089 0.7372680731183977 0.692696561654845 0.7361494216743746 0.6959983553233199 0.7370037295690792 0.6973744696181325 0.7385824228703771 0.6979488455418978 0.7447137532169621 0.6947742393183663 0.7486535441697426 0.6893818967525746 0.749966264770143 0.6840595835261523 0.7467492300723771 0.678075590607422 0.745340095028757 0.6693167598518391 0.7398551188195704 0.6622314351777209 0.7331276964029243 0.6578110353246848 0.7239917836889755 0.6576040805269405 0.7157163065944061 0.6603142238424766 0.7118467900345669 0.6630491780029283 0.7107632757870143 0.6650222774687331 0.7090027687786888 0.6695503887398502 0.7099457342403592 0.6728920660847255 0.7197296302432854 0.6734136870982945 0.7254789500017904 0.6758211038091255 0.7300209607493068 0.6795647511383689 0.7304810026065814 0.6834409207306089
5 0.6996976866887027 0.7182852934093557 0.7016477642803096 0.7207702758752985 0.7074383489599602 0.723389982201927 0.7111137963634221 0.7226755475994227 0.7154952459994526 0.7165364231704684 0.7205904547443054 0.7170881898470068 0.7274935631433042 0.7148651186866931 0.7305561644542593 0.7125073236656937 0.7338540998427372 0.7083412987025443 0.7376991055038769 0.6994424092682225 0.7379283118567248 0.6960931955076051 0.7330851912118407 0.6877815532308444 0.724766820044547 0.679704809817108 0.7237474524652606 0.6774795370591054 0.7194652866939668 0.678091595061582 0.7163491650125164 0.677155132829849 0.7098938430214428 0.6801724059454679 0.7063070531849467 0.6828524035980348 0.7045404184519463 0.6858395310506843 0.7009887658119207 0.6871908345005812 0.6978910273044951 0.6908773237242507 0.6947458961512492 0.692810539513655 0.6892396673465206 0.7007104737926165 0.6890104609936727 0.7040596875532339 0.6898006222201112 0.7096341740718539 0.6919631521421201 0.7147215884352519 0.6955973346244366 0.7137948642169499 0.6968520362812458 0.7142119070328027 0.6962637010874386 0.7187324818881775 0.6996976866887027 0.7182852934093557