2 0.6905212091271277 0.7178360776283906 0.697000734591801 0.714897782927085 0.7013876657515241 0.710553238102387 0.7038790796831255 0.7030596366750899 0.7046221146718902 0.6952245443787163 0.7022578804556444 0.6886350959780513 0.6989468813171623 0.6859933411658051 0.6925512496329442 0.6850291634390402 0.6850730330708419 0.6854210801620576 0.6828173166779752 0.6864055363025315 0.6814357897565266 0.6875607378775436 0.6802014011203633 0.6915235051860785 0.6776693793432067 0.6927390016415549 0.6715840080321903 0.6921916833844466 0.6682117517725275 0.6938843341900439 0.6669660448067266 0.6976311349036924 0.6679261154422494 0.7049438516895968 0.6747065703341363 0.7132508936424984 0.680087527118294 0.716866965388364 0.6905212091271277 0.7178360776283906
3 0.035185391169275625 0.5681049736355204 0.04304644355539755 0.5640114773592025 0.04517765832225391 0.5606513886749787 0.04413835937926998 0.5518269057248695 0.04588008546546345 0.5465381914067843 0.045918705927369484 0.541771852599168 0.045314168983597705 0.5357398616624657 0.041957896526566285 0.5322342404706741 0.0323870856595138 0.5312199070702993 0.022449422771073056 0.528708881225836 0.01930819857715062 0.5293066253368854 0.013403920540331234 0.532214772597959 0.005633414791307826 0.5380360016333678 0.003789823738378524 0.5413810165974756 0.0015227890158743926 0.5421495061430633 0.0025753936721446724 0.5622343994674956 0.004312454285344047 0.5623599237416856 0.006817173930231704 0.5661267326887118 0.019445315210751327 0.5704457944061081 0.035185391169275625 0.5681049736355204
4 0.19634435743292464 0.7760021937465391 0.20283520122723536 0.7732798656401197 0.21336876081915568 0.7651482334546866 0.21810457281398654 0.7564542092920292 0.21868448571483476 0.7510098232595218 0.21550265367535718 0.7453294623987505 0.21163904376829562 0.743149788216509 0.20028589896949445 0.7411460641623988 0.19739834350058702 0.741080834768673 0.19317453442878044 0.7430346733295048 0.18762579008371194 0.7472235464397805 0.18088793042102932 0.7562390532381367 0.17877468684045347 0.7654453137044086 0.17920944883966555 0.7682378057178154 0.18201311052811764 0.7722055075396119 0.18913112792547482 0.7759471035596677 0.19634435743292464 0.7760021937465391
5 0.5125750031608133 0.365723597987218 0.5184613100113522 0.3569692789440963 0.5190072679232884 0.3508769931269299 0.5167306964912671 0.3404569891742913 0.5174200236847193 0.33710035221455037 0.5140251307657817 0.3383610698303749 0.5128293625915245 0.3375574983312937 0.5061394543367361 0.330978189137483 0.5051068082503954 0.32778391137453566 0.5021287061443895 0.32599094922171884 0.49894220863191785 0.32572482695322275 0.49611124481119695 0.32673943053392873 0.49204589235431273 0.3317168014231697 0.4892961442247021 0.34528761494751725 0.4902788515194995 0.35303226492319456 0.4962643452474292 0.36268032760576246 0.5045215391708571 0.36614566215046757 0.5125750031608133 0.365723597987218
0 0.6254773748955681 0.2746986483895241 0.6351660345319879 0.27245840914648733 0.6396821327907156 0.26507525827326417 0.6381581330569761 0.2580086555224782 0.6357665967084616 0.25640151252431564 0.6313956493513698 0.25554778535162465 0.6228122112521091 0.25686386333465183 0.6205678131888794 0.25806428607001214 0.6170550715005747 0.2625795763292483 0.6161988532154368 0.268255002676758 0.6178067467296315 0.2714191329994733 0.622567182767386 0.27420148580602566 0.6254773748955681 0.2746986483895241
0 0.6463980464998198 0.22812469213398606 0.653013391920141 0.22777799657131678 0.6583084675401942 0.22425209696581622 0.6600049203078385 0.21809951626818544 0.6580641297611676 0.21408659328604082 0.6532697387345011 0.21065634069482936 0.6423174009460002 0.21079720886946665 0.6386348843131355 0.2120730002054072 0.6361594541841658 0.21436832963531552 0.6351787342730173 0.2176681234390752 0.635670087920416 0.2215404484269138 0.6375542868189005 0.22447353843462675 0.642314722856655 0.227255891241179 0.6463980464998198 0.22812469213398606
0 0.6276938648542719 0.21242983497493095 0.6295827292257505 0.20994868639036848 0.6252164473416529 0.20368072062540227 0.6077100212540115 0.19983387874486547 0.6066047997168528 0.20075804000487504 0.6042492057408991 0.21084324057080867 0.6055807938708042 0.21423841120852635 0.608626805954634 0.2173271729306614 0.6184173305577896 0.21703063304160192 0.6276938648542719 0.21242983497493095
0 0.2740675555763171 0.5365284307087297 0.2774624484952547 0.5352677130929053 0.2818606979846151 0.5311391348630937 0.2860438992108666 0.5229071913304411 0.2870359374516522 0.5198233641215677 0.2850498735864319 0.5149465747598775 0.27941524807725904 0.511993476518787 0.26934841808981375 0.512521056722849 0.26566590145694924 0.5137968480587897 0.2617863077472562 0.5168154458739371 0.2594353792442967 0.5214864078475954 0.25847729599242303 0.525218134841128 0.2590365596176456 0.5303862593982849 0.26303598948035495 0.5351575327191626 0.26626776031137595 0.5362875213672041 0.2740675555763171 0.5365284307087297
0 0.14391803685794355 0.3094647334790331 0.15077573267364253 0.30823909781670233 0.15388300187865303 0.30699345392099375 0.15719866649012937 0.3042209701409647 0.15931856292734836 0.30064491486185435 0.15855656306047866 0.29711161348646126 0.16039449494858932 0.2936586152249102 0.1576247882490492 0.29033881318777277 0.1534961912873353 0.2886061459154203 0.14896212184232702 0.29014312500659534 0.13916027890953409 0.29022369830076855 0.13603037304524893 0.29103740900670416 0.13104555779839716 0.2949801680818615 0.12979985083259643 0.29872696879551003 0.1303477961281817 0.3036791267577804 0.13224331335630352 0.30682818336037976 0.13698111273478336 0.3091786029771592 0.14391803685794355 0.3094647334790331
1 0.6351761537552942 0.861500435289831 0.6385710466742319 0.8602397176740066 0.6418753929560709 0.8572512672990911 0.6433747686468866 0.8528414930806674 0.6418620872427846 0.8459908569247677 0.6318432086632336 0.830923621136663 0.6263830235716146 0.8257957832265925 0.6229768123230397 0.8268405342475308 0.6186191706792343 0.8372472174491632 0.6022106225664124 0.8543491352726041 0.5952237596517089 0.8586133769834602 0.5942656763998352 0.8623451039769927 0.5966458944187125 0.8637362803802688 0.6079650842286017 0.8650921046497201 0.6351761537552942 0.861500435289831
1 0.6780647454413776 0.8213547808466117 0.6817812170631541 0.8207268892953303 0.685660810772847 0.8177082914801825 0.6941763388942842 0.8150964139278374 0.7031379473445707 0.815492994983785 0.7090195887221155 0.8121529145329388 0.7108292247861329 0.8081599997841717 0.7106368131822985 0.8044885676711034 0.7083404889438766 0.7991949188397568 0.7050860814535811 0.7976329970019422 0.6976418198803908 0.7986728135096188 0.6940884703465307 0.7969099987970341 0.6945052611594624 0.7938563190283928 0.6974767104088252 0.7900190759940479 0.6986318707375273 0.7845445425213085 0.6973502213991656 0.7765989996708609 0.6931763511189024 0.7740024660189629 0.6837300418778604 0.7753637651623382 0.6698628464881834 0.7804217093457522 0.6654439477231971 0.795162798165228 0.6658627259197778 0.8031535621760237 0.6683854167509461 0.812766542905098 0.6739361484796637 0.8196221135742594 0.6780647454413776 0.8213547808466117
1 0.6013731509066904 0.7448137850181281 0.6079026151629071 0.7373251181040926 0.6151224975270002 0.7430104134781257 0.6295036832233506 0.7422567274723229 0.6354985078972686 0.7410763129703402 0.6405512331219442 0.7384293534645012 0.6429247982841784 0.7341903246806156 0.6425739300654215 0.7274953602391381 0.6388055322684526 0.7216291802237125 0.6355284881188823 0.7196353251961254 0.6347495107575567 0.7157780739284029 0.6379133716107537 0.7156122630071262 0.6403481938941686 0.7070388286053972 0.6402396760707896 0.6994649240642582 0.6366683553506491 0.6918559375696255 0.635010523044911 0.6932421794596401 0.634075076452312 0.6974058396429453 0.622733249983148 0.6956180821837215 0.6125665424126161 0.705246406813243 0.5950101775334312 0.705949937145436 0.5913502975598413 0.7076576616711493 0.5874773567067915 0.7163064646734585 0.588862858395538 0.7372401506573204 0.5944022717946182 0.7438797547315952 0.5973577372413494 0.7452407836946393 0.6013731509066904 0.7448137850181281