5 0.6984349631275771 0.40082029546525383 0.7032386851002318 0.4082185200585931 0.7029444085296617 0.41383365152563867 0.6990468436336881 0.4166612254925391 0.6941119671783796 0.41726883863011166 0.6908349230288094 0.41926269365769875 0.6830238094342309 0.41971956959411083 0.67979203860321 0.42084955824215237 0.6821429671061695 0.42552052021581066 0.6846297155647767 0.42759988305083246 0.6995182387111573 0.4296795160661856 0.7163249157449342 0.4281781592891667 0.7239073145400011 0.42474957463152807 0.7264889452261213 0.42134780154697593 0.7265295530716764 0.41506969657515524 0.7227857793176311 0.4094594996213711 0.7143108590417491 0.400569517097205 0.7089931467624211 0.3974755506814772 0.7052653568110072 0.39706362572508214 0.7003417986853362 0.39745527226776833 0.6984349631275771 0.40082029546525383
5 0.6489523660024943 0.3984435822001787 0.6514324616044582 0.4061531502223622 0.6560730614891965 0.4111606685518353 0.6692518261546465 0.4183481312438809 0.6797694019439353 0.4212814914319251 0.6832208865110594 0.4214623760733177 0.6864752940013551 0.4199004542355035 0.6905020259963333 0.42011148631712825 0.6990015703151389 0.41752509187208453 0.7030802284853095 0.41124205238700223 0.7035376271437962 0.40801762718382284 0.6952777551310231 0.3950242793568156 0.6840897198037876 0.388374265895355 0.668981482921304 0.3849837595905677 0.6540749885886429 0.38875029835726266 0.6504650474065963 0.3915929460442792 0.6489523660024943 0.3984435822001787
5 0.6939401201167319 0.33799895909995953 0.6984855078913773 0.33931997159624827 0.7057713128496452 0.34338332043233394 0.7144772651912676 0.3533682096510479 0.718583225493707 0.35206747556846824 0.7210926106115889 0.35371490521371723 0.7231172949387151 0.35360445465964324 0.7315329454770657 0.3471155877865291 0.732012980794827 0.34345922939357676 0.7301580714122603 0.34033018102435514 0.7232617551346552 0.3343382065544082 0.7141709795853642 0.3316961815618307 0.6980527332758143 0.33106801983021794 0.696388248113433 0.3353119831273651 0.6939401201167319 0.33799895909995953
5 0.6663508802390136 0.33611994877904544 0.6599439302251582 0.3373000931006969 0.6548958704734766 0.34006737218713307 0.6515509163460825 0.3433570267840384 0.651673430588444 0.3520258380197253 0.6550050790025518 0.3599965937971434 0.672362379421259 0.3700017614295662 0.6832694438912107 0.3710064959837491 0.6995574651453202 0.3683951587920662 0.7075723086733705 0.36405088414769965 0.7112841148221528 0.35926453710670575 0.7117188768213649 0.35647204509329905 0.7086974887804588 0.34808442984622434 0.7040116155771712 0.3439407778962968 0.6978197138264248 0.3410175569151071 0.6903754522532346 0.3399777404074305 0.6801455001778727 0.33705945393950243 0.6663508802390136 0.33611994877904544
5 0.7318185818073436 0.35817510528608204 0.7258104514201393 0.3682551011584227 0.7287705823398647 0.37230831078765403 0.7343646000034824 0.37563331751838425 0.7523557268818793 0.37354435583717055 0.7587786606983662 0.37756248351290805 0.7797252530234944 0.3741124928686504 0.7838878049741203 0.37173192581163866 0.7870470003543233 0.36648349814063996 0.7878439489019295 0.35678007509086934 0.7843651622025366 0.351616885046974 0.7727197282168142 0.348191296788693 0.7566014819072645 0.34756313505708036 0.7414413188495883 0.35066670031900016 0.7377861043489927 0.354373214385562 0.7318185818073436 0.35817510528608204
5 0.6607355225940742 0.29467930530750175 0.6563579223803393 0.30116323766735437 0.6542247202298339 0.3088475927625674 0.6556788226021004 0.3141212333605366 0.6587068634996498 0.3168786434204497 0.6640585307678898 0.3193247100515184 0.6789244172549956 0.3218362762566442 0.6853426855984884 0.32044016534010644 0.6983489972300335 0.3144084445837354 0.7028670828724104 0.31074715167752165 0.704762600100532 0.3075980950749224 0.7054237286924906 0.3004862711637883 0.7020015336412841 0.2942432481454612 0.6975580108333745 0.2909785362951951 0.6907455883362249 0.28888903425331885 0.6821055585887772 0.2886527892447236 0.6783324953188142 0.28910473066787395 0.6607355225940742 0.29467930530750175
5 0.4567557898887268 0.36758124917309803 0.4596866312925343 0.3776965971792638 0.4765752147231175 0.3911421566097526 0.48252476607848627 0.39318643749128074 0.4934997405262619 0.39289537247614537 0.49707572671939637 0.39070062457378785 0.5010977932413804 0.38549741806313736 0.5016184364046968 0.3755629546983644 0.4962281486745507 0.36835054925967947 0.4931774711177268 0.36602507238953913 0.474545174217301 0.358335242420402 0.4626054636610085 0.36052478562916657 0.457523448920415 0.36393996450026195 0.4567557898887268 0.36758124917309803
5 0.48595888543158683 0.33316279783298597 0.4754506405882862 0.34105791482949244 0.47329013630551203 0.34375996452220287 0.47349187885533467 0.35091700959368516 0.4762709165008632 0.35842568474109837 0.479609217771614 0.36076623533135477 0.49485794008273964 0.36697938108978095 0.5040732172580412 0.3672457735386084 0.5090307303726243 0.36620622721126306 0.5140561534650312 0.36387088131459955 0.5210336854337464 0.357306645840905 0.5200190105336862 0.35465475182180445 0.5155868060554137 0.35117407337665185 0.5122052188497626 0.3386529453865041 0.507485390657563 0.33515719322123555 0.4965670078579742 0.3343684252619391 0.49001957241547683 0.33272593012995166 0.48595888543158683 0.33316279783298597
4 0.6818940485875876 0.5238256075361954 0.673568944686336 0.5285867416502188 0.6698231835486415 0.5340209884758716 0.6676899813981361 0.5417053435710847 0.6678011773108603 0.550590121401658 0.6730396612827272 0.5551958539815904 0.6845719119720763 0.5607811081887352 0.7000809558648602 0.562027022264775 0.711105869104179 0.5662863294623695 0.7277880445119456 0.5671606052291006 0.7315950627708205 0.5660607640212911 0.7368355341263364 0.5596220528217866 0.7394081637490482 0.5545594443054422 0.7387603408703761 0.5504108578422529 0.731220867187093 0.545684535501392 0.7252393482264615 0.533243710625086 0.7199895459249575 0.52885394464004 0.7072615270613509 0.5240722619319765 0.70155432610136 0.52290692115011 0.6818940485875876 0.5238256075361954
4 0.615584561658481 0.25917939991097005 0.6032327257622512 0.26372950194336864 0.5989616559882462 0.27368397354151935 0.5995755238780063 0.2784804597893676 0.6068773126389055 0.28774208062284223 0.6105145559532208 0.2898817383383283 0.6176485571532095 0.29133841431566154 0.6238178222446813 0.294693568486624 0.6385205866438706 0.2948144284278837 0.6440533471863077 0.2938050295407705 0.6574717841577902 0.2854127499607655 0.6596322884405644 0.282710700268055 0.6603207191647917 0.2805811817594235 0.6595597129897465 0.27859226124509795 0.6525908212613233 0.2684818477521939 0.6426484928998886 0.2655786350043819 0.638250243410528 0.2614500567745703 0.6260635169858638 0.25734642129139806 0.615584561658481 0.25917939991097005
3 0.6677445009292347 0.45811613214320507 0.6540224564411935 0.46129506600570525 0.6475475964495143 0.4637710098966748 0.6412019035568395 0.4692855598361697 0.6380200715173621 0.4749659206969411 0.6362310847289702 0.4815855165378382 0.6366365572122645 0.48485516290136593 0.6390101223744985 0.48909419168525137 0.6507394501406761 0.4964222523716032 0.6546982721578304 0.4979290840225462 0.6665247994177497 0.4978992067626454 0.6736701189473757 0.4991399161450921 0.6897044714764701 0.49586560544863423 0.6972232958841273 0.4899794171998309 0.707262823739304 0.48552469200139026 0.7112282986131013 0.48140131846517165 0.7131238158412232 0.4782522618625723 0.7133049091154202 0.47479679634439054 0.7096403636688361 0.4676748332264019 0.7047121400701709 0.4626522411768127 0.6991181224065531 0.4593272344460824 0.6801915489355571 0.45725253594399096 0.6677445009292347 0.45811613214320507
3 0.6138969185980072 0.42345981471251004 0.6054586314003823 0.43038061477539713 0.6014026098894864 0.4362317210707068 0.5983838999379253 0.44430278819534424 0.5978585913016147 0.44882301296784205 0.6001302914971129 0.45500574110570485 0.6033327728122162 0.4599378908345977 0.6136239820087587 0.4671905829203692 0.6201940541105306 0.46840114486258394 0.6326297837872159 0.46775351525825604 0.6434529544767122 0.4648557773843683 0.6506841551704425 0.45895451541544885 0.6535623796933616 0.4480608088371724 0.6545856948337142 0.43403805388967437 0.6542141773393318 0.4301205077414877 0.6518519305067351 0.42566551236271577 0.6434382673520338 0.4211099354563931 0.6244437839032139 0.4203310365236198 0.6192099654043411 0.42113954253596264 0.6138969185980072 0.42345981471251004
1 0.6221745075967433 0.1499455240588151 0.6252318380102105 0.14664079574179373 0.6262984390854631 0.14279861819418738 0.6228536073749822 0.13698752836563294 0.6247105041411979 0.12907213295541758 0.6235799678554195 0.11212122251346837 0.6196324641679025 0.11039842426763906 0.6141110219551027 0.11119185655986578 0.6098306212351096 0.11031785097346578 0.6064583649754466 0.10862520016786852 0.600114659466421 0.10309530632792648 0.5969507986132239 0.10292949540664979 0.5951797830111126 0.10370291946549903 0.5886303601849663 0.11310486811294847 0.5827873392693276 0.11453112646971828 0.5738370491486784 0.11471174093077977 0.569731088846239 0.11601247501335958 0.5692510535284777 0.11966883340631189 0.5726279752611347 0.12677572280418428 0.5724355636573003 0.13044715491725256 0.5705626830884533 0.13316427833007913 0.5703249981660696 0.13769957682269282 0.5690386833547139 0.140230881080865 0.5663708416219095 0.1416069837640252 0.558559728027331 0.14206385970043717 0.5443802848808031 0.14846721876611677 0.5358854060349917 0.15646785180343561 0.5342888308504342 0.15941601553126444 0.534316132982703 0.164398320933767 0.5361144507170831 0.1686072022774205 0.5411332209528468 0.17190206156791862 0.5448610109042606 0.1723139865243138 0.5524071374441867 0.17141010367801304 0.5549052042324313 0.17327349991814828 0.5543346222775714 0.17865759107019152 0.5566289591323443 0.18440838601828163 0.5603793857430328 0.18438837778490397 0.5734516199687527 0.18810530123865168 0.5820623602002825 0.1944036846241815 0.5958276906232237 0.20140532816157286 0.6150758427970586 0.2028472005991213 0.6185612823530947 0.20238018545585482 0.6247258819715723 0.20032110103454198 0.6290016172185715 0.19578086802866648 0.6324664074989819 0.18470134229573584 0.6389865408092106 0.18136153202522082 0.6411696817512593 0.1782275491427377 0.6394845473132523 0.17185900185022063 0.629306521413083 0.16244664381558538 0.621982095992909 0.15361695617188342 0.6221745075967433 0.1499455240588151