2 0.5154179884553318 0.5869797080141312 0.5042612031116784 0.5960108382353884 0.5027426702096405 0.5985297118743663 0.5023598588363758 0.602446170545705 0.5048061274506284 0.6057306966580482 0.5152700564656321 0.6125744350181135 0.5194632914673121 0.6171860630523127 0.5223804288229998 0.618582037794309 0.5339749226482365 0.6125575269692873 0.5430389580299553 0.6119199583940164 0.5450296488530634 0.6110789919390534 0.5535487598958321 0.6007215649411226 0.5562348854068601 0.5911386470135609 0.5539966026091661 0.5834483061822573 0.5502232067795081 0.5807244243732227 0.5429571673546303 0.5789127972748381 0.5353606353055361 0.5808077898066426 0.5269091339621068 0.5849413338257708 0.5154179884553318 0.5869797080141312
2 0.37070181971292443 0.4840328435741289 0.3713679616798972 0.49088543853119837 0.37538637112487094 0.4950077105177758 0.3781810016729009 0.4957044901710007 0.38775164441517723 0.4954161165675243 0.3987030223015423 0.49792371817395153 0.4052863396295213 0.4953303356985579 0.4096147940298801 0.48749419777515157 0.41188236954852114 0.4795899921767873 0.41030765035852984 0.4716193291938292 0.4091719288297567 0.47022174416146856 0.39857020205680416 0.4686928546502848 0.38674727474617776 0.4708713899144724 0.37159123844674674 0.48046557987458477 0.37070181971292443 0.4840328435741289
3 0.3758268719133822 0.21584442603712123 0.3712891425168299 0.2245199201251261 0.3605866457846857 0.23411008435932748 0.35852834526223804 0.24117493379309315 0.3614990905466093 0.2459275280483018 0.36736910387710725 0.25095722387443586 0.3756139085836131 0.25479595312863 0.3838229746709967 0.25639693604068287 0.38838115173638016 0.2559732322324726 0.39208307032779355 0.25422162135722404 0.40184254039743206 0.24484210130935455 0.4035180295466151 0.24169371054692754 0.40524325908557624 0.23120256363462716 0.40277783198212747 0.2232327057968512 0.39846209017278966 0.2179218826738806 0.39072389282684145 0.214432348391481 0.38206182730758365 0.2158387900208459 0.3758268719133822 0.21584442603712123
4 0.013580230423245321 0.8222602353266506 0.010105456137586488 0.8242913632083709 0.007592867003629622 0.8307971786291926 0.008257719790967344 0.8340833150319001 0.011105958267680793 0.8381367141983371 0.017569347147271965 0.841977053742896 0.02101225035271359 0.8484075551821194 0.024610820625665376 0.8506420809435321 0.03119542713327932 0.8516151570225003 0.03887872737090907 0.8481816132373258 0.04156743124120717 0.8457316124184882 0.04240453122598109 0.8423741877600938 0.03691732926874793 0.8334280332626207 0.03406780161239946 0.8258081755418217 0.031464576751001984 0.8231531665529275 0.023850175392346462 0.8239292859136615 0.013580230423245321 0.8222602353266506
4 0.1698636410132239 0.7954754127100351 0.16717493714292572 0.7979254135288729 0.16600734453393554 0.8049894578174565 0.17547850649665525 0.819386596513727 0.18692120079328692 0.8282574370296022 0.1907813648114805 0.8294427675852664 0.1947104277086485 0.82797067371649 0.19863820142618144 0.8229321212933518 0.20005080765048744 0.8172664671823113 0.1997853463663405 0.8076162867249737 0.19777549705403608 0.803771921454504 0.19312926262048197 0.8021677179617225 0.18217530637484675 0.7925271992465714 0.17871711221911407 0.792110741745001 0.1698636410132239 0.7954754127100351
4 0.5439545187671374 0.7773049589617023 0.5439941249251649 0.7902420809669296 0.54710395714712 0.7932462849276184 0.5514707285258712 0.7947808104550774 0.5576533651710243 0.7949850134799517 0.5600804752960806 0.7935842078668622 0.5607261695942223 0.7921850125441372 0.5595712895762529 0.7861020957863438 0.5540827984393848 0.7735894827345091 0.5525451070481506 0.7714230246480545 0.5516543991346933 0.7714238297932366 0.5473412356846256 0.7732459237789898 0.5439545187671374 0.7773049589617023
4 0.5324377688729911 0.7568257086528206 0.5322119137468715 0.7601126502007103 0.5387467798647072 0.768428482429552 0.5457856749838303 0.7699605925214644 0.5482306544184479 0.7696786600794457 0.5507624020416009 0.7678581763840568 0.5521239786964935 0.7659688198685279 0.5524889207601972 0.7609334880261184 0.547142094920183 0.7538054017884879 0.5429322797885769 0.7516413591375798 0.5400330117424502 0.7513642575666541 0.5351609221827764 0.7530469956217625 0.5324377688729911 0.7568257086528206
4 0.8424375317059891 0.12423315880160972 0.836972066597222 0.1271052531382934 0.8333939439931015 0.1331225176566752 0.8327316695650339 0.13696929836269156 0.8344276063830481 0.1420726978800591 0.8368036869386909 0.14444818986248115 0.8528900373096068 0.14779031676241372 0.856434999653875 0.14666822301061436 0.8588965592184186 0.14393870518530463 0.8604495415599438 0.14009111933410603 0.8600284132082866 0.13463691455457943 0.8589092718094395 0.1307917441389276 0.8561133520817746 0.1265285059313408 0.8533531709732317 0.12450301406589555 0.8461050008579152 0.12381026013858172 0.8424375317059891 0.12423315880160972
4 0.8816681068508103 0.0883233078288244 0.8835362908662608 0.08678314628508996 0.8850012158396152 0.0809076531328996 0.8606879300717548 0.07484567014984336 0.8554687677579386 0.08268261321843191 0.8603613049864436 0.08925166544311817 0.8683087773285851 0.09190184356091927 0.8731464174487715 0.09154781771803151 0.8816681068508103 0.0883233078288244
4 0.40508093217223295 0.5068690675262422 0.4060073787048125 0.5091060087232014 0.4093966739815708 0.5121798906492128 0.4131343311921064 0.5126660261161058 0.42080105129981005 0.5116800677142225 0.42518440280848735 0.5107670078583904 0.4277161504316404 0.5089465241630016 0.4294426691502367 0.502021835805063 0.4279394271984899 0.4985266655063881 0.42442762511407384 0.49475358849160517 0.4174065993045117 0.4943403515707635 0.41091005016506843 0.4953951827927871 0.4050783538129628 0.4997361504175184 0.40508093217223295 0.5068690675262422
4 0.37266450699472065 0.5023528821031958 0.3746922256165861 0.5073161205447362 0.38468399671051945 0.5124819517207866 0.3915301969633753 0.5124058325940064 0.39556389735864006 0.5105140606429308 0.3983049199779866 0.5078542207829433 0.39969965689273146 0.501069693500832 0.39568124744775773 0.49694742151425453 0.3921005464843672 0.49583176892391256 0.3848523763690505 0.49513901499659874 0.37680155570844703 0.4964749735154589 0.37421748933624566 0.49850529625199735 0.37266450699472065 0.5023528821031958
4 0.4798585707960122 0.5843544893969783 0.4740434545738326 0.5862478716384183 0.47240241486413703 0.5880675501886251 0.4781677906965382 0.5935169240970584 0.4953375438471788 0.5984664750705014 0.49828913064235386 0.5985337376002773 0.5031612202020275 0.5968509995451691 0.5136710220679045 0.5856526060922752 0.5149955709240397 0.5779590446802427 0.5124956943811039 0.5713178990546873 0.5070799696621152 0.5668472372414974 0.49998875579394364 0.5655249661907347 0.49424382763037367 0.5683273825620958 0.4848505888040737 0.5762380293219178 0.4798585707960122 0.5843544893969783
4 0.5235505997912602 0.6186509106144493 0.5219976174497352 0.6224984964656477 0.5223842963619051 0.6292814134573949 0.5276073262146264 0.632143846051892 0.5337031946712438 0.6338866003301364 0.5450208038009475 0.6349253286485161 0.5506266450269336 0.6338713025716745 0.5575238748492027 0.6300188858493829 0.5585345112110478 0.6235843586842483 0.5555803460566027 0.6163841790457487 0.55282016494806 0.6143586871803033 0.5461130516327881 0.6126864160125637 0.5352497311145935 0.6122067217071284 0.5324206511270765 0.612838654266124 0.5235505997912602 0.6186509106144493
5 0.1819098450906997 0.782877018789234 0.179850255388617 0.7863754096686378 0.18385208470366465 0.7929452670385063 0.1902121252647941 0.8007717432197262 0.19375837678869745 0.8032161080222886 0.20051780885301768 0.8046785401488785 0.20556343478976266 0.7999186995870302 0.20964816475444067 0.794250630040443 0.20730524445864992 0.7869799672914386 0.21020322332514163 0.7836906103080021 0.20763444790323127 0.7797068891068877 0.2001935829216471 0.7774059059608813 0.18934813171301373 0.7780450848265167 0.1819098450906997 0.782877018789234
5 0.6599234138165813 0.6383879234743743 0.6616372199441567 0.6446101961628127 0.668258854250528 0.6513874771382844 0.686491562512062 0.6496926619054431 0.6920437958093646 0.6452820163153894 0.6927060702374321 0.6414352356093731 0.6906962209251277 0.6375908703389035 0.6774721108015813 0.6287216401133929 0.6680584243064502 0.6283804965934203 0.6651770255698847 0.6292222681935654 0.6621565398957351 0.6318124300882304 0.6599234138165813 0.6383879234743743
5 0.681611737874578 0.6299766486343799 0.6832017480148602 0.6319332676796848 0.6961106564644816 0.6384950735977314 0.7073414974056497 0.6410723531694812 0.7139592641731157 0.6371502584818669 0.7158618976280533 0.6342813847259121 0.7146202494215483 0.6297370192214888 0.7074754276246934 0.6250581286575138 0.6937115498807372 0.6207348742267909 0.6857130479691821 0.6218609937045014 0.6804224084171214 0.6252224440888069 0.681611737874578 0.6299766486343799
5 0.7198777287137569 0.6312707396037657 0.7155122465146408 0.6333026726306685 0.7091050439230032 0.639951869708046 0.7104513296276049 0.6440765571301699 0.7172988190600957 0.6475668965577517 0.7240059323753676 0.6492391677254914 0.7296819616599631 0.6490941757785711 0.7387281277321207 0.6473377340322294 0.7411373685476158 0.6448180552480691 0.742008917971877 0.6401319183774542 0.7417983537960484 0.6374048159876909 0.7404354879615207 0.6357277139488582 0.7347237200578028 0.633634959553637 0.7300430361847614 0.6333594682730758 0.7231610973127836 0.6311978410577145 0.7198777287137569 0.6312707396037657
5 0.6926804658500607 0.618917611112131 0.693816187378834 0.6203151961444916 0.7024450926382395 0.6238039252817089 0.7103746956708201 0.6253352302284394 0.719175848127662 0.6221803983045547 0.7201010054806065 0.6208508809471521 0.7196977464385105 0.6165155493386962 0.7174607528204515 0.6123916670617545 0.7145436154647636 0.6109956923197583 0.7044484960523686 0.6098159977803691 0.6926089886118162 0.6144421184278479 0.6926804658500607 0.618917611112131
5 0.6748254122432512 0.6024301334561857 0.6736042117055775 0.606137558231557 0.6747578025439118 0.6086540164349885 0.6781470978206701 0.6117278983609997 0.6878415365502393 0.6157051784006567 0.6948625623598014 0.6161184153214985 0.6968009344338613 0.6154872879076851 0.6995240877436466 0.611708574876627 0.7050418716014619 0.6086266414987938 0.7057922033977002 0.6068077680937694 0.7021042865769428 0.5989788764770029 0.6994831924059841 0.5952049943170379 0.696950155603196 0.5934590194580649 0.6900516366012918 0.5937449776259945 0.6808485142819892 0.5961309364957852 0.6748254122432512 0.6024301334561857
5 0.8625295789308576 0.14484451873449683 0.8658308168394451 0.14589049335951615 0.8702856455863669 0.14945292618796707 0.8783556247361665 0.15280229939453954 0.8852541437380707 0.1525163412266098 0.8875766163650305 0.15153521369581968 0.8914520713335149 0.14670650031383117 0.8929871843654787 0.14174004129156198 0.8926541133819924 0.13831374381302722 0.8898237442148401 0.13537921781766088 0.8834828621429068 0.13223807336187363 0.8730916995457829 0.1334362862404533 0.8675560463784062 0.13539934644721585 0.8625295789308576 0.14484451873449683
5 0.017701988186680607 0.8223963706765666 0.023570712337543466 0.823859607948339 0.031010288139492515 0.8225941325399834 0.03315793520974597 0.8211236489615714 0.03483342435892887 0.8179752581991444 0.034063934073494395 0.8151087998787361 0.02461321977960589 0.8089634514622599 0.017347180354728042 0.8071518243638753 0.011811527187351479 0.8091148845706382 0.014312692909922497 0.8193224887505555 0.017701988186680607 0.8223963706765666