3 0.5296653178938993 0.6007548920572109 0.5224364850326673 0.6006474737455928 0.5170544971822649 0.6022563461554508 0.50809215521925 0.6076205382257815 0.5059136582973138 0.6063042979092309 0.5042476583786429 0.6028673810712007 0.502310390821734 0.6020114034080016 0.49765952370310423 0.602174940214301 0.4947046947763559 0.6027341920304476 0.4856745359037816 0.6087436188944861 0.48290829243233013 0.6130194134567363 0.48215487379048527 0.6229431197511355 0.48285626397549475 0.6328022784020305 0.48694973054426727 0.6434528670726205 0.48964846483260677 0.6480855997303492 0.4923772373941568 0.6496771305598951 0.493055714216199 0.6514880750490883 0.49398285303995915 0.6509331586280196 0.5212476652924924 0.658800252761777 0.5302103149819548 0.6616993531177174 0.5337531981846659 0.6638113588490409 0.5438012261535272 0.6646499949319279 0.5559974050446665 0.6615827807332769 0.5630602580871213 0.6577585780342223 0.5661581534696795 0.6530827330670465 0.5667081213828459 0.6450947311537707 0.5602249668003205 0.6296264376850959 0.5537269469444137 0.6198103913436479 0.547922576910378 0.6144163347904374 0.5454350337138552 0.6132850666142431 0.5360500018407596 0.603383037295234 0.5296653178938993 0.6007548920572109
3 0.5829206709378226 0.6065697094254044 0.5826193650263741 0.6121918504284183 0.5798757271914425 0.6162525667260992 0.5754360511646294 0.6199175680139328 0.5742754233389802 0.6254493906443076 0.5756323769830645 0.629071279622694 0.5821452621123528 0.633235078836915 0.5852660708578782 0.6366074480314412 0.5947789961869545 0.639781838900377 0.6053094828858703 0.641541000289967 0.6166240419527366 0.6468618384095174 0.6374134399858827 0.6446978079372575 0.6425768041077777 0.6424135946094787 0.6451244238507217 0.6374624591293075 0.6455687962179799 0.6277237249752646 0.6336959134219139 0.6084271350537902 0.617692708600069 0.600873866706064 0.6005137029527459 0.5962413756896686 0.5919808680836075 0.5975190807331833 0.5852044556792195 0.601373389556451 0.5829206709378226 0.6065697094254044
4 0.3791905303001741 0.30203142384681414 0.3759266550988391 0.30277564780331706 0.36418289666454373 0.3098045891368538 0.36022567936778505 0.3143901157313905 0.35179131513431183 0.3285079690055568 0.35136180804043515 0.33259445603237275 0.35336720023335105 0.34106849132813505 0.3629482501984343 0.35186093982963423 0.37384816744480553 0.35561601784877367 0.3810317890329978 0.3561535926895303 0.386572016339039 0.3530391724276874 0.39612241257801667 0.3503462379048271 0.40677305236977485 0.33994059198168614 0.41075287530305343 0.33513998712258025 0.4126597968603041 0.3307738741876909 0.4134962054115374 0.3228159783986281 0.4154031269687882 0.3184498654637388 0.4127043926804488 0.31381713280601026 0.39998766869645863 0.3053045622372118 0.39338436102109087 0.30200107608126786 0.38620073943289857 0.3014635012405113 0.3791905303001741 0.30203142384681414
5 0.4617909352054473 0.714743003449175 0.4468737241158961 0.7216558556809376 0.44110000780796604 0.7297471821520866 0.4392082592505443 0.7367243403860201 0.44089686480573514 0.739946178959481 0.445276464286127 0.742363581328013 0.4567566954453229 0.743352748031965 0.4586939630022318 0.7442087256951639 0.46192036729366537 0.7493318271304574 0.46835026251356526 0.7515298158393419 0.47211920208147456 0.7514910389249728 0.48044084585879626 0.7467118693999238 0.48406641124444844 0.7425263932103128 0.48975713764299 0.7324692562338274 0.48998319400818824 0.7303184735881347 0.48831719408951735 0.7268815567501046 0.4853245865264202 0.7250448415317764 0.4807564015907313 0.7189108964171409 0.47675366529448554 0.715663287114545 0.4653412510448491 0.7140288856168852 0.4617909352054473 0.714743003449175
5 0.48879934509312434 0.7195387896305366 0.491204206106706 0.7269675397276657 0.4906542381935396 0.7349555416409415 0.49375244130254503 0.7385429891000368 0.5005065557968608 0.7431670509676094 0.5038534209075842 0.7443886375164428 0.5113008774973237 0.7451713967459817 0.5168788834397137 0.7444529435186137 0.5249363844890407 0.7311652971785113 0.5256297265844644 0.7273239945404777 0.5175561293559658 0.7132107183027225 0.511216656682145 0.7101524165355608 0.504146063276552 0.7085394503719579 0.49663078977725317 0.7084019259361268 0.4914900312918779 0.7104710609993365 0.48879934509312434 0.7195387896305366
5 0.5330610869950322 0.700705831192159 0.5277017047811496 0.7020996253374479 0.5230660106623488 0.7048742074427914 0.5196364633686843 0.7099501028148925 0.5206843707381819 0.713756963933635 0.5233982780263504 0.721000741890408 0.5280946641444674 0.7286703409812413 0.5341476961802211 0.7316985366241899 0.5378262132020512 0.7325200727680979 0.5401855552161458 0.7321156869680945 0.5430347885969857 0.7298057029111805 0.5435698912367706 0.7274699481251318 0.551047078373273 0.7169482131002166 0.5501196318230656 0.7092398370950145 0.5487174669059416 0.7060481046457665 0.5457474649793643 0.703996311162869 0.540749772949799 0.7019488530750495 0.5330610869950322 0.700705831192159
5 0.8071334118230652 0.5646817000677488 0.8047666371722796 0.5679122094313658 0.8035834037101107 0.5736591103263098 0.8055736229031976 0.579522100323028 0.8077375622781995 0.5947538801930766 0.8128182442171534 0.5987671487862325 0.8196476082577192 0.5999198522964839 0.8234617590986684 0.5994509188529762 0.8325070909710716 0.596052537287982 0.8351829118964439 0.5926370557840087 0.8365169521775607 0.5882107306006933 0.8382501535528963 0.5744758277924735 0.8372548900931293 0.567412686580979 0.8140754963197827 0.5564957198288828 0.8104948344807227 0.5519877470630844 0.807321381825467 0.5518716579613102 0.8051506252666693 0.5559925865074173 0.8071334118230652 0.5646817000677488
5 0.8511458762703599 0.5316880176870911 0.8517342382727705 0.5426225676608324 0.8532042200994538 0.5451690653163725 0.8582019121290193 0.5472165234041919 0.8671345235452709 0.5531568255883151 0.8811855955368257 0.5655063634000691 0.8853239656521902 0.5674635031152494 0.8928392391514892 0.5676010275510806 0.8974749332702899 0.564826445445737 0.8993140379179814 0.5611055673045555 0.9001352734693855 0.5505366262164487 0.8971875694528805 0.5400064620427107 0.8869506483022749 0.5271879907874492 0.8830987188249771 0.5252609571964818 0.8694625963803648 0.5227404719114099 0.8581935563129859 0.5252527696889921 0.8511458762703599 0.5316880176870911
5 0.32953998336406787 0.3418259631112054 0.32503992306438606 0.3433100756291331 0.31952973403155555 0.34338329406279333 0.31484882863971514 0.34658803269727534 0.30885679632972496 0.3622673106767745 0.3079076673223401 0.3795638902149546 0.3132599246259793 0.38925951205955045 0.31783554219835886 0.39256733361057244 0.3223733811343897 0.3934791881271196 0.32841124017031437 0.393896338471024 0.33291130046999623 0.3924122259530961 0.3369589403128342 0.38696638630028235 0.3367703548575373 0.38324984355417896 0.33796876131953535 0.38011398795827905 0.34415711944796057 0.37358842158754096 0.34597361845913194 0.37008262171092865 0.3463805199164887 0.3662112129486819 0.3447445582710284 0.3597330942824691 0.33847290250676715 0.3560295577215996 0.336166204402403 0.35317766342885104 0.3342512347555665 0.3438433150748118 0.32953998336406787 0.3418259631112054
5 0.47692937344093866 0.1711764061631421 0.47207505559363055 0.1732756473505646 0.4684720958444982 0.1772460452756066 0.467748715475864 0.18412854974182302 0.46982192457833916 0.19195735024387753 0.47821200071811526 0.2030595307776631 0.4803678920035315 0.20459084935878286 0.4840916202984012 0.20498222897355228 0.48795098241238977 0.20408313900090622 0.4930087509883765 0.20004819343236022 0.49800613529149446 0.19383235909390856 0.4989407067519453 0.19045131910922644 0.49787762638261884 0.18403341269143964 0.4947868559103041 0.17761984166873074 0.4908971477966574 0.1732968410432884 0.4846858763052649 0.17177419325232474 0.48146721237696954 0.17208826067968924 0.47692937344093866 0.1711764061631421
5 0.42723207659955553 0.1700846398253162 0.425302549405785 0.17466583102477493 0.4263210339549669 0.19804047882424247 0.42938919879076176 0.2046691281115205 0.43477892700430243 0.20849742456432013 0.4384574440261325 0.20931896070822814 0.4471259127143896 0.20675078607729783 0.4514299549220839 0.2043762543768799 0.46211063298705274 0.1909294066255563 0.46280397508247634 0.1870881039875228 0.462019902714526 0.18352642725756238 0.4557405065871265 0.17438572183403528 0.44809703190539957 0.1727125434220062 0.4394886397635635 0.16919831439657104 0.4317321368992374 0.1686005273073885 0.42723207659955553 0.1700846398253162
5 0.45649238659673397 0.12314555340828055 0.45632671450440443 0.12747722482387883 0.4589124206101447 0.1331853488044538 0.45889012270007246 0.1416637194952941 0.46171705817084 0.1478321061292207 0.4665942893811157 0.15378107910349983 0.47638622271156816 0.15981169966026204 0.48264270547600024 0.16090419092208746 0.48846194078341754 0.1606460003480711 0.49348967108619346 0.15965225660770788 0.49717562074471433 0.15764766918800235 0.5002886891271013 0.1555828695198706 0.5056551962512272 0.14309965938469743 0.5061599528913542 0.13554181400056028 0.5038606874236807 0.12986379614419832 0.4830480683011197 0.11571632002848516 0.4761508873509942 0.11520885131194167 0.46602760983588254 0.11784157358637586 0.4615275495362008 0.11932568610430376 0.45649238659673397 0.12314555340828055
5 0.5920986537687721 0.11695765042204362 0.5889100281136873 0.11423051602122522 0.5882615895648559 0.10937836970384929 0.5863091490081179 0.1059113467416061 0.5765323886774946 0.102491771483888 0.5689945095416757 0.10256932531262616 0.5608159322201639 0.10323190168664609 0.5539791355429072 0.10490532174000826 0.5498711114272006 0.10817027262291616 0.5480546124160292 0.11167607249952853 0.5477009703212977 0.1288177860215655 0.548907117146434 0.13111909928832338 0.5524047890761055 0.1336612615487855 0.5650459557873979 0.1373818980486338 0.581810319614226 0.14044862896461835 0.5919109914928178 0.13803098495475327 0.5956573254242072 0.13820728630495357 0.5994563032653272 0.13512730756240182 0.6001948566337905 0.13085584839522943 0.6033831745624277 0.1253196903697767 0.6034810297451978 0.12163325374788618 0.6010386978217146 0.12007182904255335 0.5960561787919783 0.12063541625377808 0.5935234243224159 0.1199343046067221 0.5920986537687721 0.11695765042204362