5 0.10209875533215942 0.6491452555341415 0.09609346629080272 0.6504851503582012 0.0910484511460217 0.6532703327723651 0.08175244037619316 0.6635384443997444 0.07952948181831888 0.6669386293180658 0.08021887381423695 0.6703113417824507 0.08356549889532278 0.6734023390550558 0.08760151597232654 0.6798660487920456 0.09073888600578206 0.6803069773953178 0.10121875927674603 0.6761017313201355 0.11127726070224253 0.6748947017160569 0.11534623751841519 0.6728458993239133 0.1168339416593767 0.668468827872696 0.11191218022065028 0.6620990231996327 0.10937820084153715 0.6532257513041856 0.10685712414425015 0.6504691656063828 0.10438047899285423 0.6494659308819758 0.10209875533215942 0.6491452555341415
5 0.04131778968309234 0.6842807110590248 0.03409710927653504 0.6839210755551364 0.029547995512074505 0.6852472341522279 0.0185263584397956 0.6933073299759714 0.016873830797094973 0.6967876837312513 0.017113183833687262 0.6992235940812197 0.018043359741300963 0.7008830399906885 0.021345553276495333 0.702220686289898 0.02104457338687582 0.7043622694835431 0.02416617898829873 0.7069848656989398 0.03420891598176268 0.7079595037069856 0.04745064986170935 0.7047975767746899 0.05215168444608278 0.6982514496758911 0.052167448878115454 0.6960697820637667 0.049497313111122085 0.6902348110579021 0.04487510068691177 0.6858726000960782 0.04131778968309234 0.6842807110590248
5 0.061122365643639 0.7172016502835892 0.05792479963225976 0.717189038319046 0.04345047907997629 0.7249822794404028 0.042278088385563566 0.7291852769907348 0.043205402542970714 0.7391430767099728 0.043910558970921484 0.7403341215622332 0.04641730211127923 0.7411231979672758 0.06075260452547545 0.7446666115452709 0.06452060145202843 0.7447593923467725 0.06846918631235324 0.7435672232320869 0.07608257145051926 0.736993623679352 0.07820090248457841 0.7322684044263642 0.07451029684308526 0.7254164624691244 0.06937784948162518 0.7205457660316128 0.061122365643639 0.7172016502835892
5 0.14142984617118273 0.694201165040368 0.13462910673498943 0.6949924899702608 0.1306504238857028 0.696398817404311 0.1266115450584921 0.6982334614770901 0.1231875286923465 0.7019016253602233 0.11941953176579342 0.7018088445587216 0.11589231875093589 0.7000027972023037 0.11419535956234408 0.7017297999841882 0.11332394875755085 0.7037912143408748 0.11630653622088646 0.7177504652556232 0.11876741694024959 0.7209353675921549 0.12067220030136847 0.7260076103844879 0.12589494162971443 0.730235831863906 0.13328044553801072 0.7314921850637319 0.13770916734662345 0.7310226597440984 0.14135820319243195 0.7278228969181736 0.14315978990483888 0.7274209284709557 0.14790811778531052 0.7143297985357834 0.15453256191304235 0.7023758928074241 0.15187675970297798 0.6985084310943196 0.14824491916430532 0.6953773494032353 0.14494272562911098 0.694039703104026 0.14142984617118273 0.694201165040368
5 0.4672605175790176 0.6687990886025763 0.457202016153521 0.6700061182066551 0.45346268634082654 0.6738483559906735 0.4524694527050821 0.6809155805297029 0.45630911741628155 0.6908459077950047 0.4583500571652809 0.6928798496977551 0.4619675641470241 0.6940434220960793 0.4695637539780543 0.6938006670603534 0.47765584518940474 0.6920988882075553 0.4810497635665884 0.6886448826437865 0.4823568797737782 0.6855527611087565 0.4829287415640553 0.6814837530408304 0.48189393813262643 0.6784992727966952 0.4777375290997748 0.6728921963371632 0.47116324001834775 0.67000274541938 0.4672605175790176 0.6687990886025763
5 0.5009417221320229 0.6423031440368151 0.4971278627844754 0.6446061891668025 0.5043743485546844 0.6571991970659801 0.5103323442999432 0.6624043050782942 0.5140100472596105 0.6631395608378894 0.5163677313302618 0.66085025193487 0.5180374542800985 0.651039053662581 0.5158775534503548 0.6457125681324041 0.5071118346751188 0.6418599669086927 0.5009417221320229 0.6423031440368151
5 0.5218241021947866 0.6841110913837947 0.5111048758872304 0.6858804271090084 0.5069757030931339 0.6883575461398811 0.5050221955608137 0.6939794830888062 0.5049892358216451 0.7024919952179398 0.5072695286072365 0.7069618474706587 0.5117871135076317 0.7099990240978162 0.5180016575966186 0.7113091979430897 0.528405570457626 0.709713936118761 0.533255664111706 0.7062461943280243 0.5354485246806184 0.7030601677290674 0.5380785215270307 0.6946942570468829 0.5377789725125146 0.6926866633356435 0.5334118775569292 0.6885786951116633 0.5218241021947866 0.6841110913837947
5 0.4817505033397512 0.48498706650267226 0.47742354730474695 0.49507997996674125 0.4816860147365172 0.497862913856055 0.4913374778734757 0.5016216100158396 0.5004916087550104 0.5109885068975812 0.5037192727553517 0.5107869605427597 0.5054162319439435 0.5090599577608755 0.5087069536724155 0.5001317409575559 0.5090537959830296 0.49559433183242146 0.5060683467694873 0.4899334347274422 0.4847832458493914 0.484102960771278 0.4817505033397512 0.48498706650267226
5 0.5288239565234086 0.49771768174939846 0.5213782566371883 0.49688964518830164 0.5163791039134021 0.4972790016709764 0.5110488733110342 0.5000240996666611 0.5089463067090076 0.5025676513075241 0.5069927991766876 0.5081895882564493 0.5061041930647583 0.5165818471301451 0.5129766002855981 0.5256280686640525 0.5187697725291177 0.5299364589804291 0.5296538223384128 0.5290638409511527 0.5333472897301128 0.5276174290986234 0.5366982074365086 0.5182608956565746 0.5373159316477804 0.5117960616571595 0.5368228920176665 0.5049567316644629 0.5334619333796515 0.4998982250990978 0.5288239565234086 0.49771768174939846
5 0.6782381482534443 0.5003718584396081 0.6736446029430927 0.4999446660633041 0.6666933735620896 0.5018067825900194 0.6628952786465746 0.5019281601078824 0.6527780121182575 0.49941432944580566 0.6509907589627798 0.5017838071857835 0.6566907754892068 0.5150330262700229 0.6634886531751933 0.5225400551498993 0.6724206263272718 0.5231401971646635 0.6813239323654917 0.5198053205939075 0.6854832031485503 0.5171140432436703 0.6876158677395386 0.5143563332834427 0.6879182785042616 0.5080655731849129 0.6871084945524956 0.5055494939979859 0.6845573198662465 0.5030070666195477 0.6782381482534443 0.5003718584396081
5 0.6882407711322228 0.5306048931012104 0.6774470152898135 0.5308350361723932 0.6740688613446624 0.5321073741240373 0.6694437871702453 0.5360435169719825 0.667580573604811 0.5410229789628139 0.6677439662314468 0.5460688735636359 0.670399768441511 0.5499363352767404 0.6728463156039448 0.551153728320512 0.6797660161208826 0.5536549470180457 0.6873321079629509 0.5536263503016845 0.6945384548125787 0.5520184765128129 0.6998385874259847 0.5494875368364929 0.7046141515452112 0.5444806023917251 0.7048706998889396 0.5405856682246843 0.7033557595092229 0.536878544185497 0.6970523523284535 0.5320616683934326 0.6882407711322228 0.5306048931012104
4 0.6901626505768953 0.3555091780101117 0.6841745568426746 0.35051822831716223 0.6792513645288449 0.3482976005489835 0.6703795873546902 0.3472691418954903 0.6623476921212635 0.3485426041095594 0.6558465016995864 0.35134152275069147 0.6510408395913978 0.3565626155148237 0.6484409407339473 0.3647143678776439 0.650990684545093 0.37140597216096655 0.6552674855337925 0.37615641534304034 0.6621269900728064 0.37908595067930306 0.6799450739559687 0.38268206064032045 0.6862054804659503 0.38159640855410465 0.6924214554300406 0.3787574054944933 0.6950643549582788 0.37650818100995326 0.6977531169075117 0.37186313059392406 0.6985815270415171 0.3638991883589574 0.6975768215990501 0.3607005497954576 0.6937500595696766 0.3568869087278005 0.6901626505768953 0.3555091780101117
4 0.43611452483306384 0.3523449014260548 0.4318219594123316 0.3497761258561055 0.4262079442274803 0.34833196252842635 0.4178163040016137 0.34802614766998535 0.4114957015137081 0.34954011639493016 0.40286184650104256 0.35509674499628985 0.39278185714309977 0.3750821498320314 0.39198497587315967 0.37868275684274916 0.3927345638470018 0.3816271526684051 0.39539036605706596 0.38549461438150956 0.4020993806512701 0.38949494131459506 0.4054918681533505 0.39019011265571096 0.41140686322782133 0.38949269278974485 0.4262681650112999 0.39136292423130303 0.4356516079978075 0.3887506914555992 0.43854962499467065 0.38675570970890294 0.4416740923463002 0.3810799521145304 0.44229181655757194 0.3746151181151155 0.43956291568775796 0.36505928684309535 0.43881475858901925 0.35796571411255484 0.43611452483306384 0.3523449014260548
4 0.48121880527595084 0.5467162346002532 0.46728767940008603 0.5465054490681639 0.45715607931483965 0.5420241091133271 0.45479839524418814 0.5443134180163465 0.4607420574325175 0.5475510167359003 0.4798472004655269 0.5626842034886661 0.4827896490082814 0.5624425727153651 0.4865132143889432 0.5607820025434713 0.49202403292508273 0.5567519546315995 0.49327095315434866 0.5540881497352986 0.4943100492110877 0.5446250992647801 0.4928108732634035 0.5387363076134681 0.48711946679349244 0.5440513054415271 0.48121880527595084 0.5467162346002532
4 0.4938256692492809 0.6432685428675932 0.48196701198648073 0.6407283640140051 0.47876944597510124 0.6407157520494621 0.47567650748753704 0.6420281744195855 0.46893310227906093 0.6506895365205183 0.4652812046830457 0.6621876531562123 0.46703549809935463 0.6683306875453681 0.47719719617356304 0.6725978691808402 0.4820143300884743 0.6776426395192371 0.4857794652648206 0.6860337741305079 0.4894571682244878 0.686769029890103 0.5018733537206359 0.683272691383005 0.5057932714671021 0.6781455036827995 0.5065313876342215 0.6708240364059261 0.5054392499750755 0.6599695189907508 0.4973829802531003 0.6448604319046464 0.4938256692492809 0.6432685428675932
3 0.6900522499408754 0.2838622946117721 0.6766614569912224 0.28394583623600594 0.6716766378243653 0.2863027020114408 0.6599484134490321 0.29732092988780845 0.6544203996057566 0.30768182231668934 0.6536378518927458 0.31324993862016703 0.6554509104118752 0.3231138332754783 0.6623233176327151 0.33216005480938565 0.6692286845927236 0.33269376421415947 0.6739741507229884 0.32790098808875623 0.6797845182736441 0.3258785338881237 0.6926493118540147 0.32746817440032683 0.7002010701391536 0.32547206839120557 0.703984831497739 0.32338318158058255 0.7056072611514779 0.32011698614466727 0.7039432617020547 0.3133314767974179 0.7046527107553155 0.3020749909350247 0.7039934167483595 0.2984881201512752 0.7000921251841326 0.2931352864295871 0.6900522499408754 0.2838622946117721
2 0.6679029670091899 0.3897251855126888 0.6619292068318986 0.38670174511249933 0.6455372002366706 0.38330605724387834 0.6374909714463147 0.38261201016518753 0.6288126848877578 0.3864152877931518 0.6217697306647655 0.3930690561828453 0.6210918104755698 0.39996220682098943 0.6255162396588725 0.41194021221600974 0.6293730996772079 0.4155396949643023 0.6392796802827914 0.41955263386193087 0.6444121276442514 0.42442333029944246 0.6489899085225704 0.42703219028787087 0.6591071750508876 0.42954602094994765 0.6673339917750153 0.4289551181124513 0.6740157701304641 0.4248712495551322 0.680172979991734 0.41831138622936537 0.6812708411512935 0.4125691960250024 0.6786766657942566 0.40412424076828424 0.6751809816434645 0.3979548581876174 0.6679029670091899 0.3897251855126888
2 0.5676647702589427 0.35379879408673626 0.5507166663054702 0.3522904466739168 0.543570515433766 0.35347000382405924 0.5328957206721012 0.3569926905226685 0.5306584285572976 0.35842536614822984 0.5205798700744582 0.3742615940790867 0.5200381062731431 0.3781164438276482 0.5268044550950644 0.38998680793177376 0.537942191497881 0.3935176095452257 0.5487502808972198 0.39525497576680296 0.5623058973486119 0.3960681518385066 0.571253634932723 0.39448662624114617 0.5734909270475266 0.3930539506155849 0.5770811977905146 0.38613332752350454 0.5773119407705911 0.37000502096117466 0.5831079747643175 0.36601505746778207 0.5828987197166872 0.36336498879844925 0.5819685438090734 0.3617055428889804 0.5777060763773032 0.3589226089996666 0.5676647702589427 0.35379879408673626
2 0.4898539919401374 0.36317331572758615 0.47841527564770125 0.36178409730777944 0.46460311085258094 0.36486585540311667 0.45056449570269413 0.37162838934612996 0.4441077368269083 0.3761806589606575 0.4414189748776754 0.38082570937668675 0.4399757022826051 0.38695613180129934 0.4412039963296316 0.394772348326892 0.44330513205655475 0.39637797359091353 0.4478384813889825 0.3972334826059465 0.48775431189421325 0.4008777919002859 0.4906523288910766 0.3988828101535896 0.49697579312918866 0.38907048761887564 0.4986010845331341 0.3775059383731912 0.49744732002096076 0.37122891450162954 0.4949420077557064 0.3662906611917024 0.4898539919401374 0.36317331572758615
2 0.3886384252097608 0.5059695945949613 0.3798856091163506 0.5082336795688944 0.3732640267388256 0.5118892314874847 0.37021551979715267 0.5149550048310035 0.3671956799693384 0.5219557967600423 0.36653209333707204 0.5308164566909466 0.37052224799308126 0.5396759923594256 0.38335551270938656 0.5456289680958779 0.39137164351078046 0.5465371734939332 0.4007092240762936 0.5463207666497185 0.4044929854348792 0.5442318798390956 0.41785797302088046 0.5319149658195728 0.4196466570514616 0.5253963111747101 0.41835673615140784 0.5221575881927312 0.4137502881592302 0.5156137096187826 0.40249359067566903 0.508790364377904 0.3886384252097608 0.5059695945949613