3 0.6295688698520929 0.4633916712754389 0.6231296449829654 0.46766850184122755 0.6170594016898915 0.474950446187937 0.6151575805983766 0.4878214106884061 0.6182838972495457 0.49201317580372583 0.630953442102167 0.4983014859294318 0.6383110784034123 0.49914117837073907 0.6528378177098594 0.49692174491768626 0.6686580933112569 0.49105729201096837 0.677820212412606 0.48295993890481376 0.6866741466076565 0.47707929687685446 0.6906946196428447 0.4720100163280299 0.691262320309737 0.4695435536481429 0.6906034246382127 0.46417727903935535 0.6834972190815278 0.45829531210594326 0.6782420646918901 0.45567225783545406 0.6605362970805516 0.4532706242044842 0.6527650525655637 0.4537890389039664 0.6408152000542217 0.45808882824616404 0.6295688698520929 0.4633916712754389
3 0.5806282332851781 0.4358462166077186 0.5723804831079302 0.4466638312757623 0.5721067390445251 0.45388771622872237 0.5734731995332795 0.46265330596979365 0.5769644552524857 0.4674539234208276 0.585420951265859 0.47251643431448437 0.5936138890106227 0.4754324353646261 0.6002416471757933 0.4750544231345047 0.6167654450864044 0.47019302391486395 0.6215157962576672 0.466341448037468 0.6253740918236732 0.4575880001373278 0.6264000273419972 0.4494002093949411 0.6241901803936917 0.433765788154622 0.6226513566409599 0.4306864258587103 0.6191377876029088 0.4280674188685315 0.6083720055710566 0.42546732337445137 0.5941311378520637 0.4276516562101641 0.5853258728027189 0.4315653387616196 0.5806282332851781 0.4358462166077186
4 0.7050426933490271 0.517965563380802 0.6942769113171748 0.5153654678867219 0.6827366245115591 0.5159108886429237 0.6768387444824627 0.5175066055444736 0.6684957567925661 0.5180952214786363 0.6580624147151113 0.5276559835776008 0.6554185879634725 0.5321204590710213 0.6555928929567042 0.542993410757957 0.657523011604334 0.5468962763739345 0.6617928146053205 0.5509476390198934 0.6733938980806911 0.555624043122808 0.6912233598103014 0.554306408785122 0.7044829186486593 0.5559466457700859 0.7168808202166381 0.5552959231618637 0.7210634707210086 0.5539108099643547 0.7239708557412572 0.5515928443144492 0.7287921893770701 0.5435926984996944 0.7293071783902403 0.5406969338511044 0.7282346745049731 0.5366887663831064 0.7187928271029485 0.5330545638649193 0.7174648499651044 0.5316924094438197 0.7166255060135697 0.5272198393897783 0.7117799173296582 0.5208424165332932 0.7050426933490271 0.517965563380802
4 0.5519202764477809 0.27530214452858737 0.5468576978622027 0.27897417003897185 0.545045130046066 0.2831186926960204 0.5452904175038475 0.28984307444559726 0.5439441695551754 0.2930587919305593 0.5458742882028054 0.29696165754653675 0.5510544176198767 0.3013370203091781 0.5556060497003009 0.3029570208925902 0.5719088152012286 0.3057488085946126 0.5844080975686349 0.30356042847858966 0.5885643922461445 0.30196066429672924 0.5988963535241719 0.2939375597055653 0.6028904707324991 0.2886536281723894 0.6012948928180288 0.282748702462568 0.5964229483072566 0.2761566286217313 0.5849049748204853 0.27452043891707784 0.5719272450615652 0.27044883986956714 0.5652467752426726 0.27039755013098565 0.56101141308458 0.2713533613597915 0.5519202764477809 0.27530214452858737
5 0.42039445497267147 0.39995924710977004 0.4197780851600739 0.4043926692661608 0.424108684830815 0.413665856771236 0.44747302925073845 0.4267028323283809 0.45464617476395697 0.42603996787922754 0.45768533891851026 0.42479525715107946 0.4637332688927397 0.4196949232652251 0.46712928709929746 0.414266541982378 0.4662595448128853 0.40718305949877853 0.461282176994669 0.39973238172053593 0.45027919252106796 0.3952004273672924 0.4414394866288293 0.39410693604398317 0.4360038839591812 0.3923775863282402 0.42927474499458296 0.3942932560661624 0.42039445497267147 0.39995924710977004
5 0.44253446288244946 0.3652113962321425 0.43882217475355995 0.36806396570277167 0.4329364222485128 0.3768484669399418 0.43224098495533225 0.38063793614327784 0.4339460286852628 0.3897977272357118 0.435665300718005 0.3919833849768774 0.4430006237004057 0.3950046878790397 0.4613044903135135 0.3975507712596807 0.4725021513699367 0.39421488770690966 0.47818109976811235 0.3861094400401342 0.4802531833448425 0.38171516578139403 0.4748175806751944 0.37998581606565107 0.473423713970198 0.3780870341836726 0.47204003305999687 0.366817857505219 0.46743164681783433 0.36237229350789735 0.45922043826224257 0.3640341643638173 0.44253446288244946 0.3652113962321425
5 0.6428004492333529 0.38681388450598897 0.6325577412307036 0.38611054725373223 0.6241397285682406 0.388451471680047 0.6173092088042149 0.39190479892576974 0.6124311210066637 0.3970793813266148 0.6129886358787606 0.4039833134432029 0.6185377468718853 0.4113637899867653 0.6214268610813057 0.4136236962429214 0.6315195191388219 0.4178316504794826 0.646133410941885 0.4210486928698976 0.6534950897511467 0.42428464675641137 0.6637114419269349 0.4247733330243165 0.6849936760248413 0.4208528808176933 0.689954873810992 0.4187185128151093 0.6911693426253591 0.41442954040838964 0.690867301005839 0.40487959524490336 0.6824290758032939 0.39523921244518473 0.6761845275169884 0.3916482051049586 0.6715315146371367 0.39156586202934723 0.6630080786672299 0.393048182518256 0.6522950082890995 0.390877388992879 0.6428004492333529 0.38681388450598897
5 0.6080014003647658 0.34445883682346823 0.6050717020256728 0.34895841293422897 0.6053960569640374 0.35632674763686023 0.6098767065799116 0.36209531815763124 0.6221022448839127 0.36713082299456834 0.6259016855094178 0.36971472936740696 0.6330525177037918 0.371233475379109 0.6478124169439713 0.3685496393400129 0.6525404547963897 0.3668796739234722 0.6624851636875352 0.36042932745744916 0.6667124408295948 0.3546809933382299 0.6656358944363112 0.3482765644250252 0.6621973503708269 0.3439052489426941 0.6568367726737453 0.34042359073479894 0.6318260804148836 0.3376115666312249 0.620598021023583 0.33833653775443795 0.6144406252338934 0.34018200625767964 0.6080014003647658 0.34445883682346823
5 0.6899532501807546 0.3407151400450471 0.6847406216500438 0.347891782539736 0.6834815261979873 0.356543975868166 0.6804017779137612 0.36454816896323095 0.6850851891284904 0.3672414244684006 0.6937890733784077 0.3648653994247456 0.6992469893669002 0.36441313867963354 0.7048062861548205 0.36242322042672065 0.7194120929418507 0.36084773992672237 0.7245800948348726 0.3580343183537438 0.7327122359098814 0.3557284945447691 0.7389973683258595 0.3525600195180782 0.7412539426906164 0.34966830214979855 0.7430361121718759 0.3429128670631919 0.7428475788758326 0.3390140487275248 0.7408160794287751 0.336648840619348 0.7373552220444463 0.3344591355978722 0.7292413517802656 0.33218708750078496 0.7118295407724144 0.3345428761428881 0.694628576379451 0.3386158726598033 0.6899532501807546 0.3407151400450471
5 0.6502942252759362 0.32967889967629316 0.6481167183917622 0.33321456999762733 0.6490837989695855 0.33636413352821937 0.6605044341649456 0.34193424218588025 0.6651168629151246 0.3487760676284085 0.6670165832278773 0.350068020814828 0.6726326341775357 0.3509036659758248 0.6765294130944521 0.349553653395656 0.6829949937904405 0.34549147381421896 0.6843412417391126 0.3422757563292569 0.6874027192125107 0.3388494351402536 0.6840128442927317 0.332511160181419 0.6788063590487996 0.3279211464344261 0.6700943897828492 0.3255046485876677 0.6549431956477715 0.3273649813066979 0.6502942252759362 0.32967889967629316
5 0.6151423648633612 0.29390378399367806 0.606183007360867 0.29892582208423135 0.60307690324978 0.30671536419494505 0.6017387403171408 0.31472360457032034 0.6042710004745567 0.32116718138117567 0.6091612157961572 0.3231813833159505 0.6136337803959985 0.32415743094630817 0.6197161512131216 0.32406427093521856 0.6305792715363849 0.3227304474762913 0.6353073093888032 0.3210604820597506 0.6433299846483516 0.3154997928681633 0.6467036895360649 0.31225302204617134 0.6505660276100873 0.30589583559123784 0.6502984268334611 0.30135306430251624 0.6487332472538683 0.29805905102225305 0.6433159153950484 0.29175182940044814 0.6405322244930718 0.29035052708169795 0.6337463313667352 0.2894406334057104 0.6265731858535168 0.2901034978548638 0.6151423648633612 0.29390378399367806
1 0.542349227838739 0.1642654789448037 0.53888837045441 0.1620757739233277 0.5368041593536306 0.15928126384644797 0.5368447434833031 0.15252178147953105 0.5341381783326558 0.13520525298174002 0.5307827442557707 0.1338741518976704 0.5272245485800305 0.13561836582920178 0.5199723355862292 0.1356372773253006 0.5131783574438596 0.1299348607588997 0.508498988737147 0.1296378666989369 0.5054902229174711 0.1334934898566432 0.5048778956128899 0.14032317345824055 0.5004924835096644 0.14478360167135063 0.4975547001545385 0.14449065489169816 0.48934349159894674 0.1461525257476181 0.4905741304453796 0.1514485991217252 0.49269892567583173 0.14748362683168798 0.49776958927744264 0.14860412421171665 0.49831901913350674 0.1507155334378915 0.499906512031944 0.15182793625729948 0.4987183990444377 0.15633155964837067 0.49622462223793196 0.1572914181574868 0.4964881805065417 0.15943792800100182 0.4937389304474591 0.16304379955701634 0.4941687086932675 0.1712707381970536 0.4900914814963408 0.17351445533196844 0.4860365676182587 0.1735765620060281 0.48356914663861394 0.17475107149949592 0.4788634221050404 0.17423942645518156 0.47278509379593353 0.17672884791147778 0.46320532397282516 0.183788046713215 0.4596775266319625 0.18814317307430475 0.45651871086715357 0.19550341321631537 0.46100744549906053 0.20606450662749948 0.4635052648135828 0.20750090956358994 0.4717205158771908 0.2082353001528765 0.4730221371881739 0.2093828035896248 0.4769452719319512 0.20824744199380754 0.4780664449629238 0.210288649985302 0.4801466135556868 0.21068689861697512 0.4830620835919682 0.21316145585748286 0.4843941032378286 0.21691987172378918 0.4880738499790519 0.21537862027103488 0.4962952866034652 0.21458704185809516 0.5238909506734648 0.22427194474122744 0.543356574447218 0.2220997537464459 0.5488895154082771 0.21989518450918152 0.5542602789001541 0.2140064479206017 0.5550449694687127 0.20149053687384472 0.5611496536046805 0.19921576640190003 0.5631730680357052 0.1967884516196635 0.5619647425081168 0.18931076778470132 0.5557688633675169 0.18375280096797147 0.541173242375282 0.17595788667149467 0.5395066819962617 0.1742015308990322 0.5386450247258824 0.1719105713058462 0.5418869504792906 0.16759054556209668 0.542349227838739 0.1642654789448037