2 0.5169930875576038 0.393166089965398 0.5590437788018433 0.4145761245674741 0.5645161290322581 0.41955017301038067 0.5682603686635945 0.41998269896193774 0.570852534562212 0.41933391003460213 0.574020737327189 0.4160899653979239 0.5815092165898618 0.4132785467128028 0.5829493087557605 0.41154844290657444 0.5815092165898618 0.4037629757785467 0.5774769585253456 0.4035467128027682 0.5763248847926268 0.40203287197231835 0.5745967741935484 0.4016003460207613 0.5725806451612903 0.39727508650519033 0.5725806451612903 0.393166089965398 0.5748847926267281 0.3907871972318339 0.5745967741935484 0.38948961937716264 0.5720046082949308 0.38624567474048443 0.566820276497696 0.3853806228373703 0.5639400921658987 0.3799740484429066 0.5596198156682027 0.37651384083044986 0.5455069124423964 0.37500000000000006 0.5362903225806452 0.37586505190311426 0.5221774193548387 0.38667820069204156 0.516705069124424 0.38970588235294124 0.5161290322580645 0.3916522491349481 0.5169930875576038 0.393166089965398
2 0.6033986175115207 0.5503892733564014 0.6091589861751152 0.5614186851211074 0.6149193548387097 0.5648788927335641 0.6264400921658987 0.5672577854671281 0.643721198156682 0.5659602076124568 0.6494815668202765 0.5642301038062284 0.6586981566820277 0.557742214532872 0.6610023041474655 0.5510380622837371 0.6610023041474655 0.5471453287197232 0.6595622119815668 0.5434688581314879 0.6555299539170507 0.5363321799307958 0.6486175115207373 0.529628027681661 0.6445852534562213 0.5274653979238755 0.6356566820276498 0.5248702422145329 0.626152073732719 0.5244377162629759 0.619815668202765 0.52530276816609 0.6123271889400922 0.5274653979238755 0.6097350230414746 0.5291955017301039 0.6057027649769585 0.5328719723183392 0.6039746543778802 0.5363321799307958 0.6016705069124424 0.5432525951557093 0.6033986175115207 0.5503892733564014
2 0.47206221198156684 0.5903979238754327 0.4743663594470046 0.592560553633218 0.48099078341013823 0.5951557093425606 0.4985599078341014 0.5955882352941176 0.5054723502304148 0.5977508650519032 0.5120967741935484 0.5977508650519032 0.5192972350230415 0.5962370242214534 0.5256336405529953 0.5929930795847751 0.5328341013824885 0.5862889273356402 0.5357142857142858 0.5817474048442908 0.5397465437788018 0.5642301038062284 0.5383064516129032 0.5592560553633218 0.5325460829493088 0.5540657439446367 0.5262096774193549 0.5516868512110726 0.508352534562212 0.5523356401384084 0.5017281105990784 0.5538494809688582 0.4942396313364055 0.5564446366782008 0.4876152073732719 0.560121107266436 0.47494239631336405 0.5698529411764707 0.4717741935483871 0.5750432525951558 0.47004608294930883 0.5810986159169551 0.4697580645161291 0.5854238754325259 0.47206221198156684 0.5903979238754327
4 0.6195276497695853 0.4290657439446367 0.6232718894009217 0.4312283737024222 0.6310483870967742 0.43101211072664364 0.6402649769585254 0.4288494809688582 0.6477534562211982 0.4236591695501731 0.6581221198156683 0.41911764705882354 0.6610023041474655 0.4150086505190312 0.6586981566820277 0.4070069204152249 0.658410138248848 0.39684256055363326 0.6595622119815668 0.3868944636678201 0.652073732718894 0.3698096885813149 0.6480414746543779 0.36548442906574397 0.6431451612903226 0.36375432525951557 0.6370967741935484 0.36310553633217996 0.6310483870967742 0.36483564013840836 0.6264400921658987 0.36786332179930803 0.6221198156682027 0.3743512110726644 0.6172235023041475 0.3873269896193772 0.6123271889400922 0.39359861591695505 0.6085829493087558 0.4070069204152249 0.6085829493087558 0.41825259515570934 0.6195276497695853 0.4290657439446367
4 0.501152073732719 0.41933391003460213 0.508352534562212 0.4288494809688582 0.5120967741935484 0.43230968858131497 0.5190092165898618 0.4362024221453288 0.5290898617511521 0.44117647058823534 0.5331221198156683 0.4422577854671281 0.5504032258064516 0.44074394463667826 0.5619239631336406 0.4353373702422146 0.5645161290322581 0.43230968858131497 0.5639400921658987 0.42171280276816614 0.5619239631336406 0.41825259515570934 0.5552995391705069 0.41133217993079585 0.5504032258064516 0.4078719723183391 0.5354262672811061 0.40268166089965407 0.5267857142857143 0.3970588235294118 0.5192972350230415 0.39446366782006925 0.5048963133640554 0.39424740484429066 0.49884792626728114 0.3966262975778547 0.4959677419354839 0.40051903114186854 0.4959677419354839 0.4078719723183391 0.501152073732719 0.41933391003460213
4 0.618663594470046 0.24459342560553635 0.6201036866359447 0.24826989619377166 0.6270161290322581 0.2564878892733564 0.633352534562212 0.2586505190311419 0.6373847926267281 0.25908304498269896 0.6431451612903226 0.2521626297577855 0.6540898617511521 0.2480536332179931 0.6555299539170507 0.24459342560553635 0.6523617511520737 0.23637543252595158 0.6368087557603687 0.21929065743944637 0.6301843317972351 0.217560553633218 0.621831797235023 0.2188581314878893 0.6149193548387097 0.22318339100346024 0.6117511520737328 0.22880622837370246 0.6126152073732719 0.2407006920415225 0.618663594470046 0.24459342560553635
4 0.1650345622119816 0.24351211072664364 0.17223502304147467 0.24416089965397925 0.2033410138248848 0.25259515570934254 0.20650921658986174 0.2530276816608997 0.20737327188940094 0.2521626297577855 0.20737327188940094 0.25108131487889274 0.20391705069124427 0.24978373702422146 0.201036866359447 0.24697231833910038 0.1972926267281106 0.23767301038062288 0.18922811059907835 0.22750865051903119 0.18577188940092165 0.22469723183391005 0.1788594470046083 0.22275086505190314 0.1716589861751152 0.22210207612456748 0.16561059907834103 0.22685986159169552 0.16388248847926268 0.23118512110726647 0.1630184331797235 0.24091695501730107 0.1650345622119816 0.24351211072664364
4 0.19009216589861752 0.5363321799307958 0.1947004608294931 0.5415224913494809 0.19671658986175117 0.5428200692041523 0.21284562211981567 0.5467128027681661 0.2168778801843318 0.5467128027681661 0.22119815668202766 0.5447664359861591 0.22983870967741934 0.5374134948096886 0.23271889400921658 0.5328719723183392 0.23358294930875578 0.5270328719723183 0.23444700460829493 0.511461937716263 0.22580645161290325 0.4945934256055364 0.2203341013824885 0.49026816608996543 0.217741935483871 0.48940311418685123 0.20650921658986174 0.4887543252595156 0.20276497695852536 0.4898356401384083 0.195852534562212 0.495242214532872 0.18922811059907835 0.5056228373702423 0.18663594470046083 0.5123269896193772 0.18663594470046083 0.5298442906574394 0.19009216589861752 0.5363321799307958
5 0.7183179723502304 0.30147058823529416 0.7220622119815668 0.3055795847750865 0.7263824884792627 0.30839100346020765 0.7338709677419355 0.3086072664359862 0.7376152073732719 0.31358131487889274 0.7410714285714286 0.31163494809688586 0.7456797235023042 0.3055795847750865 0.7569124423963134 0.29519896193771633 0.7603686635944701 0.28308823529411764 0.7595046082949308 0.27703287197231835 0.7548963133640554 0.27378892733564014 0.7497119815668203 0.27249134948096887 0.7330069124423964 0.27530276816609 0.7235023041474655 0.28179065743944637 0.7197580645161291 0.28633217993079585 0.7183179723502304 0.2900086505190312 0.7157258064516129 0.29671280276816614 0.7183179723502304 0.30147058823529416
5 0.6589861751152074 0.23529411764705882 0.6679147465437788 0.24091695501730107 0.6756912442396314 0.24091695501730107 0.6802995391705069 0.24005190311418687 0.6826036866359447 0.23702422145328722 0.6857718894009217 0.22794117647058826 0.6872119815668203 0.21215397923875434 0.6834677419354839 0.20285467128027684 0.6797235023041475 0.19939446366782007 0.6719470046082949 0.19809688581314883 0.6670506912442397 0.19982698961937717 0.6612903225806452 0.2054498269896194 0.6581221198156683 0.21042387543252597 0.6558179723502304 0.21907439446366786 0.6566820276497696 0.23118512110726647 0.6589861751152074 0.23529411764705882
5 0.5722926267281105 0.22058823529411767 0.5748847926267281 0.2236159169550173 0.586405529953917 0.22967128027681666 0.5953341013824885 0.2378892733564014 0.6019585253456221 0.23810553633217996 0.6045506912442397 0.23724048442906578 0.6065668202764977 0.2342128027681661 0.6065668202764977 0.22707612456747409 0.6039746543778802 0.22339965397923875 0.5987903225806452 0.21929065743944637 0.5852534562211982 0.21258650519031144 0.5745967741935484 0.20934256055363326 0.5691244239631337 0.20977508650519033 0.565668202764977 0.21366782006920415 0.5648041474654378 0.21972318339100347 0.5722926267281105 0.22058823529411767
5 0.40466589861751157 0.22188581314878894 0.40754608294930883 0.22339965397923875 0.4115783410138249 0.2236159169550173 0.41647465437788017 0.22556228373702422 0.41849078341013823 0.22750865051903119 0.4216589861751152 0.22512975778546712 0.43001152073732724 0.21366782006920415 0.42857142857142855 0.20566608996539792 0.4216589861751152 0.19961072664359863 0.41849078341013823 0.19809688581314883 0.4147465437788019 0.19766435986159173 0.4112903225806452 0.19939446366782007 0.4069700460829493 0.20328719723183392 0.40293778801843316 0.2086937716262976 0.40264976958525345 0.2171280276816609 0.40466589861751157 0.22188581314878894
5 0.4254032258064516 0.2448096885813149 0.4277073732718894 0.247621107266436 0.4337557603686636 0.25194636678200694 0.4357718894009217 0.25281141868512114 0.44614055299539174 0.24978373702422146 0.44902073732718895 0.24783737024221458 0.4501728110599078 0.24459342560553635 0.4475806451612903 0.24039165224913495 0.44642857142857145 0.2272923875432526 0.438652073732719 0.2160467128027682 0.43289170506912444 0.21410034602076125 0.42828341013824883 0.2156141868512111 0.4228110599078341 0.22339965397923875 0.4213709677419355 0.22988754325259517 0.4216589861751152 0.2378892733564014 0.4254032258064516 0.2448096885813149
5 0.37730414746543783 0.26362456747404844 0.37788018433179726 0.2735726643598616 0.37989631336405527 0.2759515570934256 0.38680875576036866 0.280060553633218 0.3945852534562212 0.28092560553633217 0.39717741935483875 0.27941176470588236 0.39976958525345624 0.27400519031141873 0.405241935483871 0.2690311418685121 0.4038018433179723 0.2664359861591696 0.408410138248848 0.2657871972318339 0.40783410138248855 0.25756920415224915 0.40466589861751157 0.2532439446366782 0.40034562211981567 0.2512975778546713 0.3991935483870968 0.24783737024221458 0.39544930875576034 0.24351211072664364 0.388536866359447 0.2387543252595156 0.3807603686635945 0.23680795847750868 0.37672811059907835 0.23680795847750868 0.37327188940092165 0.24134948096885817 0.37413594470046085 0.25151384083044986 0.37730414746543783 0.26362456747404844
5 0.23703917050691245 0.2281574394463668 0.24078341013824883 0.2383217993079585 0.24423963133640555 0.24243079584775087 0.24798387096774194 0.2439446366782007 0.25172811059907835 0.2443771626297578 0.2557603686635945 0.24351211072664364 0.25892857142857145 0.24113321799307957 0.258352534562212 0.2391868512110727 0.2595046082949309 0.2346453287197232 0.2569124423963134 0.22318339100346024 0.2609447004608295 0.21907439446366786 0.26497695852534564 0.21864186851211076 0.266705069124424 0.2171280276816609 0.26555299539170507 0.20955882352941177 0.26152073732718895 0.2063148788927336 0.2557603686635945 0.20501730103806232 0.2511520737327189 0.20523356401384082 0.24625576036866362 0.2069636678200692 0.24135944700460832 0.21042387543252597 0.23617511520737328 0.2169117647058824 0.23559907834101385 0.22037197231833913 0.23703917050691245 0.2281574394463668
5 0.20622119815668202 0.23334775086505194 0.2116935483870968 0.23637543252595158 0.2168778801843318 0.24156574394463667 0.22379032258064516 0.24264705882352944 0.22868663594470048 0.2407006920415225 0.23127880184331798 0.2350778546712803 0.2315668202764977 0.22642733564013842 0.22955069124423963 0.22015570934256057 0.22724654377880188 0.2169117647058824 0.22379032258064516 0.2160467128027682 0.2168778801843318 0.2164792387543253 0.20910138248847926 0.22080449826989623 0.2056451612903226 0.22512975778546712 0.20506912442396313 0.22945501730103807 0.20622119815668202 0.23334775086505194
5 0.23099078341013826 0.4982698961937716 0.2390552995391705 0.5 0.24798387096774194 0.4967560553633218 0.25547235023041476 0.49567474048442917 0.25777649769585254 0.4775086505190312 0.253168202764977 0.4632352941176471 0.24827188940092165 0.4584775086505191 0.24481566820276499 0.4569636678200692 0.23761520737327188 0.4567474048442907 0.23214285714285715 0.45891003460207613 0.2289746543778802 0.46258650519031147 0.222926267281106 0.4757785467128028 0.22321428571428573 0.49113321799307963 0.23099078341013826 0.4982698961937716
5 0.24107142857142855 0.5294117647058825 0.24798387096774194 0.5408737024221454 0.2658410138248848 0.5402249134948097 0.2736175115207373 0.5365484429065744 0.2764976958525346 0.5328719723183392 0.2764976958525346 0.5257352941176471 0.2733294930875576 0.5170847750865052 0.2632488479262673 0.5010813148788927 0.25518433179723504 0.4963235294117648 0.2502880184331797 0.4967560553633218 0.24452764976958527 0.4980536332179931 0.2399193548387097 0.5004325259515572 0.23646313364055302 0.5049740484429066 0.23675115207373273 0.5192474048442908 0.24107142857142855 0.5294117647058825
5 0.10224654377880185 0.4989186851211073 0.10944700460829493 0.5090830449826991 0.11347926267281105 0.5125432525951558 0.12298387096774195 0.5151384083044983 0.13018433179723504 0.515787197231834 0.13565668202764977 0.5136245674740485 0.14256912442396313 0.5082179930795848 0.14516129032258066 0.5034602076124568 0.14372119815668202 0.4980536332179931 0.13738479262672812 0.49026816608996543 0.12701612903225806 0.48248269896193774 0.1137672811059908 0.4783737024221454 0.10743087557603688 0.4781574394463668 0.10311059907834101 0.48075259515570934 0.09965437788018433 0.4878892733564014 0.09936635944700462 0.4915657439446367 0.10224654377880185 0.4989186851211073
5 0.15697004608294932 0.5532006920415226 0.16186635944700462 0.5575259515570934 0.16474654377880185 0.5620674740484429 0.17857142857142858 0.5627162629757786 0.18577188940092165 0.5605536332179931 0.18951612903225806 0.5570934256055364 0.19182027649769587 0.5432525951557093 0.18433179723502305 0.5307093425605537 0.1788594470046083 0.5266003460207613 0.16589861751152074 0.5237889273356402 0.1578341013824885 0.5246539792387543 0.15380184331797236 0.5291955017301039 0.15552995391705068 0.5501730103806228 0.15697004608294932 0.5532006920415226
5 0.43692396313364057 0.9571799307958478 0.44268433179723504 0.9651816608996541 0.45247695852534564 0.9721020761245676 0.4570852534562212 0.973832179930796 0.46284562211981567 0.9749134948096886 0.470910138248848 0.9740484429065746 0.4737903225806452 0.9721020761245676 0.47667050691244245 0.9669117647058825 0.47897465437788017 0.9610726643598616 0.47897465437788017 0.9554498269896194 0.47494239631336405 0.9465830449826991 0.46716589861751157 0.9368512110726644 0.4556451612903226 0.9333910034602078 0.445852534562212 0.9329584775086506 0.43836405529953915 0.935121107266436 0.4334677419354839 0.9396626297577855 0.43317972350230416 0.9431228373702423 0.43692396313364057 0.9571799307958478
5 0.5374423963133641 0.9273356401384083 0.5414746543778801 0.929930795847751 0.5455069124423964 0.9312283737024222 0.5538594470046083 0.9314446366782008 0.5645161290322581 0.9297145328719724 0.5679723502304148 0.927984429065744 0.568836405529954 0.9197664359861593 0.5676843317972351 0.9145761245674742 0.5642281105990784 0.9104671280276817 0.557315668202765 0.9061418685121108 0.5515552995391706 0.9059256055363323 0.5466589861751152 0.9074394463667821 0.5380184331797235 0.9186851211072666 0.5368663594470047 0.9214965397923877 0.5374423963133641 0.9273356401384083
5 0.5884216589861752 0.9755622837370244 0.5918778801843319 0.978589965397924 0.5953341013824885 0.9796712802768166 0.5982142857142858 0.9788062283737025 0.6025345622119815 0.979022491349481 0.6080069124423964 0.9775086505190312 0.616647465437788 0.9708044982698963 0.6241359447004609 0.9608564013840832 0.6278801843317973 0.950475778546713 0.6270161290322581 0.9424740484429066 0.6221198156682027 0.9381487889273357 0.6143433179723503 0.9375 0.6091589861751152 0.9383650519031143 0.6022465437788018 0.9413927335640139 0.5898617511520737 0.9496107266435987 0.5849654377880185 0.9550173010380624 0.5849654377880185 0.9653979238754327 0.5884216589861752 0.9755622837370244
5 0.4835829493087558 0.9699394463667821 0.4876152073732719 0.9716695501730104 0.4982718894009217 0.9716695501730104 0.5048963133640554 0.9705882352941178 0.5103686635944701 0.9666955017301039 0.5123847926267281 0.9636678200692043 0.5123847926267281 0.955233564013841 0.5103686635944701 0.9496107266435987 0.4936635944700461 0.9398788927335641 0.49078341013824883 0.939446366782007 0.4855990783410139 0.9416089965397925 0.4801267281105991 0.956098615916955 0.47955069124423966 0.9638840830449829 0.4835829493087558 0.9699394463667821
5 0.5290898617511521 0.9997837370242216 0.5665322580645162 0.9997837370242216 0.5720046082949308 0.9911332179930797 0.5728686635944701 0.9818339100346021 0.5650921658986175 0.9733996539792388 0.5570276497695852 0.9699394463667821 0.5483870967741936 0.9692906574394465 0.5432027649769585 0.9701557093425606 0.5331221198156683 0.9740484429065746 0.5311059907834101 0.97621107266436 0.5285138248847926 0.9772923875432526 0.5273617511520737 0.980968858131488 0.5290898617511521 0.9997837370242216