4 0.6370967741935484 0.5709342560553634 0.6509216589861752 0.5767733564013842 0.6647465437788018 0.5754757785467128 0.6679147465437788 0.573961937716263 0.6754032258064516 0.5676903114186851 0.679147465437788 0.5605536332179931 0.6785714285714286 0.55060553633218 0.6754032258064516 0.5423875432525952 0.6713709677419355 0.5382785467128028 0.6592741935483871 0.5328719723183392 0.6543778801843319 0.5335207612456748 0.6451612903225807 0.5376297577854672 0.636520737327189 0.5497404844290659 0.6350806451612903 0.5549307958477508 0.6350806451612903 0.5646626297577855 0.6370967741935484 0.5709342560553634
4 0.2609447004608295 0.5434688581314879 0.2681451612903226 0.5503892733564014 0.27505760368663595 0.5540657439446367 0.2897465437788019 0.5583910034602076 0.30097926267281105 0.5588235294117647 0.31394009216589863 0.555363321799308 0.31739631336405527 0.5536332179930796 0.32171658986175117 0.5436851211072665 0.32056451612903225 0.5393598615916956 0.30529953917050695 0.5285467128027682 0.2966589861751152 0.5240051903114187 0.26872119815668205 0.5222750865051904 0.26123271889400923 0.5259515570934257 0.2597926267281106 0.530060553633218 0.2595046082949309 0.5378460207612458 0.2609447004608295 0.5434688581314879
4 0.8784562211981568 0.7413494809688582 0.8830645161290323 0.7482698961937717 0.888536866359447 0.7517301038062285 0.896889400921659 0.7541089965397925 0.9012096774193548 0.7541089965397925 0.9130184331797235 0.7491349480968859 0.9176267281105991 0.7456747404844292 0.9199308755760368 0.7391868512110726 0.9190668202764977 0.7339965397923877 0.909562211981567 0.722318339100346 0.900921658986175 0.7160467128027682 0.8971774193548387 0.7156141868512111 0.8833525345622121 0.7197231833910035 0.8798963133640554 0.723832179930796 0.8784562211981568 0.7294550173010381 0.8775921658986177 0.7333477508650519 0.8784562211981568 0.7413494809688582
4 0.6425691244239632 0.8369377162629759 0.6466013824884793 0.8403979238754327 0.6509216589861752 0.8425605536332181 0.6595622119815668 0.8429930795847751 0.6684907834101382 0.8397491349480969 0.6765552995391706 0.8328287197231834 0.6828917050691244 0.8248269896193772 0.6857718894009217 0.8174740484429066 0.6857718894009217 0.8137975778546714 0.6837557603686636 0.8099048442906576 0.6762672811059909 0.8021193771626299 0.6707949308755761 0.8003892733564015 0.6578341013824885 0.8032006920415226 0.648905529953917 0.810121107266436 0.641705069124424 0.8142301038062284 0.6402649769585254 0.8192041522491349 0.6391129032258065 0.8289359861591696 0.6425691244239632 0.8369377162629759
4 0.5120967741935484 0.8075259515570934 0.5290898617511521 0.8079584775086506 0.5501152073732719 0.8137975778546714 0.5509792626728112 0.8127162629757786 0.5515552995391706 0.810121107266436 0.5501152073732719 0.8044982698961938 0.543778801843318 0.7960640138408305 0.5328341013824885 0.786764705882353 0.5296658986175116 0.7856833910034602 0.5253456221198156 0.7846020761245676 0.5178571428571429 0.786332179930796 0.5149769585253456 0.7884948096885813 0.5089285714285714 0.7984429065743945 0.5100806451612903 0.804930795847751 0.5120967741935484 0.8075259515570934
4 0.3430299539170507 0.9997837370242216 0.3430299539170507 0.9980536332179932 0.34735023041474655 0.9915657439446367 0.35080645161290325 0.9833477508650519 0.3513824884792627 0.9770761245674742 0.3490783410138249 0.9703719723183392 0.3453341013824885 0.9666955017301039 0.3418778801843318 0.9656141868512111 0.33122119815668205 0.9660467128027683 0.32171658986175117 0.9679930795847751 0.31394009216589863 0.9684256055363323 0.31192396313364057 0.9703719723183392 0.3087557603686636 0.9887543252595157 0.309331797235023 0.9997837370242216 0.3430299539170507 0.9997837370242216
5 0.5861175115207373 0.8881920415224915 0.5881336405529953 0.8910034602076126 0.5918778801843319 0.893598615916955 0.5987903225806452 0.8957612456747406 0.6057027649769585 0.8966262975778548 0.6126152073732719 0.8961937716262977 0.6160714285714286 0.8940311418685122 0.6203917050691244 0.8858131487889274 0.6209677419354839 0.8793252595155711 0.6169354838709677 0.8724048442906576 0.6126152073732719 0.8700259515570934 0.6057027649769585 0.8682958477508651 0.5944700460829493 0.8680795847750865 0.5881336405529953 0.8717560553633218 0.5841013824884793 0.8797577854671281 0.5838133640552996 0.8840830449826991 0.5861175115207373 0.8881920415224915
5 0.622983870967742 0.5155709342560554 0.625 0.5198961937716263 0.6275921658986175 0.5224913494809689 0.6342165898617511 0.5242214532871973 0.6440092165898618 0.5248702422145329 0.6506336405529953 0.5231401384083045 0.6581221198156683 0.5190311418685122 0.6592741935483871 0.515787197231834 0.6595622119815668 0.4978373702422146 0.6563940092165899 0.4907006920415225 0.6503456221198156 0.4859429065743945 0.6442972350230415 0.4844290657439447 0.6336405529953917 0.48572664359861595 0.6275921658986175 0.49351211072664364 0.6238479262672811 0.5021626297577855 0.6224078341013825 0.5082179930795848 0.622983870967742 0.5155709342560554
5 0.5846774193548387 0.5380622837370242 0.5987903225806452 0.5449826989619377 0.6057027649769585 0.5458477508650519 0.6103110599078342 0.5449826989619377 0.619815668202765 0.5389273356401384 0.6252880184331797 0.5328719723183392 0.6258640552995393 0.5294117647058825 0.6244239631336406 0.5244377162629759 0.6134792626728112 0.5112456747404844 0.6105990783410139 0.5084342560553633 0.6057027649769585 0.5058391003460209 0.5976382488479263 0.5049740484429066 0.5881336405529953 0.5064878892733564 0.5826612903225807 0.5105968858131489 0.5797811059907835 0.5168685121107266 0.5806451612903226 0.5328719723183392 0.5846774193548387 0.5380622837370242
5 0.8162442396313365 0.6611159169550174 0.8211405529953918 0.6652249134948097 0.8389976958525345 0.6760380622837371 0.8453341013824884 0.6782006920415226 0.8487903225806452 0.678416955017301 0.8557027649769585 0.6753892733564014 0.8582949308755762 0.6719290657439447 0.859447004608295 0.6682525951557093 0.8571428571428571 0.6619809688581315 0.8528225806451614 0.6578719723183392 0.8375576036866359 0.6498702422145329 0.8315092165898618 0.6485726643598617 0.8228686635944701 0.6477076124567475 0.8185483870967742 0.6481401384083045 0.8139400921658986 0.6522491349480969 0.8133640552995391 0.6580882352941176 0.8162442396313365 0.6611159169550174
5 0.851094470046083 0.7063148788927336 0.8554147465437788 0.7119377162629759 0.859447004608295 0.7130190311418685 0.8692396313364055 0.7179930795847752 0.872983870967742 0.721885813148789 0.8752880184331797 0.7229671280276817 0.8798963133640554 0.7233996539792388 0.8853686635944701 0.719506920415225 0.8942972350230415 0.7169117647058825 0.8966013824884793 0.7138840830449827 0.8957373271889402 0.7099913494809689 0.8940092165898618 0.7084775086505191 0.8853686635944701 0.7071799307958477 0.8643433179723502 0.6993944636678202 0.8528225806451614 0.6974480968858132 0.8508064516129032 0.6987456747404844 0.8502304147465438 0.703287197231834 0.851094470046083 0.7063148788927336
5 0.32747695852534564 0.49502595155709345 0.3297811059907834 0.4993512110726644 0.3326612903225806 0.5017301038062284 0.3467741935483871 0.5038927335640139 0.3525345622119816 0.5038927335640139 0.36031105990783413 0.5030276816608997 0.3643433179723502 0.5002162629757786 0.3654953917050691 0.4984861591695502 0.3654953917050691 0.49416089965397925 0.36146313364055305 0.4775086505190312 0.3591589861751152 0.47318339100346024 0.3528225806451613 0.47145328719723184 0.3418778801843318 0.47188581314878897 0.3300691244239632 0.47923875432525953 0.32690092165898615 0.48464532871972327 0.3263248847926267 0.4885380622837371 0.32747695852534564 0.49502595155709345
3 0.2995391705069125 0.5257352941176471 0.31797235023041476 0.5369809688581315 0.3306451612903226 0.5413062283737025 0.33870967741935487 0.5415224913494809 0.3450460829493088 0.5436851211072665 0.34965437788018433 0.5434688581314879 0.35195852534562216 0.5443339100346021 0.3629032258064516 0.5421712802768167 0.3660714285714286 0.5404411764705883 0.37298387096774194 0.5330882352941176 0.3761520737327189 0.5266003460207613 0.3747119815668203 0.5190311418685122 0.37067972350230416 0.5153546712802768 0.3626152073732719 0.504325259515571 0.3513824884792627 0.5047577854671281 0.3392857142857143 0.5034602076124568 0.3248847926267281 0.5032439446366783 0.3035714285714286 0.5086505190311419 0.2995391705069125 0.5112456747404844 0.29781105990783413 0.5136245674740485 0.2975230414746544 0.5194636678200693 0.2995391705069125 0.5257352941176471
3 0.3182603686635945 0.5990484429065744 0.32027649769585254 0.6022923875432526 0.32402073732718895 0.6044550173010381 0.32805299539170507 0.6059688581314879 0.3418778801843318 0.6079152249134949 0.3626152073732719 0.6096453287197232 0.3845046082949309 0.599264705882353 0.3882488479262673 0.594506920415225 0.3888248847926267 0.5882352941176471 0.3873847926267281 0.5821799307958477 0.38364055299539174 0.5754757785467128 0.38047235023041476 0.5730968858131489 0.3654953917050691 0.5683391003460209 0.35627880184331795 0.5698529411764707 0.34014976958525345 0.578287197231834 0.32805299539170507 0.5808823529411765 0.32171658986175117 0.5847750865051904 0.31739631336405527 0.5912629757785467 0.31710829493087556 0.5958044982698962 0.3182603686635945 0.5990484429065744