3 0.751753426297892 0.27297298917262736 0.7608906274598285 0.2562146957616811 0.7596519029151955 0.24828846938161303 0.7567631240354971 0.24473831650843297 0.7527630539653172 0.24277643490464404 0.7455412911756277 0.24222419441258608 0.7376010545867895 0.23984026244326237 0.7324896933261277 0.23946665210886464 0.7266337196161097 0.23970885226454958 0.7202389827615081 0.2427388546577315 0.7132194405605939 0.24946433001750448 0.7109819744965281 0.25641748559216937 0.7118202553987206 0.2613288395459433 0.7208235034127366 0.2785600634579404 0.7258226838214623 0.2822888464887807 0.7331903923644025 0.28347324748999864 0.740254954433736 0.2820642164043624 0.751753426297892 0.27297298917262736
4 0.5869501539050015 0.5462894977910014 0.5895768086444028 0.5410221035740964 0.5902277526409224 0.534879128640157 0.5891687387508548 0.5315723959748514 0.586717797130909 0.5299187246291511 0.5661489162692206 0.5304503449194687 0.5620479203142092 0.5331727470806567 0.5598591028345603 0.5403366228250415 0.562171724952363 0.5477929688345327 0.5657303290467934 0.5529640930152584 0.5678519855429257 0.554471834241453 0.5739025535906114 0.5550725147646478 0.5812364972322369 0.5522695825602633 0.5869501539050015 0.5462894977910014
4 0.5541153099764784 0.5372236502842839 0.5618195610752268 0.528342533196174 0.5651309247124625 0.5209194972509321 0.5646593225513954 0.5150356825178497 0.5583430016474155 0.5107231790089863 0.5476337932819224 0.5078687566429909 0.5426683777745114 0.5081273068177532 0.5383727874818323 0.5100068283000612 0.5346123316177395 0.514204271649289 0.532266313417735 0.5194068758159796 0.5323712368376763 0.5262631513283706 0.5334153670446414 0.5333464970295588 0.5356680856109224 0.5392630118007957 0.5398627500187703 0.5420677740834645 0.5469385670552087 0.5419878540663627 0.5501602597747179 0.5405782129546317 0.5541153099764784 0.5372236502842839
5 0.5981599941595406 0.5141819420547452 0.5972131611214091 0.507520036692997 0.5912148703741378 0.5020243522351053 0.5876526375637099 0.5019589521587963 0.5841016597203871 0.5032226631510215 0.5774487962605986 0.5089756777314859 0.5767154387783474 0.5109205992901028 0.5761991855679736 0.5163666236646681 0.579200145299608 0.5165616038414056 0.5859691871464427 0.5189939758418662 0.5920085002270236 0.518265545296527 0.5947175684521564 0.5171962044549445 0.5981599941595406 0.5141819420547452
5 0.5301970531722769 0.8561412464996117 0.5310425915064644 0.850841152244552 0.5293061261505573 0.8394786130987499 0.5269673653825475 0.8344697690566072 0.5187951408387294 0.8323613473072177 0.514110361870715 0.8325551074317659 0.50841921513216 0.8411934143380957 0.5080263977408274 0.8446133770847528 0.5089619758118538 0.8499461713779667 0.5143841097972295 0.8593480489721695 0.5216171275540238 0.8612294005327616 0.524008165622448 0.8613432406402076 0.5275591434657708 0.8600795296479825 0.5301970531722769 0.8561412464996117
5 0.5234712465734279 0.9473624597866269 0.526329889267809 0.9418195553497878 0.5261389236461388 0.9358709505664912 0.5229244883586242 0.9270691434693884 0.5191338963092141 0.9221735295085967 0.5168289004425188 0.9211520186720566 0.5097044348216635 0.9210212185194386 0.5064827421021543 0.9224308596311696 0.5030628263289799 0.9281033441684373 0.5029245068268368 0.9339060188322283 0.5039573820666969 0.9396602534648822 0.5082344599602763 0.9466630691228739 0.5119538934910598 0.9486897407768768 0.5162719937179485 0.9494684414316374 0.5202982024383357 0.9489828210680779 0.5234712465734279 0.9473624597866269
5 0.49508519612282964 0.9268378030979278 0.49346490915396873 0.9236606505330508 0.48478006011577424 0.9218925290538099 0.47838532326117267 0.9249225314469918 0.47083827288277985 0.9357649201127958 0.4699814795814876 0.9397359032993211 0.4705278689771787 0.9433829362347751 0.4760621838144906 0.9494296411325355 0.4859033439115864 0.954925935616522 0.4886498057540313 0.9527382038761253 0.49538471388043853 0.9345369592891988 0.49508519612282964 0.9268378030979278
5 0.47693822715310796 0.9698688875692796 0.47761893851583226 0.956172686563575 0.47674326399632766 0.9523797235086153 0.47337925423956495 0.9480514800067695 0.46614623648277076 0.9461701284461773 0.4627412043926987 0.9480659999475624 0.4604213248429012 0.9508211021469049 0.45678430479784937 0.9529924838682241 0.4542774571614917 0.9613395405616375 0.45602880620050107 0.9689254666715573 0.4604405748802264 0.9752313317701745 0.4649046208603659 0.9766421929340948 0.4681375685469801 0.9765616628908982 0.47499628131154115 0.9729806400578477 0.47693822715310796 0.9698688875692796
5 0.4648552346377235 0.9431389060008059 0.46532283926368045 0.9374821614565206 0.4625124763346036 0.9265895026812953 0.4590137757916951 0.9229582097388238 0.4524879768669449 0.9215794385869632 0.4457900935387369 0.9220160088932909 0.44245621996729156 0.9267808227014644 0.4402899124218524 0.9366029205829177 0.4430403717994074 0.9459557481198887 0.44518453822974946 0.9501217114831515 0.4477814256029463 0.9524075433380116 0.4526121503242114 0.9528459437226238 0.45588249162813754 0.9516470227806128 0.4648552346377235 0.9431389060008059
5 0.4443840197639816 0.9607382500123478 0.44604895778214926 0.9525855634695773 0.44246784375350917 0.944756217151783 0.4407241209656073 0.9436051262148142 0.43655196649196937 0.9434585860692138 0.43394019543567036 0.9449493672502364 0.42991398671528314 0.9454349876137957 0.42722742842436007 0.9491625505924466 0.42590665921310833 0.9536845542188404 0.4267561950824058 0.9599250192411486 0.4295589317603751 0.9643828428434229 0.4347414515396636 0.9676253954846089 0.438632969473905 0.9678367256804237 0.4423560317206857 0.9647576732300103 0.4443840197639816 0.9607382500123478
5 0.4895592451748506 0.9605185001366875 0.487830406070051 0.9555907961638361 0.48646461699037974 0.9547963555160933 0.48201182597734504 0.9547146054207072 0.47913067334875425 0.957599287720478 0.4754003536699788 0.9708897883797251 0.4755688093574393 0.9741801710259533 0.4784724719202399 0.973953710863251 0.4826820200111898 0.9729818601100373 0.48668571879736733 0.9698380176094095 0.48908038558178896 0.9648461336124388 0.4895592451748506 0.9605185001366875