0 0.358631542630732 0.32294333276032205 0.35457208238001653 0.32559830520890454 0.3525176866489269 0.3290593736838497 0.3520222320637613 0.33277440086028115 0.35336226262622106 0.33554982745863093 0.35810004036493914 0.33987764142782656 0.36238837384724637 0.3414152888247045 0.37551829520638746 0.33700156936972603 0.3805703250687885 0.32803555719200117 0.37955949060220284 0.32203743606021673 0.37549338858606907 0.32021635001391663 0.3712067155451164 0.3197977172407592 0.358631542630732 0.32294333276032205
0 0.6748812732279134 0.5294878445343472 0.6678768309400593 0.5356186254318425 0.6683888899387703 0.5430937444926174 0.6705075608535148 0.54543664312985 0.6798068951935322 0.5478705159689143 0.6837593908145472 0.5481547994043445 0.6875423070635618 0.5466933862353303 0.689983532308762 0.5413375318442456 0.6891999106324135 0.5384130159342009 0.6831780753081177 0.53151866936023 0.6791662858275116 0.528787462683784 0.6748812732279134 0.5294878445343472
0 0.7758566845554351 0.5313136206848663 0.7732425590555253 0.5326857492240651 0.7691304467106368 0.5373698569265142 0.7694696054546382 0.5408612501354033 0.7750453174052322 0.5472034593844977 0.7775524782754418 0.5487705867293113 0.7809485650103457 0.5492039594764366 0.7910775313554662 0.5480571544767965 0.7950826790706542 0.5463123026583602 0.7980276611077926 0.5428364942094471 0.7990762036963603 0.5367343484738794 0.7980160380183107 0.5350033918434027 0.7960652860342122 0.5332871751868941 0.7865963723221945 0.5291076057433852 0.7758566845554351 0.5313136206848663
0 0.4295007228333142 0.7799481885615934 0.42566349404877235 0.7823197223607539 0.42316629582668996 0.7874666827582637 0.42294904568458014 0.7911071652788477 0.4244026826421584 0.7954193944880674 0.42679955799995845 0.7976877484694527 0.4306417681085642 0.7986732585414542 0.43414814035587745 0.798405404652008 0.4444417047489349 0.7956472523856506 0.446715011063489 0.789664716013842 0.4441962271037975 0.7802644863029838 0.44051861504312895 0.7776676289642649 0.4363998609328223 0.7778756781718313 0.4295007228333142 0.7799481885615934
0 0.33274154962684493 0.8060986227900981 0.3319662301572692 0.8087691799986565 0.33313834178908275 0.8109179246162824 0.345172049789547 0.8179925300219001 0.3463968135155335 0.8181121393856594 0.35140283304917985 0.8156513209566839 0.36207824563228425 0.807641338903025 0.3621852102619846 0.8047020830190122 0.3553304220498765 0.7991503850363046 0.3484229817435956 0.7956278223074638 0.3410217472935037 0.7969393013787748 0.33274154962684493 0.8060986227900981
1 0.3282499459162729 0.7425973831014365 0.322060191661331 0.7350763545467418 0.3083029444670057 0.7293591377063551 0.2938313321040505 0.7298784159392631 0.29082705620732086 0.7309073011471603 0.2905011809941559 0.7363680249280362 0.29368998023507725 0.7471559679380693 0.29308590057885686 0.7526912363747928 0.2914199948032323 0.755376533557319 0.292595427317755 0.7597633074223862 0.2891483489300327 0.7624780845528483 0.28424763358473215 0.7608806324740905 0.27980300426126076 0.766549405462533 0.27185366313183035 0.7736050469641423 0.27102071024401814 0.7749476955554055 0.27202822382789477 0.7787077874397488 0.2875683040756723 0.7855145389559205 0.2946386819885356 0.7863067397943234 0.303429278212551 0.7835035228200542 0.3143845556800655 0.7765380107342683 0.31922431672442036 0.7745695249482895 0.3276823959698527 0.7727509732600137 0.3341947045552503 0.7725732487863912 0.34236627715085416 0.7652341686353598 0.3490958358783616 0.7614159616411531 0.34379998881217777 0.7561182223599319 0.34690458757318954 0.7476740227731395 0.34600735950172246 0.743212704252225 0.34032800380413714 0.7420477801345844 0.3369895504874698 0.7429423160047544 0.3282499459162729 0.7425973831014365
1 0.4216346181254475 0.7305607662341747 0.4093886413069371 0.7304836872203027 0.40671854283014514 0.7316469217659269 0.41034516323799525 0.7373919289822333 0.4080192048292684 0.7454036006079084 0.40980701920678425 0.7498501791548552 0.4161087194154901 0.7577889956966992 0.42168111048337514 0.7618931756983522 0.42524345570757055 0.7618342158024808 0.4389724753988683 0.7485281840396167 0.4408029792224298 0.7442315395903731 0.4398530990567899 0.7417993563233252 0.4331069359157368 0.7344274170803254 0.4277041242198525 0.7320689336831169 0.4216346181254475 0.7305607662341747
1 0.3349289416986334 0.517139735954698 0.32652185410601964 0.5158101377653865 0.32323937376623435 0.5169135676291311 0.3201281332398042 0.5208817087210409 0.31729841803913894 0.5270133344045445 0.31124219547557047 0.5344572839453672 0.3106347949366408 0.5377545231346493 0.3139239170418443 0.5411271517657872 0.3201053690900134 0.5430531072018787 0.32350477670762634 0.5457245091964452 0.3250127262007322 0.549126617775519 0.3228447240745239 0.5510508836395942 0.3223476090480038 0.5536468961923051 0.3268531926724211 0.5515440610685991 0.33414248116874884 0.5498147940101387 0.33998975579698026 0.551606400108503 0.3411701696355666 0.559350217844732 0.34267645868731783 0.5616333118000851 0.3466882481679241 0.5643645184765311 0.34969252406465373 0.5633356332686341 0.35313794201102133 0.5595018415144514 0.35924681666876285 0.550028756719762 0.35957103144057323 0.5434490183151655 0.357394727107592 0.5397782110606376 0.35883840141704304 0.5373763525275334 0.3595544270270276 0.5322588720779592 0.3583246819769775 0.528782218843038 0.3560380921315868 0.5258126382250815 0.349022026754251 0.5241103167565324 0.3349289416986334 0.517139735954698
1 0.42767182612960586 0.522738654391512 0.42561576995716166 0.5250807082427364 0.42673024817073857 0.525901544243067 0.4240634705766556 0.5293028080361326 0.4174375555961395 0.5279437298988854 0.4124298756211385 0.5292855337041404 0.4088708512796522 0.5315825228474531 0.40376450888172377 0.5414586556553239 0.40150448609800604 0.5563933090168974 0.40323798793999455 0.5617500081939902 0.40786215928359404 0.5645410195523161 0.41515476866263085 0.5650497817412969 0.43090545728710017 0.563739992242002 0.4397520264879976 0.5611456692613073 0.4433110508294839 0.5588486801179946 0.4429109377845369 0.5517913490443691 0.43704871918411436 0.539928611332519 0.4350846836691796 0.5292602776862452 0.431630963516039 0.5274989963218248 0.4345183121349411 0.5226952792556164 0.4320094908233769 0.520009137287082 0.4280026826668343 0.520634974481798 0.42767182612960586 0.522738654391512
1 0.452805085515656 0.46741967390225325 0.4499654076668634 0.46683721184343296 0.4391121135049856 0.4675064241740442 0.4355004370693263 0.4718325485712236 0.42899477024934696 0.4764863315397288 0.4262819823265094 0.4863927890815435 0.4203986600176505 0.4978204644742519 0.42029501627065935 0.5029977496057058 0.42174367190417394 0.5039529349437636 0.43109399789700964 0.5032386579052405 0.4473434619893535 0.5004518704769554 0.4559744414894955 0.5026170446405654 0.459480813736809 0.5023491907511193 0.46248342919218405 0.5002012909195016 0.46881287487474455 0.48932575285166935 0.47693013493482084 0.48289679333078406 0.4756444169078887 0.47921124610228827 0.47152068147351844 0.4760622514386929 0.4633901378826056 0.47353909396981325 0.452805085515656 0.46741967390225325
1 0.5212208287113802 0.3588592920295465 0.5152139373592755 0.36203607706906143 0.5107100141762129 0.36525792681648805 0.5072662566711997 0.3702107331943913 0.5080531992302573 0.3753732783518774 0.5096154612588906 0.37786526630080497 0.5146857559761917 0.38120841498400704 0.5245398387609658 0.38237418388765576 0.5321073317003493 0.3805703721733479 0.540728348552364 0.3760214585946341 0.5435630450770929 0.3732468767822924 0.544669221083897 0.36847263966401994 0.5451580339036444 0.36028155399270595 0.5435957718750111 0.35778956604377826 0.539807874301933 0.35589393534163066 0.5355771742378623 0.3556841965620479 0.5212208287113802 0.3588592920295465
5 0.4345457899334583 0.35364952641795416 0.4274837142273677 0.3584523986981544 0.42470831156223 0.3636739037515119 0.4285621447603174 0.37249251618955787 0.43279782614845186 0.3760592988403024 0.45705758567117166 0.36978280777514455 0.4579448510945114 0.3675300385537355 0.4561553762756409 0.36196444538306805 0.45336669007966657 0.35823383344666054 0.44891043766671324 0.3560695040690587 0.4345457899334583 0.35364952641795416
5 0.40092108144255045 0.7634257543791815 0.39658175630742476 0.7650362568598906 0.39335690938587614 0.7674675953409305 0.38874436113175853 0.7725096863486492 0.3876924976604818 0.7763738028367758 0.388922242710532 0.7798504560716969 0.39839779818796817 0.7885060840100883 0.4037446369069705 0.7906556734137221 0.40641639582511707 0.7906114534918185 0.4133698464601526 0.7876288224719105 0.41876103506655504 0.7821542035030746 0.4193634542814209 0.7754999204426305 0.4185255200695449 0.7734855251627317 0.41233576581460313 0.765964496608037 0.4073231045155385 0.7639492565421302 0.40092108144255045 0.7634257543791815
5 0.7494272624651525 0.5383953629903788 0.7462583885204859 0.5410355954649934 0.7430961563412375 0.5481518864344904 0.7415488382847953 0.5557310300990485 0.7472841669592627 0.5571048482102635 0.7511230561851592 0.555852329034824 0.7554657022029938 0.556479855801556 0.7611977099947522 0.5556156446653298 0.769313309613474 0.5480676705207237 0.767522174353249 0.5413830627263357 0.7637326163388163 0.5383684174004675 0.7560498565629596 0.5375164118801848 0.7494272624651525 0.5383953629903788