5 0.30126728110599077 0.5155709342560554 0.3027073732718894 0.5190311418685122 0.3058755760368664 0.5222750865051904 0.31422811059907835 0.5274653979238755 0.3220046082949309 0.5274653979238755 0.32805299539170507 0.5250865051903115 0.33381336405529954 0.5192474048442908 0.3369815668202765 0.5086505190311419 0.32776497695852536 0.5071366782006921 0.31768433179723504 0.5038927335640139 0.3136520737327189 0.5036764705882353 0.30760368663594473 0.5051903114186851 0.3024193548387097 0.5103806228373703 0.30126728110599077 0.5118944636678201 0.30126728110599077 0.5155709342560554
5 0.28513824884792627 0.548226643598616 0.2888824884792627 0.5514705882352942 0.29406682027649766 0.5538494809688582 0.3027073732718894 0.555363321799308 0.309331797235023 0.5547145328719724 0.31422811059907835 0.552984429065744 0.3162442396313364 0.5510380622837371 0.31739631336405527 0.5473615916955017 0.3165322580645161 0.5397923875432526 0.31077188940092165 0.5346020761245676 0.307315668202765 0.5330882352941176 0.29838709677419356 0.5317906574394464 0.2897465437788019 0.5326557093425606 0.28513824884792627 0.5354671280276817 0.2825460829493088 0.539143598615917 0.28225806451612906 0.5434688581314879 0.28513824884792627 0.548226643598616
5 0.4521889400921659 0.55060553633218 0.4634216589861751 0.5542820069204153 0.4740783410138249 0.5477941176470589 0.47667050691244245 0.5432525951557093 0.4775345622119816 0.5363321799307958 0.476094470046083 0.5285467128027682 0.47263824884792627 0.5242214532871973 0.4694700460829493 0.5220588235294118 0.4596774193548387 0.5198961937716263 0.45593317972350234 0.5209775086505191 0.4521889400921659 0.5235726643598617 0.44930875576036866 0.530060553633218 0.44930875576036866 0.5471453287197232 0.4521889400921659 0.55060553633218
5 0.47897465437788017 0.5341695501730104 0.48099078341013823 0.5369809688581315 0.4841589861751152 0.5378460207612458 0.4939516129032258 0.529628027681661 0.4985599078341014 0.5287629757785467 0.5069124423963134 0.5246539792387543 0.5074884792626728 0.5222750865051904 0.5057603686635945 0.5147058823529412 0.5051843317972351 0.513840830449827 0.5005760368663594 0.5136245674740485 0.4824308755760369 0.5153546712802768 0.4798387096774194 0.5168685121107266 0.47695852534562216 0.5229238754325259 0.47667050691244245 0.5263840830449827 0.47897465437788017 0.5341695501730104
5 0.45305299539170507 0.685121107266436 0.4596774193548387 0.6855536332179931 0.4691820276497696 0.6699826989619377 0.47206221198156684 0.6682525951557093 0.4674539170506913 0.6645761245674742 0.4634216589861751 0.6630622837370244 0.4596774193548387 0.6628460207612458 0.4553571428571429 0.6667387543252595 0.4516129032258065 0.6743079584775087 0.45103686635944706 0.6820934256055364 0.45305299539170507 0.685121107266436
5 0.4254032258064516 0.7041522491349481 0.42828341013824883 0.7060986159169551 0.43202764976958524 0.7069636678200693 0.4441244239631336 0.7039359861591696 0.4475806451612903 0.701340830449827 0.44930875576036866 0.6961505190311419 0.4470046082949309 0.6916089965397925 0.44297235023041476 0.6887975778546713 0.4395161290322581 0.6877162629757786 0.4279953917050691 0.6887975778546713 0.42367511520737333 0.6913927335640139 0.42194700460829493 0.6946366782006921 0.4228110599078341 0.6996107266435987 0.4254032258064516 0.7041522491349481
5 0.4262672811059908 0.7240484429065744 0.4357718894009217 0.7307525951557093 0.44268433179723504 0.7322664359861593 0.4498847926267281 0.7307525951557093 0.4536290322580645 0.728589965397924 0.4567972350230415 0.7203719723183392 0.45622119815668205 0.7169117647058825 0.45420506912442404 0.7136678200692043 0.44614055299539174 0.7071799307958477 0.438652073732719 0.7065311418685122 0.4291474654377881 0.7078287197231835 0.42425115207373276 0.71280276816609 0.4248271889400922 0.721885813148789 0.4262672811059908 0.7240484429065744
5 0.48473502304147464 0.7182093425605537 0.5002880184331797 0.721885813148789 0.5023041474654378 0.7216695501730104 0.5060483870967742 0.7184256055363323 0.5123847926267281 0.7099913494809689 0.5106566820276498 0.7030709342560554 0.508352534562212 0.6996107266435987 0.504320276497696 0.697015570934256 0.4985599078341014 0.6957179930795848 0.48675115207373276 0.698961937716263 0.4824308755760369 0.7026384083044983 0.4801267281105991 0.7076124567474049 0.48099078341013823 0.7134515570934257 0.48473502304147464 0.7182093425605537
5 0.8453341013824884 0.747621107266436 0.8554147465437788 0.7504325259515572 0.8626152073732719 0.7547577854671281 0.8695276497695852 0.7554065743944637 0.8775921658986177 0.7448096885813149 0.8695276497695852 0.7303200692041523 0.8660714285714286 0.7264273356401385 0.8626152073732719 0.7244809688581315 0.8591589861751153 0.7240484429065744 0.8516705069124424 0.7262110726643599 0.8482142857142858 0.7305363321799309 0.8450460829493087 0.7370242214532873 0.8415898617511521 0.7398356401384084 0.8418778801843319 0.7445934256055364 0.8453341013824884 0.747621107266436
5 0.8070276497695852 0.7893598615916956 0.8035714285714286 0.7932525951557095 0.8058755760368663 0.7982266435986161 0.8093317972350231 0.8006055363321799 0.8139400921658986 0.8016868512110727 0.818836405529954 0.8012543252595157 0.8277649769585255 0.802984429065744 0.8300691244239632 0.8021193771626299 0.8323732718894009 0.8003892733564015 0.8335253456221199 0.7967128027681661 0.8326612903225806 0.7897923875432526 0.8358294930875576 0.7871972318339101 0.838421658986175 0.780060553633218 0.8387096774193548 0.7724913494809689 0.8297811059907835 0.7709775086505191 0.8211405529953918 0.7644896193771628 0.8110599078341014 0.7618944636678202 0.8070276497695852 0.7627595155709344 0.8029953917050692 0.7655709342560554 0.800979262672811 0.7683823529411765 0.8027073732718895 0.780060553633218 0.8070276497695852 0.7893598615916956
5 0.8977534562211982 0.7828719723183392 0.9141705069124424 0.7895761245674742 0.921947004608295 0.7908737024221454 0.9317396313364055 0.7882785467128028 0.935483870967742 0.786332179930796 0.9357718894009217 0.7794117647058825 0.925979262672811 0.7694636678200693 0.9182027649769585 0.7651384083044983 0.9138824884792627 0.7644896193771628 0.9092741935483872 0.7655709342560554 0.9029377880184333 0.7716262975778547 0.8977534562211982 0.7733564013840831 0.8963133640552996 0.7748702422145329 0.8957373271889402 0.7766003460207613 0.8977534562211982 0.7828719723183392
5 0.8784562211981568 0.8224480968858131 0.8801843317972351 0.8237456747404845 0.8836405529953918 0.8241782006920415 0.8905529953917052 0.8233131487889274 0.8997695852534562 0.8211505190311419 0.9029377880184333 0.8194204152249135 0.9046658986175116 0.8172577854671281 0.9063940092165899 0.8118512110726644 0.9058179723502304 0.8055795847750865 0.9012096774193548 0.8010380622837371 0.8940092165898618 0.7962802768166091 0.8870967741935484 0.7960640138408305 0.8804723502304148 0.7980103806228375 0.8715437788018434 0.8062283737024222 0.8715437788018434 0.8107698961937716 0.8784562211981568 0.8224480968858131
4 0.5578917050691244 0.4147923875432526 0.5601958525345622 0.4238754325259516 0.568836405529954 0.42949826989619383 0.574020737327189 0.4312283737024222 0.5820852534562213 0.43079584775086505 0.5918778801843319 0.4320934256055364 0.5996543778801844 0.43014705882352944 0.6051267281105991 0.4253892733564014 0.6068548387096774 0.41825259515570934 0.6025345622119815 0.41154844290657444 0.6005184331797235 0.40138408304498274 0.5979262672811061 0.39749134948096887 0.5884216589861752 0.3910034602076125 0.582373271889401 0.3892733564013841 0.5743087557603687 0.38948961937716264 0.5694124423963134 0.3907871972318339 0.5642281105990784 0.3940311418685122 0.5619239631336406 0.39749134948096887 0.5599078341013825 0.40938581314878897 0.5578917050691244 0.4147923875432526
4 0.31394009216589863 0.3806228373702422 0.32056451612903225 0.38754325259515576 0.3254608294930876 0.3899221453287197 0.3456221198156682 0.38819204152249137 0.353110599078341 0.38516435986159175 0.3580069124423963 0.381704152249135 0.36088709677419356 0.3737024221453288 0.36031105990783413 0.3695934256055363 0.35656682027649766 0.3635380622837371 0.35195852534562216 0.3600778546712803 0.34360599078341014 0.3572664359861592 0.3306451612903226 0.3581314878892734 0.3162442396313364 0.36526816608996543 0.31192396313364057 0.3706747404844291 0.31163594470046085 0.37543252595155713 0.31394009216589863 0.3806228373702422
4 0.4873271889400922 0.5849913494809689 0.49452764976958524 0.5895328719723184 0.49740783410138245 0.5901816608996541 0.519873271889401 0.578287197231834 0.5213133640552996 0.57590830449827 0.5236175115207373 0.5746107266435987 0.5221774193548387 0.573961937716263 0.5148810483870967 0.576340830449827 0.5109447004608295 0.5765570934256056 0.501152073732719 0.5756920415224914 0.494815668202765 0.5730968858131489 0.49135944700460826 0.5685553633217993 0.4879032258064516 0.5666089965397925 0.48617511520737333 0.5737456747404844 0.4858870967741936 0.5798010380622838 0.4873271889400922 0.5849913494809689
4 0.4570852534562212 0.7000432525951558 0.4576612903225807 0.7030709342560554 0.4599654377880184 0.7060986159169551 0.46860599078341014 0.7102076124567475 0.47350230414746547 0.7112889273356402 0.4772465437788019 0.710423875432526 0.48300691244239635 0.7015570934256056 0.4884792626728111 0.6978806228373703 0.4965437788018433 0.6957179930795848 0.49884792626728114 0.6931228373702423 0.5 0.6868512110726643 0.4982718894009217 0.6786332179930796 0.494815668202765 0.6712802768166091 0.4916474654377881 0.6676038062283738 0.47955069124423966 0.6667387543252595 0.47033410138248855 0.6684688581314879 0.46255760368663595 0.6810121107266436 0.45881336405529954 0.6905276816608997 0.4570852534562212 0.6959342560553634 0.4570852534562212 0.7000432525951558
3 0.3352534562211982 0.3189878892733564 0.3418778801843318 0.32093425605536335 0.3453341013824885 0.32331314878892736 0.3580069124423963 0.3187716262975779 0.35944700460829493 0.31531141868512114 0.3580069124423963 0.3105536332179931 0.3482142857142857 0.29649653979238755 0.3453341013824885 0.293901384083045 0.3424539170506912 0.29325259515570934 0.33496543778801846 0.29368512110726647 0.32805299539170507 0.2960640138408305 0.3165322580645161 0.30579584775086505 0.31422811059907835 0.31401384083044986 0.31394009216589863 0.31769031141868515 0.3352534562211982 0.3189878892733564
2 0.5034562211981567 0.4210640138408305 0.5086405529953917 0.4290657439446367 0.5120967741935484 0.43144463667820077 0.5449308755760369 0.4336072664359862 0.5506912442396313 0.4336072664359862 0.5550115207373272 0.4320934256055364 0.5590437788018433 0.4258217993079585 0.5581797235023042 0.4186851211072665 0.5538594470046083 0.41133217993079585 0.5446428571428572 0.4033304498269897 0.5262096774193549 0.39619377162629765 0.5155529953917051 0.39511245674740486 0.5112327188940092 0.39641003460207613 0.508352534562212 0.39835640138408307 0.5034562211981567 0.4048442906574395 0.5025921658986175 0.4078719723183391 0.5034562211981567 0.4210640138408305
2 0.4274193548387097 0.3938148788927336 0.43001152073732724 0.40808823529411764 0.42857142857142855 0.411764705882353 0.43202764976958524 0.4154411764705882 0.438652073732719 0.41760380622837373 0.45910138248847926 0.41955017301038067 0.4711981566820277 0.4180363321799308 0.47494239631336405 0.41673875432525953 0.4835829493087558 0.4044117647058824 0.47868663594470046 0.3914359861591696 0.4717741935483871 0.38343425605536335 0.464573732718894 0.37954152249134954 0.45593317972350234 0.37651384083044986 0.4415322580645161 0.37608131487889274 0.4297235023041475 0.37954152249134954 0.42425115207373276 0.3836505190311419 0.42396313364055305 0.38754325259515576 0.4274193548387097 0.3938148788927336
2 0.32862903225806456 0.43317474048442917 0.33496543778801846 0.4375 0.3456221198156682 0.43858131487889274 0.3557027649769585 0.4364186851211073 0.3629032258064516 0.43079584775086505 0.369815668202765 0.4288494809688582 0.37442396313364057 0.4264705882352941 0.378168202764977 0.42301038062283747 0.3822004608294931 0.41673875432525953 0.38364055299539174 0.41046712802768165 0.3816244239631337 0.4057093425605537 0.369815668202765 0.39532871972318345 0.36693548387096775 0.39446366782006925 0.3600230414746544 0.39511245674740486 0.3487903225806452 0.3946799307958478 0.33755760368663595 0.39770761245674746 0.32776497695852536 0.40743944636678203 0.3234447004608295 0.416522491349481 0.32402073732718895 0.4251730103806229 0.32862903225806456 0.43317474048442917
2 0.5619239631336406 0.5642301038062284 0.5642281105990784 0.5711505190311419 0.5702764976958525 0.5778546712802768 0.5763248847926268 0.5823961937716263 0.5889976958525346 0.5849913494809689 0.6028225806451613 0.5841262975778547 0.6082949308755761 0.5815311418685122 0.6103110599078342 0.578719723183391 0.6134792626728112 0.5676903114186851 0.6129032258064516 0.5605536332179931 0.6111751152073733 0.5568771626297578 0.6080069124423964 0.5536332179930796 0.599078341013825 0.5464965397923875 0.595910138248848 0.5454152249134949 0.5918778801843319 0.5456314878892734 0.5777649769585254 0.5488754325259516 0.5702764976958525 0.5523356401384084 0.5630760368663594 0.5579584775086506 0.5619239631336406 0.560121107266436 0.5619239631336406 0.5642301038062284