3 0.6229089707985621 0.7091757284990912 0.622177147926102 0.7167588596691574 0.6243439422661681 0.7253728748810502 0.6328725972363891 0.7353899148334417 0.6367408188104646 0.7424601600916318 0.6483843536821272 0.7493946867513754 0.6596115874692915 0.7489824187379615 0.6624686872789607 0.7476347723631097 0.6657734097038633 0.7389252514708285 0.6689649028482473 0.7237288294421521 0.6694880116504932 0.7206915556823198 0.6682342070317171 0.7148734511185932 0.664994774921705 0.7108203731612063 0.6441317160822532 0.7120497228826286 0.6271946205130661 0.7071542589368134 0.6237540229515408 0.7080794984654201 0.6229089707985621 0.7091757284990912
3 0.48064649451439345 0.6454723781389277 0.4737690737006939 0.6475390872340211 0.46945322951138496 0.6478307164932601 0.46632325237254085 0.6500483096343885 0.4649890602014718 0.6561278837688107 0.4736913334018215 0.6760915054636748 0.47665033956395764 0.6805820701115787 0.4839478357715065 0.6860783857275226 0.4911811687200946 0.6878987906995091 0.4946368635190222 0.6878384713224216 0.500078185809186 0.6860131253389945 0.5082897987939546 0.6778668421094792 0.5112989980335787 0.6687298877561958 0.5114737433196374 0.6622379600050432 0.5089132937511766 0.6475745303472722 0.5047872920853288 0.642239152006878 0.5006990335129872 0.6390660740452823 0.4966522923435024 0.6382715265003649 0.48918759946859636 0.6396995987113333 0.48064649451439345 0.6454723781389277
3 0.4855778919006621 0.564924218522966 0.483902884832107 0.5679815987418275 0.4840878259902876 0.5785768705979398 0.48934685437569153 0.5828109922899056 0.5035859346559004 0.5899165094547134 0.5174275853983641 0.5907563821357631 0.5260366279208782 0.5888757433900059 0.5383214022405859 0.583037617970567 0.5428308632627065 0.5773352111495744 0.5429754140739601 0.5691134430953831 0.5370989191525448 0.5625108442162536 0.5315858849847193 0.5602278194799638 0.5142470220404711 0.5570697357593233 0.4958166497795237 0.5573914391037893 0.49039419903611314 0.5602979352766155 0.4855778919006621 0.564924218522966
3 0.5033017343986738 0.5901377661073506 0.5007439320836338 0.5921290759810847 0.4996448741482332 0.5951764029704316 0.4997769749755051 0.6027444542962261 0.5012885596860535 0.6068276919421567 0.5048046434345911 0.6102270531711468 0.5123674683526133 0.6144209619450542 0.5239317427279129 0.6168146578093211 0.5371785727904688 0.6165834335304862 0.5492923761334685 0.6174534659000794 0.5541652979091789 0.6160706332219267 0.5572688548825687 0.6123394298156393 0.5574775689527829 0.6077935724054053 0.5562803789742661 0.6052189184098763 0.5488885250329518 0.5943168518469364 0.5383440480966897 0.584334998197846 0.5174275853983641 0.5907563821357631 0.5099440209767049 0.5911033041573324 0.5033017343986738 0.5901377661073506
4 0.6788903930510073 0.6982489568789486 0.6741307005558156 0.7061186906934965 0.6695985936775911 0.71052371728721 0.6696627569365518 0.7141996279311672 0.6714509932856256 0.717629148848701 0.6825714193550423 0.7276009492682769 0.6898575926345394 0.7324485747705812 0.6936239078561479 0.7336806090060156 0.6982352752307354 0.7338164132077789 0.700535297454003 0.7335599702518409 0.7045216496738779 0.7308948371906807 0.7059049078665051 0.7276262535486968 0.7058407446075444 0.7239503429047394 0.703506753600121 0.7222607155197589 0.6994562381212857 0.7212499379369617 0.6928641446207426 0.7066568808857927 0.6878893164925655 0.7022015025411896 0.6788903930510073 0.6982489568789486
4 0.4202397731014714 0.6504201079197942 0.4135472934459523 0.6630820888709997 0.4133234821383356 0.6667630261297143 0.4215113222110706 0.6737578721665451 0.439077770772286 0.673451248666351 0.4459212228018301 0.669438469230339 0.4524238599338881 0.6624034958787666 0.45754701318266944 0.6588533362070581 0.45979042076567794 0.6553534426829223 0.459548864967238 0.6415147202586124 0.457461331123535 0.6374415358421964 0.4418654128161533 0.6351182125845315 0.43122545109019556 0.6361691174820704 0.42578035449068113 0.6377782334276175 0.4226541516611877 0.6402120566066261 0.4202397731014714 0.6504201079197942
4 0.39898920547248645 0.3901544559305063 0.3972764553104251 0.39104953577056945 0.39477149332629374 0.3960680661746213 0.39345239839262713 0.4030125604605626 0.3941038337127943 0.40732710798864497 0.3950168234340843 0.41012301863681105 0.40379948418672695 0.41818896163352653 0.412248878660585 0.42366517079044136 0.41919423704259584 0.42549060237718506 0.43443801752443967 0.4241430416056501 0.4381552667244903 0.4225640853486464 0.43985291964914913 0.42080408535706393 0.4400654080287139 0.4164744579847099 0.43693278363644905 0.40203731159433326 0.4331060794652305 0.3973455967528213 0.43078341138585896 0.3963046594814804 0.41780945865247787 0.3956659369940388 0.40273287483799136 0.3900891099386617 0.39898920547248645 0.3901544559305063
2 0.37119802158263476 0.5803310735449145 0.36417982426703216 0.590835780732079 0.3632204157776047 0.6018836191229802 0.3670546685675247 0.6070077940402517 0.3717301992010727 0.6108195088859724 0.37522741140285715 0.6131377199255632 0.38245697004209467 0.6147418948596699 0.389648785587826 0.6141837694149782 0.4025510264435452 0.6107141211827029 0.41147823800744154 0.610558296125227 0.41719243762678015 0.6078630033755235 0.42188041824430983 0.5958848988412583 0.4269243109967283 0.587793908374073 0.42683750188166397 0.5828206175028365 0.41682368236634887 0.5702339501696735 0.4130347212886366 0.5677045357069601 0.4034900431887287 0.5654918835772722 0.3985944755569146 0.5655773360281459 0.3842825563431138 0.5708019576372464 0.37119802158263476 0.5803310735449145
5 0.4013884867948003 0.3790814844658188 0.40116090117783304 0.3825461916866536 0.40357415268161956 0.3887766498671107 0.40678339031682664 0.3910998875214589 0.4163695858195914 0.3956910700678252 0.4264637928871995 0.3963800587028397 0.43135181190031224 0.39586214617620613 0.4361756676544646 0.3916683230056154 0.4378431261043185 0.3881784827109942 0.43542232598183067 0.3815155644547773 0.43306191480895295 0.37831232680463794 0.4263516906626106 0.37345464807281903 0.41796268513836254 0.3714381195219818 0.40557977877553864 0.37165426395654494 0.4013884867948003 0.3790814844658188
5 0.3809124912345678 0.42724029232930283 0.3862205856415299 0.4342854045137067 0.38883877690617996 0.4357537752460499 0.3931810412609432 0.4369757562519697 0.4003653081879732 0.4359851707315183 0.40350283394551856 0.43420003766614945 0.4085618239353394 0.4269739673504837 0.4093615843761107 0.42328297686225447 0.4078877427590687 0.42136203959512225 0.3927092525921153 0.4099470015169895 0.38554008290248776 0.4118025071889602 0.38099665309621145 0.41555884366903406 0.37934051757440956 0.4196973740772948 0.3809124912345678 0.42724029232930283
5 0.42882645817193704 0.3667062773657285 0.4286215184110735 0.3714683648138422 0.42982625700829147 0.37447547888513083 0.4420570639411605 0.38204864242899933 0.4475663237996355 0.3841154371274095 0.4530076460897991 0.3822900911439823 0.4616506573964688 0.3823555227391438 0.46768302605718964 0.38138504367772147 0.47079035733992997 0.3778700703093138 0.47014269632911365 0.3737717528191113 0.4686688547120714 0.3718508155519792 0.45786282337468637 0.36338759878280497 0.45496420616216027 0.3623567147409785 0.44369168066278863 0.3601742222998343 0.43279016453570807 0.3627437640772893 0.42882645817193704 0.3667062773657285