2 0.19297235023041476 0.41911764705882354 0.1961405529953917 0.41976643598615915 0.1995967741935484 0.418901384083045 0.20247695852534564 0.42128027681660907 0.20218894009216593 0.42474048442906576 0.19815668202764977 0.43230968858131497 0.201036866359447 0.4359861591695502 0.2059331797235023 0.4392301038062284 0.2131336405529954 0.44074394463667826 0.21947004608294934 0.44009515570934254 0.22724654377880188 0.44052768166089973 0.23070276497695855 0.44269031141868515 0.2341589861751152 0.44333910034602075 0.24452764976958527 0.44182525951557095 0.24798387096774194 0.4392301038062284 0.2459677419354839 0.43166089965397925 0.2436635944700461 0.42841695501730104 0.2439516129032258 0.42690311418685123 0.24827188940092165 0.42171280276816614 0.2560483870967742 0.4186851211072665 0.25777649769585254 0.4147923875432526 0.25172811059907835 0.40657439446366783 0.2459677419354839 0.4041955017301039 0.2390552995391705 0.393166089965398 0.23271889400921658 0.38775951557093424 0.22955069124423963 0.38343425605536335 0.2278225806451613 0.3827854671280277 0.22321428571428573 0.3836505190311419 0.2203341013824885 0.3830017301038063 0.21514976958525348 0.38602941176470595 0.20708525345622122 0.38711072664359863 0.1961405529953917 0.395544982698962 0.19009216589861752 0.4124134948096886 0.18980414746543778 0.4150086505190312 0.19297235023041476 0.41911764705882354
3 0.5817972350230415 0.427984429065744 0.5938940092165899 0.44117647058823534 0.6022465437788018 0.4459342560553633 0.6077188940092166 0.4472318339100346 0.6126152073732719 0.4474480968858132 0.617655529953917 0.4463667820069205 0.6226958525345623 0.4476643598615917 0.6342165898617511 0.4480968858131488 0.6440092165898618 0.4459342560553633 0.646889400921659 0.44247404844290666 0.6506336405529953 0.44074394463667826 0.655241935483871 0.4362024221453288 0.6586981566820277 0.4290657439446367 0.6586981566820277 0.4180363321799308 0.6555299539170507 0.41306228373702425 0.6491935483870968 0.40916955017301043 0.6460253456221199 0.40289792387543255 0.6419930875576038 0.39835640138408307 0.6370967741935484 0.39597750865051906 0.6226958525345623 0.3914359861591696 0.6160714285714286 0.3907871972318339 0.6082949308755761 0.393166089965398 0.5941820276497696 0.4031141868512111 0.5878456221198156 0.41111591695501737 0.5852534562211982 0.41846885813148793 0.5809331797235023 0.4236591695501731 0.5806451612903226 0.4260380622837371 0.5817972350230415 0.427984429065744
4 0.36376728110599077 0.4238754325259516 0.36779953917050695 0.4273356401384083 0.3755760368663595 0.43014705882352944 0.3908410138248848 0.42949826989619383 0.40236175115207373 0.4271193771626298 0.408410138248848 0.42214532871972327 0.41244239631336405 0.4147923875432526 0.4118663594470046 0.40960207612456745 0.4086981566820277 0.4046280276816609 0.4115783410138249 0.39035467128027684 0.40812211981566826 0.3832179930795848 0.40120967741935487 0.37586505190311426 0.39717741935483875 0.37326989619377166 0.38623271889400923 0.3711072664359862 0.38047235023041476 0.37240484429065746 0.3755760368663595 0.37478373702422146 0.3683755760368664 0.3847318339100346 0.3600230414746544 0.4022491349480969 0.36059907834101385 0.41846885813148793 0.36376728110599077 0.4238754325259516
4 0.3433179723502304 0.41998269896193774 0.3557027649769585 0.4338235294117648 0.36319124423963134 0.4359861591695502 0.3686635944700461 0.4320934256055364 0.3692396313364056 0.42863321799307963 0.36779953917050695 0.4251730103806229 0.3643433179723502 0.42128027681660907 0.36088709677419356 0.4085207612456748 0.3611751152073733 0.40138408304498274 0.3649193548387097 0.3957612456747405 0.36751152073732724 0.38754325259515576 0.36693548387096775 0.3836505190311419 0.3626152073732719 0.37867647058823534 0.35023041474654376 0.3923010380622838 0.347926267281106 0.39922145328719727 0.34389400921658986 0.4046280276816609 0.3424539170506912 0.41046712802768165 0.3418778801843318 0.4156574394463668 0.3433179723502304 0.41998269896193774
4 0.7275345622119815 0.501946366782007 0.7309907834101382 0.5101643598615917 0.7370391705069125 0.5155709342560554 0.7459677419354839 0.5190311418685122 0.7523041474654378 0.5203287197231834 0.7652649769585254 0.5194636678200693 0.7796658986175116 0.5151384083044983 0.7819700460829494 0.509515570934256 0.7790898617511521 0.5012975778546713 0.7813940092165899 0.495242214532872 0.7808179723502304 0.47556228373702425 0.7793778801843319 0.47058823529411764 0.7747695852534562 0.4666955017301039 0.7669930875576038 0.46237024221453293 0.7629608294930875 0.46128892733564014 0.7517281105990784 0.46258650519031147 0.7407834101382489 0.4669117647058824 0.7347350230414746 0.47058823529411764 0.7286866359447004 0.48075259515570934 0.7275345622119815 0.4870242214532873 0.7275345622119815 0.501946366782007
4 0.6705069124423964 0.654628027681661 0.6754032258064516 0.6630622837370244 0.6777073732718895 0.6647923875432526 0.6820276497695853 0.666089965397924 0.685483870967742 0.6658737024221454 0.6955645161290323 0.6639273356401385 0.7088133640552996 0.6632785467128028 0.7134216589861752 0.6608996539792388 0.717741935483871 0.6505190311418685 0.7183179723502304 0.6440311418685122 0.7171658986175116 0.6351643598615918 0.714573732718894 0.6330017301038062 0.6923963133640554 0.6271626297577855 0.6872119815668203 0.6275951557093425 0.6851958525345623 0.6284602076124568 0.6788594470046083 0.636029411764706 0.6719470046082949 0.6399221453287198 0.6696428571428572 0.6429498269896194 0.6690668202764977 0.6479238754325259 0.6705069124423964 0.654628027681661
4 0.6319124423963134 0.6323529411764707 0.6362327188940092 0.6377595155709342 0.6388248847926268 0.65030276816609 0.6388248847926268 0.6559256055363323 0.6405529953917051 0.6580882352941176 0.6445852534562213 0.6557093425605537 0.652073732718894 0.6442474048442908 0.652073732718894 0.6371107266435987 0.6483294930875576 0.6185121107266436 0.6445852534562213 0.6163494809688582 0.6394009216589862 0.6163494809688582 0.626152073732719 0.6169982698961938 0.6195276497695853 0.6187283737024222 0.6195276497695853 0.6206747404844292 0.6319124423963134 0.6323529411764707
4 0.5097926267281105 0.6836072664359862 0.5144009216589862 0.6892301038062285 0.5207373271889402 0.6922577854671281 0.5227534562211982 0.6922577854671281 0.5262096774193549 0.6903114186851211 0.5285138248847926 0.6875000000000001 0.5362903225806452 0.6818771626297578 0.5420506912442397 0.67560553633218 0.5512672811059909 0.6708477508650519 0.5607718894009217 0.6682525951557093 0.5627880184331797 0.6647923875432526 0.5544354838709677 0.6438148788927336 0.5374423963133641 0.6390570934256056 0.5293778801843319 0.6390570934256056 0.5236175115207373 0.6401384083044983 0.5195852534562212 0.6420847750865052 0.5118087557603687 0.65030276816609 0.5051843317972351 0.661332179930796 0.5051843317972351 0.6684688581314879 0.5097926267281105 0.6836072664359862
5 0.783410138248848 0.47383217993079585 0.7862903225806452 0.476643598615917 0.7932027649769585 0.4733996539792388 0.800979262672811 0.47231833910034604 0.8165322580645162 0.47469723183391005 0.8199884792626728 0.4764273356401384 0.8211405529953918 0.4785899653979239 0.824020737327189 0.4677768166089966 0.824020737327189 0.46301903114186854 0.8194124423963134 0.4578287197231834 0.8073156682027649 0.45263840830449825 0.8035714285714286 0.45242214532871977 0.7966589861751152 0.45415224913494817 0.790610599078341 0.4599913494809689 0.7880184331797235 0.4669117647058824 0.783410138248848 0.47383217993079585
5 0.7796658986175116 0.5017301038062284 0.7808179723502304 0.5051903114186851 0.786578341013825 0.5088667820069205 0.7963709677419355 0.5103806228373703 0.8055875576036866 0.5097318339100346 0.8153801843317974 0.5056228373702423 0.8191244239631337 0.5032439446366783 0.8214285714285715 0.5 0.8225806451612904 0.49480968858131497 0.8220046082949309 0.48075259515570934 0.8208525345622121 0.4777249134948097 0.8176843317972351 0.47469723183391005 0.8001152073732719 0.47210207612456745 0.7894585253456221 0.4733996539792388 0.7845622119815668 0.4775086505190312 0.7816820276497696 0.4878892733564014 0.7813940092165899 0.4989186851211073 0.7796658986175116 0.5017301038062284
5 0.6751152073732719 0.40181660899653987 0.6857718894009217 0.4052768166089966 0.6926843317972351 0.4052768166089966 0.695852534562212 0.40830449826989623 0.7030529953917051 0.40981833910034604 0.7088133640552996 0.39619377162629765 0.7128456221198156 0.393166089965398 0.7203341013824885 0.3907871972318339 0.7278225806451613 0.3836505190311419 0.7358870967741936 0.3689446366782007 0.736463133640553 0.3635380622837371 0.7353110599078342 0.36072664359861595 0.7278225806451613 0.35532006920415227 0.7203341013824885 0.35380622837370246 0.7134216589861752 0.35358996539792387 0.7027649769585254 0.35532006920415227 0.6869239631336406 0.3613754325259516 0.6805875576036866 0.36613321799307963 0.6742511520737328 0.37608131487889274 0.6705069124423964 0.39035467128027684 0.6710829493087558 0.39727508650519033 0.6751152073732719 0.40181660899653987
5 0.5512672811059909 0.3847318339100346 0.554147465437788 0.39359861591695505 0.557315668202765 0.39792387543252594 0.5639400921658987 0.4022491349480969 0.5743087557603687 0.4041955017301039 0.5817972350230415 0.4033304498269897 0.5915898617511521 0.4007352941176471 0.5967741935483871 0.39878892733564014 0.5987903225806452 0.3970588235294118 0.6002304147465438 0.39424740484429066 0.601094470046083 0.37651384083044986 0.5944700460829493 0.3641868512110727 0.5872695852534562 0.35575259515570934 0.5846774193548387 0.354022491349481 0.5676843317972351 0.3501297577854672 0.5607718894009217 0.35056228373702425 0.5578917050691244 0.3518598615916955 0.5498271889400922 0.36461937716262977 0.5460829493087558 0.37391868512110726 0.5455069124423964 0.37694636678200694 0.5512672811059909 0.3847318339100346
5 0.39660138248847926 0.48464532871972327 0.39976958525345624 0.4885380622837371 0.41417050691244245 0.49416089965397925 0.4213709677419355 0.4937283737024222 0.4357718894009217 0.4887543252595156 0.44038018433179726 0.48075259515570934 0.4421082949308756 0.47383217993079585 0.4418202764976959 0.4697231833910035 0.4389400921658987 0.46193771626297575 0.432315668202765 0.456098615916955 0.4179147465437788 0.45112456747404844 0.4112903225806452 0.45025951557093424 0.4009216589861751 0.45285467128027684 0.39372119815668205 0.458044982698962 0.3896889400921659 0.45977508650519033 0.3888248847926267 0.46215397923875434 0.3894009216589862 0.47058823529411764 0.39660138248847926 0.48464532871972327
5 0.7079493087557605 0.48421280276816614 0.7119815668202765 0.4965397923875433 0.7160138248847926 0.5017301038062284 0.7243663594470047 0.5032439446366783 0.7272465437788018 0.5008650519031141 0.728110599078341 0.48421280276816614 0.7289746543778802 0.48075259515570934 0.7330069124423964 0.47404844290657444 0.7335829493087558 0.4697231833910035 0.7237903225806452 0.46237024221453293 0.7200460829493088 0.46215397923875434 0.7082373271889402 0.4666955017301039 0.7039170506912443 0.47037197231833916 0.7036290322580645 0.4775086505190312 0.7079493087557605 0.48421280276816614