2 0.3715437788018433 0.4150086505190312 0.3726958525345622 0.42019896193771633 0.378168202764977 0.42776816608996543 0.39026497695852536 0.4364186851211073 0.4009216589861751 0.4413927335640139 0.41100230414746547 0.44961072664359863 0.43202764976958524 0.45047577854671284 0.4360599078341014 0.4478806228373703 0.43980414746543783 0.44355536332179935 0.4441244239631336 0.43490484429065746 0.44642857142857145 0.4282006920415225 0.4475806451612903 0.4147923875432526 0.43980414746543783 0.4063581314878893 0.42828341013824883 0.39684256055363326 0.41215437788018433 0.3907871972318339 0.40120967741935487 0.38862456747404844 0.39717741935483875 0.386461937716263 0.39026497695852536 0.38602941176470595 0.3761520737327189 0.38797577854671284 0.3715437788018433 0.38948961937716264 0.3686635944700461 0.3916522491349481 0.3654953917050691 0.39814013840830453 0.36578341013824883 0.4044117647058824 0.3715437788018433 0.4150086505190312
3 0.5273617511520737 0.4039792387543253 0.5319700460829493 0.41025086505190317 0.5313940092165899 0.41133217993079585 0.5328341013824885 0.4124134948096886 0.5351382488479263 0.41219723183391005 0.5362903225806452 0.4152249134948097 0.5449308755760369 0.41933391003460213 0.5469470046082949 0.41998269896193774 0.5599078341013825 0.41933391003460213 0.5711405529953917 0.4158737024221454 0.5745967741935484 0.4126297577854672 0.5817972350230415 0.40203287197231835 0.5875576036866359 0.39749134948096887 0.592741935483871 0.3899221453287197 0.5964861751152074 0.37002595155709345 0.595910138248848 0.36634948096885817 0.5936059907834101 0.3628892733564014 0.589573732718894 0.35921280276816614 0.5817972350230415 0.35683391003460213 0.5748847926267281 0.35683391003460213 0.5682603686635945 0.3589965397923876 0.5466589861751152 0.3730536332179931 0.5391705069124424 0.3804065743944637 0.5328341013824885 0.38343425605536335 0.5288018433179723 0.3884083044982699 0.5244815668202765 0.3966262975778547 0.5253456221198156 0.4031141868512111 0.5273617511520737 0.4039792387543253
3 0.5279377880184332 0.47383217993079585 0.5504032258064516 0.48572664359861595 0.5599078341013825 0.4876730103806229 0.563652073732719 0.4868079584775087 0.570852534562212 0.48096885813148793 0.5780529953917051 0.4768598615916956 0.5869815668202765 0.467560553633218 0.5913018433179723 0.4565311418685122 0.5875576036866359 0.44009515570934254 0.5748847926267281 0.4320934256055364 0.5676843317972351 0.43144463667820077 0.5607718894009217 0.43317474048442917 0.5558755760368663 0.435121107266436 0.5504032258064516 0.4390138408304499 0.540610599078341 0.45047577854671284 0.5360023041474655 0.45328719723183397 0.5328341013824885 0.4571799307958478 0.5264976958525346 0.4701557093425606 0.5279377880184332 0.47383217993079585
4 0.4550691244239632 0.3836505190311419 0.4599654377880184 0.3868944636678201 0.4631336405529954 0.38624567474048443 0.4680299539170507 0.3819204152249135 0.47667050691244245 0.3775951557093426 0.48300691244239635 0.37651384083044986 0.48963133640552997 0.37651384083044986 0.5017281105990784 0.37867647058823534 0.5023041474654378 0.3730536332179931 0.49711981566820274 0.3589965397923876 0.4879032258064516 0.34277681660899656 0.4807027649769585 0.3386678200692042 0.47033410138248855 0.33628892733564014 0.4642857142857143 0.33801903114186854 0.45881336405529954 0.34191176470588236 0.4553571428571429 0.34645328719723184 0.4513248847926268 0.35596885813148793 0.45074884792626724 0.37608131487889274 0.4550691244239632 0.3836505190311419
4 0.46284562211981567 0.4186851211072665 0.47206221198156684 0.4253892733564014 0.4798387096774194 0.4271193771626298 0.4876152073732719 0.43014705882352944 0.496831797235023 0.43057958477508657 0.5048963133640554 0.42949826989619383 0.5138248847926268 0.4186851211072665 0.516705069124424 0.41306228373702425 0.5178571428571429 0.4044117647058824 0.5112327188940092 0.39532871972318345 0.5046082949308757 0.3836505190311419 0.49942396313364057 0.37846020761245674 0.4916474654377881 0.37651384083044986 0.4841589861751152 0.37629757785467133 0.4772465437788019 0.3775951557093426 0.47235023041474655 0.37932525951557095 0.4680299539170507 0.3823529411764706 0.46255760368663595 0.38797577854671284 0.45910138248847926 0.40116782006920415 0.459389400921659 0.41219723183391005 0.46284562211981567 0.4186851211072665
5 0.5005760368663594 0.4530709342560554 0.5069124423963134 0.4567474048442907 0.5190092165898618 0.46020761245674746 0.5221774193548387 0.4599913494809689 0.5288018433179723 0.4573961937716263 0.5362903225806452 0.4485294117647059 0.5408986175115207 0.4362024221453288 0.5403225806451613 0.42863321799307963 0.5342741935483871 0.41976643598615915 0.5299539170506913 0.4171712802768166 0.523905529953917 0.416522491349481 0.5135368663594471 0.42019896193771633 0.5008640552995391 0.434688581314879 0.49711981566820274 0.44096020761245674 0.49711981566820274 0.4483131487889274 0.5005760368663594 0.4530709342560554
5 0.41071428571428575 0.7030709342560554 0.4112903225806452 0.7073961937716263 0.41100230414746547 0.7136678200692043 0.41647465437788017 0.723832179930796 0.4193548387096774 0.7249134948096886 0.435483870967742 0.723832179930796 0.43663594470046085 0.7212370242214534 0.438652073732719 0.7197231833910035 0.445852534562212 0.717128027681661 0.4495967741935484 0.7169117647058825 0.4498847926267281 0.7095588235294119 0.4455645161290323 0.7043685121107267 0.440668202764977 0.6913927335640139 0.4340437788018433 0.6836072664359862 0.43029953917050695 0.6807958477508651 0.4262672811059908 0.6797145328719724 0.4213709677419355 0.6797145328719724 0.41647465437788017 0.6812283737024222 0.41042626728110604 0.6881487889273357 0.408410138248848 0.6926903114186851 0.40783410138248855 0.6963667820069205 0.41071428571428575 0.7030709342560554
5 0.42569124423963134 0.7586505190311419 0.4423963133640553 0.7664359861591696 0.4495967741935484 0.7653546712802769 0.45881336405529954 0.7601643598615918 0.46082949308755766 0.7560553633217995 0.459389400921659 0.7454584775086506 0.45650921658986177 0.7383217993079585 0.44902073732718895 0.7294550173010381 0.4423963133640553 0.7262110726643599 0.43519585253456217 0.7259948096885813 0.4308755760368664 0.7270761245674742 0.42655529953917054 0.7305363321799309 0.4245391705069125 0.7402681660899655 0.42425115207373276 0.7558391003460209 0.42569124423963134 0.7586505190311419
5 0.3623271889400922 0.7623269896193772 0.36463133640552997 0.7664359861591696 0.3660714285714286 0.7673010380622838 0.37413594470046085 0.7668685121107267 0.38306451612903225 0.7690311418685122 0.39372119815668205 0.7668685121107267 0.3991935483870968 0.7625432525951558 0.404089861751152 0.7543252595155711 0.3986175115207373 0.7398356401384084 0.391705069124424 0.7305363321799309 0.38018433179723504 0.722318339100346 0.37672811059907835 0.7205882352941176 0.37327188940092165 0.7205882352941176 0.3695276497695853 0.7210207612456748 0.3643433179723502 0.7240484429065744 0.3600230414746544 0.7307525951557093 0.3591589861751152 0.7378892733564014 0.3623271889400922 0.7623269896193772
5 0.3271889400921659 0.7512975778546713 0.33813364055299544 0.759515570934256 0.3487903225806452 0.7621107266435987 0.3536866359447005 0.7603806228373703 0.3580069124423963 0.7569204152249135 0.36031105990783413 0.7523788927335641 0.36059907834101385 0.7413494809688582 0.35743087557603687 0.7376730103806228 0.3493663594470046 0.7355103806228375 0.33842165898617516 0.7339965397923877 0.3346774193548387 0.7342128027681661 0.32805299539170507 0.736159169550173 0.32373271889400923 0.740484429065744 0.3234447004608295 0.7448096885813149 0.3271889400921659 0.7512975778546713
5 0.32027649769585254 0.8161764705882353 0.32373271889400923 0.8217993079584776 0.3326612903225806 0.8293685121107266 0.3415898617511521 0.833044982698962 0.3493663594470046 0.8339100346020762 0.3522465437788019 0.8356401384083046 0.3557027649769585 0.8352076124567475 0.3640552995391705 0.8298010380622838 0.3654953917050691 0.8272058823529413 0.3654953917050691 0.8207179930795849 0.3640552995391705 0.8179065743944637 0.3554147465437788 0.8153114186851212 0.3516705069124424 0.8125 0.34994239631336405 0.8094723183391004 0.3430299539170507 0.8025519031141869 0.33813364055299544 0.7993079584775087 0.33496543778801846 0.7982266435986161 0.3251728110599078 0.7988754325259516 0.3197004608294931 0.8014705882352942 0.31739631336405527 0.8036332179930797 0.31710829493087556 0.8073096885813149 0.32027649769585254 0.8161764705882353
5 0.459389400921659 0.8321799307958478 0.4599654377880184 0.8386678200692043 0.4611175115207374 0.842128027681661 0.46486175115207373 0.8460207612456749 0.4772465437788019 0.8503460207612458 0.49107142857142855 0.8479671280276817 0.49510368663594473 0.842128027681661 0.4962557603686636 0.8343425605536332 0.49567972350230416 0.8315311418685122 0.49107142857142855 0.825475778546713 0.48473502304147464 0.8140138408304498 0.4778225806451613 0.8103373702422146 0.46658986175115214 0.8088235294117648 0.4619815668202765 0.8127162629757786 0.4579493087557604 0.8205017301038063 0.4576612903225807 0.8280709342560554 0.459389400921659 0.8321799307958478
5 0.5368663594470047 0.960423875432526 0.5408986175115207 0.9653979238754327 0.5426267281105991 0.9664792387543253 0.5610599078341014 0.9658304498269897 0.5642281105990784 0.9634515570934257 0.5676843317972351 0.9550173010380624 0.5665322580645162 0.9491782006920417 0.5685483870967742 0.9465830449826991 0.5616359447004609 0.9320934256055364 0.5535714285714286 0.9273356401384083 0.5397465437788018 0.9260380622837371 0.5368663594470047 0.929930795847751 0.5354262672811061 0.937067474048443 0.5354262672811061 0.956098615916955 0.5368663594470047 0.960423875432526
5 0.504320276497696 0.9764273356401384 0.5089285714285714 0.9783737024221454 0.5175691244239632 0.9798875432525952 0.5259216589861752 0.9796712802768166 0.5325460829493088 0.9772923875432526 0.5351382488479263 0.9749134948096886 0.5371543778801844 0.9705882352941178 0.5371543778801844 0.967128027681661 0.5339861751152074 0.9535034602076126 0.5313940092165899 0.9498269896193772 0.5244815668202765 0.9444204152249135 0.521889400921659 0.939446366782007 0.5192972350230415 0.9372837370242216 0.5161290322580645 0.9379325259515572 0.5149769585253456 0.93901384083045 0.5112327188940092 0.9498269896193772 0.5097926267281105 0.9591262975778548 0.503168202764977 0.9675605536332181 0.5020161290322581 0.973832179930796 0.504320276497696 0.9764273356401384
5 0.5587557603686636 0.9922145328719724 0.5607718894009217 0.994377162629758 0.5671082949308757 0.9958910034602078 0.5745967741935484 0.9956747404844292 0.581221198156682 0.9935121107266436 0.5835253456221199 0.9913494809688583 0.586405529953917 0.9872404844290659 0.5878456221198156 0.9820501730103807 0.5875576036866359 0.9638840830449829 0.5852534562211982 0.9565311418685122 0.5820852534562213 0.951340830449827 0.579205069124424 0.9487456747404845 0.5745967741935484 0.9467993079584776 0.5705645161290323 0.9459342560553633 0.5685483870967742 0.9476643598615917 0.5685483870967742 0.956098615916955 0.5653801843317973 0.9591262975778548 0.5639400921658987 0.9632352941176471 0.5653801843317973 0.9696150519031143 0.5627880184331797 0.9736159169550174 0.5587557603686636 0.97469723183391 0.5564516129032258 0.9779411764705884 0.5567396313364055 0.9861591695501731 0.5587557603686636 0.9922145328719724
5 0.48905529953917054 0.9997837370242216 0.5316820276497696 0.9997837370242216 0.5293778801843319 0.9911332179930797 0.5259216589861752 0.9865916955017301 0.5184331797235023 0.9818339100346021 0.5002880184331797 0.9768598615916956 0.49452764976958524 0.9775086505190312 0.49078341013824883 0.979022491349481 0.4870391705069125 0.9842128027681663 0.48675115207373276 0.9881055363321799 0.48905529953917054 0.9997837370242216
5 0.5921658986175116 0.9997837370242216 0.6273041474654378 0.9997837370242216 0.631336405529954 0.9878892733564015 0.636520737327189 0.9777249134948098 0.6368087557603687 0.9736159169550174 0.6339285714285714 0.9669117647058825 0.6301843317972351 0.9643166089965399 0.6235599078341014 0.9621539792387545 0.6129032258064516 0.9636678200692043 0.6048387096774194 0.9675605536332181 0.5999423963133641 0.9714532871972319 0.5907258064516129 0.9835640138408305 0.5898617511520737 0.9863754325259517 0.5898617511520737 0.9932958477508651 0.5921658986175116 0.9997837370242216