2 0.45247695852534564 0.19982698961937717 0.4539170506912442 0.20242214532871974 0.4539170506912442 0.20653114186851212 0.45622119815668205 0.20999134948096887 0.4596774193548387 0.21064013840830453 0.467741935483871 0.20999134948096887 0.4778225806451613 0.21258650519031144 0.4838709677419355 0.20955882352941177 0.49510368663594473 0.19961072664359863 0.5023041474654378 0.18923010380622837 0.5057603686635945 0.1801470588235294 0.5069124423963134 0.17279411764705882 0.5060483870967742 0.16544117647058826 0.5023041474654378 0.16133217993079588 0.49135944700460826 0.15484429065743946 0.4841589861751152 0.15419550173010382 0.4737903225806452 0.1596020761245675 0.467741935483871 0.16695501730103807 0.45622119815668205 0.1753892733564014 0.4533410138248848 0.1810121107266436 0.45420506912442404 0.1961505190311419 0.45247695852534564 0.19982698961937717
2 0.5616359447004609 0.34537197231833916 0.5679723502304148 0.36613321799307963 0.5815092165898618 0.3698096885813149 0.5918778801843319 0.36721453287197237 0.599078341013825 0.3596453287197232 0.6065668202764977 0.34688581314878897 0.6071428571428572 0.3276384083044983 0.6057027649769585 0.32461072664359863 0.595910138248848 0.3205017301038063 0.5780529953917051 0.3205017301038063 0.5702764976958525 0.32374567474048443 0.5662442396313364 0.3267733564013841 0.5619239631336406 0.3323961937716263 0.5610599078341014 0.3345588235294118 0.5616359447004609 0.34537197231833916
2 0.5095046082949308 0.4186851211072665 0.5118087557603687 0.42019896193771633 0.521889400921659 0.42128027681660907 0.5296658986175116 0.42128027681660907 0.5397465437788018 0.41933391003460213 0.5434907834101382 0.4143598615916956 0.5455069124423964 0.4052768166089966 0.543778801843318 0.38408304498269896 0.5403225806451613 0.37737889273356406 0.5319700460829493 0.37413494809688586 0.5221774193548387 0.37391868512110726 0.5190092165898618 0.3745674740484429 0.5069124423963134 0.3827854671280277 0.5037442396313364 0.3905709342560554 0.5037442396313364 0.4035467128027682 0.5095046082949308 0.4186851211072665
3 0.5463709677419355 0.386461937716263 0.5460829493087558 0.4048442906574395 0.5469470046082949 0.4076557093425606 0.5529953917050692 0.41306228373702425 0.5639400921658987 0.4158737024221454 0.5711405529953917 0.4134948096885814 0.5754608294930875 0.41068339100346024 0.5869815668202765 0.39770761245674746 0.5887096774193549 0.38711072664359863 0.5872695852534562 0.38019031141868515 0.5849654377880185 0.3767301038062284 0.5789170506912442 0.3711072664359862 0.5757488479262672 0.36937716262975784 0.570852534562212 0.36851211072664364 0.5639400921658987 0.36851211072664364 0.5538594470046083 0.3711072664359862 0.5457949308755761 0.3767301038062284 0.5449308755760369 0.3804065743944637 0.5463709677419355 0.386461937716263
3 0.17857142857142858 0.34493944636678203 0.18317972350230416 0.35596885813148793 0.18548387096774194 0.358780276816609 0.19268433179723504 0.35510380622837373 0.2059331797235023 0.3509948096885813 0.21198156682027652 0.3522923875432526 0.21370967741935484 0.35467128027681666 0.2168778801843318 0.35575259515570934 0.2203341013824885 0.3525086505190312 0.222926267281106 0.3447231833910035 0.22379032258064516 0.3313148788927336 0.21975806451612906 0.3243944636678201 0.21428571428571427 0.32006920415224915 0.2059331797235023 0.319204152249135 0.1995967741935484 0.3207179930795848 0.1814516129032258 0.330666089965398 0.1765552995391705 0.33434256055363326 0.1765552995391705 0.3384515570934256 0.17857142857142858 0.34493944636678203
5 0.0020161290322580645 0.1485726643598616 0 0.1490051903114187 0 0.15484429065743946 0.0020161290322580645 0.15527681660899656 0.005184331797235023 0.1591695501730104 0.015552995391705068 0.1647923875432526 0.029377880184331802 0.1656574394463668 0.04003456221198157 0.16198096885813149 0.043202764976958526 0.16003460207612458 0.05616359447004608 0.14835640138408307 0.06163594470046083 0.14013840830449828 0.0625 0.12997404844290658 0.05789170506912442 0.12326989619377164 0.0538594470046083 0.12089100346020762 0.05011520737327189 0.12002595155709343 0.0440668202764977 0.12045847750865053 0.029089861751152073 0.12348615916955019 0.022753456221198155 0.1258650519031142 0.010944700460829493 0.13343425605536335 0.008064516129032258 0.13711072664359863 0.005184331797235023 0.14403114186851212 0.0020161290322580645 0.1485726643598616
5 0.4182027649769585 0.19269031141868515 0.4216589861751152 0.19225778546712805 0.4228110599078341 0.19009515570934257 0.4216589861751152 0.1782006920415225 0.4254032258064516 0.1647923875432526 0.4245391705069125 0.16154844290657439 0.4182027649769585 0.15765570934256057 0.4147465437788019 0.1563581314878893 0.4112903225806452 0.1563581314878893 0.405241935483871 0.15938581314878894 0.40293778801843316 0.16349480968858132 0.408410138248848 0.18295847750865052 0.4182027649769585 0.19269031141868515
5 0.42194700460829493 0.18966262975778547 0.4245391705069125 0.19485294117647062 0.4317396313364055 0.20047577854671284 0.44614055299539174 0.2069636678200692 0.45247695852534564 0.19939446366782007 0.4539170506912442 0.1961505190311419 0.45449308755760376 0.18923010380622837 0.4521889400921659 0.1786332179930796 0.4423963133640553 0.16262975778546712 0.43663594470046085 0.16003460207612458 0.4291474654377881 0.16133217993079588 0.42569124423963134 0.1647923875432526 0.42194700460829493 0.17603806228373703 0.42079493087557607 0.18274221453287198 0.42194700460829493 0.18966262975778547
5 0.18577188940092165 0.25237889273356406 0.18894009216589863 0.25151384083044986 0.19153225806451613 0.2484861591695502 0.19671658986175117 0.24632352941176472 0.20650921658986174 0.24459342560553635 0.22148617511520738 0.2387543252595156 0.2226382488479263 0.2378892733564014 0.2226382488479263 0.233780276816609 0.2206221198156682 0.2277249134948097 0.21658986175115208 0.22577854671280279 0.21198156682027652 0.2253460207612457 0.2096774193548387 0.2253460207612457 0.20506912442396313 0.22707612456747409 0.1984447004608295 0.23118512110726647 0.18865207373271892 0.23983564013840836 0.18519585253456222 0.2443771626297578 0.1846198156682028 0.2480536332179931 0.18433179723502305 0.25151384083044986 0.18577188940092165 0.25237889273356406
5 0.15581797235023043 0.3276384083044983 0.15697004608294932 0.3291522491349481 0.16330645161290322 0.3289359861591696 0.16877880184331798 0.3298010380622838 0.17194700460829493 0.3328287197231834 0.17511520737327188 0.3336937716262976 0.18029953917050692 0.330666089965398 0.1826036866359447 0.32785467128027684 0.18202764976958524 0.32309688581314877 0.18289170506912442 0.3211505190311419 0.1814516129032258 0.3183391003460208 0.17482718894009217 0.3127162629757786 0.1716589861751152 0.3112024221453288 0.16820276497695855 0.31141868512110726 0.1650345622119816 0.31401384083044986 0.16129032258064518 0.31487889273356406 0.1581221198156682 0.3207179930795848 0.15841013824884792 0.32309688581314877 0.15581797235023043 0.3276384083044983
5 0.1566820276497696 0.3626730103806229 0.1653225806451613 0.36764705882352944 0.17223502304147467 0.36764705882352944 0.1788594470046083 0.36483564013840836 0.18404377880184333 0.35921280276816614 0.18375576036866362 0.35596885813148793 0.17511520737327188 0.33499134948096887 0.16820276497695855 0.33023356401384085 0.16071428571428573 0.3300173010380623 0.15264976958525348 0.33347750865051906 0.14948156682027652 0.340181660899654 0.14861751152073732 0.3522923875432526 0.1566820276497696 0.3626730103806229
5 0.2269585253456221 0.3713235294117647 0.23070276497695855 0.37413494809688586 0.24452764976958527 0.37629757785467133 0.25172811059907835 0.37478373702422146 0.2564323156682028 0.37125151384083044 0.2620967741935484 0.3695934256055363 0.26440092165898615 0.3624567474048443 0.26180875576036866 0.3525086505190312 0.25921658986175117 0.349264705882353 0.25460829493087556 0.3462370242214533 0.24654377880184333 0.34558823529411764 0.23444700460829493 0.34753460207612463 0.22839861751152074 0.3512110726643599 0.222926267281106 0.35294117647058826 0.21975806451612906 0.35532006920415227 0.21918202764976957 0.35705017301038067 0.21947004608294934 0.3626730103806229 0.2269585253456221 0.3713235294117647
5 0.18548387096774194 0.4995674740484429 0.19009216589861752 0.5023788927335641 0.19556451612903228 0.5036764705882353 0.2036290322580645 0.5038927335640139 0.20938940092165897 0.5023788927335641 0.21514976958525348 0.4961072664359862 0.2206221198156682 0.4844290657439447 0.2206221198156682 0.4805363321799308 0.21658986175115208 0.4673442906574395 0.20996543778801846 0.4582612456747405 0.2036290322580645 0.4563148788927336 0.1995967741935484 0.456098615916955 0.19326036866359447 0.4584775086505191 0.18663594470046083 0.4666955017301039 0.18173963133640553 0.4770761245674741 0.18173963133640553 0.48810553633218 0.18548387096774194 0.4995674740484429
5 0.8940092165898618 0.6528979238754327 0.900921658986175 0.6587370242214534 0.905241935483871 0.6611159169550174 0.9098502304147467 0.6663062283737025 0.9184907834101382 0.6712802768166091 0.9248271889400922 0.6725778546712803 0.9314516129032258 0.6712802768166091 0.935483870967742 0.6691176470588236 0.9435483870967742 0.6615484429065744 0.9429723502304148 0.6472750865051904 0.9380760368663594 0.6416522491349481 0.9343317972350231 0.6349480968858132 0.9305875576036866 0.6232698961937717 0.9256912442396313 0.617863321799308 0.9210829493087559 0.615484429065744 0.9156105990783411 0.6144031141868512 0.9089861751152075 0.6150519031141869 0.9049539170506913 0.6163494809688582 0.9003456221198156 0.6191608996539792 0.896889400921659 0.6230536332179931 0.8922811059907835 0.6349480968858132 0.8925691244239632 0.6485726643598617 0.8940092165898618 0.6528979238754327
5 0.941820276497696 0.7169117647058825 0.9516129032258064 0.7214532871972319 0.9596774193548387 0.7229671280276817 0.9637096774193548 0.7262110726643599 0.9694700460829493 0.7333477508650519 0.9737903225806452 0.7426470588235294 0.9772465437788019 0.7467560553633219 0.9809907834101382 0.747188581314879 0.9876152073732719 0.7454584775086506 0.9933755760368663 0.7415657439446368 0.9976958525345623 0.736159169550173 0.9997119815668203 0.7359429065743945 0.9997119815668203 0.7019896193771626 0.9976958525345623 0.7015570934256056 0.9948156682027649 0.6952854671280277 0.9838709677419356 0.6807958477508651 0.9711981566820278 0.6721453287197232 0.967741935483871 0.6712802768166091 0.9631336405529953 0.6717128027681661 0.9530529953917052 0.6764705882352942 0.9484447004608295 0.6805795847750866 0.9444124423963134 0.6890138408304499 0.9403801843317974 0.705233564013841 0.939804147465438 0.7136678200692043 0.941820276497696 0.7169117647058825
5 0.9205069124423962 0.7618944636678202 0.9254032258064516 0.766219723183391 0.9349078341013826 0.7685986159169551 0.9421082949308757 0.7681660899653979 0.9455645161290323 0.7694636678200693 0.9495967741935484 0.7694636678200693 0.9544930875576038 0.7673010380622838 0.9605414746543779 0.767733564013841 0.9642857142857142 0.7670847750865052 0.967741935483871 0.7640570934256056 0.9737903225806452 0.7528114186851211 0.9737903225806452 0.7480536332179931 0.9709101382488481 0.7374567474048443 0.967741935483871 0.7309688581314879 0.9637096774193548 0.7262110726643599 0.9582373271889402 0.722318339100346 0.9513248847926267 0.7216695501730104 0.9392281105990783 0.717128027681661 0.9302995391705069 0.7190743944636678 0.9245391705069125 0.724264705882353 0.9210829493087559 0.7307525951557093 0.9170506912442397 0.7480536332179931 0.9170506912442397 0.7560553633217995 0.9205069124423962 0.7618944636678202
5 0.8882488479262672 0.7445934256055364 0.8974654377880185 0.7528114186851211 0.9035138248847927 0.7564878892733564 0.9147465437788019 0.7571366782006921 0.9161866359447005 0.7554065743944637 0.9176267281105991 0.7426470588235294 0.9230990783410139 0.7244809688581315 0.9225230414746545 0.7208044982698962 0.9199308755760368 0.7166955017301039 0.913594470046083 0.7110726643598617 0.9081221198156681 0.7028546712802768 0.8974654377880185 0.6993944636678202 0.8902649769585255 0.6993944636678202 0.8836405529953918 0.701340830449827 0.879320276497696 0.7060986159169551 0.8775921658986177 0.7112889273356402 0.8796082949308757 0.7236159169550174 0.8882488479262672 0.7445934256055364
5 0.9118663594470047 0.814446366782007 0.9182027649769585 0.8179065743944637 0.9202188940092165 0.8174740484429066 0.9274193548387097 0.8215830449826991 0.9297235023041475 0.8248269896193772 0.9320276497695852 0.8317474048442908 0.9392281105990783 0.8326124567474048 0.9426843317972351 0.8308823529411764 0.9458525345622121 0.831098615916955 0.9498847926267281 0.8280709342560554 0.9527649769585255 0.8241782006920415 0.9567972350230415 0.8146626297577855 0.9567972350230415 0.8062283737024222 0.9533410138248849 0.8003892733564015 0.9423963133640554 0.791522491349481 0.9375 0.789143598615917 0.9320276497695852 0.789143598615917 0.9233870967741936 0.7921712802768167 0.9147465437788019 0.7936851211072665 0.9081221198156681 0.7993079584775087 0.9043778801843319 0.806877162629758 0.9046658986175116 0.812067474048443 0.9118663594470047 0.814446366782007
5 0.8911290322580646 0.8375865051903115 0.8986175115207373 0.8447231833910035 0.9046658986175116 0.8464532871972319 0.921947004608295 0.8473183391003462 0.9256912442396313 0.8466695501730104 0.9305875576036866 0.8434256055363323 0.9323156682027649 0.8386678200692043 0.9320276497695852 0.8345588235294118 0.929147465437788 0.8211505190311419 0.9254032258064516 0.8185553633217995 0.9213709677419356 0.8166089965397925 0.909562211981567 0.8137975778546714 0.9043778801843319 0.8109861591695502 0.8931451612903226 0.8157439446366782 0.8908410138248849 0.8179065743944637 0.8899769585253458 0.8209342560553633 0.889688940092166 0.8272058823529413 0.8911290322580646 0.8375865051903115
5 0.872983870967742 0.9599913494809689 0.8764400921658986 0.9660467128027683 0.8801843317972351 0.9697231833910035 0.8902649769585255 0.9736159169550174 0.9012096774193548 0.9731833910034602 0.9043778801843319 0.9721020761245676 0.9078341013824884 0.9695069204152249 0.911578341013825 0.9641003460207613 0.9147465437788019 0.9539359861591696 0.9127304147465438 0.9413927335640139 0.9075460829493087 0.929930795847751 0.9043778801843319 0.9273356401384083 0.8983294930875576 0.9260380622837371 0.8882488479262672 0.9269031141868513 0.8830645161290323 0.9282006920415226 0.8784562211981568 0.9316608996539794 0.8683755760368663 0.9500432525951558 0.8680875576036866 0.9543685121107266 0.872983870967742 0.9599913494809689
5 0.8401497695852536 0.9744809688581316 0.8378456221198156 0.981401384083045 0.8395737327188941 0.9881055363321799 0.847062211981567 0.9997837370242216 0.8790322580645162 0.9997837370242216 0.8790322580645162 0.9980536332179932 0.881336405529954 0.9945934256055364 0.8836405529953918 0.9811851211072666 0.8732718894009217 0.9599913494809689 0.8663594470046083 0.953287197231834 0.8591589861751153 0.9537197231833912 0.8525345622119817 0.9558823529411766 0.8473502304147467 0.9597750865051904 0.8433179723502304 0.9660467128027683 0.8421658986175116 0.9716695501730104 0.8401497695852536 0.9744809688581316
5 0.9386520737327189 0.9980536332179932 0.9386520737327189 0.9997837370242216 0.9709101382488481 0.9997837370242216 0.9723502304147467 0.9872404844290659 0.9763824884792627 0.980968858131488 0.9763824884792627 0.978589965397924 0.974078341013825 0.967128027681661 0.9700460829493087 0.9630190311418685 0.9688940092165899 0.9595588235294118 0.9668778801843319 0.957612456747405 0.9559331797235023 0.9569636678200693 0.9501728110599078 0.9582612456747406 0.9458525345622121 0.9606401384083046 0.9412442396313365 0.9666955017301039 0.9357718894009217 0.9865916955017301 0.9360599078341014 0.994809688581315 0.9386520737327189 0.9980536332179932