1 0.7032380791279749 0.4742692161403285 0.7019178093277072 0.47744842018315997 0.7041169340723874 0.4795127092980656 0.7096496946148244 0.47850331041095256 0.7111896781511953 0.47663497965755547 0.7155606255082871 0.4757812524848644 0.7261121562864877 0.4780667128882493 0.7317108394230998 0.48680595821125505 0.7371190983395264 0.48817219186789196 0.7449641669230168 0.4870674161468208 0.751439026914696 0.4845914722558512 0.7566388904246569 0.48443086602816754 0.7601922399585168 0.4826680513155829 0.7650771776222818 0.47751006596528034 0.7678102512435648 0.45837948134108986 0.7706705045802036 0.4533319465448614 0.767997997374405 0.4492938106357463 0.7648680915101199 0.44848009992981064 0.7619126260633886 0.4498411288928546 0.7507272688254981 0.45964979780310633 0.7433669010327633 0.46251245372350047 0.738223629170989 0.46159322697675237 0.7333859522094224 0.4548429021680723 0.7305889433776135 0.45318039880270716 0.7268564879532055 0.4473542352540368 0.7193736059181092 0.441548079938744 0.7168076291520407 0.4409804832679269 0.7086862551842605 0.44185421867399544 0.7064644937803057 0.4402218627488625 0.7054997576717889 0.44212034094249175 0.6991993380976635 0.4467710245024409 0.6979017049566704 0.4495182953554995 0.6977818688036541 0.45730816649152484 0.700798591371566 0.46028154314632436 0.7061163036508941 0.4633755095620521 0.707694907649171 0.4662735176162712 0.7066056699146437 0.47054762835365055 0.7032380791279749 0.4742692161403285
1 0.7034883790579488 0.43097038112224223 0.7067747541535072 0.43980500327920574 0.7100857532919894 0.43716324846695953 0.71139470476262 0.43420001101901456 0.7143162152204393 0.43348688184062967 0.7171358607115229 0.43471745201622214 0.7240841031643203 0.43421535491946195 0.7351336404465629 0.4269982851478466 0.7385238678925063 0.4228447641713958 0.7532332851483389 0.41733541892549386 0.7492065531533608 0.4171243868438691 0.7392415881326513 0.41465310728582994 0.7216173132756427 0.415245376522955 0.7074578286990444 0.4047581200271496 0.6994609563572747 0.4032562228894682 0.6945260799019662 0.4038638360270408 0.6903522096217032 0.4064603696789389 0.682523124840844 0.41276341739739886 0.678822637021699 0.41733379784350627 0.6769271197935771 0.4204828544461055 0.6773552289361462 0.4233205676198605 0.682487182468283 0.4244557609614949 0.6895080003718986 0.4280721028876918 0.6978264514165071 0.4289411739608302 0.7034883790579488 0.43097038112224223
0 0.6454922411950779 0.41493734652538483 0.6419115895289493 0.41171785583546694 0.6376651437978681 0.4101959504644078 0.6310271617182722 0.4102811880915113 0.6271635518112106 0.41246086227375267 0.6255896132859278 0.41497709281180883 0.6251548512867158 0.41776958482521553 0.6272181560757482 0.42242547307875783 0.6339853052543486 0.42537884150017957 0.6409901393553327 0.4237969114289875 0.645564816645896 0.41905578554834183 0.6454922411950779 0.41493734652538483
0 0.6321896656093136 0.4376286425282384 0.6353262243302418 0.43281214804701235 0.6355299542637135 0.4289247493390578 0.6321916529929626 0.4265841987488014 0.6267607574172616 0.42564989828193733 0.6197559233162774 0.4272318283531293 0.6152265193442632 0.4311090878542295 0.61471252903759 0.43541334603184084 0.6159695543330279 0.438944180150603 0.6193191739334162 0.441068764145973 0.6235882563237721 0.4421587363272593 0.628867348141194 0.44048636393537094 0.6321896656093136 0.4376286425282384
0 0.2485722066815022 0.42163873891637776 0.25182661417179775 0.4200768170785635 0.2561702593966207 0.4142407845033699 0.25759239416362434 0.4091178811065612 0.2567135392192118 0.4038743879488241 0.2542494274198792 0.4013630919240295 0.24659677044022313 0.39879643553203237 0.24254740178597034 0.3990173366401803 0.23429020786254245 0.40248267118488534 0.23096789039442295 0.405340392592018 0.22912896481448777 0.40740961622018534 0.2289252348810161 0.41129701492813997 0.23125352672470095 0.416399910091571 0.2345918279954519 0.41874046068182735 0.24168055587689125 0.4210610030387062 0.2485722066815022 0.42163873891637776
0 0.3286034838983325 0.402444545980449 0.3268504394825017 0.39737179825725005 0.3232471511570984 0.39458424075710485 0.3195533161945965 0.3935244160160507 0.31200718965467045 0.39442829886235153 0.30572940673981963 0.3986470492325281 0.3049843843674058 0.40185640071559153 0.3067940204314233 0.40584931546435865 0.3117561990190005 0.4102240077292886 0.31801601074757074 0.4118514291411601 0.32449087073925004 0.4093754852501905 0.3286034838983325 0.402444545980449
0 0.3477724077647063 0.40539818458220206 0.34988763872893114 0.403560001269037 0.35090896648563463 0.4005816901009761 0.3505374489912522 0.39666414395278926 0.3475886364011641 0.39239496772867166 0.33995861608078265 0.3893963781469017 0.33207959250838026 0.391149053652632 0.3296880561598657 0.39275619665079453 0.3275275518770916 0.39545824634350485 0.3315363126857892 0.4015154502071777 0.3330356883766049 0.40592522442560136 0.33584401553805115 0.4073717611960802 0.3430685633751383 0.4071007044143224 0.3477724077647063 0.40539818458220206
0 0.3411644059067243 0.42692440998352027 0.3421630970041531 0.42437803200523205 0.34184817115795735 0.41938065288261345 0.33574681604430945 0.4147296991423328 0.33319215760787835 0.4139461358766292 0.3251160569586474 0.4139560049031523 0.3203782575801676 0.4163064245199319 0.3188269557141593 0.41839072186821535 0.31860058912141304 0.42271005376594284 0.3199142060650376 0.4251610549102732 0.3245321692905012 0.430600506429519 0.32760548350659974 0.4324940501098865 0.33815234881180645 0.42936527192099627 0.3411644059067243 0.42692440998352027
0 0.23931502498269244 0.46619802136995736 0.24116526889226503 0.4639128311469037 0.24067590262851532 0.45674071235530533 0.23280353191275616 0.4528631826738739 0.22232457658537336 0.4546961612934459 0.21847228500794916 0.4566598688808008 0.21720860685586793 0.45875923994920037 0.2161872790991645 0.46173755111726134 0.21689169362602315 0.46480630460601874 0.21796296017426994 0.4663783656506875 0.22164547680713448 0.467654156986628 0.23285148332065048 0.46845799866604054 0.23931502498269244 0.46619802136995736
0 0.5021841705815013 0.8985844322002048 0.5002000940999302 0.8924167777824581 0.4963318187198745 0.889182213372424 0.49266062041664715 0.8876904554415972 0.48779365393916274 0.8870022690098516 0.48285877748385425 0.8876098821474241 0.4781209781053744 0.8899603017642036 0.4771675603264948 0.8916428133629463 0.47644517461335567 0.894420231656237 0.4773013928984936 0.9000956580037469 0.4870626279857313 0.9064543362697408 0.4922851281549668 0.9058617968522842 0.4975981749613007 0.903541524675737 0.5021841705815013 0.8985844322002048
0 0.5316822334006278 0.8860539755441963 0.5386824020286176 0.8790578068807292 0.5385758715888876 0.8755872676424312 0.5344539274838168 0.871689729727622 0.5276075499977553 0.8702481274704048 0.5238571233870668 0.8702681357037825 0.5203377288421188 0.8713830506317078 0.5151764857940642 0.8763099956670078 0.514386190103101 0.8803832135296169 0.5156545337281765 0.8836980810534927 0.5192691403832171 0.8862696719587515 0.5226753516317919 0.8873144229796897 0.52670208362677 0.8875254550613144 0.5316822334006278 0.8860539755441963
0 0.6593288503908844 0.4646049990163196 0.6603841331364997 0.4609787880635993 0.6589073941049585 0.4561370806554029 0.6537754405728217 0.45500188731376845 0.650876566774277 0.45528308330238065 0.6473458538996917 0.45661396482519256 0.646104812406885 0.4582814027038194 0.6454050633530206 0.46062688780733724 0.6461660695280658 0.46261580832166277 0.6491941104256151 0.4653732183815758 0.6528992637177543 0.4662170765277436 0.6569599507016444 0.46578020882470933 0.6593288503908844 0.4646049990163196