5 0.6368287008594138 0.4188959965368822 0.6432323843737564 0.4172534797502127 0.6462992750127864 0.4135974124696527 0.6504362939779932 0.40149630081629234 0.6505681652280118 0.38765033734449544 0.6451226640860821 0.3812655977455138 0.6392836916646234 0.377462130725275 0.6283217724316907 0.37497267713437177 0.6190174567676097 0.3807635938445979 0.6133841113987789 0.3884337117109875 0.6092454319922176 0.4016538379880686 0.6106264915593684 0.4087406490096298 0.6121261388457013 0.4109336135491593 0.6174087023810487 0.4145879912577032 0.6291476015249117 0.41862898743344407 0.6368287008594138 0.4188959965368822
5 0.5871664760973696 0.42618709901014756 0.5971868173714351 0.42551366274949565 0.605541252869876 0.4221549293063176 0.608167001459268 0.4156939554794722 0.6076205552212841 0.40883077842545335 0.5997388101582177 0.39373314056422504 0.5903457947193365 0.3842756405295117 0.5793855359277583 0.3806671723148877 0.5741523036038746 0.38127995910765194 0.5661797162954806 0.38989052233813143 0.5634996551705612 0.3954413755348309 0.5616542073748086 0.4012158626990729 0.5620887076590285 0.40849682774024093 0.5647505039290477 0.4152551354044684 0.5695309711138113 0.4196705444314632 0.5790968868074023 0.42514431861429075 0.5871664760973696 0.42618709901014756
5 0.7981637639773652 0.6280294998885072 0.8020059740859706 0.6270439898165057 0.8094188316255444 0.6205223665217724 0.8122108387042278 0.6145537253379236 0.810714512300604 0.6101227315509529 0.8074370132848824 0.6056622578160463 0.7918691875632502 0.593654654722542 0.7849717099050966 0.5904631297090592 0.7753448399105598 0.5885552933909681 0.7706630351487239 0.592674213366589 0.7689838458422629 0.5989410331738279 0.7750367475231222 0.6086230119620919 0.7845433693571222 0.6165437093859353 0.7894884345898228 0.6225704656796476 0.7946590521714062 0.6266426313753406 0.7981637639773652 0.6280294998885072
5 0.8140669455311162 0.6766213422334907 0.817127194404728 0.6774413334478131 0.8214138674456809 0.6770227006746558 0.8273171150507942 0.6750222005827168 0.8414595313178754 0.6723187842821902 0.8424110719248701 0.6687675863914215 0.8404126491706625 0.6650976239229017 0.8399188550268516 0.6602635821227496 0.8371417919203592 0.6561610916931128 0.8345836393973312 0.6545800691603392 0.8241238165149822 0.651329584250985 0.8087749013768144 0.641843449054344 0.8010971229250214 0.6393384107034646 0.7982014720993468 0.6401297667558596 0.7967511560244778 0.6422039667176379 0.7946768349971334 0.6521710737273404 0.7956167525146458 0.6564529782026159 0.8018968669857427 0.6630613517691404 0.8130727154780762 0.6714293171280687 0.8140669455311162 0.6766213422334907
5 0.5174575700832833 0.776482517544778 0.5235337179431065 0.7704982916009533 0.5259915476018524 0.7646639997548317 0.5251092635025763 0.7590541866622607 0.5216655059975631 0.7541013802843574 0.5108205140424581 0.7478370948351429 0.5035312255461303 0.7461078277766825 0.49501219199975227 0.7478552139531434 0.4913872320332566 0.7524812065457289 0.4893755257482125 0.7577633610669742 0.4910331293170643 0.7660437313681036 0.49369990691114723 0.7694449951611692 0.5061021795708218 0.7765743365326176 0.5138935644177334 0.7775425722726271 0.5174575700832833 0.776482517544778
5 0.12567619007793263 0.8309160513228235 0.1297406316527118 0.8302139799002439 0.13431381134349293 0.8242748186643312 0.13638315104677362 0.8176647555257904 0.13517001041026902 0.8099512625235054 0.13244725983930405 0.8067588927240145 0.11414007913316146 0.8027490660682254 0.10829612538763914 0.8023026429191488 0.09226225099605063 0.8042753526351681 0.0896448046134316 0.8051412533434105 0.08357031719496293 0.8100064646635147 0.08222862619114868 0.813900905885585 0.08283768717143276 0.8160791304511467 0.08856139275641824 0.822538414705976 0.10018834594651718 0.8269971988688661 0.11348784667765884 0.8296652217194002 0.12567619007793263 0.8309160513228235
5 0.24827634607366383 0.9230980196087645 0.25696661943339705 0.9184859222041386 0.2590309778126141 0.91523290293676 0.2609390403506669 0.9047734632840607 0.2576055683580633 0.9005218835427289 0.25382431255040344 0.897941455749994 0.24820591115376373 0.8955404420028981 0.24124913963601902 0.8947958402304312 0.22671989385482716 0.8956044706148182 0.2151916030876559 0.8996800154545437 0.21340710959284906 0.9018885647540493 0.2124505876617908 0.9087968065159799 0.21416748509023362 0.9146302535760933 0.21655771868261545 0.9168379580895907 0.22874108075882563 0.921445831564176 0.24276490930672462 0.923636261745681 0.24827634607366383 0.9230980196087645
5 0.08856042869807235 0.8982136211318295 0.09590569017128225 0.8997339941967152 0.0991371788582491 0.8976892741828726 0.1019358277023508 0.8872445745041413 0.09883621026540264 0.875443331046187 0.09627805774237472 0.8738623085134136 0.08982338257521368 0.8723566754224958 0.07473938834926519 0.8718972018714674 0.06516018912483772 0.8753755446784044 0.05541805229382779 0.8761235255949039 0.05090748734534693 0.87737773434236 0.047838936264962426 0.8821528162466405 0.04621738037673804 0.887091727436584 0.04598186537972802 0.8957604057769271 0.07686255855890041 0.9040348625759995 0.0804298851071595 0.9007367786007091 0.08672162266773806 0.8995120498011889 0.08856042869807235 0.8982136211318295
5 0.04762500700556167 0.8762743044786152 0.045736869763763566 0.8733055686466666 0.03666972953804715 0.8693087923928294 0.0327188943583866 0.868474061204539 0.015182051797756047 0.8704918356284702 0 0.8771192398609454 0 0.8834396020819522 0.03791393653111541 0.8935986107573495 0.03830574736928967 0.892136352802327 0.04371187994788302 0.8875398401576771 0.04762500700556167 0.8762743044786152
4 0.23445460934184797 0.8222254085462695 0.24259511558088825 0.812988163335066 0.2477280250404897 0.8049600621634067 0.24824008403920073 0.7974849431026321 0.24668778465869484 0.7932628433092359 0.24418726555390355 0.7903539121591672 0.24012780530318806 0.7876989397105847 0.2330064357375063 0.7853429906714003 0.22866545016102613 0.7848515028144118 0.22215148113427396 0.7857927929645097 0.21530665557029324 0.7846304032048937 0.2124669777215006 0.7852128652637139 0.2105162257374023 0.7869290819202227 0.2074443537743087 0.7939421930719446 0.20370080608863067 0.8034620321465619 0.20218953571281578 0.8091021699730769 0.20268665073933584 0.8116981825257878 0.22148596514793484 0.8216610656054495 0.22821884475815146 0.8232412433522149 0.23445460934184797 0.8222254085462695
4 0.8251979621068768 0.7152027024328762 0.8331539450017253 0.717782285439603 0.8496356032083702 0.7141384237749864 0.8534235007814482 0.7122427930728388 0.8572706922141176 0.7079002391296753 0.8577810907714738 0.7015441346926211 0.8556740429462115 0.6960539309638094 0.8503964607349277 0.6890425093841037 0.8465132216216309 0.6801657818361944 0.8439567295399577 0.6774657446797001 0.8388947370294295 0.6752138202442992 0.8296003840134756 0.6742906492122015 0.8218023574011457 0.6777984719670747 0.8186794937852341 0.6816634332412093 0.8159517618902055 0.6818281073128802 0.8150035421659197 0.6831412759562078 0.8192835734414542 0.6871987016779328 0.8146477790083729 0.697822815402303 0.816861791463336 0.7062522750151274 0.8219171422084461 0.712980257945411 0.8251979621068768 0.7152027024328762
4 0.2708624862861623 0.369196296910981 0.28505755464741644 0.36852201586432093 0.2903484203895367 0.3665813204542616 0.2936392029360947 0.36208967719940305 0.2950994816590912 0.3533013894953009 0.2942122162357515 0.3510486202738917 0.2827104925302531 0.3372199311340872 0.2710308872459813 0.33073201171733035 0.26279503946672256 0.32919689867847673 0.2548407170132286 0.32549830104802935 0.24643861074467832 0.323470855366179 0.24098314695462114 0.32380020350952093 0.23691538449713284 0.3267403041795417 0.23512923056097143 0.3300678681027679 0.23294794490392673 0.33709571922845766 0.23504835096377102 0.34706198145215184 0.24116054650422164 0.3542970369994001 0.24538626524422869 0.3574443420909791 0.25028033882411094 0.36032294850710406 0.2708624862861623 0.369196296910981
4 0.6425946138612719 0.47193610700082844 0.6526825512017014 0.46322067438055753 0.6556441376523854 0.4555063365922643 0.6557743484610496 0.44277938774418824 0.6545002535235993 0.4386318326066395 0.6511684419723502 0.43326123824158697 0.644830694083017 0.42798077329235795 0.6411037508108847 0.42631046612976914 0.6363183023020572 0.4252521009739362 0.6301944836721247 0.4258501477927325 0.6244031820207755 0.4274328598975222 0.6221182526167394 0.42928342589175816 0.6130295266534137 0.4398338397462889 0.6095032291098457 0.4529941613414904 0.6099427107181291 0.4569180825114964 0.6126078278708575 0.4614383609282826 0.6213901218881 0.469836651021155 0.6346336496423597 0.4727135678652636 0.6425946138612719 0.47193610700082844
4 0.5825284858722594 0.738393023814211 0.5906606899045268 0.7347508517216106 0.601642534433714 0.7238121298278664 0.6048823253274539 0.7161723366954206 0.6038304618561772 0.7123082202072941 0.5978318727108451 0.703536362049176 0.5952194076522896 0.7010452188862566 0.5918249813587404 0.7003595770096612 0.5811362852447995 0.7013017119457673 0.5684375432871693 0.7064069867793981 0.5586887646907411 0.71163102619078 0.5556185531690021 0.7175251227187812 0.5551674484712368 0.7214343039148194 0.5579362093709562 0.7311318674630595 0.5633273979773586 0.7366064864318952 0.5736209623704162 0.7393646386982529 0.5825284858722594 0.738393023814211
3 0.31251441561783044 0.3584154908008427 0.3264229773292562 0.3632617382169383 0.3320463600499596 0.36230570809287244 0.3406740186673924 0.3623785631767037 0.3505940370771759 0.35428981253715663 0.3530485458532125 0.3506935499384763 0.3543902368570267 0.34679910871640585 0.353229748314695 0.3411147509679874 0.34406394566605103 0.3285836457115342 0.3367779780524323 0.32461634940563255 0.31074202724167843 0.314953334521377 0.29338140581846667 0.31074935384598124 0.28631268834695794 0.3104225400606637 0.2808555641155462 0.31187090282772634 0.2760091613057731 0.31437847553662995 0.2731661625742713 0.3171989668428915 0.271656552639811 0.3217200900456857 0.2725964701573237 0.32600199452096146 0.2747068388652953 0.32925416900233195 0.28827126050865615 0.3409488534984785 0.2973844110631272 0.351450823501065 0.31251441561783044 0.3584154908008427
3 0.32153126057373715 0.4338203089792255 0.3259841921039814 0.4338940088490649 0.3460315164175307 0.42807107783287873 0.35138333646059666 0.42256444455808273 0.3526707149288834 0.4177598827058664 0.3526839984597198 0.40880776571610145 0.3510773865436865 0.4036755452925592 0.34045960737881875 0.3943376546216052 0.3360643092668111 0.39293604613447053 0.32838154949095444 0.3937880516547531 0.3180286912383058 0.3934768226294114 0.3073366742416559 0.3966569868129589 0.2912501477558944 0.39660056127511173 0.2841221364247945 0.39872067073081 0.2799407675721876 0.4031975740117007 0.2781546136360262 0.40652513793492673 0.2788163267104833 0.4107324977543551 0.279591646180059 0.4134030549629134 0.2828691451957805 0.41786352869781995 0.2951051593661636 0.42450053742627175 0.32153126057373715 0.4338203089792255