2 0.19412442396313365 0.5207612456747406 0.1961405529953917 0.5214100346020761 0.20305299539170507 0.520544982698962 0.2096774193548387 0.5168685121107266 0.21342165898617513 0.516219723183391 0.22148617511520738 0.5086505190311419 0.21889400921658986 0.5041089965397925 0.2203341013824885 0.5017301038062284 0.22638248847926268 0.4982698961937716 0.22494239631336405 0.49264705882352944 0.22235023041474652 0.4913494809688582 0.21342165898617513 0.4898356401384083 0.20650921658986174 0.4898356401384083 0.20161290322580644 0.49091695501730104 0.19873271889400923 0.49416089965397925 0.19239631336405533 0.5121107266435987 0.19268433179723504 0.5190311418685122 0.19412442396313365 0.5207612456747406
4 0.43289170506912444 0.501946366782007 0.44009216589861755 0.5051903114186851 0.4478686635944701 0.5047577854671281 0.4533410138248848 0.5025951557093425 0.4553571428571429 0.4982698961937716 0.4642857142857143 0.4887543252595156 0.4660138248847926 0.4844290657439447 0.46543778801843316 0.48075259515570934 0.46226958525345624 0.4768598615916956 0.4570852534562212 0.4751297577854672 0.45305299539170507 0.4751297577854672 0.4415322580645161 0.4779411764705883 0.43490783410138245 0.48010380622837373 0.4262672811059908 0.490484429065744 0.42684331797235026 0.497188581314879 0.43289170506912444 0.501946366782007
4 0 0.8053633217993081 0 0.8259083044982699 0.0020161290322580645 0.826340830449827 0.0034562211981566822 0.830233564013841 0.005472350230414746 0.8321799307958478 0.012096774193548387 0.8339100346020762 0.019009216589861752 0.8339100346020762 0.022465437788018433 0.8323961937716264 0.03254608294930876 0.8250432525951558 0.040322580645161296 0.812067474048443 0.04233870967741936 0.8047145328719724 0.041474654377880185 0.8008217993079585 0.039746543778801845 0.7990916955017302 0.033122119815668205 0.7962802768166091 0.02534562211981567 0.7949826989619377 0.01872119815668203 0.7949826989619377 0.008064516129032258 0.798659169550173 0.004032258064516129 0.8012543252595157 0.0020161290322580645 0.804930795847751 0 0.8053633217993081
4 0.4248271889400922 0.5791522491349481 0.43461981566820274 0.578719723183391 0.4392281105990784 0.5765570934256056 0.4472926267281106 0.5655276816608997 0.4478686635944701 0.5603373702422145 0.4455645161290323 0.5579584775086506 0.4423963133640553 0.5568771626297578 0.43807603686635943 0.5599048442906576 0.4308755760368664 0.566825259515571 0.4248271889400922 0.5752595155709342 0.4233870967741936 0.5778546712802768 0.4248271889400922 0.5791522491349481
4 0.9769585253456222 0.6853373702422145 0.9876152073732719 0.6920415224913495 0.9997119815668203 0.6952854671280277 0.9997119815668203 0.6583044982698962 0.986463133640553 0.6561418685121108 0.981278801843318 0.657006920415225 0.9752304147465438 0.6645761245674742 0.974078341013825 0.6680363321799309 0.9735023041474655 0.6786332179930796 0.9769585253456222 0.6853373702422145
5 0.9078341013824884 0.5996972318339101 0.9110023041474655 0.6012110726643599 0.9147465437788019 0.6014273356401384 0.918778801843318 0.603589965397924 0.9288594470046083 0.6033737024221454 0.9357718894009217 0.5983996539792388 0.9383640552995391 0.5951557093425606 0.9389400921658986 0.5914792387543253 0.9357718894009217 0.5841262975778547 0.9288594470046083 0.5800173010380624 0.9216589861751153 0.578287197231834 0.9144585253456222 0.5780709342560554 0.9101382488479264 0.5798010380622838 0.9046658986175116 0.5849913494809689 0.9029377880184333 0.5882352941176471 0.9023617511520738 0.5919117647058825 0.9078341013824884 0.5996972318339101
5 0.6255760368663594 0.5408737024221454 0.629320276497696 0.5447664359861591 0.6336405529953917 0.5464965397923875 0.6405529953917051 0.5464965397923875 0.6506336405529953 0.5441176470588236 0.6526497695852534 0.5428200692041523 0.6543778801843319 0.5397923875432526 0.6549539170506913 0.5324394463667821 0.6509216589861752 0.5289792387543253 0.6422811059907835 0.5278979238754326 0.6336405529953917 0.5281141868512111 0.6298963133640554 0.5291955017301039 0.6258640552995393 0.5330882352941176 0.625 0.5356833910034602 0.6255760368663594 0.5408737024221454
5 0.5711405529953917 0.5510380622837371 0.5745967741935484 0.5523356401384084 0.5800691244239632 0.5525519031141869 0.5858294930875576 0.5508217993079585 0.5933179723502304 0.5434688581314879 0.592741935483871 0.5397923875432526 0.5898617511520737 0.5356833910034602 0.5852534562211982 0.5335207612456748 0.5820852534562213 0.5333044982698962 0.570852534562212 0.5363321799307958 0.5653801843317973 0.5426038062283738 0.5662442396313364 0.5467128027681661 0.5711405529953917 0.5510380622837371
5 0.5815092165898618 0.5030276816608997 0.5884216589861752 0.5064878892733564 0.5953341013824885 0.5069204152249135 0.5996543778801844 0.5049740484429066 0.6022465437788018 0.5006487889273357 0.6039746543778802 0.4945934256055364 0.6036866359447004 0.49113321799307963 0.599078341013825 0.4868079584775087 0.5921658986175116 0.4844290657439447 0.5884216589861752 0.48464532871972327 0.584389400921659 0.48572664359861595 0.5815092165898618 0.4878892733564014 0.5786290322580645 0.4945934256055364 0.5786290322580645 0.4991349480968858 0.5815092165898618 0.5030276816608997
5 0.4277073732718894 0.4733996539792388 0.432315668202765 0.4777249134948097 0.4360599078341014 0.47923875432525953 0.4556451612903226 0.47383217993079585 0.4599654377880184 0.46345155709342567 0.45276497695852536 0.4565311418685122 0.44873271889400923 0.455666089965398 0.44297235023041476 0.4565311418685122 0.43260368663594473 0.45977508650519033 0.42713133640552997 0.4632352941176471 0.42655529953917054 0.46453287197231835 0.4262672811059908 0.4688581314878893 0.4277073732718894 0.4733996539792388
5 0.4547811059907835 0.5090830449826991 0.459389400921659 0.5123269896193772 0.4634216589861751 0.51340830449827 0.47695852534562216 0.5099480968858132 0.48156682027649766 0.5047577854671281 0.48127880184331795 0.4982698961937716 0.47868663594470046 0.49307958477508657 0.47494239631336405 0.48940311418685123 0.47062211981566826 0.4883217993079585 0.46658986175115214 0.4885380622837371 0.4616935483870968 0.4913494809688582 0.45449308755760376 0.5010813148788927 0.4533410138248848 0.5056228373702423 0.4547811059907835 0.5090830449826991
5 0.25172811059907835 0.7815743944636678 0.25864055299539174 0.784385813148789 0.27592165898617516 0.7854671280276817 0.2790898617511521 0.7828719723183392 0.2839861751152074 0.7737889273356402 0.28629032258064513 0.7690311418685122 0.28744239631336405 0.7621107266435987 0.2828341013824885 0.7575692041522493 0.2782258064516129 0.7551903114186852 0.27131336405529954 0.7536764705882353 0.26555299539170507 0.7541089965397925 0.25892857142857145 0.7575692041522493 0.25432027649769584 0.7618944636678202 0.2502880184331797 0.7707612456747406 0.24942396313364057 0.7794117647058825 0.25172811059907835 0.7815743944636678
5 0.22523041474654376 0.7973615916955018 0.23099078341013826 0.8014705882352942 0.2341589861751152 0.8025519031141869 0.2379032258064516 0.8025519031141869 0.24423963133640555 0.8008217993079585 0.2505760368663595 0.7971453287197232 0.2563364055299539 0.7900086505190311 0.2574884792626728 0.786332179930796 0.2560483870967742 0.7841695501730104 0.24798387096774194 0.7783304498269896 0.23761520737327188 0.7778979238754327 0.22724654377880188 0.7822231833910036 0.2226382488479263 0.7874134948096886 0.22235023041474652 0.7934688581314879 0.22523041474654376 0.7973615916955018
5 0.27246543778801846 0.8127162629757786 0.27563364055299544 0.8135813148788928 0.2831221198156682 0.8129325259515572 0.2966589861751152 0.8073096885813149 0.3001152073732719 0.8034169550173011 0.3015552995391705 0.7999567474048443 0.3027073732718894 0.7941176470588236 0.30213133640552997 0.7874134948096886 0.2926267281105991 0.7835207612456748 0.2828341013824885 0.782006920415225 0.27505760368663595 0.7865484429065744 0.27073732718894006 0.8025519031141869 0.27102534562211983 0.8107698961937716 0.27246543778801846 0.8127162629757786