0 0.5642281105990784 0.2960640138408305 0.5682603686635945 0.29584775086505194 0.5717165898617511 0.29671280276816614 0.5777649769585254 0.2954152249134948 0.5815092165898618 0.29325259515570934 0.5841013824884793 0.2897923875432526 0.5849654377880185 0.28654844290657444 0.584389400921659 0.28243944636678203 0.582373271889401 0.2796280276816609 0.5780529953917051 0.277681660899654 0.5642281105990784 0.2766003460207613 0.5596198156682027 0.2781141868512111 0.5552995391705069 0.2822231833910035 0.5567396313364055 0.2884948096885813 0.5642281105990784 0.2960640138408305
0 0.40985023041474655 0.3734861591695502 0.41445852534562216 0.37651384083044986 0.43260368663594473 0.37716262975778553 0.44009216589861755 0.3745674740484429 0.445852534562212 0.3706747404844291 0.44671658986175117 0.3626730103806229 0.4449884792626729 0.3594290657439447 0.4412442396313364 0.35683391003460213 0.43260368663594473 0.35380622837370246 0.4248271889400922 0.3533737024221454 0.413594470046083 0.35445501730103807 0.4089861751152074 0.35661764705882354 0.4066820276497696 0.35986159169550175 0.40639400921658986 0.3628892733564014 0.40985023041474655 0.3734861591695502
0 0.6137672811059909 0.7491349480968859 0.6160714285714286 0.7512975778546713 0.6270161290322581 0.7510813148788927 0.6319124423963134 0.7491349480968859 0.6345046082949308 0.745242214532872 0.6347926267281105 0.7407006920415226 0.6327764976958525 0.7368079584775087 0.6301843317972351 0.7346453287197232 0.6270161290322581 0.7326989619377163 0.6172235023041475 0.7324826989619377 0.6154953917050692 0.7329152249134949 0.6123271889400922 0.7359429065743945 0.6117511520737328 0.7445934256055364 0.6137672811059909 0.7491349480968859
0 0.7010368663594471 0.7435121107266436 0.7024769585253456 0.7445934256055364 0.7134216589861752 0.747188581314879 0.7180299539170507 0.7454584775086506 0.7220622119815668 0.7411332179930796 0.7252304147465438 0.7357266435986161 0.7252304147465438 0.7339965397923877 0.7229262672811061 0.7314013840830451 0.7134216589861752 0.7262110726643599 0.7096774193548387 0.7264273356401385 0.7024769585253456 0.7298875432525952 0.6981566820276498 0.7344290657439447 0.6981566820276498 0.7398356401384084 0.7010368663594471 0.7435121107266436
0 0.21486175115207376 0.6033737024221454 0.2206221198156682 0.6040224913494809 0.23214285714285715 0.6031574394463668 0.23444700460829493 0.6022923875432526 0.23675115207373273 0.5975346020761246 0.23703917050691245 0.5893166089965398 0.2338709677419355 0.5860726643598617 0.2240783410138249 0.5849913494809689 0.21342165898617513 0.5897491349480969 0.2108294930875576 0.5932093425605537 0.21198156682027652 0.6003460207612458 0.21486175115207376 0.6033737024221454
1 0.6316244239631337 0.48421280276816614 0.6322004608294931 0.4913494809688582 0.6350806451612903 0.4974048442906575 0.6451612903225807 0.5051903114186851 0.6477534562211982 0.5060553633217993 0.6514976958525346 0.5036764705882353 0.6535138248847926 0.4989186851211073 0.6532258064516129 0.4963235294117648 0.6667626728110599 0.4783737024221454 0.6751152073732719 0.47469723183391005 0.6765552995391706 0.4701557093425606 0.6612903225806452 0.4565311418685122 0.6566820276497696 0.4548010380622838 0.6526497695852534 0.4558823529411765 0.6330645161290323 0.4701557093425606 0.629320276497696 0.4749134948096886 0.629320276497696 0.4811851211072665 0.6316244239631337 0.48421280276816614
1 0.5054723502304148 0.46366782006920415 0.5118087557603687 0.4658304498269897 0.5241935483870968 0.4762110726643599 0.5250576036866359 0.4775086505190312 0.5241935483870968 0.4811851211072665 0.5264976958525346 0.48421280276816614 0.5362903225806452 0.48464532871972327 0.5501152073732719 0.4835640138408305 0.5567396313364055 0.48075259515570934 0.5596198156682027 0.4783737024221454 0.5642281105990784 0.4775086505190312 0.5673963133640554 0.47383217993079585 0.5613479262672811 0.46020761245674746 0.5495391705069125 0.4457179930795848 0.5452188940092166 0.44204152249134954 0.5417626728110599 0.44074394463667826 0.5362903225806452 0.4368512110726644 0.5224654377880185 0.44160899653979246 0.5138248847926268 0.45004325259515576 0.5080645161290323 0.4530709342560554 0.5040322580645161 0.4576124567474049 0.5034562211981567 0.46064013840830453 0.5054723502304148 0.46366782006920415
1 0.5547235023041475 0.5166522491349481 0.5544354838709677 0.5235726643598617 0.5567396313364055 0.5263840830449827 0.5714285714285714 0.5266003460207613 0.5884216589861752 0.5227076124567475 0.5936059907834101 0.5194636678200693 0.5950460829493088 0.515787197231834 0.5944700460829493 0.5116782006920416 0.5904377880184332 0.5058391003460209 0.5892857142857143 0.5010813148788927 0.5815092165898618 0.4915657439446367 0.574020737327189 0.490484429065744 0.570852534562212 0.49243079584775085 0.5682603686635945 0.4969723183391004 0.5645161290322581 0.4984861591695502 0.557315668202765 0.4991349480968858 0.556163594470046 0.5021626297577855 0.5567396313364055 0.5082179930795848 0.5547235023041475 0.5166522491349481
1 0.7013248847926268 0.6859861591695502 0.7004608294930875 0.6898788927335641 0.6981566820276498 0.6922577854671281 0.6987327188940092 0.6959342560553634 0.7027649769585254 0.6976643598615918 0.7096774193548387 0.6983131487889274 0.7165898617511521 0.7043685121107267 0.7235023041474655 0.7015570934256056 0.7278225806451613 0.7039359861591696 0.731278801843318 0.7022058823529412 0.7361751152073733 0.701340830449827 0.7476958525345623 0.7045847750865052 0.7586405529953917 0.7045847750865052 0.7626728110599078 0.703287197231834 0.7669930875576038 0.7000432525951558 0.777073732718894 0.6896626297577855 0.7750576036866359 0.6855536332179931 0.7652649769585254 0.6818771626297578 0.7580645161290323 0.6814446366782008 0.7514400921658987 0.6825259515570935 0.75 0.6814446366782008 0.7488479262672811 0.6794982698961938 0.7494239631336406 0.6712802768166091 0.7476958525345623 0.6652249134948097 0.747983870967742 0.6561418685121108 0.7474078341013825 0.6544117647058825 0.744815668202765 0.6526816608996541 0.7338709677419355 0.6526816608996541 0.7269585253456221 0.6544117647058825 0.7183179723502304 0.6608996539792388 0.7119815668202765 0.6714965397923877 0.699020737327189 0.6738754325259516 0.6967165898617511 0.6751730103806228 0.695852534562212 0.6773356401384084 0.6967165898617511 0.6820934256055364 0.7013248847926268 0.6859861591695502
1 0.5869815668202765 0.6838235294117647 0.5918778801843319 0.6868512110726643 0.6094470046082949 0.6918252595155711 0.6175115207373272 0.6855536332179931 0.6175115207373272 0.6818771626297578 0.6152073732718895 0.678416955017301 0.6085829493087558 0.673659169550173 0.595910138248848 0.6710640138408305 0.5915898617511521 0.6710640138408305 0.5869815668202765 0.6738754325259516 0.5861175115207373 0.6753892733564014 0.5855414746543779 0.6786332179930796 0.5869815668202765 0.6838235294117647
1 0.606278801843318 0.7030709342560554 0.6143433179723503 0.7093425605536333 0.618663594470046 0.7143166089965398 0.6264400921658987 0.7186418685121108 0.6301843317972351 0.7173442906574394 0.633352534562212 0.7141003460207613 0.6330645161290323 0.7099913494809689 0.6350806451612903 0.7089100346020761 0.6356566820276498 0.7071799307958477 0.6385368663594471 0.7060986159169551 0.6402649769585254 0.7078287197231835 0.6440092165898618 0.7084775086505191 0.644873271889401 0.7056660899653979 0.6431451612903226 0.6996107266435987 0.6408410138248848 0.6961505190311419 0.633352534562212 0.6892301038062285 0.636520737327189 0.6825259515570935 0.6336405529953917 0.6805795847750866 0.6235599078341014 0.6833910034602076 0.6160714285714286 0.6833910034602076 0.6157834101382489 0.6855536332179931 0.6117511520737328 0.6885813148788927 0.6097350230414746 0.6929065743944637 0.6074308755760369 0.6948529411764707 0.6051267281105991 0.698961937716263 0.606278801843318 0.7030709342560554
5 0.49510368663594473 0.3477508650519031 0.5126728110599078 0.3486159169550173 0.5192972350230415 0.3479671280276817 0.5224654377880185 0.34602076124567477 0.5213133640552996 0.33434256055363326 0.5190092165898618 0.3293685121107267 0.5161290322580645 0.3300173010380623 0.5118087557603687 0.32871972318339104 0.5023041474654378 0.3315311418685122 0.49539170506912444 0.33434256055363326 0.49251152073732724 0.33888408304498274 0.4922235023041475 0.34580449826989623 0.49510368663594473 0.3477508650519031
5 0.6373847926267281 0.7326989619377163 0.6396889400921659 0.7348615916955018 0.6440092165898618 0.7368079584775087 0.6509216589861752 0.7368079584775087 0.661578341013825 0.7288062283737025 0.6647465437788018 0.7236159169550174 0.6653225806451613 0.7201557093425606 0.6638824884792627 0.7169117647058825 0.658410138248848 0.7130190311418685 0.6543778801843319 0.7108564013840831 0.646889400921659 0.7099913494809689 0.6405529953917051 0.7134515570934257 0.6359447004608295 0.722318339100346 0.6359447004608295 0.7309688581314879 0.6373847926267281 0.7326989619377163
5 0.23617511520737328 0.6092128027681661 0.24711981566820276 0.6213235294117647 0.25201612903225806 0.6230536332179931 0.26180875576036866 0.6195934256055364 0.2646889400921659 0.615916955017301 0.26612903225806456 0.6072664359861593 0.2695852534562212 0.5986159169550174 0.2681451612903226 0.5951557093425606 0.258352534562212 0.5847750865051904 0.2511520737327189 0.5839100346020761 0.23963133640552997 0.5880190311418685 0.2379032258064516 0.5908304498269896 0.23559907834101385 0.601643598615917 0.23502304147465441 0.6059688581314879 0.23617511520737328 0.6092128027681661