5 0.6169354838709677 0.36526816608996543 0.6212557603686636 0.3706747404844291 0.6267281105990784 0.3728373702422146 0.6353686635944701 0.37413494809688586 0.6402649769585254 0.37391868512110726 0.646889400921659 0.3713235294117647 0.6523617511520737 0.36613321799307963 0.6555299539170507 0.35834775086505194 0.6558179723502304 0.3488321799307959 0.6517857142857143 0.3414792387543253 0.6477534562211982 0.3386678200692042 0.6362327188940092 0.33888408304498274 0.625 0.34191176470588236 0.622983870967742 0.34645328719723184 0.619815668202765 0.3471020761245675 0.61463133640553 0.35380622837370246 0.61463133640553 0.3585640138408305 0.6169354838709677 0.36526816608996543
5 0.5501152073732719 0.3503460207612457 0.5639400921658987 0.36526816608996543 0.5672523041474655 0.3604022491349481 0.5815092165898618 0.3488321799307959 0.5815092165898618 0.34537197231833916 0.5760368663594471 0.3410467128027682 0.566820276497696 0.33801903114186854 0.5570276497695852 0.3395328719723184 0.5532834101382489 0.3414792387543253 0.5486751152073733 0.34537197231833916 0.5501152073732719 0.3503460207612457
5 0.5118087557603687 0.44117647058823534 0.5181451612903226 0.4476643598615917 0.5224654377880185 0.4491782006920416 0.5247695852534562 0.4483131487889274 0.5293778801843319 0.45047577854671284 0.5339861751152074 0.45047577854671284 0.5362903225806452 0.45025951557093424 0.5414746543778801 0.4461505190311419 0.5434907834101382 0.4413927335640139 0.5443548387096774 0.4353373702422146 0.5426267281105991 0.42949826989619383 0.5397465437788018 0.4260380622837371 0.5293778801843319 0.42322664359861595 0.5244815668202765 0.4249567474048443 0.5109447004608295 0.43230968858131497 0.508352534562212 0.4359861591695502 0.5118087557603687 0.44117647058823534
5 0.4567972350230415 0.4461505190311419 0.46370967741935487 0.45198961937716264 0.47263824884792627 0.45523356401384085 0.4772465437788019 0.455666089965398 0.49135944700460826 0.45242214532871977 0.4933755760368664 0.45090830449826996 0.49452764976958524 0.44355536332179935 0.48905529953917054 0.4338235294117648 0.48502304147465436 0.43036332179930803 0.4740783410138249 0.4249567474048443 0.47004608294930883 0.4245242214532873 0.4602534562211981 0.4282006920415225 0.45593317972350234 0.43187716262975784 0.4553571428571429 0.435121107266436 0.4550691244239632 0.44074394463667826 0.4567972350230415 0.4461505190311419
5 0.956221198156682 0.973832179930796 0.9668778801843319 0.9837802768166091 0.9735023041474655 0.9859429065743945 0.984447004608295 0.9863754325259517 0.9913594470046083 0.9839965397923877 0.9997119815668203 0.9824826989619379 0.9997119815668203 0.9582612456747406 0.9841589861751153 0.9545847750865052 0.9703341013824884 0.9541522491349482 0.9619815668202765 0.9602076124567475 0.9573732718894009 0.9649653979238755 0.956221198156682 0.9666955017301039 0.956221198156682 0.973832179930796
4 0.5976382488479263 0.657006920415225 0.6082949308755761 0.6634948096885813 0.6126152073732719 0.6647923875432526 0.6154953917050692 0.6645761245674742 0.6264400921658987 0.6624134948096886 0.6359447004608295 0.6585207612456748 0.6379608294930875 0.6552768166089966 0.6408410138248848 0.6438148788927336 0.6382488479262673 0.6392733564013842 0.6336405529953917 0.6355968858131489 0.6241359447004609 0.6327854671280277 0.6152073732718895 0.6327854671280277 0.6094470046082949 0.6338667820069205 0.603110599078341 0.63840830449827 0.5993663594470047 0.6429498269896194 0.5961981566820277 0.6492214532871973 0.595910138248848 0.654628027681661 0.5976382488479263 0.657006920415225
4 0.5184331797235023 0.6559256055363323 0.5288018433179723 0.6634948096885813 0.5325460829493088 0.6643598615916956 0.5472350230414746 0.6639273356401385 0.5501152073732719 0.6630622837370244 0.5527073732718895 0.6596020761245676 0.5596198156682027 0.6544117647058825 0.5610599078341014 0.6496539792387543 0.559331797235023 0.640787197231834 0.5550115207373272 0.6353806228373703 0.5506912442396313 0.6321366782006921 0.5408986175115207 0.6286764705882353 0.5331221198156683 0.6297577854671281 0.5227534562211982 0.6347318339100346 0.5175691244239632 0.6405709342560554 0.5155529953917051 0.6464100346020761 0.5152649769585254 0.6509515570934257 0.5184331797235023 0.6559256055363323
4 0.570852534562212 0.6371107266435987 0.5743087557603687 0.634515570934256 0.5754608294930875 0.6323529411764707 0.581221198156682 0.6308391003460209 0.5841013824884793 0.6325692041522493 0.5881336405529953 0.638840830449827 0.5910138248847926 0.6397058823529412 0.5993663594470047 0.6379757785467128 0.6068548387096774 0.6334342560553634 0.6074308755760369 0.6256487889273357 0.6028225806451613 0.6057525951557093 0.6008064516129032 0.6022923875432526 0.5961981566820277 0.5986159169550174 0.5887096774193549 0.597318339100346 0.5815092165898618 0.5979671280276817 0.5754608294930875 0.6025086505190311 0.5711405529953917 0.6076989619377163 0.5697004608294931 0.6122404844290659 0.566820276497696 0.6163494809688582 0.5648041474654378 0.6260813148788927 0.5645161290322581 0.6301903114186851 0.570852534562212 0.6371107266435987
4 0.4916474654377881 0.41068339100346024 0.49740783410138245 0.4143598615916956 0.49711981566820274 0.41846885813148793 0.4942396313364055 0.42171280276816614 0.49452764976958524 0.4262543252595156 0.4962557603686636 0.4282006920415225 0.5014400921658987 0.43101211072664364 0.5046082949308757 0.4320934256055364 0.511520737327189 0.43101211072664364 0.5296658986175116 0.4219290657439447 0.5316820276497696 0.41825259515570934 0.5299539170506913 0.411764705882353 0.5227534562211982 0.40008650519031147 0.518721198156682 0.3970588235294118 0.5086405529953917 0.3940311418685122 0.5014400921658987 0.3946799307958478 0.4942396313364055 0.39878892733564014 0.49078341013824883 0.4046280276816609 0.4904953917050691 0.4085207612456748 0.4916474654377881 0.41068339100346024
4 0.24798387096774194 0.35467128027681666 0.26555299539170507 0.35553633217993086 0.2681451612903226 0.354022491349481 0.27160138248847926 0.3494809688581315 0.2727534562211982 0.34515570934256057 0.27044930875576034 0.3414792387543253 0.2672811059907834 0.33737024221453293 0.26123271889400923 0.33391003460207613 0.25518433179723504 0.33326124567474047 0.2502880184331797 0.3345588235294118 0.2474078341013825 0.33672145328719727 0.24452764976958527 0.3423442906574395 0.2439516129032258 0.34904844290657444 0.24798387096774194 0.35467128027681666
3 0.5702764976958525 0.3819204152249135 0.5743087557603687 0.38408304498269896 0.589573732718894 0.38581314878892736 0.5987903225806452 0.38516435986159175 0.6068548387096774 0.3808391003460208 0.6129032258064516 0.37500000000000006 0.6154953917050692 0.36851211072664364 0.61463133640553 0.3600778546712803 0.6094470046082949 0.35056228373702425 0.6045506912442397 0.34688581314878897 0.5944700460829493 0.34515570934256057 0.5910138248847926 0.34515570934256057 0.5829493087557605 0.3477508650519031 0.5697004608294931 0.3572664359861592 0.5645161290322581 0.36483564013840836 0.5648041474654378 0.3730536332179931 0.5702764976958525 0.3819204152249135