2 0.6192472727041662 0.48138020407313864 0.6065028710796434 0.4789339302834774 0.599507210152749 0.47904269583679726 0.5973000160269074 0.48026121314299397 0.5895361409439316 0.4879056042925516 0.5871024964633237 0.4928048974464245 0.5891276717802902 0.4970205069612996 0.5961663333779723 0.5028142692862597 0.6014048391383511 0.5048608231535532 0.6058923260497842 0.5081121581000753 0.6132477319691185 0.5095826696192657 0.6235011548853162 0.5090581993917598 0.6303921882883954 0.5076243995037735 0.6322697354107589 0.504612446805702 0.6334736549692369 0.4960461140311209 0.6321851649442864 0.4886582141442573 0.6300395976714721 0.4852992379068404 0.6192472727041662 0.48138020407313864
2 0.6340555576911332 0.5063921459706087 0.6276460921114453 0.5043994127487624 0.6239526247197456 0.5058458246012919 0.6157559059845797 0.5062225691194236 0.6101705579135871 0.5087134243772644 0.5948248265565106 0.5185680798553081 0.5894473026580447 0.5278581806873663 0.590046400687077 0.5318733681098449 0.5951186520706132 0.5371723811860856 0.6001321383513288 0.5387505339961708 0.6186410451055127 0.5415701795166885 0.6309812701917041 0.540683825260444 0.640049399731663 0.5382456663856255 0.6436382395995477 0.5354742201984297 0.6473331378663509 0.5298786314410158 0.6484166654689811 0.5221689319438928 0.6467669995764873 0.5173509318894035 0.6438259819088363 0.5134433857578198 0.6340555576911332 0.5063921459706087
2 0.2834254750301711 0.5302743872934629 0.2784549894202434 0.5345987623616577 0.2747013260506196 0.5364734908529163 0.2719079365775715 0.5397935069342789 0.2713661727762564 0.5436483566828404 0.273196426602522 0.5471814068211425 0.28073098958052484 0.5515161453290303 0.29018753122678237 0.5545922821122421 0.3013711300505937 0.555727257794205 0.3053799108888423 0.5541067720407904 0.3113866308053024 0.5486177003118462 0.31212331609731847 0.5454454099398576 0.30498002697582116 0.5383266132802309 0.30276136104325696 0.5292792674838985 0.29758305126080226 0.526804396977876 0.2925538005480539 0.5274079117799153 0.2834254750301711 0.5302743872934629
3 0.6911258606413645 0.4790339468152639 0.683740356733068 0.4777775936154381 0.6738624432413433 0.4776996733033297 0.6700485838937956 0.4800027184333171 0.6695670160704044 0.48342925154314953 0.673108562642191 0.48720280819232736 0.6754031889847119 0.4936401697378062 0.6756267775892715 0.49825774769989906 0.6770972864230969 0.500211520765691 0.6801142645007047 0.5015090826464211 0.6874395724310771 0.5031937524849761 0.698699131664845 0.5017187439160853 0.7037140488206639 0.4991477198212861 0.7073931826554346 0.4957337986759967 0.7078002209439727 0.4907680729121332 0.7070506329701305 0.48782367708647734 0.7038243998448925 0.48387604653641414 0.6911258606413645 0.4790339468152639
3 0.6659194110996991 0.4824798374641898 0.6548261062427735 0.4807023868241334 0.6457135451569234 0.48138719472555624 0.6423353912117723 0.4826595326772004 0.638371041919415 0.48603336940401054 0.6368374753574587 0.49280626678671674 0.6374666713754531 0.4966072958898309 0.6477014681094112 0.5065628470842187 0.6545910706373872 0.5092782241011169 0.6620066725346454 0.5103204189815782 0.6689278039266865 0.5086724607742273 0.6736890344889839 0.5016980170366996 0.6753272285747554 0.4962501539886598 0.6739183465939569 0.48971888737925423 0.6700471530186922 0.4841518953382017 0.6659194110996991 0.4824798374641898
4 0.33256989153410305 0.41444695109875773 0.31653762993131507 0.4126305403026471 0.30894000922518167 0.4170224722432575 0.3053956009031883 0.4215472694038488 0.305333974050161 0.42612476294746243 0.30794391383923053 0.43238805059205604 0.31097522547376744 0.4356531217655462 0.32470856810872456 0.4434797017308318 0.3305476027732388 0.44539226611571936 0.3382785181170459 0.4462603870952955 0.3439985917008157 0.4448804078527565 0.3478282154803961 0.4403956951106445 0.34885154710510247 0.43311431225225067 0.3451322743497507 0.4223273517094908 0.3412754143314151 0.4187278689611983 0.33256989153410305 0.41444695109875773
4 0.3016935730667637 0.49134802102729125 0.2991696346192699 0.49688978913925774 0.2988227923086557 0.5014271982643922 0.3001413803225682 0.5086009398318911 0.3015817911674318 0.5107688712170476 0.3040283383298657 0.5119862642608193 0.3159629560026225 0.5119164588635536 0.3237554981994568 0.5082070862995162 0.3267438091632059 0.5055696295947263 0.3280810233593577 0.5022633497403316 0.3278746300619341 0.4913149272612296 0.3117836033563256 0.4857776561989634 0.3062885492522188 0.48762603649871067 0.3016935730667637 0.49134802102729125
4 0.32166440340415287 0.5210165010429083 0.31315237122243833 0.5215673194619254 0.3083180420003911 0.5228533936405376 0.303723065814936 0.5265753781691183 0.303930889987463 0.5333746237433357 0.30577547737065786 0.5388751831743979 0.30954204342210745 0.543117140880784 0.3132942759166279 0.5453915892944102 0.32177621010938046 0.5450549291947577 0.3312198490738121 0.5420143797803249 0.33638525617444087 0.5383725640887029 0.3370474119316038 0.5336610810626833 0.3336577861797302 0.5246675559117981 0.32850957438623746 0.521978527086411 0.32166440340415287 0.5210165010429083
4 0.34840155775756776 0.5190960668210453 0.34331211106689546 0.5201278982618136 0.3386125073576253 0.5225248484557279 0.33688545018007143 0.5244660095569768 0.33614876488805534 0.5276382999289654 0.33878737179098345 0.537836606159079 0.3451065434037856 0.5404718143390187 0.35553912337865157 0.5428115711002102 0.3631367440847849 0.5384196391595999 0.36675711281673495 0.5312848577481548 0.3664288966883603 0.5253422454513956 0.36168629230830224 0.5218366677670296 0.35584725764378794 0.5199241033821421 0.34840155775756776 0.5190960668210453
4 0.33506380641032163 0.5394971763309728 0.3324209068820833 0.5417464008155128 0.3278115971396991 0.5435008760513336 0.3260687755301126 0.5476237047647069 0.3293552046332745 0.5511430186760409 0.33634943468506534 0.5551834300276056 0.3425037827961285 0.5569219205116079 0.3463018777116435 0.556800542993745 0.3502203645830063 0.5558225321984239 0.352202539229185 0.554135613835019 0.3553886334338418 0.5438823626970327 0.3527471647807069 0.5419824102766884 0.33866697983513566 0.5386932394365371 0.33506380641032163 0.5394971763309728
4 0.5765108660989233 0.5598902720529686 0.5706560670023764 0.5601593752802058 0.5625783093479552 0.5638286634257639 0.5601604292993798 0.5665462889675124 0.5580263338332878 0.5734531758326246 0.5605158816665099 0.5805730967546763 0.5665039754007304 0.5855640464476257 0.5722828140873208 0.5879049274712423 0.5840970398042297 0.5886917553514348 0.5907501510458201 0.5806728682085956 0.5923439135857002 0.5734716541871603 0.5919999330252927 0.5697107095025254 0.5907401101142009 0.5662578282011819 0.5812993328999759 0.5610000238058455 0.5765108660989233 0.5598902720529686
4 0.6110248230230355 0.5999014112207983 0.6069415126499335 0.5999827043201819 0.602919829129859 0.595486503875952 0.6015410451380226 0.5887410789471819 0.5999057128024582 0.5858905881854526 0.5982847140238228 0.5850076067164833 0.5956274809386553 0.5852893219082633 0.5907630537276459 0.5867895544062403 0.5852522351915065 0.5908196023181119 0.5840196485191698 0.595450916507173 0.5849784915406421 0.6010453810021619 0.5949581708059755 0.6107466894587057 0.6021028908025763 0.6137163092134479 0.6110205303977253 0.612348941935452 0.6206146593069667 0.6082376009241967 0.6261570067071716 0.5998442177880757 0.6273594953905463 0.5954270619183792 0.6259491825346447 0.5930449722138582 0.6212352452684451 0.5934744131150124 0.6110248230230355 0.5999014112207983
4 0.5458480704986288 0.5835346015945756 0.5393626445089843 0.584151852623583 0.535008452235225 0.5861605705972475 0.5327854936773505 0.5895607555155687 0.5320631419422637 0.5947005551803175 0.5334132588202414 0.5975109615235674 0.5400764109934508 0.6039071143881418 0.5429729971152107 0.6060613095463301 0.5496977761414474 0.607879968867291 0.5517702447545121 0.6055505755457924 0.5564698484637822 0.6031536253518783 0.5644114497303231 0.6025226380959027 0.5674742902289254 0.6014243740451437 0.5689777588019195 0.5948656349818021 0.5665627405035509 0.5892849067137813 0.5620451556031558 0.5862477300866238 0.5458480704986288 0.5835346015945756
4 0.5662875659775832 0.6036598623027156 0.5575204163272439 0.603956437983889 0.5529412045738213 0.6054967549003452 0.5487962673476924 0.6101555415433422 0.5485540525608933 0.6160179850031431 0.5506236594237511 0.6219869454914135 0.5538197945600272 0.6261487343608412 0.559162927844221 0.6295203225628011 0.5648672369959581 0.6303220109323867 0.5754058753697425 0.6298376251233602 0.5793544602300673 0.6286454560086746 0.5840253968254789 0.6223134872292404 0.5846130230477886 0.6160628115491897 0.582228102738382 0.6102679249618046 0.5778610077827966 0.6061599567378244 0.5662875659775832 0.6036598623027156
4 0.6125512352094746 0.6138743983625149 0.6007198141854297 0.6194184149993316 0.5939936042840896 0.6217489325832553 0.5901654113796126 0.6220844684204827 0.5878220608658906 0.6263412866162621 0.6045107547254278 0.6400429220058914 0.6113401612754799 0.6431866156615187 0.6145076292978972 0.6434133859454263 0.6196873699554553 0.6417390795465643 0.6235470917239976 0.6370402084850877 0.6265826959838445 0.6278577489439243 0.6252641079699323 0.6206840073764253 0.6222786587563899 0.6150231102714458 0.6181208188484348 0.6135652107167986 0.6125512352094746 0.6138743983625149
4 0.6301083789000164 0.459975859838804 0.622692777002758 0.45893366495834276 0.6126944715551853 0.45971237792369235 0.6069586335393827 0.4632740247783557 0.6051556159518725 0.4678251701304582 0.6065200663867795 0.4726030857664682 0.6101963384713434 0.47748751843094805 0.613153120571027 0.4792133969504072 0.6238408180145177 0.4818073964494426 0.6283598337900164 0.48069539617171564 0.6324144770492597 0.47667908448681195 0.6351921020902751 0.47554073601757374 0.6370696492126386 0.4725287833195023 0.6373562955453288 0.46841969083309704 0.6365020800476716 0.46415026067277465 0.6339509053614225 0.4616078332943365 0.6301083789000164 0.459975859838804