5 0.1000703468995107 0.7311969443481203 0.09889657482634258 0.7279291851067737 0.0952189627656739 0.7253323277680549 0.09326655034022104 0.7224970964878255 0.09030496388953699 0.7147827586995322 0.08779780301932738 0.7132156313547184 0.08123284233975689 0.7154224910822077 0.07845245835055539 0.7172869522644033 0.07700878404110442 0.7196888107975075 0.07584995594012724 0.7264921831696466 0.07625006898507432 0.7335495142432721 0.07697937812589532 0.7373841507834629 0.07943222646057735 0.7398613987584226 0.08472309220269765 0.741802094168482 0.09151194478979623 0.7404308104152912 0.1000703468995107 0.7311969443481203
5 0.10969721689404743 0.7292891080300292 0.11325624123553375 0.7269921188867163 0.11881368833122767 0.721025167274884 0.1215874305550109 0.7146846475978057 0.12129926346382798 0.7080451045113296 0.11878546082820018 0.7020019186716333 0.10893137804342609 0.7008361497679847 0.10253101541179263 0.7014316622287565 0.09657843659521534 0.7036983266381254 0.09024567002994581 0.7123358354585163 0.09310029185092952 0.7229894291308223 0.09867600380152357 0.7293316383799165 0.10274210581765726 0.7311527244262168 0.10969721689404743 0.7292891080300292
5 0.1632737471259519 0.7111271575931506 0.16961315545663974 0.7069657072676421 0.1717202032819023 0.7014755035388303 0.17160327600407452 0.6977006716805192 0.16807531801915188 0.6834213354615972 0.16623485154746306 0.6810038921685171 0.1505894671113396 0.6782554111600787 0.13673355749408675 0.6810725233223077 0.13513026646076254 0.6884427729932912 0.13898409965885 0.6972613854313372 0.15375550220247008 0.7112147526509496 0.15960111638934693 0.7118873441255935 0.1632737471259519 0.7111271575931506
5 0.070129089208678 0.6973518934589904 0.07835331389845483 0.6879836780540923 0.07851293062232817 0.683015286916213 0.06202463065026509 0.6748953667567141 0.0595751031982921 0.6746561480291956 0.0557362139723957 0.6759086672046353 0.04633655676809615 0.6808901087444661 0.035060385411480474 0.6966733884822898 0.03953822356204313 0.7133849079682598 0.0445475639783986 0.7131621187867253 0.0518368524747264 0.711432851728265 0.05439500499775433 0.7098518291954916 0.059452016184219095 0.7042428608889286 0.070129089208678 0.6973518934589904
5 0.07531084785057032 0.663275226916415 0.09627650394402301 0.6502690633489573 0.10244135157864653 0.6410048725478426 0.100487278711839 0.6370506266438924 0.09781219891098332 0.6348568173183551 0.08773256377732669 0.6317364578166871 0.08077413181822739 0.6313620449654335 0.07365276225254566 0.6337179940046177 0.0707620927509346 0.6362836818233847 0.06747961241114939 0.6373871116871294 0.061481023265817406 0.6461589698452475 0.059423306652018726 0.6473820090727512 0.05787764903693095 0.6560801673610299 0.0591650275052177 0.6608847292132463 0.06351099440576172 0.6637502852274195 0.06701902709442961 0.664601445961694 0.07531084785057032 0.663275226916415
5 0.05366708862295074 0.5569048090510351 0.06023370974387582 0.5558169639472664 0.0665814202813364 0.5572505867403612 0.07459503659442158 0.5559989123509298 0.08093610536646395 0.552956476649142 0.089772711919234 0.5436480659261236 0.09349301342594815 0.5375017002686522 0.09654994141685072 0.5344436798068884 0.09581565095196608 0.5272519993955358 0.0924145828929985 0.5234615827772487 0.08773443857251698 0.5204616774253482 0.07860136272179119 0.5175354719432873 0.06369358963326159 0.5242167005936428 0.05885216814755222 0.5250661717559011 0.054068380080079345 0.5272435515354545 0.0499546072938364 0.530808644614183 0.04462603342973431 0.5409682160714759 0.04241036053341686 0.5482786610605797 0.0439199704678772 0.5527997842633738 0.04570446396268398 0.5550083335628794 0.04965862002505359 0.5564116316220302 0.05366708862295074 0.5569048090510351
5 0.08772876086544461 0.5916608253563193 0.09384759817131341 0.5889018283039535 0.09757288100209123 0.586112506517644 0.10512376952792912 0.57311854856613 0.10500352136739226 0.5671056874603775 0.10271361063929256 0.5618980775949798 0.1007085461196668 0.5610919815686171 0.0938060871374495 0.5609264627109379 0.07967197307714098 0.5638181195290144 0.0768915890879395 0.56568258071121 0.07572611922154414 0.5680098945884667 0.07473687049256761 0.5765589635650503 0.07658896005373841 0.5868095092241749 0.07881957692224689 0.5895701958485567 0.08377626524442958 0.5913765419208891 0.08772876086544461 0.5916608253563193
5 0.1747341741514221 0.5569293078452707 0.17918544524031177 0.5557365933517108 0.18257821109250655 0.5539319368513949 0.18574542459581864 0.5501726897530596 0.18523004471439844 0.5404595414448436 0.18221248528683232 0.5325363096629758 0.1799258954414418 0.5295667290450192 0.1748572611654951 0.5273425949855377 0.16422619846979092 0.5277283686667269 0.15688093699658104 0.5292487417316126 0.15326593967821267 0.5313368368813507 0.14915382733332433 0.5360209445837997 0.14866003318951335 0.5408549863839518 0.1498897782395635 0.544331639618873 0.1586410059002424 0.5525096748882354 0.16905647889519132 0.5568833983513508 0.1747341741514221 0.5569293078452707
5 0.11436284595000942 0.4974302917383249 0.11358088471501553 0.49562479045200075 0.11563860132881429 0.49440175122449687 0.11546902195681363 0.4926560546200524 0.12437322457594761 0.491389640256653 0.12626966402451853 0.4940159775433077 0.130437749346289 0.48954076383443335 0.12909937922518386 0.4878843518598043 0.1312657209100375 0.4848410713720083 0.13460417422670484 0.4839465355018383 0.13794428798472666 0.48417101425538894 0.13949658736523254 0.4799489144619928 0.13798365654806313 0.47318976201175733 0.12328151051216145 0.4683974057754844 0.1138242198896254 0.47205093869802006 0.11315918593245929 0.47402026927000707 0.10726424053411858 0.47761484229667117 0.1070996424861816 0.4792261895633886 0.10226652320724497 0.48567073384424997 0.1013266056897324 0.48995263831952574 0.1027802426473107 0.49426486752874543 0.1068480051047989 0.49720496819876614 0.11247138782550223 0.498160998322832 0.11436284595000942 0.4974302917383249
5 0.11232221577892917 0.5476810804159618 0.119555531298375 0.5457429193639267 0.1266192674458201 0.5420590617074472 0.13056346086006243 0.5367482720242743 0.13078071100217228 0.5331077895036903 0.12882497769401025 0.5280345289760197 0.12257925046218639 0.5203046064277504 0.11133248502077979 0.5183925461796187 0.10760388130729279 0.5189438387184869 0.1051017017611469 0.520733755244835 0.1023262990960091 0.5259552602981927 0.09793598230806508 0.5307139126564892 0.09827846193477555 0.5364433351128193 0.10040045373222908 0.5410242629974933 0.10324511290508545 0.5449637689274753 0.10759107980562935 0.5478293249416486 0.11232221577892917 0.5476810804159618
5 0.05046688064638325 0.42588996865989814 0.05769687528311997 0.4217137783604219 0.06241970904964707 0.415970460716132 0.06546501395106767 0.40507933788832384 0.0669663216787552 0.4040053879725149 0.07325473835662469 0.4029920875245937 0.07665082509152854 0.40342546027171905 0.08399608656473842 0.4019050872068333 0.08549739429242595 0.4008311372910244 0.08092919592570853 0.39824901992627326 0.07140929056087215 0.39721760036035175 0.0695145115536558 0.3957102776974177 0.0657282744219323 0.39493366161899063 0.05949417027959025 0.3950368414367657 0.056096423103331884 0.3934844540659198 0.04544152502257298 0.39656331730962324 0.0321691805591951 0.39877627984508424 0.03133788811273737 0.40123794306006805 0.03507147315028799 0.40404369439236165 0.035435538514607665 0.42432030695706013 0.03643973121577512 0.4258423695939621 0.03955927394897803 0.42746930162065544 0.043789974013048676 0.4276790404002382 0.05046688064638325 0.42588996865989814
5 0.07546542992887857 0.3923245986643282 0.08024921799635135 0.39014721888477466 0.08375060891960107 0.38652232112416657 0.08790873159324411 0.37533301967296845 0.08734069961765102 0.36764900661861905 0.082826813786461 0.364156768623722 0.07257925972215824 0.36040972714133035 0.0680143822381499 0.3600656390240204 0.0623943204001557 0.3613476381473958 0.058392493567676874 0.3653305192132735 0.05661630227964278 0.3687170430323711 0.05713334260241756 0.37954920596430775 0.05993199144651921 0.389993905643039 0.06517020509446653 0.39396373630696496 0.06928895920477314 0.39375568709939845 0.07546542992887857 0.3923245986643282
3 0.25724846575600047 0.4965341538584872 0.2644851021581553 0.4968340220538935 0.27127893606931763 0.49881978217186457 0.27456307685045744 0.4988353669318407 0.2834672794695915 0.49756895256844136 0.2954300705209826 0.4943635323669988 0.3046058358177539 0.4885465148528693 0.30547981771025723 0.47734162864169516 0.30836218500509543 0.469180867704325 0.30796373240150293 0.46324255125442004 0.3006644812570478 0.45825773057055674 0.29175363687249556 0.45504808643907363 0.2845713130058682 0.45383809761352134 0.27717173899713077 0.4562685913085532 0.2707746972482064 0.4591021330167663 0.2679400007234774 0.4618767148291079 0.25453021447992624 0.4652459643162132 0.24774800365824584 0.4710933065642866 0.23328469350206338 0.4772076579157979 0.22683998098302977 0.48542737874903946 0.22673301635332935 0.48836663463305213 0.22824096584643513 0.4917687432121257 0.2352636729891892 0.4979471231755572 0.24294643276504582 0.49879912869583987 0.25724846575600047 0.4965341538584872
3 0.3295299329146313 0.5548568850178572 0.33376395386141106 0.5573046530448813 0.35201848247338074 0.5553239616429588 0.3608633912329236 0.5516106240385436 0.36397463175935363 0.5476424829466339 0.3661359921201437 0.5412421585876761 0.366351581820899 0.5364826614433714 0.36475777140652915 0.5127293956437519 0.35867996310535133 0.5056261550762065 0.3509345885871945 0.5000891970674667 0.34330780178821996 0.49944608554075876 0.3299539885215508 0.5030242290214387 0.32622372436670927 0.5024565069365863 0.3200522349666675 0.5072446392428185 0.3170479590699379 0.5082735244507157 0.31260997151188463 0.5184183559340407 0.3116157414588445 0.5236103810394626 0.31491482621217537 0.5336970974129243 0.32071775095300664 0.5431129118837583 0.32796601044464346 0.5512458824452089 0.3295299329146313 0.5548568850178572
3 0.7513467337388515 0.669081700024182 0.7557453527335684 0.6699181207844884 0.7638659336763538 0.6657271905110443 0.774714246514168 0.6617009343092711 0.7801614080974524 0.65643520933401 0.7823820623178336 0.6524818082160683 0.7824330539706519 0.6493336583384808 0.7811473359437197 0.6456481111099851 0.7752357861318335 0.638052537899443 0.772840571215388 0.6369031985417786 0.7674410804022129 0.6367827443920111 0.7640416727845999 0.6341113423974447 0.7580924148507316 0.6386160360542548 0.7472950936657358 0.6394941423784406 0.7451270915395275 0.6414184082425158 0.7449081809560631 0.6439398761393793 0.7423516888743897 0.6466399132958734 0.7351167129135894 0.6474590597241878 0.7344516789564233 0.6494283902961748 0.7290555090259572 0.6515459653938487 0.7265006773856383 0.6553650171740634 0.7279016622490437 0.6617063816371497 0.7310821592831923 0.6668992515285795 0.7340914165039856 0.6692274101918443 0.7513467337388515 0.669081700024182
3 0.8182388870862702 0.6216042697610487 0.8238539676002008 0.6169652267665114 0.826407138799165 0.6120271603625761 0.826680361918157 0.6085955718355668 0.8252283854019332 0.6054023572500677 0.8198222528233398 0.6008058446054177 0.811467817324899 0.5974471111622397 0.7983872271772215 0.5975936661159102 0.7825212717162793 0.5962476383806147 0.7789046139565563 0.5972167189066322 0.7543815939629719 0.6136388862411233 0.754276289774626 0.6176971567488565 0.7607442484726235 0.6251436406477036 0.7644894565996562 0.6357824943460417 0.7745064769910124 0.6342179013592523 0.7943149654248426 0.6291341247876543 0.8182388870862702 0.6216042697610487
2 0.8602811811685939 0.5203345241874292 0.8761388344227636 0.5160854788041217 0.8867056219348131 0.5098957380107547 0.8937067433399578 0.5015269278658181 0.8947552859285253 0.4954247821302504 0.8917360660596045 0.48638253572466184 0.8886691754205748 0.48272646844410183 0.884603073404441 0.4809053823978019 0.8769746261641119 0.4791432562473731 0.8727998990769233 0.47914241146136494 0.8696853376677842 0.4808725233058334 0.8656308587411322 0.48688453962557776 0.8559513366524227 0.49082151119753553 0.8501140246723186 0.49574399284149495 0.8431046010604009 0.4985177298678284 0.8398237811619703 0.5007401743552937 0.8401876055117035 0.5020979853135288 0.837882991825999 0.5057380454411088 0.8335403458081645 0.5051105186743767 0.8305953637710258 0.5085863271232898 0.8319387152161946 0.5135997829690806 0.836174396604329 0.5171665656198254 0.8459215147594028 0.5212715904074867 0.8602811811685939 0.5203345241874292
2 0.8388883629393483 0.47054151948880457 0.8459570804108572 0.470214705703487 0.853361635743658 0.47114125587961714 0.8600385423769925 0.4693521841392771 0.8726613860614861 0.4608203894946857 0.8757183140523889 0.45776236903292195 0.8826717646874244 0.4547797380130138 0.8930080185265276 0.44327836275046584 0.8989983054650867 0.4289114314737447 0.8985455403259668 0.42388323565398583 0.8962589504805761 0.42091365503602934 0.8883456570317734 0.41475001504656567 0.8736534736439987 0.4166717465526165 0.8610223277527325 0.41960846807860486 0.8498448188190443 0.42685741881381273 0.8361584885737923 0.43142022758048626 0.8313813422717375 0.4380736658549223 0.8240970350994736 0.44315997678454444 0.8190976573312454 0.45009685370840263 0.8180491147426776 0.45619899944397047 0.8216264039390643 0.46621117116158467 0.8251394179517957 0.4704193757670209 0.8311546115106733 0.47283766384610926 0.8388883629393483 0.47054151948880457