5 0.2741935483870968 0.33520761245674746 0.2796658986175115 0.3421280276816609 0.2839861751152074 0.34580449826989623 0.28629032258064513 0.3471020761245675 0.2897465437788019 0.34753460207612463 0.29781105990783413 0.34493944636678203 0.2998271889400922 0.33888408304498274 0.29925115207373276 0.3323961937716263 0.2975230414746544 0.32785467128027684 0.29377880184331795 0.32266435986159175 0.2900345622119816 0.3207179930795848 0.2828341013824885 0.32093425605536335 0.27793778801843316 0.32309688581314877 0.2736175115207373 0.32785467128027684 0.2730414746543779 0.3321799307958478 0.2741935483870968 0.33520761245674746
5 0.25460829493087556 0.35683391003460213 0.2609447004608295 0.36310553633217996 0.27793778801843316 0.36699826989619383 0.2831221198156682 0.36678200692041524 0.28629032258064513 0.36461937716262977 0.28859447004608296 0.3596453287197232 0.2888824884792627 0.35553633217993086 0.28715437788018433 0.351643598615917 0.28225806451612906 0.34666955017301043 0.26900921658986177 0.34342560553633217 0.26152073732718895 0.34364186851211076 0.2574884792626728 0.34450692041522496 0.25432027649769584 0.34645328719723184 0.25144009216589863 0.3512110726643599 0.2511520737327189 0.3522923875432526 0.25460829493087556 0.35683391003460213
5 0.3029953917050691 0.3488321799307959 0.309331797235023 0.35294117647058826 0.31739631336405527 0.35553633217993086 0.3248847926267281 0.35553633217993086 0.3332373271889401 0.3518598615916955 0.3369815668202765 0.34580449826989623 0.3366935483870968 0.33499134948096887 0.33093317972350234 0.33023356401384085 0.32661290322580644 0.3289359861591696 0.3228686635944701 0.32374567474048443 0.31739631336405527 0.32093425605536335 0.31048387096774194 0.3207179930795848 0.307315668202765 0.3220155709342561 0.30472350230414746 0.32482698961937717 0.30097926267281105 0.33477508650519033 0.30097926267281105 0.34558823529411764 0.3029953917050691 0.3488321799307959
5 0.3378456221198157 0.3274221453287197 0.34043778801843316 0.3315311418685122 0.3456221198156682 0.33672145328719727 0.3528225806451613 0.33737024221453293 0.35599078341013823 0.33628892733564014 0.36347926267281105 0.3315311418685122 0.3649193548387097 0.32525951557093424 0.3640552995391705 0.31509515570934254 0.3591589861751152 0.30752595155709345 0.3522465437788019 0.30363321799307963 0.3485023041474654 0.30363321799307963 0.34360599078341014 0.30601211072664364 0.33842165898617516 0.31250000000000006 0.3361175115207373 0.3183391003460208 0.3378456221198157 0.3274221453287197
5 0.3001152073732719 0.4016003460207613 0.3099078341013825 0.4052768166089966 0.3185483870967742 0.4054930795847751 0.3248847926267281 0.4044117647058824 0.3294930875576037 0.40181660899653987 0.3320852534562212 0.39749134948096887 0.3317972350230415 0.39035467128027684 0.3303571428571429 0.38711072664359863 0.326036866359447 0.38343425605536335 0.31682027649769584 0.38019031141868515 0.307315668202765 0.37954152249134954 0.30069124423963134 0.3804065743944637 0.2963709677419355 0.38343425605536335 0.2932027649769585 0.38775951557093424 0.29377880184331795 0.3938148788927336 0.3001152073732719 0.4016003460207613
5 0.5452188940092166 0.3806228373702422 0.5506912442396313 0.3918685121107267 0.5567396313364055 0.3938148788927336 0.5645161290322581 0.39359861591695505 0.5760368663594471 0.3916522491349481 0.5852534562211982 0.38797577854671284 0.5907258064516129 0.38019031141868515 0.5924539170506913 0.3695934256055363 0.5887096774193549 0.3618079584775087 0.5846774193548387 0.358780276816609 0.5743087557603687 0.35661764705882354 0.5682603686635945 0.35748269896193774 0.5555875576036866 0.3626730103806229 0.5506912442396313 0.36634948096885817 0.5452188940092166 0.3745674740484429 0.5443548387096774 0.37651384083044986 0.5452188940092166 0.3806228373702422
5 0.4614055299539171 0.39749134948096887 0.4663018433179723 0.4033304498269897 0.47033410138248855 0.4061418685121107 0.4798387096774194 0.4078719723183391 0.49107142857142855 0.4070069204152249 0.496831797235023 0.40289792387543255 0.5020161290322581 0.39749134948096887 0.503168202764977 0.3940311418685122 0.5028801843317973 0.38797577854671284 0.5008640552995391 0.3836505190311419 0.4942396313364055 0.37500000000000006 0.4884792626728111 0.370242214532872 0.4841589861751152 0.36851211072664364 0.47695852534562216 0.3689446366782007 0.47263824884792627 0.3713235294117647 0.46514976958525345 0.37867647058823534 0.46082949308755766 0.38711072664359863 0.4599654377880184 0.3940311418685122 0.4614055299539171 0.39749134948096887
5 0.6022465437788018 0.4253892733564014 0.6088709677419355 0.42949826989619383 0.6189516129032258 0.43230968858131497 0.6301843317972351 0.4329584775086506 0.6399769585253456 0.42841695501730104 0.643721198156682 0.42474048442906576 0.646889400921659 0.4156574394463668 0.646889400921659 0.41111591695501737 0.6457373271889402 0.40960207612456745 0.6385368663594471 0.4033304498269897 0.6324884792626728 0.40116782006920415 0.6255760368663594 0.40095155709342567 0.6120391705069125 0.4024653979238755 0.6019585253456221 0.4067906574394464 0.5961981566820277 0.41133217993079585 0.5967741935483871 0.4178200692041523 0.6022465437788018 0.4253892733564014
5 0.47494239631336405 0.4669117647058824 0.478110599078341 0.47058823529411764 0.4835829493087558 0.47404844290657444 0.49510368663594473 0.4764273356401384 0.5120967741935484 0.47383217993079585 0.5204493087557605 0.4671280276816609 0.523905529953917 0.46020761245674746 0.5236175115207373 0.4530709342560554 0.5169930875576038 0.44269031141868515 0.519873271889401 0.43490484429065746 0.5190092165898618 0.43403979238754326 0.5172811059907835 0.4357698961937716 0.5089285714285714 0.4377162629757786 0.5020161290322581 0.44052768166089973 0.49107142857142855 0.44160899653979246 0.4841589861751152 0.44355536332179935 0.47638248847926273 0.44874567474048443 0.47263824884792627 0.4567474048442907 0.4717741935483871 0.4599913494809689 0.47494239631336405 0.4669117647058824
4 0.14890552995391707 0.636029411764706 0.1509216589861751 0.6377595155709342 0.15754608294930877 0.638840830449827 0.1909562211981567 0.6375432525951558 0.19930875576036866 0.6353806228373703 0.20161290322580644 0.6334342560553634 0.20161290322580644 0.6299740484429066 0.1995967741935484 0.6254325259515572 0.19153225806451613 0.6191608996539792 0.18548387096774194 0.6169982698961938 0.17511520737327188 0.6165657439446368 0.16906682027649772 0.6152681660899655 0.16129032258064518 0.6120242214532873 0.1578341013824885 0.6146193771626298 0.1483294930875576 0.6256487889273357 0.1480414746543779 0.634515570934256 0.14890552995391707 0.636029411764706
3 0.518721198156682 0.4251730103806229 0.5293778801843319 0.4368512110726644 0.5460829493087558 0.44052768166089973 0.5567396313364055 0.44182525951557095 0.5673963133640554 0.43987889273356406 0.5771889400921659 0.435121107266436 0.5800691244239632 0.43101211072664364 0.5841013824884793 0.41911764705882354 0.5841013824884793 0.4147923875432526 0.5829493087557605 0.4124134948096886 0.5774769585253456 0.4063581314878893 0.5653801843317973 0.3985726643598616 0.557315668202765 0.39641003460207613 0.5509792626728112 0.3957612456747405 0.5397465437788018 0.39641003460207613 0.5233294930875576 0.4033304498269897 0.5184331797235023 0.40808823529411764 0.5164170506912442 0.4145761245674741 0.5161290322580645 0.418901384083045 0.518721198156682 0.4251730103806229
2 0.14055299539170507 0.5849913494809689 0.15034562211981567 0.5906141868512111 0.15524193548387097 0.5910467128027682 0.15754608294930877 0.5908304498269896 0.1650345622119816 0.5849913494809689 0.16906682027649772 0.5774221453287198 0.16964285714285715 0.5735294117647058 0.16906682027649772 0.5707179930795848 0.16647465437788017 0.5676903114186851 0.1566820276497696 0.5659602076124568 0.14688940092165897 0.5681228373702423 0.13738479262672812 0.5746107266435987 0.13680875576036866 0.578287197231834 0.14055299539170507 0.5849913494809689
2 0.12269585253456221 0.6152681660899655 0.1287442396313364 0.6211072664359862 0.133352534562212 0.6228373702422145 0.1480414746543779 0.6237024221453288 0.1529377880184332 0.6206747404844292 0.1592741935483871 0.6128892733564014 0.15898617511520738 0.6022923875432526 0.1509216589861751 0.5966695501730104 0.13450460829493088 0.5953719723183392 0.12730414746543778 0.5960207612456748 0.12240783410138249 0.5981833910034602 0.11837557603686637 0.6018598615916956 0.1189516129032258 0.6083477508650519 0.12269585253456221 0.6152681660899655