2 0.1999800453625618 0.6845652538726086 0.19556019241644243 0.6840185082109542 0.1884924702106679 0.6855399765975133 0.18353127242451733 0.6876743446000974 0.17880727708011554 0.6917405714618446 0.17160971746929027 0.7087479640587417 0.17399192768157323 0.7186961578539013 0.17477241669260724 0.7345060821809213 0.18175492813101998 0.7441073170829893 0.1887516678722444 0.7467344186337888 0.19706829973527995 0.7459311517152747 0.20647974880242717 0.7469544418039036 0.21076782261424168 0.7464279325438007 0.2176510540319893 0.743403907266781 0.22053208322537693 0.7408712906325239 0.2265313440539008 0.7377379162231732 0.22933330576670538 0.7345613466358616 0.23086000199538786 0.7304519245961533 0.23095329777878248 0.7241217441979393 0.2264645631468755 0.713560650786755 0.2204450897782695 0.7047127179700725 0.21872177523751088 0.7001307987837003 0.21317670675240247 0.6951465836853447 0.20734172417182345 0.6878012077591225 0.1999800453625618 0.6845652538726086
2 0.9073972182725905 0.09809028857886966 0.9102680616711828 0.10492806674108776 0.917370224719851 0.10841377222929341 0.9352381698003717 0.11449957321157886 0.9374501175274397 0.11597107676500955 0.9551781984576225 0.11619109993512419 0.956607556394894 0.11601559684842325 0.9483845384142698 0.049044489730756216 0.9332150734683637 0.055482694355848274 0.9263885962123546 0.061332283046777736 0.9204845728964793 0.07469465619000948 0.9125977192792523 0.08372486174856072 0.9073972182725905 0.09809028857886966
3 0.30042445413721014 0.6565443619915121 0.2994269752245095 0.650783886031362 0.29724138332430255 0.6495270334622827 0.29027504191795556 0.6495108443410413 0.2780616311380037 0.6516641238397242 0.2715960504420151 0.6557263034211612 0.2691063161435258 0.6590824233754841 0.2662333719661712 0.6664075629001546 0.2670036751824098 0.6915878820236496 0.27272919194752865 0.695678392567259 0.27626507430442415 0.6961157890965829 0.3004587359305956 0.6922736326852604 0.3048481905418375 0.6902094659173569 0.3047123688995162 0.6867399495503927 0.30234228621128245 0.6839805400908532 0.30168743304777457 0.6810105269272724 0.29921596956011337 0.6797887749755335 0.2977562132879645 0.6773533656326762 0.2978150682284652 0.6660160113596975 0.30042445413721014 0.6565443619915121
4 0.30635887578796284 0.6457929012778384 0.3017889728967104 0.6487507726004882 0.297229096750745 0.6730603459456463 0.2977825691148254 0.6775680166170278 0.3005703025248183 0.6813655803809848 0.308029319625491 0.6806676153144912 0.32407661187384196 0.6861054160634119 0.3324195995637385 0.6855168001292493 0.34116002543531215 0.6739850312734708 0.3434612264377582 0.6667300929834806 0.34360723387487485 0.6608292145539696 0.33791825873141224 0.6475829601982366 0.33544275273573465 0.6439649468012909 0.33044711410669025 0.64109214092911 0.325948193679988 0.6399014423144009 0.31937314716853915 0.6407087565132255 0.30635887578796284 0.6457929012778384
4 0.7718006641215032 0.5370045993752164 0.7692399473584637 0.5445092892668981 0.7680599193869904 0.5538054355483826 0.7626181734305633 0.5638427420743214 0.7660728875281135 0.577799103337479 0.7685220376969302 0.5812024657500732 0.7739880387014556 0.5855427278953742 0.7784869591281579 0.5867334265100833 0.7877929848878613 0.5868981126613061 0.7995137199734875 0.5854589873503583 0.8083189850228323 0.5815453047989028 0.8153786222125742 0.57523131352193 0.8172175458555719 0.571301441849233 0.8179880081213188 0.5657596641537447 0.817730593139488 0.5518464980685479 0.8126356744897786 0.5363484320172793 0.8100811010135182 0.5320864656672791 0.8063080162148738 0.529717210278792 0.783253798430503 0.531022702775547 0.7753284614623658 0.5326494730141268 0.7718006641215032 0.5370045993752164
4 0.8078554021321637 0.4454228050081663 0.8026123752665754 0.44998853507329706 0.7915443925656946 0.46856059123471416 0.7899953830181675 0.4748516237352777 0.7939083319671496 0.48308665693593555 0.8002015493991605 0.48471070479965805 0.8037070334211786 0.4825371888994236 0.8077619472992605 0.48247508222536395 0.8161170625132064 0.48907525062682133 0.826307058862134 0.489349285910375 0.8326185471049727 0.4863954618680356 0.8459329183758154 0.4743020831348139 0.8487085242617589 0.4709108625631509 0.8501561530098586 0.4661574875703881 0.8494932148303178 0.45839495151639403 0.8476117653283932 0.45252512642391285 0.8419835868546854 0.4445006969272961 0.8378982746417261 0.44195189117179756 0.8343096806311084 0.441085192673771 0.8150772167910876 0.4427929810825092 0.8078554021321637 0.4454228050081663
4 0.8473929927469811 0.41529329883970406 0.8397616123823308 0.42167749135135707 0.8383890086067977 0.42467855785196756 0.8381416203702535 0.4321170937892793 0.8359377576592186 0.435438113126262 0.8350091604323054 0.43969198491564143 0.8428675574439095 0.4446100460596269 0.8478145269272481 0.44944981140831153 0.8526783864219876 0.451249362358735 0.8580653199459304 0.4549456715509816 0.8563541329292208 0.45755253670022944 0.8576597967482205 0.46109630158218423 0.8581308505980134 0.45784271374268026 0.8599123286049609 0.4558083227686979 0.8637340825493108 0.45621061868068147 0.8672395665713287 0.454037102780447 0.8756575792337917 0.45169617835413217 0.8800206780181729 0.4494173606018771 0.8854441531637717 0.44395792598200023 0.8897200994515367 0.4362426323862773 0.8912042698212927 0.4223335135813908 0.8905190183229074 0.41675258798825193 0.8868655851345186 0.4082678031859023 0.8830397886821526 0.40546924582871213 0.8647095662421836 0.4027085114637196 0.857382328275816 0.40447973145197064 0.8473929927469811 0.41529329883970406
4 0.7911797715966742 0.4065075452610327 0.7875992626020898 0.4104333696534194 0.7866483520563322 0.41686885190365397 0.7872545360741345 0.42180582454373833 0.7921568789197844 0.4310088108141333 0.7973816349745446 0.43102095265506435 0.8087718718350274 0.433980148883167 0.8190368931565212 0.4325018756745685 0.8259201245742689 0.4294778503975487 0.8335778607657801 0.4233083088702473 0.8364812032780122 0.41859408177513496 0.8359236884059154 0.4116901496585469 0.8337340539976921 0.4080370356442611 0.8305590682008173 0.405812230005445 0.8080908218941669 0.400073387916251 0.8042954237766781 0.399885742988619 0.799620097577982 0.40198501037386275 0.7911797715966742 0.4065075452610327
5 0.19487506683241257 0.26249114483893354 0.18910896593762108 0.2651601166622411 0.1861305984528225 0.2716266522495055 0.18746666060669934 0.27778132956101864 0.19692467804078978 0.29100057786003214 0.20710448859492167 0.3006450079400611 0.2144925232310444 0.3040956128109264 0.21592592367633223 0.30631637116943206 0.22276048594837441 0.30525930536891593 0.23465358429797817 0.29813395261280856 0.23966345122983426 0.29403262513372097 0.24210047387460162 0.2902472032106951 0.24175380561739254 0.28506047896891895 0.23700959773290867 0.27714539860463305 0.23495174245899014 0.2745655395121048 0.22995610382994586 0.2716927336399239 0.2245732128140197 0.2703926858928839 0.20644170946488938 0.2621603750670834 0.19487506683241257 0.26249114483893354
5 0.25624011984367556 0.2588784310637996 0.25558526668016757 0.2559084179002188 0.2525643733364424 0.25257525672230513 0.25055518720822934 0.24802843815327308 0.2471774398124998 0.24887894753005843 0.2442436989653903 0.2509822621956126 0.2392378745415506 0.25747985111990684 0.2402697942971451 0.2682475009548218 0.25027319907928314 0.28118189703480356 0.25834244270577467 0.2878171660536012 0.2633117255079581 0.2904753209414305 0.2688487089770336 0.29066701314937293 0.26989081452742336 0.2920642681878127 0.27108297002294607 0.2899569062419483 0.2752656205273166 0.2885717930444394 0.2787934178681793 0.2842166666833498 0.28227254606333635 0.2818284997987638 0.28481094950753116 0.27650542036793735 0.28519415938639653 0.2725364007975898 0.2822259776963933 0.269632541588379 0.2810561355197151 0.26955829307338836 0.28035665571851803 0.27095150083151787 0.2672815876681868 0.2708138207370145 0.26481012418052563 0.26959206878527564 0.25624011984367556 0.2588784310637996
5 0.25065656800765684 0.2464907806454725 0.2466847641181741 0.2495931017177933 0.2522521459221271 0.2523957063552938 0.2546749402640827 0.25558441778353647 0.25666181307345115 0.2623128468134236 0.2632530296169656 0.2710905783954257 0.26601036469208117 0.2722772297298245 0.2726908345109739 0.2723285194684061 0.2817596578289285 0.2705613467604654 0.29757589092230957 0.2623006324085409 0.29829768404235113 0.2587258141895561 0.2975860767171048 0.25293023761206573 0.291637585813049 0.23993373485802433 0.27984796904163506 0.2313585124194426 0.2726971368472612 0.2298397664077408 0.26256389466007235 0.23239129453809654 0.2563091605789717 0.2381706819943456 0.25065656800765684 0.2464907806454725