5 0.2436635944700461 0.6440311418685122 0.2557603686635945 0.6585207612456748 0.25864055299539174 0.664143598615917 0.26843317972350234 0.6684688581314879 0.28225806451612906 0.6706314878892734 0.29176267281105994 0.6693339100346021 0.29579493087557607 0.6671712802768167 0.29838709677419356 0.6630622837370244 0.29838709677419356 0.6578719723183392 0.28456221198156684 0.6444636678200693 0.2805299539170507 0.6332179930795848 0.27102534562211983 0.6254325259515572 0.2603686635944701 0.6215397923875433 0.2537442396313364 0.622188581314879 0.24654377880184333 0.6260813148788927 0.24337557603686638 0.6299740484429066 0.24251152073732718 0.6327854671280277 0.24222350230414746 0.6375432525951558 0.2436635944700461 0.6440311418685122
5 0.42252304147465436 0.7240484429065744 0.4245391705069125 0.7272923875432526 0.4297235023041475 0.7307525951557093 0.43634792626728114 0.7318339100346021 0.44268433179723504 0.7305363321799309 0.4472926267281106 0.7277249134948097 0.4504608294930875 0.7166955017301039 0.44873271889400923 0.7112889273356402 0.44642857142857145 0.7097750865051904 0.43634792626728114 0.7086937716262977 0.43202764976958524 0.7091262975778547 0.4248271889400922 0.7132352941176471 0.4228110599078341 0.7169117647058825 0.4216589861751152 0.7203719723183392 0.42252304147465436 0.7240484429065744
5 0.4899193548387097 0.7076124567474049 0.497983870967742 0.7106401384083045 0.5028801843317973 0.7099913494809689 0.5086405529953917 0.7078287197231835 0.5175691244239632 0.701340830449827 0.5195852534562212 0.6963667820069205 0.518721198156682 0.6896626297577855 0.5120967741935484 0.6853373702422145 0.497983870967742 0.6881487889273357 0.48963133640552997 0.6937716262975779 0.48646313364055305 0.698961937716263 0.48617511520737333 0.7030709342560554 0.4899193548387097 0.7076124567474049
5 0.46860599078341014 0.7720588235294119 0.4714861751152074 0.7731401384083045 0.4772465437788019 0.772923875432526 0.48502304147465436 0.7694636678200693 0.4884792626728111 0.7655709342560554 0.4884792626728111 0.7580017301038062 0.4873271889400922 0.7549740484429066 0.4841589861751152 0.7521626297577855 0.4807027649769585 0.7506487889273357 0.4743663594470046 0.7504325259515572 0.46658986175115214 0.7545415224913495 0.4631336405529954 0.7618944636678202 0.46284562211981567 0.7655709342560554 0.46860599078341014 0.7720588235294119
5 0.4902073732718894 0.7692474048442908 0.494815668202765 0.7722750865051904 0.4985599078341014 0.7731401384083045 0.5106566820276498 0.7733564013840831 0.5190092165898618 0.7707612456747406 0.5210253456221199 0.7690311418685122 0.5224654377880185 0.765787197231834 0.5224654377880185 0.7621107266435987 0.5172811059907835 0.7549740484429066 0.5126728110599078 0.7523788927335641 0.5008640552995391 0.7495674740484429 0.497983870967742 0.7500000000000001 0.48905529953917054 0.7547577854671281 0.48963133640552997 0.7679498269896194 0.4902073732718894 0.7692474048442908
5 0.37067972350230416 0.8179065743944637 0.37384792626728114 0.8222318339100347 0.38479262672811065 0.8248269896193772 0.3942972350230415 0.8215830449826991 0.3986175115207373 0.8179065743944637 0.39746543778801846 0.8163927335640139 0.39400921658986177 0.8150951557093427 0.391705069124424 0.809688581314879 0.383352534562212 0.8038494809688581 0.37932027649769584 0.8034169550173011 0.37327188940092165 0.8044982698961938 0.37010368663594473 0.8081747404844292 0.3695276497695853 0.8116349480968859 0.37067972350230416 0.8179065743944637
5 0.3591589861751152 0.8401816608996541 0.37644009216589863 0.8395328719723183 0.3807603686635945 0.835423875432526 0.38018433179723504 0.8278546712802768 0.3712557603686636 0.8233131487889274 0.36319124423963134 0.8239619377162631 0.3591589861751152 0.8276384083044983 0.3580069124423963 0.8334775086505191 0.3577188940092166 0.8386678200692043 0.3591589861751152 0.8401816608996541
5 0.3931451612903226 0.8637543252595157 0.39746543778801846 0.8661332179930797 0.40466589861751157 0.8669982698961938 0.41244239631336405 0.8637543252595157 0.41705069124423966 0.8592128027681663 0.41647465437788017 0.8486159169550174 0.4115783410138249 0.8436418685121108 0.4069700460829493 0.8419117647058825 0.4009216589861751 0.8419117647058825 0.39055299539170507 0.851643598615917 0.3882488479262673 0.8555363321799309 0.3879608294930876 0.8592128027681663 0.3931451612903226 0.8637543252595157
5 0.4196428571428571 0.8570501730103807 0.4216589861751152 0.8589965397923877 0.42828341013824883 0.8605103806228375 0.435483870967742 0.8600778546712803 0.4392281105990784 0.8581314878892734 0.44441244239631333 0.8520761245674742 0.44441244239631333 0.8481833910034602 0.4423963133640553 0.8434256055363323 0.4392281105990784 0.8410467128027681 0.43490783410138245 0.8401816608996541 0.42828341013824883 0.8397491349480969 0.4254032258064516 0.8410467128027681 0.41877880184331795 0.8486159169550174 0.41849078341013823 0.8529411764705882 0.4196428571428571 0.8570501730103807
5 0.3663594470046083 0.8868944636678201 0.369815668202765 0.8892733564013842 0.37644009216589863 0.8914359861591696 0.38018433179723504 0.8912197231833912 0.3845046082949309 0.8892733564013842 0.388536866359447 0.886029411764706 0.3914170506912443 0.8804065743944637 0.38911290322580644 0.8739186851211074 0.3859447004608295 0.8719723183391004 0.37989631336405527 0.8706747404844292 0.37298387096774194 0.8708910034602078 0.369815668202765 0.8719723183391004 0.36578341013824883 0.8752162629757786 0.36463133640552997 0.8775951557093427 0.3643433179723502 0.8827854671280277 0.3663594470046083 0.8868944636678201
5 0.6068548387096774 0.432742214532872 0.6152073732718895 0.4344723183391004 0.6226958525345623 0.4342560553633218 0.6247119815668203 0.4329584775086506 0.6273041474654378 0.4282006920415225 0.6275921658986175 0.418901384083045 0.6264400921658987 0.4150086505190312 0.6232718894009217 0.41154844290657444 0.6177995391705069 0.41068339100346024 0.6094470046082949 0.41111591695501737 0.6045506912442397 0.4139273356401384 0.6025345622119815 0.4180363321799308 0.603110599078341 0.42841695501730104 0.6068548387096774 0.432742214532872
5 0.5780529953917051 0.4275519031141869 0.5829493087557605 0.4282006920415225 0.5950460829493088 0.42690311418685123 0.5993663594470047 0.42474048442906576 0.6013824884792627 0.41825259515570934 0.601094470046083 0.4145761245674741 0.595910138248848 0.40916955017301043 0.5892857142857143 0.40743944636678203 0.5820852534562213 0.40808823529411764 0.5777649769585254 0.40895328719723184 0.5751728110599078 0.41198096885813157 0.5757488479262672 0.4234429065743945 0.5780529953917051 0.4275519031141869
2 0.34014976958525345 0.4227941176470589 0.34475806451612906 0.4275519031141869 0.3585829493087558 0.4476643598615917 0.3620391705069125 0.45047577854671284 0.37298387096774194 0.45263840830449825 0.38997695852534564 0.4485294117647059 0.39372119815668205 0.4463667820069205 0.4014976958525346 0.43230968858131497 0.40120967741935487 0.4288494809688582 0.39602534562211983 0.42063148788927335 0.3853686635944701 0.4139273356401384 0.3747119815668203 0.41111591695501737 0.3487903225806452 0.4063581314878893 0.33986175115207373 0.41219723183391005 0.3378456221198157 0.416522491349481 0.33755760368663595 0.41825259515570934 0.34014976958525345 0.4227941176470589
2 0.41273041474654376 0.4059256055363322 0.41417050691244245 0.41133217993079585 0.41676267281105994 0.4154411764705882 0.4213709677419355 0.41955017301038067 0.432315668202765 0.42322664359861595 0.4360599078341014 0.4186851211072665 0.440668202764977 0.4076557093425606 0.44441244239631333 0.4016003460207613 0.4556451612903226 0.39359861591695505 0.45305299539170507 0.38884083044982704 0.445852534562212 0.38343425605536335 0.44297235023041476 0.38256920415224915 0.43490783410138245 0.3823529411764706 0.42885944700460826 0.3836505190311419 0.4193548387096774 0.38905709342560557 0.41647465437788017 0.3918685121107267 0.41445852534562216 0.39597750865051906 0.41273041474654376 0.40095155709342567 0.41273041474654376 0.4059256055363322
2 0.4412442396313364 0.4772923875432526 0.44642857142857145 0.4811851211072665 0.45593317972350234 0.48248269896193774 0.4694700460829493 0.481401384083045 0.4801267281105991 0.4779411764705883 0.48444700460829493 0.47210207612456745 0.4870391705069125 0.46366782006920415 0.4853110599078342 0.4563148788927336 0.47955069124423966 0.4491782006920416 0.4772465437788019 0.4472318339100346 0.47321428571428575 0.4457179930795848 0.46687788018433185 0.4446366782006921 0.45305299539170507 0.4455017301038063 0.445852534562212 0.448961937716263 0.438652073732719 0.4565311418685122 0.4357718894009217 0.4632352941176471 0.4360599078341014 0.47058823529411764 0.4412442396313364 0.4772923875432526
3 0.3928571428571429 0.48464532871972327 0.4147465437788019 0.4937283737024222 0.4216589861751152 0.49351211072664364 0.4340437788018433 0.49113321799307963 0.4423963133640553 0.4876730103806229 0.44441244239631333 0.4844290657439447 0.44441244239631333 0.48075259515570934 0.43836405529953915 0.4749134948096886 0.43317972350230416 0.4649653979238755 0.42194700460829493 0.46150519031141873 0.4006336405529954 0.4632352941176471 0.39343317972350234 0.4666955017301039 0.3882488479262673 0.47404844290657444 0.3873847926267281 0.4775086505190312 0.3928571428571429 0.48464532871972327
4 0.435483870967742 0.42949826989619383 0.44671658986175117 0.43403979238754326 0.45650921658986177 0.4364186851211073 0.4614055299539171 0.4364186851211073 0.46687788018433185 0.4353373702422146 0.4697580645161291 0.4338235294117648 0.4737903225806452 0.42971453287197237 0.478110599078341 0.41911764705882354 0.4775345622119816 0.4072231833910035 0.476094470046083 0.4044117647058824 0.47235023041474655 0.40116782006920415 0.47033410138248855 0.39684256055363326 0.4663018433179723 0.3948961937716263 0.4550691244239632 0.3948961937716263 0.45305299539170507 0.39532871972318345 0.4455645161290323 0.40030276816608995 0.440668202764977 0.4078719723183391 0.43461981566820274 0.42214532871972327 0.434331797235023 0.4262543252595156 0.435483870967742 0.42949826989619383
2 0.19412442396313365 0.640787197231834 0.2007488479262673 0.6466262975778547 0.20247695852534564 0.6507352941176471 0.2131336405529954 0.6580882352941176 0.2217741935483871 0.6615484429065744 0.23444700460829493 0.6600346020761246 0.23732718894009217 0.6578719723183392 0.2402073732718894 0.6405709342560554 0.2402073732718894 0.6301903114186851 0.23847926267281108 0.6267301038062285 0.22379032258064516 0.615916955017301 0.22004608294930877 0.615484429065744 0.21111751152073732 0.617863321799308 0.19786866359447006 0.6193771626297578 0.19268433179723504 0.6230536332179931 0.19066820276497695 0.626946366782007 0.19009216589861752 0.6338667820069205 0.19412442396313365 0.640787197231834