0 0.6117397330341687 0.4508571396310028 0.6049255419934318 0.4523154814197957 0.599890379053965 0.45613534872377226 0.5981190913158333 0.45921099207124616 0.5982172542250508 0.4637878478756267 0.6012476404244967 0.46802053012843 0.6061096986349432 0.47135845780366487 0.6170396541545251 0.4720723339946217 0.6252030584762079 0.4687987123215576 0.6266426943032333 0.4661231193790093 0.626770587759214 0.4593954809289361 0.6256096522071173 0.4566640111330398 0.6226622559170598 0.4543971393855729 0.6117397330341687 0.4508571396310028
1 0.6563188770266967 0.4538029627674689 0.6535674988286269 0.45242651020249214 0.6495573298956903 0.45200502446350976 0.6448838571405406 0.4523836395343782 0.639788309928205 0.45402261806844935 0.6343007265318943 0.45388075823754015 0.6324690545208937 0.4547755128151083 0.6316927225160816 0.45665100494780564 0.6324165056514337 0.4607862954093722 0.6279996479473176 0.46974500835739574 0.6294696297740008 0.4722915060129358 0.6369248267268784 0.4785114341051324 0.6436033839484965 0.4783435619037551 0.648864910979609 0.48063620438035687 0.6506891503539187 0.4825675733664022 0.6578049550325515 0.48375038300086654 0.6642422828891423 0.4831222481461377 0.668764948825344 0.48142305736364055 0.669895230651335 0.4706691441351774 0.6666914319964212 0.46533096443531485 0.6585125469484618 0.45773024838306364 0.6563188770266967 0.4538029627674689
1 0.7083018049681618 0.49927816379396794 0.6990678876404616 0.49896000261285867 0.695457187528191 0.49749323167524306 0.6910850206844897 0.49224970574309757 0.688047201848353 0.4908431470539078 0.6775997050588256 0.4910497961696542 0.6737177373083172 0.4921639644068696 0.6711323389290244 0.49471913285256575 0.6701073449224941 0.498960485895525 0.673477123396185 0.5082302866060603 0.6720226222957781 0.5165581266758356 0.676523298048355 0.5316005990104498 0.6837295252730672 0.5319230955866372 0.6905288510404224 0.5361170009250713 0.7072250902312436 0.5315656742084925 0.7132855549036881 0.5317677462878276 0.7189239451189468 0.5332301818303653 0.7213511040426009 0.5321805612366541 0.7225042992315593 0.5294748621698927 0.7234837742386024 0.517400373229801 0.7208376838599933 0.5095113604793204 0.7118672938073927 0.5011750912607222 0.7083018049681618 0.49927816379396794
1 0.5734009284249504 0.6227480269726244 0.5551365444982284 0.6201760002292824 0.549784287194589 0.6104803783846867 0.5398793256815375 0.6055251491507707 0.5362008086597074 0.6047036130068627 0.5305323801712382 0.6062823792925076 0.5237184968569487 0.6160040135075717 0.5159471287192411 0.6210584735456159 0.5154950159888447 0.6253600388370012 0.5193395128294517 0.630113195991582 0.521812190752593 0.6368967112950032 0.5251968344996654 0.6405142648783115 0.5320865828131 0.6438478571584686 0.5381999991217224 0.649056941571323 0.5421875624181391 0.6496935055748747 0.5484592181824003 0.6533970421357441 0.5504643026488687 0.6536077850052354 0.5549643629485506 0.6521236724873075 0.5597809021595099 0.64762846426541 0.5668514955651031 0.649241430429013 0.5689696082141705 0.6483767819756577 0.5711251917731393 0.6416448081305065 0.5692857793990005 0.637102393845417 0.5729565560576921 0.6324867611266674 0.5778334795415203 0.6301724416746755 0.5825747692062294 0.6291485918100992 0.5911679883482364 0.6300517755364902 0.5930523042689674 0.6259007408661701 0.5907682118011229 0.6228337683088523 0.5873987410538797 0.6218272600245882 0.5734009284249504 0.6227480269726244
2 0.30696724905938677 0.22594237410048587 0.2944843218037331 0.22071618974865262 0.2863735613917806 0.22073353132896467 0.28724805630581035 0.223434895000648 0.2861852836629312 0.22528028100913228 0.2832982716457425 0.22519429803157118 0.2758433824193123 0.22723766236564574 0.2721648653974823 0.22641612622173776 0.2705970283880289 0.2275560651880882 0.2646647648980125 0.2288896470849509 0.2620115496091601 0.23209005032435487 0.26072272060108287 0.23608621897853177 0.2575418353091364 0.2387962534403712 0.2557711630238995 0.25839848164038715 0.25674382084714675 0.26567670111645103 0.26165883069377116 0.2740216411252051 0.26621184262963105 0.2775445409407964 0.27003373383371826 0.2825127763599464 0.27329017639836245 0.28459467596705695 0.27635060087101904 0.28578615639167737 0.2804059810769953 0.28577748560152133 0.29029576959021786 0.2881216695363931 0.3008336889258244 0.28705470736236965 0.31186149962817633 0.2840821469314359 0.31959508912953505 0.2766317198589167 0.3211325801393304 0.270269690294478 0.31982083776828585 0.266217644786953 0.31886304521842007 0.2532871781836622 0.31454321455800177 0.23652407973249373 0.3101332690779517 0.22888458676587348 0.30696724905938677 0.22594237410048587
2 0.4856978513970985 0.22276484189421913 0.4826752055607907 0.22396932850407358 0.48471806866360795 0.2265760384080398 0.48298455956182496 0.23204764878998846 0.4810398593682253 0.2340177946904029 0.482479802921698 0.23960549417412577 0.49047010251436063 0.2434896674802734 0.49572388918233495 0.2403451410942175 0.49839227747101633 0.2397557831538578 0.5007590521218017 0.2365252737902408 0.5004270924842477 0.2286620317688952 0.4994470020243096 0.2242099358564448 0.49623577073270503 0.2216978797201957 0.4856978513970985 0.22276484189421913
2 0.45559123840041604 0.21438160825376223 0.45149064692140006 0.2148204355730568 0.44535524042915287 0.22635301427731394 0.4444584476050507 0.23213002129647103 0.4454763167013377 0.2389780842433964 0.4513336383715513 0.2493791531301261 0.4570246724965405 0.24758530857991184 0.4621579983452248 0.24834229708031566 0.46570831418462666 0.24762817924802577 0.47398474668890866 0.24327916625211538 0.47549219942549337 0.23995833851585924 0.4741953223278304 0.23025404588110746 0.4774214188928164 0.22711385489012947 0.47722540080082887 0.2262234357076395 0.47124018567463455 0.222550005270983 0.45972217587909003 0.21916487153255598 0.45559123840041604 0.21438160825376223
4 0.2501306187235084 0.19909299911395167 0.2437762807763062 0.20168694447401694 0.23835682201600247 0.2091631422756711 0.2373996449190316 0.2127592605249225 0.2388851074719915 0.2261800959057779 0.244048779320334 0.2321591750042701 0.2511193727259272 0.23377214116787304 0.2662552075439857 0.22753462985403128 0.2793785252588851 0.22391249923431172 0.28291366809845797 0.22058733610297762 0.28358440455736184 0.2169611117295131 0.2788579801660343 0.21233271446686253 0.2758954108761478 0.2074547974203516 0.26788993828365615 0.20095957881515975 0.26179169497486277 0.19836153970134968 0.2501306187235084 0.19909299911395167
4 0.5726457106263717 0.38194683691527687 0.5649796303081248 0.38048873676781714 0.5556552904343455 0.38103088864498497 0.5461274998318875 0.383508744903276 0.5305243792836035 0.39143677620945894 0.5292203772756972 0.3928218995645916 0.5291451277294469 0.3962932579219129 0.5373766566871366 0.4006376938814121 0.5403996102498919 0.4076964996978287 0.5405510325217349 0.4255436602619995 0.5448476420927384 0.4259952521251951 0.5536895232364634 0.4245325749413242 0.5590715110868657 0.4229237025314661 0.5649659959405333 0.41919415360012857 0.5748176980909594 0.41087907807425433 0.582709527047957 0.4019231031497502 0.583078649868965 0.39565572735302856 0.5808698069473707 0.3891173964383896 0.576716263832177 0.384549211424165 0.5726457106263717 0.38194683691527687
4 0.8487001593559544 0.439230376292776 0.8415087974046239 0.43325563258936184 0.8311591557978668 0.4297758450832177 0.8234026529335405 0.4291780579940351 0.8178020413546306 0.4301115894859723 0.8104075364010693 0.4343358425899525 0.8001712307033587 0.4380439561872331 0.7959727840415727 0.44216922012841825 0.7947969832160946 0.44508999745974887 0.7943900817587377 0.4489614062219956 0.7973077475020321 0.46253277222391614 0.8020267392566691 0.46998729305018017 0.8152485276072335 0.4792053106611124 0.8226055616508937 0.48084838294892823 0.8312139537927296 0.4843626119743635 0.839234291658603 0.48520558345232845 0.8489354947165284 0.4838332246410967 0.8716996312164849 0.4766578464402397 0.875076534600419 0.47483823116089036 0.8768704279750705 0.4715475095488474 0.8781366513466281 0.4677664191592397 0.8775712027071851 0.4648800833472001 0.8732968910462539 0.45595012079316427 0.8671004848282431 0.4487752258749735 0.8487001593559544 0.439230376292776
5 0.5233032867855097 0.39676652676049856 0.5199942003111351 0.39794090724614 0.5125693493579155 0.39694306975203186 0.5036596513046312 0.39905098172961057 0.501782768020591 0.40037589283631725 0.5020165647489274 0.40366227905328217 0.500735168377541 0.4048323241438457 0.49502152861603194 0.4068412469586291 0.49432818652060834 0.41068254959666284 0.5019722766552304 0.428882312861234 0.5054925542214216 0.43120939685712684 0.515118507733097 0.4333083964032163 0.5265609602559439 0.43190159607269346 0.5394353082426778 0.4223820339369647 0.5410932600717631 0.41211848948606616 0.5405956283418796 0.4085869188803189 0.5368037754110029 0.400577481632986 0.530223073372155 0.3970589172124729 0.5233032867855097 0.39676652676049856
5 0.5971300295869669 0.4162685575910536 0.587323230983133 0.41589018416151824 0.5791146153884104 0.4195939623637209 0.5750744081822632 0.4222136784529211 0.5724211928934109 0.42541408169232503 0.5762659974604654 0.4384305312731769 0.5814371019454987 0.4415834868080557 0.5944551318409373 0.44447391637384015 0.6022794516148229 0.4444264686693149 0.605656354998757 0.44260685338996575 0.6097266004781147 0.43694593547258276 0.6130957634989106 0.42968915133057595 0.6125755261325072 0.4263726589893978 0.6098767918441677 0.4217399263316691 0.6047508986321741 0.4181568142676519 0.5971300295869669 0.4162685575910536
5 0.777761044024581 0.4363409132923243 0.7671627404161059 0.4352269866964421 0.7577253723597274 0.43684452989645617 0.753798193336179 0.4383888546628101 0.7480319096649398 0.4436540575703455 0.7482811871195529 0.45781478151262595 0.7537765108790018 0.46339381020619264 0.7603572129178497 0.4669123746267059 0.7705786533421788 0.46885650815665214 0.7738651341800337 0.4678972059355798 0.7773024218368364 0.4682584794261363 0.784561292971279 0.4653246959095716 0.7947598200326407 0.4592206152778161 0.7954305564915446 0.4555943909043516 0.7936889993001758 0.4473655399973716 0.792136027564104 0.4428532318364951 0.7897841181867001 0.4404314940728852 0.777761044024581 0.4363409132923243
5 0.9024599613135573 0.4292240558505613 0.8901204082401609 0.42814457077397006 0.8787683782633933 0.4286910580462159 0.8641146944489417 0.4275858022404897 0.8588231291446184 0.4283343615920706 0.8530868837465897 0.43055836267142344 0.8500719782734205 0.43720001814393566 0.8525746944697723 0.4409423316191742 0.8665728148251489 0.448284857097409 0.8763573155189105 0.45714160121778463 0.8878149410415865 0.458345846186306 0.8933929469839764 0.4576273929589382 0.9081141399815401 0.44982412154468543 0.9126668441909522 0.4450837289340056 0.9138274720166015 0.4395519063036309 0.9116790133678758 0.4351944641588975 0.9066435427019617 0.43075103903660317 0.9024599613135573 0.4292240558505613
5 0.5234467081697181 0.19976808424162065 0.5156675996688721 0.19938537541700724 0.5101273723628309 0.20249979567885004 0.5074967627104984 0.20548512065368482 0.5045951931463756 0.21931467722962172 0.5047311346919419 0.22628750006847725 0.5075580701627096 0.23245588670240372 0.5118924583700619 0.2353034456000742 0.5178625004964272 0.23636583073768644 0.5224681563420173 0.23663245046052567 0.5269456110051794 0.2353634162071671 0.5292671743829251 0.23256306337268864 0.5317318042164807 0.22564611738718118 0.5331033154074991 0.21535246681206957 0.529891776389447 0.2045771182495494 0.5264845270058547 0.20117464293081033 0.5234467081697181 0.19976808424162065