5 0.8164689317592387 0.7300530172914643 0.8184235079239416 0.7366016481205289 0.8226750350718609 0.744918625215343 0.824971986055077 0.7466869714810926 0.8355566695822126 0.7480834934254432 0.8403340144072518 0.7461480760383499 0.8439865800635928 0.7424518488012494 0.8448180062111768 0.7366650726668317 0.8410555303923279 0.727341604000915 0.8371921415571636 0.7230656660219956 0.8266548506758484 0.7199158706433801 0.8183609904072544 0.7218286787832466 0.8164047850909724 0.7258546450676568 0.8164689317592387 0.7300530172914643
5 0.7560086959181542 0.6667480332393806 0.7508722222521559 0.6675120895317166 0.7479914346482285 0.6702567817055995 0.7444075142332496 0.6871849944615149 0.746178647539346 0.6992057352091721 0.7494765829278239 0.7033717601723215 0.7581401983351482 0.7101229426037523 0.7651258365764378 0.7119214345324711 0.7689250787433362 0.7119990002875829 0.7755989807894867 0.7108728576872793 0.7807828471013054 0.7083555279606784 0.784794541598606 0.7058306618183352 0.7882881752950401 0.701442609225957 0.7893549355201469 0.6974640630336895 0.7889851803814166 0.6888000724623922 0.7869190649026271 0.679806342843785 0.7853526270506792 0.6772987511306153 0.7795452883485827 0.6739668117991713 0.7628766671206825 0.6676424101970244 0.7560086959181542 0.6667480332393806
5 0.7924134271396464 0.6500308401242493 0.791546863795592 0.654488922055997 0.7921703361858697 0.6603381911140419 0.7948966904029865 0.6659352868798888 0.8002913798936284 0.6713901223693077 0.8052918033468405 0.6743449025612993 0.8143039212973532 0.6747748166109477 0.8212666777915221 0.6721626467000615 0.8248367136055723 0.6688909986945559 0.8266172329395014 0.6582215613967957 0.8223595780669072 0.651445568120449 0.8161869827991767 0.6484832515127151 0.8058498887989138 0.6458129918735794 0.79760342117614 0.6459725265791809 0.7939982481656194 0.6479154803820166 0.7924134271396464 0.6500308401242493
5 0.6819142820766267 0.6675469767424012 0.6776733812264785 0.6667226291241269 0.6689623731733338 0.661724720126961 0.6652043959275811 0.6614348647560517 0.6527382800502007 0.6757553107964588 0.6485615258683187 0.6791293354019919 0.648248160521601 0.6867792979864444 0.6502975219779445 0.6898213819469791 0.6528771996845041 0.6916446847206137 0.6634557554869647 0.6945821904834316 0.6699233329273884 0.6945174959621155 0.6788651764849598 0.6922900216064239 0.6845916144963441 0.685471943055988 0.689610421123581 0.6838037717925771 0.690353189704199 0.6799825587082221 0.6892467937095259 0.6735987974028124 0.6919273844324009 0.6703745694894494 0.6927114179341644 0.6663410667892968 0.6819142820766267 0.6675469767424012
5 0.6657129234505818 0.3810781863949968 0.6600400058096927 0.38460200769270037 0.650601354046797 0.3999515545514368 0.6505065687551562 0.40345810141996685 0.6534086089546256 0.4156986681991636 0.6565353569338468 0.4222548354439706 0.6585083162725744 0.42418051481763264 0.6680736322204236 0.427802309519986 0.6749828683440973 0.42848439686183226 0.6789471701955774 0.42771280415375407 0.6867290973879803 0.42239582574538537 0.6916424924258056 0.4167415718739644 0.6952186559645307 0.41192894004999137 0.6988896047948965 0.4036097613574882 0.7004637995230983 0.3940017721387156 0.698626890397157 0.38835725628072604 0.6945694324056151 0.38206079874385923 0.6887208287823733 0.3789411490282128 0.681852857579845 0.378046772070569 0.6755854770204739 0.3785910023313651 0.6657129234505818 0.3810781863949968
5 0.6326020915511286 0.5046254079710916 0.6298696096093369 0.500569296023712 0.626282819772841 0.4978892983711452 0.6226486372905244 0.4969625741528433 0.6156094786787396 0.498458339476857 0.6100603558012867 0.501345291927168 0.6004460180560384 0.5100513677725547 0.5926044427684652 0.5202035872521233 0.5906649914746293 0.5301811991946062 0.5934387383375662 0.5340250215261881 0.5966251344119577 0.5357459476997951 0.6031691139699972 0.5367976577653514 0.6113743166716256 0.5368504126755475 0.6170059693913692 0.5335388809936414 0.6246931112921315 0.5317284494538026 0.632739382033853 0.5310893790087212 0.6367510765311533 0.528564512866378 0.6387836839650511 0.5256549511688402 0.6398626996395076 0.5185944373396376 0.6390496566659485 0.5197582620186527 0.6348851579334162 0.520050318987251 0.6325469420290544 0.5184942623372988 0.6334028790753378 0.5065435509290113 0.6326020915511286 0.5046254079710916
5 0.5700712416581587 0.4232930810053933 0.5655353586353173 0.42549574451616906 0.5597676557027874 0.43252611268240254 0.5598256746463787 0.43826546872467753 0.563858621739221 0.4507258615354141 0.5663083769576692 0.4547270169749087 0.5703368254774154 0.45815379649063787 0.5763978814310594 0.45867101430882934 0.5853045877921603 0.4551148457504678 0.5893224100141355 0.45104899578965724 0.5909484959612538 0.448721346431627 0.5936307158357078 0.43492252140478904 0.5927535261938826 0.4318879738599968 0.5869935801376065 0.4268027610942878 0.5834831924187264 0.42523916802859335 0.5750839205607207 0.42316589356045 0.5700712416581587 0.4232930810053933
5 0.7325136100404793 0.3136495175718532 0.7277362652154402 0.3155849349589465 0.7210133413718902 0.3290389481069901 0.7258425774158457 0.33438387058063923 0.7312846595523079 0.33808543263579327 0.7347537823500425 0.33986131531728514 0.7387119564768476 0.3406307064276744 0.7590453988104389 0.3401769131557858 0.7668563354746375 0.3377296127685544 0.7735073557736676 0.33219280832864584 0.7776138355626084 0.32616139531777266 0.7783566041432265 0.3223401822334176 0.7748997367948418 0.31748233191499076 0.7679202262782269 0.31414285616780446 0.7543493435577524 0.3115049437893269 0.746750859223956 0.31134981227910324 0.7325136100404793 0.3136495175718532
5 0.4166265704937485 0.2828704850179168 0.41813948797520134 0.288672333983819 0.42498294827903005 0.29573064621533274 0.42885859256354425 0.29692461655731694 0.43245763784939006 0.2965226465729489 0.44618295395667557 0.2908187710116965 0.4568930613988263 0.2810038269951797 0.4595797798463764 0.27623861526334925 0.4608115997560648 0.2714109106078916 0.4556644997922955 0.26468233742368763 0.44716594406955307 0.25708199652906666 0.44073963155027507 0.25693440143458524 0.43114367697905137 0.26101752582456955 0.42692565787602377 0.2646038400459001 0.4166265704937485 0.2828704850179168
5 0.6036466139879828 0.30490330313206615 0.5965784459044022 0.3035293904349424 0.5939162383555519 0.3021306668929028 0.5875724556785646 0.30155849256682643 0.5832841621825959 0.30248741838281723 0.5737523542796384 0.31076891499660875 0.5725495438417456 0.31846629767320395 0.5747104446121758 0.32395348042328104 0.5781734396852356 0.32727034692324036 0.5906775621806034 0.3338868054939856 0.5981109868298182 0.3348910954673992 0.6070879675838601 0.3339923153143777 0.625795323970333 0.33586617140051944 0.6336413978310022 0.33474756521595805 0.640003563682014 0.3306967880866319 0.6423188978392551 0.32784218289697903 0.638498403076815 0.3127793581887873 0.6314898830884046 0.3065702044204637 0.6248695014127491 0.3044020897680348 0.6140020911622704 0.30295061131579926 0.6116928847297043 0.30426423268698466 0.6036466139879828 0.30490330313206615
5 0.8061581458158459 0.21252175634479115 0.8030236409603709 0.21808117003192679 0.8039939867422581 0.22818376782166397 0.8068380079981361 0.23468497855858578 0.8139229301041624 0.24201053691378208 0.8213914919498476 0.24434352108986576 0.8276650002338938 0.242258307010602 0.8318478821404508 0.23734329858660147 0.834371170054998 0.22285264820448608 0.8329820473369814 0.21641393039119144 0.8297192491449741 0.21357659963071202 0.8232226622327549 0.2107716161308907 0.8164372208725176 0.20945265994165188 0.8105350968787806 0.20962726747873792 0.8061581458158459 0.21252175634479115
5 0.4965266938857937 0.2959780779598151 0.49727845961260375 0.31022409146547475 0.5016889187204299 0.3192328939155665 0.5077315915000491 0.32437306318916026 0.5151605175761678 0.3163437398675665 0.5219292049139592 0.3117110503987329 0.5299235844367642 0.3037916400929091 0.5304951656081256 0.30236056929021154 0.5294177790852481 0.29884648600593927 0.527692409273393 0.29564706893749204 0.5241468843580425 0.2927547816691278 0.5090385732574154 0.29047895559861797 0.4980351127941505 0.2927463136307099 0.4965266938857937 0.2959780779598151
4 0.7535456866120259 0.28997859042292473 0.7487499586129621 0.2965369592654205 0.7457560025433694 0.30741114976323597 0.747198645631881 0.3105556103237982 0.7684856797249134 0.31425276918357437 0.7748172069525509 0.31790691114658576 0.7793224513520177 0.3234091667281474 0.7832806254788227 0.3241785578385367 0.7892362698430551 0.3207096930487182 0.7980559477887692 0.3085444904269442 0.7989989132504395 0.3052028130820691 0.7969556795187708 0.3006197453030669 0.7929333587236995 0.2956519819688702 0.7805117660706224 0.28861094416653 0.7727956146980646 0.28755169768523137 0.7582817665159196 0.288255462651629 0.7535456866120259 0.28997859042292473
3 0.48519357656002216 0.4116413697111085 0.48390210855516347 0.4213043154377661 0.47785617747238646 0.4373133403911219 0.4771424183635641 0.4440042314966145 0.47797058620799004 0.45936664958914675 0.48135105143875895 0.4631080953207011 0.486434004734262 0.46563829628109765 0.4999284853371206 0.46715980407270286 0.5046997024374849 0.46676537050407696 0.5085050723290581 0.4653019524407213 0.5173476320218928 0.45754741165855234 0.5230389328368066 0.4494006389054464 0.5296486882146911 0.44407612408133523 0.5354576560683665 0.43683346629930436 0.5375560393221093 0.427547679712099 0.5350895300812152 0.41759487861453204 0.5325572450204761 0.4140183024066326 0.5093507719592111 0.4051012069204617 0.4990014225095985 0.405512914918261 0.4894528605841951 0.40784276587398016 0.48519357656002216 0.4116413697111085
2 0.7555578192136633 0.19056896050144284 0.7512160053471992 0.194792143570166 0.7383601220054854 0.21564614760815318 0.7371634392922675 0.22180254646628078 0.7376279797226382 0.22695999016904814 0.7439823886973963 0.23502479397166448 0.7505141128060859 0.23915847167415588 0.7552792021817754 0.24030502192399736 0.7612638560178033 0.2397058351553163 0.7690396554855314 0.23592984056541497 0.7732638023132339 0.2308025425256169 0.7812871913078345 0.22575281024093052 0.7977282353344657 0.21815340096898517 0.8022289811608365 0.21462204325553952 0.8047093750026594 0.21091827960269643 0.806217793911016 0.20768651527359122 0.8049937308775815 0.20039863899710655 0.7990458433896028 0.19175192285498274 0.7837557185819481 0.18437360958959048 0.775680438368431 0.18214300201353434 0.7684823477967393 0.1829469419822706 0.7555578192136633 0.19056896050144284