5 0.48244193795848866 0.046689908038882066 0.4960627844953132 0.04431361916242586 0.49995773040807145 0.041288174403215194 0.5034266981277553 0.03373206482123203 0.501329177186472 0.02048883880114145 0.5018180964911791 0.012528887635604669 0.4978188274083341 0 0.4637299484481593 0 0.4656377191314358 0.0068734429637626 0.46938205556872614 0.013943953566877543 0.47349561090050835 0.04175706413464812 0.47889294464685583 0.04637617847436086 0.48244193795848866 0.046689908038882066
5 0.5709099474708543 0.051070484427533105 0.5751832160088263 0.05411596343836349 0.5782585755595241 0.05143928712738033 0.5805896534858956 0.04406340158346182 0.5849520513465383 0.04030704354618235 0.5900863800013807 0.037742176007943495 0.6027199462203608 0.025450155807226427 0.6052063544764152 0.020896131728649615 0.6046312277667084 0.0172649245941086 0.6015635109878967 0.014466422384571142 0.5969581144337361 0.013006258330525355 0.5930569867079274 0.012310383936162595 0.5867647618617854 0.013088015725839952 0.5796052950857226 0.0157546749110133 0.5669455406557045 0.022357916171530868 0.5621156908471775 0.026845187486879585 0.5591279996603148 0.031916524423846494 0.5531264290755514 0.03637041935758108 0.555000957721304 0.04636458307297229 0.5665490105690473 0.04563034479071888 0.5691969309678353 0.047619501331056927 0.5709099474708543 0.051070484427533105
5 0.8201455790399832 0.11494395471268377 0.8236069039877808 0.1128630236512211 0.826337771896189 0.10432902398987584 0.8263668820248979 0.09162480758188743 0.8256564313834955 0.08713919876863097 0.8241802317609439 0.08518341860990701 0.8135670828089692 0.08445583033602233 0.8112913032223446 0.08481627841215192 0.8070103919124865 0.08724597792184205 0.8018145831048468 0.0931049637742964 0.7964081456277774 0.10315752562919803 0.7940432367184819 0.11031981075343764 0.7940217693616592 0.1175488486409054 0.8001033655383715 0.12096479285367531 0.8044719452120648 0.12092975396996897 0.8129046257131357 0.11893727242544654 0.8167319096600462 0.1154846268268781 0.8201455790399832 0.11494395471268377
5 0.831058038958347 0.23539455715995197 0.835020646836953 0.23279631324009906 0.8407453877452744 0.22291229579536015 0.8418094337596882 0.21858355176436425 0.8414787667023352 0.2109723690470549 0.838060376468183 0.19859522433358207 0.8346543498601322 0.19366071792725575 0.831823449961788 0.19235741865547054 0.8234384250285777 0.19280964125272462 0.8187038863557715 0.19421639467353663 0.8115305949947722 0.19863691322565713 0.8080216144791136 0.2022581032343882 0.805386057706427 0.2077115850011967 0.8028105201277018 0.2190674461278836 0.8030396942362831 0.22603782758615631 0.8070885095198888 0.2350307419663812 0.8097025989357528 0.2368062980870405 0.811544757557417 0.2373903637086588 0.8248673070609767 0.23681299020866606 0.831058038958347 0.23539455715995197
5 0.8987610207015972 0.23386772456919128 0.9049808627276766 0.21974507511248884 0.9043719050350459 0.215900267558269 0.9027465568958618 0.21484394508777677 0.8923163874434434 0.21343049954533924 0.8839175379252966 0.21563658150954068 0.8759108356173 0.22215972787683583 0.8636847021522425 0.22781845543960552 0.8595252901891435 0.2328564159949585 0.8566590983490396 0.24053601397758823 0.8584459586309571 0.24813551706699552 0.8638432923773047 0.25275463140670834 0.8666065303098012 0.2536307298391359 0.8806271668286623 0.25009632684525285 0.889873251878743 0.2440337576989295 0.8987610207015972 0.23386772456919128
5 0.8794619658431845 0.29429157946716106 0.8909361749120297 0.2894088211919764 0.9028854787006451 0.27831997111820234 0.9072340519763509 0.27631747244786997 0.909354501233293 0.2731351629063988 0.9128987736907105 0.26053107564325273 0.9077044258419067 0.25719356382161307 0.8993808810614935 0.2543516681046517 0.8958657187327846 0.25425153895980945 0.884805124230913 0.25622232375061993 0.8656025034893489 0.26386185323001 0.8522923176118903 0.2718818650371496 0.8487018505454473 0.27682971357347 0.8459848072219758 0.2836098538678682 0.8461939749325701 0.28861277553951475 0.8473518711238697 0.29040001128807613 0.8507717223168573 0.29358065832745506 0.8545575325089576 0.29538959082972843 0.8629625638401552 0.29690482801910034 0.8794619658431845 0.29429157946716106
5 0.6703868510184324 0.12311733784487262 0.6764713691128159 0.1081402867094547 0.6776307262629511 0.10073102478392215 0.6757423730322618 0.09249072043547821 0.6692609868735129 0.09023289034013512 0.6647094277002635 0.0909537864923943 0.658017412872085 0.09288953239949849 0.649354097303597 0.09710813015984217 0.64491021289217 0.10219114672471123 0.6405539968445778 0.10966882391556428 0.6328455915698459 0.11439305490639598 0.6308742908295366 0.11667590675963546 0.6282310912849635 0.12760456704696463 0.6283187596487986 0.12999922767294853 0.6328765006350987 0.13299965067426273 0.6475737568124382 0.1337372560739572 0.6557557958481051 0.13200343095862985 0.6678127743985429 0.1252767012974656 0.6703868510184324 0.12311733784487262
4 0.4749549549724491 0.23508543608239693 0.4804075870585434 0.23268911295432088 0.4839442167440752 0.22556020421169531 0.48530655979175397 0.21943254480423602 0.4849144125816035 0.2151154804011422 0.47970770110669836 0.204335330272356 0.4719269130119037 0.1957145435961627 0.4689945201647877 0.1937704430653408 0.46129375766194186 0.19301949553565195 0.45303023207549054 0.19607997917856893 0.4439933147360038 0.2071454699965388 0.44182520991120133 0.2118680384852784 0.44307695627938665 0.21977125401339698 0.44738259484144693 0.2322268311180001 0.44909561134446596 0.2356778142144762 0.4514252283120019 0.23749842634465163 0.4615370943331681 0.23874332747692645 0.4749549549724491 0.23508543608239693
4 0.781898142778498 0.2453703070125588 0.7876490718978573 0.24117506850801926 0.7895803598421922 0.23495729708152752 0.7843474601562492 0.21848836801254187 0.7808199342014392 0.21094560056055287 0.7739664072305272 0.20633816584874215 0.7638683657942977 0.20333940534952016 0.7570071960514995 0.20420714915822993 0.7503828431891689 0.20657009590469183 0.7470906731559908 0.20971902906454892 0.7453223583132249 0.21328348343586173 0.7452394108036049 0.2238066396375451 0.7476675988022412 0.244661048374945 0.749780405287297 0.24695391735399438 0.7538506879277252 0.24871779384675152 0.7608333570172825 0.2504583110837044 0.7685817750879889 0.2496689996661249 0.781898142778498 0.2453703070125588
4 0.7558532357109956 0.3055488476113277 0.7594498845904891 0.30432231822858047 0.7685129901410135 0.29894560635080997 0.7714668503449523 0.29366066899416415 0.7735472868059198 0.28654343987944075 0.7729383291132891 0.28269863232522097 0.7699997544531224 0.2770332126408257 0.7640134694121314 0.27053675053351905 0.7605459626512832 0.2688963624414085 0.7497698405977397 0.2708220912227028 0.7431454877354089 0.2731850379691647 0.7372930656672778 0.2767394752146676 0.7329983297724832 0.2809230340913049 0.7257712010305725 0.28316249243712044 0.7246533176352472 0.2853101762618113 0.7245718310844628 0.28663683478940083 0.7326232670426489 0.29696642482302515 0.7384742281519442 0.30260848525161615 0.7438515555003046 0.3052601398047029 0.7515184870202264 0.3057974869147129 0.7558532357109956 0.3055488476113277
4 0.29457290737739156 0.7716393783971348 0.3017047249835811 0.7724804379458561 0.3127514949005161 0.7722635125219928 0.31930818579699893 0.769473364936173 0.3211241562076254 0.7643686516175919 0.320455179321033 0.7546214647034937 0.3153637853798364 0.742728256466797 0.3130017983882121 0.7314975462428487 0.3101847230748046 0.7284403876041162 0.30340503988279094 0.7279814728852365 0.2956427972271479 0.7305246436697633 0.29052847497029277 0.7350569709946282 0.2870595072506089 0.7426130805766114 0.28451780065480775 0.7541825421229772 0.2794973285748382 0.7648308492273992 0.28064140018120115 0.7683719443429078 0.28463019627084496 0.7714624793632543 0.28884962742790576 0.7723268981677799 0.29457290737739156 0.7716393783971348
4 0.39261654601606366 0.8272723758808148 0.4054992927416124 0.8239181969249966 0.4125372601709163 0.8186432766941605 0.41415642649704976 0.8159782800110795 0.41393343420151896 0.8127292177063801 0.411197845438896 0.8083454005400581 0.40397835946887134 0.805109680365353 0.39199050384311696 0.803067113191781 0.371522312148431 0.8045572865099999 0.36369240752694004 0.8066732564551687 0.36026491356206625 0.8089677879363103 0.35891639509932427 0.8133415879768224 0.35901024527620984 0.8194575677563798 0.3605941196605838 0.8257754683277136 0.36867938660169386 0.836318658781017 0.3754052324127962 0.8345965132935914 0.38182659937758334 0.8309519640290564 0.39261654601606366 0.8272723758808148
4 0.3306851757455759 0.90758604945356 0.3376292929979942 0.8961951494431668 0.3376231111849436 0.8924738302895934 0.3355379538697614 0.8866732425766497 0.3304450989697291 0.8839765320140467 0.3221415605873032 0.8831020960837114 0.31218502489582 0.8846790564167781 0.30584514448181743 0.8869969471537239 0.29788609774168134 0.8919798345737509 0.29330688939855853 0.8962084494599043 0.29040068476248027 0.8999531278692819 0.2870332099915681 0.9081500387103016 0.2880281330812987 0.9125905915140422 0.295504442329778 0.9192889744131254 0.30061112181474703 0.920231825608781 0.3119223577820228 0.9180023843887755 0.32033503188510665 0.9140424430576269 0.3306851757455759 0.90758604945356
2 0.26519289556306536 0.8494249279306965 0.27361939425108583 0.8437111272326006 0.2769930508350485 0.8392355355451542 0.2785045423993596 0.8322084184494629 0.27736047079299675 0.8286673233339545 0.2708929092191846 0.8246556338716641 0.26720241016280555 0.8197661834748541 0.26351809291947703 0.8185980522316175 0.25943398569411186 0.8185880351058076 0.24740465631354747 0.8218070460330772 0.23834155076302302 0.8271837579108479 0.233477869971572 0.8314574288065174 0.231262109578909 0.8377202562425253 0.23269683544665049 0.8449376145020911 0.2386692959027049 0.8531879359763449 0.2415340267839731 0.854704835667809 0.24864583799217538 0.8535784354299041 0.25450444187335686 0.8537453173379745 0.26519289556306536 0.8494249279306965
2 0.7887667263634773 0.02729433775948955 0.7981957909131143 0.020545911344613543 0.8024228648420613 0.01593515162861827 0.8050245906318242 0.010268069442130833 0.806864435269015 0 0.7520188728300948 0 0.7507671186977279 0.0046292919044674365 0.7524986806398988 0.019244232461663735 0.7538257317458179 0.022099470308619383 0.7578483588183859 0.025403605748644864 0.7634763276321503 0.02779660387253662 0.782677487414879 0.029353572067240208 0.7887667263634773 0.02729433775948955
2 0.8316131592700664 0.23705830450786677 0.823031330252363 0.23995024374062096 0.8203757670816889 0.24343626572080349 0.8215198386880518 0.246977360836312 0.8241339281039158 0.24875291695697124 0.8271478075018163 0.24937035896020374 0.8346117531241946 0.24862610355214043 0.836650715830352 0.24677045253825866 0.8407486476406536 0.2450266102971213 0.8528194507760283 0.23654602126900995 0.8632310747892946 0.22679550935072737 0.8652838620803888 0.2231859989698984 0.866091084816348 0.21539459221452434 0.8680085481757465 0.21093068015497982 0.8699336543070306 0.2009915895749148 0.8689725622002239 0.19676463719085344 0.8652344075759846 0.1934154457413117 0.8569446937784951 0.19078715044402914 0.8504833140177336 0.1904967801353122 0.8397748539300378 0.19284970975596427 0.8380880256380564 0.19508750559968754 0.8418709139124856 0.21528943345014867 0.8417956091747516 0.22033741113131153 0.8396136797650126 0.2268138389869983 0.8358878887668739 0.23090728584460324 0.8355419361657486 0.23424646016833503 0.8316131592700664 0.23705830450786677