2 0.9588687734770576 0.6608677526604175 0.9636699337546363 0.6615583728301726 0.9706858960614999 0.6598820710182964 0.9743940193640961 0.6576910345668571 0.979357335820438 0.649349495815591 0.9827897773318283 0.6406190940788971 0.9872777021465604 0.6345573715081614 0.9874902180866847 0.6307867131409777 0.9831812360378362 0.6295701103086377 0.9726488992839801 0.6312076462674788 0.9629635103907415 0.6359898301788067 0.9596892445607145 0.638982762575135 0.9539580680844368 0.6413109187037312 0.9483810867921221 0.6411962950726169 0.9457364077876681 0.639466631528704 0.9421784991716351 0.6425095778010882 0.9447233232508874 0.6486488320778937 0.9468550569420909 0.6524453343471008 0.9524823979957665 0.6578214585320523 0.9588687734770576 0.6608677526604175
2 0.7173428708871421 0.7772406105660867 0.7266447620691728 0.7769180312637073 0.7430209363142289 0.7735912715419785 0.7503037548199784 0.7701111223361007 0.7555299469778055 0.7632604257714879 0.7547828540423901 0.7557061870861087 0.7501774231178155 0.7494910750312238 0.7426564764925013 0.7466448364070833 0.7346848858074977 0.7412428683201083 0.718525207999966 0.7375042800939979 0.7091482094746536 0.7374009044859049 0.7012565712278517 0.7440627935693143 0.6962764681843895 0.7506504988026345 0.6967982390899603 0.7569268727565968 0.7028890302930454 0.7699072495029841 0.7121454068086354 0.7759610719066791 0.7173428708871421 0.7772406105660867
2 0.5025996697012955 0.8050040685433851 0.5097826332818429 0.8059335100703997 0.5196222173590448 0.7987085463993612 0.523484535845604 0.7940747301882112 0.5248691766013923 0.7903169937720389 0.5222492451788585 0.783751784584761 0.5179234765428898 0.7807813482344754 0.5151869036080337 0.7768718962621444 0.5105262678271777 0.7537573813935105 0.5069179994497837 0.7515388271120573 0.50088639360038 0.752163163598764 0.49437939610936643 0.755067316266001 0.489040542936617 0.7612790804649052 0.48757283384274686 0.7712002411319157 0.4918163987381541 0.7952666935736067 0.4939481324293579 0.7990631958428139 0.49846166942353054 0.8030985194692803 0.5025996697012955 0.8050040685433851
2 0.5844293165676945 0.768176177540337 0.6019904217181349 0.769910862868221 0.6163978830482705 0.7686880337968309 0.6218078630669015 0.7661969140890547 0.6268798600407656 0.7617889972841525 0.6290818559803306 0.7543735522039202 0.6272337650751327 0.750527036058657 0.6285265119005191 0.7445895112140665 0.627491795681698 0.7403799759853987 0.6202584723397895 0.7341890339045467 0.6164792221913119 0.7326594258648583 0.6099386515260578 0.7320559114962039 0.6044367775770249 0.732367242775562 0.5948680301961085 0.7344936694719433 0.5807442116519786 0.7356664846672769 0.567901198441035 0.7407858437599865 0.5615819693082255 0.7447548837034046 0.5639142774473533 0.7546647963473939 0.5671766017851805 0.7615559326930319 0.5698212807896347 0.7632855962369446 0.5844293165676945 0.768176177540337
2 0.5442293996005094 0.7425442295889919 0.554836843697647 0.7413326485406233 0.5676255166498294 0.7342464784747318 0.5743657971654876 0.7260308113776013 0.5775561300599131 0.7142687113915442 0.5760332161097617 0.7072904692448058 0.5682741413648824 0.6981178427906469 0.5604487848690418 0.6968624741052724 0.5432424493504888 0.6987984193924598 0.539742861490617 0.7005134870573707 0.535842989332417 0.7049343258132845 0.5344375814921082 0.7102329182921665 0.533941422765978 0.7140535905354064 0.5353101415321662 0.7234746124418555 0.5339734379902787 0.7266748982819092 0.5275647374745274 0.734283100926865 0.5268432567185526 0.7368259084386879 0.5276358643204089 0.7380037454179927 0.5304683116830669 0.7407982962380867 0.5371590970348843 0.742253720427686 0.5442293996005094 0.7425442295889919
2 0.4277960345658389 0.5814660508015503 0.44137333462247746 0.5788524072956193 0.444760261467427 0.5764984072649998 0.4482678103220989 0.5681939604387781 0.4567890353944736 0.5568094754151278 0.4616268847461729 0.542780481199552 0.4614095237111283 0.534913237306824 0.4593736644477266 0.5300018338853797 0.4546348054237092 0.524688645527496 0.44849451905678317 0.5213793600678385 0.4428048767495464 0.5206258040710157 0.42735473820578945 0.5242284770750483 0.42096040172969823 0.527771562107994 0.41772368957131184 0.5309774719595584 0.41209721311515646 0.5405339396151738 0.4106542516032069 0.5456195546388195 0.4115643653149056 0.5590742262437449 0.4086241020322453 0.5672786453178542 0.40986337319639077 0.5743069013406489 0.41159880308666646 0.5775144851202036 0.4139222856334742 0.5790811850849364 0.42004578541327986 0.580636637026648 0.4277960345658389 0.5814660508015503
2 0.42772440235667536 0.2808474030170249 0.4358669748127624 0.285560424862235 0.4458488125817272 0.2857767501734519 0.46889015999916 0.27380836844412026 0.4709627083366824 0.26400015748023353 0.4689436356604011 0.2608425875767351 0.4626323675223915 0.25822224835884244 0.4608633644578751 0.2515069975433962 0.45765538037880926 0.24658267217094032 0.44994666539529116 0.24267154627061882 0.4390595590095476 0.24063845161438824 0.4311551146730254 0.24225181759919648 0.421678261222511 0.24655803272399596 0.4181954599497595 0.2500269339068527 0.41569303463706825 0.2557385593451952 0.41788793417935344 0.2698450852668409 0.4196193835722289 0.27634735862705095 0.4224893846065278 0.2793548869023811 0.42772440235667536 0.2808474030170249
3 0.5611661222545351 0.47867400166419827 0.5643445136567602 0.47679597042010735 0.5678856356856729 0.4719991906297773 0.5671385427502575 0.46444495194439783 0.5610437710497724 0.4547592647786661 0.5531265206235298 0.4513241076648731 0.5422769679094273 0.4495039904638789 0.5385520580197107 0.44994119339737243 0.5358658448462157 0.4512932419788787 0.5292422058428798 0.45685315186106257 0.5272695124305593 0.4622517720920566 0.5230652304018332 0.4682634807867362 0.5227232668596661 0.46964137327026567 0.524083160033534 0.47071918249745826 0.5390291788563608 0.47752656089797646 0.5515973748736187 0.4808004283605795 0.5611661222545351 0.47867400166419827
4 0.7373958465629132 0.7350552740952372 0.7403824891095345 0.7354070451556206 0.759557537543008 0.7313671692180942 0.7681794821381049 0.7305056853021187 0.7756876226736991 0.7283034008276579 0.7816856553488621 0.7241713973050596 0.7823943300151165 0.7165800666946358 0.7760534692002665 0.7071573708601964 0.7702343792909868 0.704011048979719 0.7590843972037581 0.700487112136835 0.7522977374241389 0.7001465890994728 0.7378695090094828 0.7029102742335724 0.73140404568751 0.7027327147753903 0.7255314801169896 0.7125521737622983 0.7252606434207041 0.7176507107369556 0.7266333426842922 0.7237770430627493 0.7281977908034845 0.7276735730840688 0.7326154533698552 0.7328237978627725 0.7373958465629132 0.7350552740952372
4 0.6392045607362189 0.8101236315997496 0.6510424504051817 0.8075970938949192 0.6588382142241818 0.8020501059637469 0.6622083544820108 0.7979422724151816 0.665828564351605 0.7902767579546689 0.665436241048077 0.7863931498843609 0.6572936685919897 0.7816801280391508 0.6438913308038348 0.7803101357226618 0.6403789368542426 0.7769766802889716 0.6377757920188293 0.7721653046196396 0.6341843102285555 0.7717005838561323 0.6274480102102973 0.7766215613726074 0.6235649246392176 0.7827962336464669 0.6223848388287536 0.7893726908567661 0.6235578282419377 0.8043182046483448 0.6261817401618716 0.8075887242549674 0.6324554546282404 0.8099960860176237 0.6392045607362189 0.8101236315997496
4 0.597511322495723 0.784315798118213 0.6042811956882219 0.7829024876376293 0.6241984919621906 0.7747789481255707 0.6253745972752547 0.771497180495927 0.6289325058912877 0.7684542342235426 0.6308093248758062 0.7641705151447857 0.6280312177719092 0.7633427752978738 0.6199350245797831 0.7671859435871563 0.614620918988954 0.7685621621426955 0.5951662082668748 0.7693573623756226 0.5877747092436032 0.7689038896351365 0.5856725682292401 0.7719097439824762 0.5864028745775351 0.7777101491499099 0.5897818404276844 0.7819455282806012 0.5942410371630958 0.7840140409338859 0.597511322495723 0.784315798118213
4 0.525436462173404 0.7902169660199265 0.5345801776740717 0.7956318560579131 0.544486908099755 0.7954222264586577 0.5501222101482306 0.7942089714822986 0.552770869650085 0.7926439454455562 0.5576966324347861 0.7840894292390537 0.5616667668413473 0.7684566431337005 0.5651911022831396 0.7619060298254248 0.5622539549003593 0.7518831674783117 0.559763471079868 0.7477107241746881 0.5553250414289771 0.7441013554586939 0.5484257206344354 0.7431219000556231 0.539974757810422 0.7432944377298341 0.5306560800412707 0.7418631835142678 0.5270230640819562 0.7444801748761796 0.5204034055760205 0.7467453951777081 0.5151060865723117 0.749875447251193 0.5117734999861234 0.7541962582549944 0.5116904316480417 0.7603596825058327 0.5145652777772609 0.7750051130410747 0.5170557615977519 0.7791775563446982 0.5199089760449306 0.7804312511020823 0.525436462173404 0.7902169660199265
4 0.43901782847935034 0.7446259297025446 0.45108502067555784 0.7400825671484761 0.4638113923741791 0.7376189652707132 0.4697886579648217 0.7350278178108247 0.47601599316722937 0.7288789894389884 0.4784600977237595 0.7244952426081191 0.47746293517657906 0.7204986848346875 0.47451782679899857 0.7170652016488849 0.47080883889888253 0.7043236462597572 0.4671462302627273 0.7001382810051221 0.45506623197679935 0.6996331204605895 0.4450636271233141 0.7009576512120821 0.43531991747391424 0.7070677137308836 0.4308527597437025 0.7115885802389096 0.4256225870884752 0.7217339663841775 0.41786437694111606 0.7274939317705861 0.41343477288254527 0.7322277757338482 0.41463649037504996 0.7390430543014068 0.41701431318061877 0.7425765652393215 0.42113154637386324 0.7460229703761356 0.43221040161521057 0.745826262727892 0.43901782847935034 0.7446259297025446
4 0.49908122356906254 0.6971424702257247 0.5042826681449692 0.6951273193044769 0.5097341823326411 0.6895544874712813 0.5188730527383886 0.683331475249356 0.5214673719814817 0.6797996382394318 0.5221552795632158 0.6737491636917172 0.5195393286380822 0.6638892649237841 0.5153094344299152 0.6598039274212614 0.508034576918966 0.6566946974658286 0.5019654173979214 0.6571060564972989 0.49373977660375257 0.6585564589029271 0.4846592269541664 0.6634515925173791 0.481326640367978 0.6677724035211805 0.4777943439313856 0.6809123959907672 0.4751792576037719 0.685985089063401 0.4755300467382593 0.6929504092591281 0.4770026009270495 0.6946671508520293 0.48168711969230554 0.6980135282367311 0.4874894230144647 0.6994060165992627 0.49908122356906254 0.6971424702257247
4 0.5210146562365517 0.5694210763119717 0.5273338853693613 0.5654520363685536 0.533460501049047 0.5487802068890426 0.5328971959744354 0.5455855450604996 0.530348391397783 0.5427409803643496 0.5265315875776647 0.540998394869425 0.5233364095883191 0.5411225925955702 0.5153944115801562 0.5425229811251422 0.5121784665062903 0.5441880349139969 0.5110231282777467 0.545928946480931 0.5106396305665387 0.5503885510898797 0.5074404720797931 0.5538074383966801 0.5053175639809095 0.5583541488067294 0.502318979942088 0.5678864464883122 0.5029030521012201 0.5695402522541457 0.5050179992053035 0.5715829210054071 0.5086094809955772 0.5720476417689143 0.5210146562365517 0.5694210763119717
4 0.7842656356683513 0.18482008755266266 0.7937257025317452 0.17876003890991748 0.79980282304759 0.17175930071713638 0.8089792471249784 0.1657492659504473 0.8152273494119063 0.15805958151590144 0.815702741053516 0.15577976533537102 0.8100122341487591 0.1400936174979809 0.8077470723581129 0.1371990389257748 0.8040053758812759 0.13588240834132265 0.7931726097542936 0.13581612465827403 0.7808593284437209 0.14062247854363488 0.7773014198276881 0.14366542481601918 0.7681921420987812 0.15669079365449137 0.7664991109750664 0.16533408959008483 0.7678846163283749 0.17650894501447958 0.7721312971236622 0.18234811603494822 0.7776291905752952 0.1853314743362454 0.7842656356683513 0.18482008755266266
4 0.4931737316075367 0.03170060680645417 0.4972198379548997 0.03142636745214063 0.508248333434886 0.025968159250059485 0.5112014028072664 0.02281226327455137 0.510737952657857 0.015208010713115793 0.5069498769170592 0.005335189994170886 0.5024033801985249 0 0.4591155169947738 0 0.4577542078334097 0.008300135087574123 0.4595607645695667 0.015228363358256392 0.47353523302465367 0.028136230182544963 0.4785617153320768 0.030104715083717436 0.4931737316075367 0.03170060680645417
5 0.9902179654292208 0.6263529524340521 0.996666642164073 0.6247766783742884 0.9998825872379392 0.6231116245854337 1 0.6229628375464792 1 0.6051790313876013 0.9959937919744192 0.6027158027588142 0.9920811137264988 0.602088118416127 0.9887525076377104 0.603114239839273 0.978745922286825 0.6077334601714209 0.9719720685969261 0.6124414602326601 0.9688855711251028 0.6164992799051692 0.9698076263290016 0.6200698827681285 0.9731114848358695 0.6238793069883473 0.9812372707048365 0.6268384953156116 0.9902179654292208 0.6263529524340521
5 0.9563981921435667 0.6402218614535172 0.9659709200218833 0.6348007451764807 0.9669760435638638 0.6322079237886017 0.9719146124382851 0.6287019306807006 0.9726360931942597 0.6261591231688778 0.9702790374732115 0.6210847561682533 0.9666707690958175 0.6188662018868003 0.958311700202206 0.6212185279894293 0.9538277558848739 0.6239855609795096 0.95021550701008 0.625061696278712 0.9430700971011733 0.6243452322069335 0.9400794740571519 0.6272881507272056 0.9383904234308371 0.6326367570821435 0.9410894426940526 0.6363332315992383 0.9449605867729319 0.6400426280673448 0.9484186404637629 0.6414092725278531 0.9563981921435667 0.6402218614535172
5 0.8821543869486037 0.7200711984142787 0.8893205639420309 0.7192468064233475 0.8932204361002307 0.7148259676674338 0.8940002376123667 0.7109552815481377 0.8916263953041981 0.7041270810295674 0.8884351978122526 0.7009565891750572 0.8839008937335595 0.6984621216113002 0.8812769818136255 0.6951916020046778 0.878327892938645 0.6950528083995305 0.8687591455577289 0.6971792350959118 0.8639164511111094 0.6995703270515758 0.8623064883254765 0.7020501987363309 0.8646803306336451 0.7088783992549011 0.8703620119460819 0.7162213344130347 0.8742163694378409 0.7181768973631953 0.8821543869486037 0.7200711984142787
5 0.7881215259939941 0.7175466001466948 0.799375343503825 0.713366256676031 0.8070376792233821 0.7087211924418598 0.8156300311416386 0.7010573519093372 0.8168604767134637 0.6997423952528754 0.8148246174500618 0.694830991831431 0.8107657050129786 0.6900567080871436 0.8096351143663554 0.6869620740107127 0.8065565778893322 0.6844305145219112 0.8042123282580041 0.684404670619888 0.7991610983686603 0.6872717313620805 0.7844580527603189 0.6984286430514927 0.780520626930478 0.7026365043521702 0.7788898970603246 0.7066572320996348 0.7795866302343788 0.7089499702311768 0.7836415621740621 0.7170189435561198 0.7861360264919532 0.7178966972790879 0.7881215259939941 0.7175466001466948
5 0.3294753011371018 0.6541416424224084 0.3330499963402551 0.6528525296679699 0.3373086186277425 0.6488076319464724 0.33924375836842213 0.6431960342602421 0.33675725504533105 0.6357289013759633 0.3326400218520865 0.6322824962391491 0.3230041281226888 0.6273935888637473 0.3159545926415841 0.6255622236397317 0.31113266527948513 0.6264124595326861 0.3045306579581898 0.6453641051927275 0.3037508564460539 0.6492347913120238 0.3051443227941625 0.653820267575108 0.30942855726109036 0.6598724160508127 0.3183884849009543 0.660927729231963 0.3294753011371018 0.6541416424224084
5 0.32841410814131977 0.6249024691559709 0.3355091582888653 0.6203574326739121 0.3431379208341818 0.6122047014038492 0.3456778998185139 0.6067060534207428 0.3438505759978364 0.60131868121277 0.33654214531264637 0.5947017842214456 0.3309859311048523 0.5930463045276217 0.3252379680414544 0.5936206271382721 0.3199238624506253 0.5949968456938113 0.3157611145909399 0.5979268422630717 0.3117653680049379 0.6034625821712226 0.3079494287823397 0.6166525885168652 0.3086629485435144 0.6206991601663531 0.3179025384719841 0.6249991490521025 0.3224951633068383 0.6261657380083862 0.32841410814131977 0.6249024691559709
5 0.8517191430764953 0.1858825659186857 0.8565618375231147 0.18349147396302173 0.85828446132367 0.18165053464397535 0.8610161891636061 0.17392208435639459 0.85779539899482 0.16394923588533752 0.8521928055230648 0.153737566057021 0.8490183946182398 0.15232090772045653 0.8394664338244437 0.1562011679347836 0.8335602950796825 0.16251295988579995 0.8296436363343623 0.16517996512376792 0.8289221555783876 0.1677227726355907 0.8301446401554127 0.1729971951404398 0.8347500710799872 0.1792123071953246 0.8426465544217093 0.18418832037182703 0.8517191430764953 0.1858825659186857
5 0.8340524733084127 0.16198697722321534 0.8370055426807934 0.15883108124770712 0.8403213426798611 0.15275643672595982 0.840404411017943 0.1465930124751215 0.8387688360528693 0.13897583796267435 0.8350103529889121 0.13590537386027637 0.8316274066413628 0.13496468431024056 0.821645568872398 0.13474835899902377 0.8115263225065903 0.138728646965463 0.8121399873425629 0.14718480934784334 0.8149892212923413 0.15173319368588314 0.8170962074016248 0.1603652415984551 0.821004905152145 0.1642876155217979 0.8269781902453877 0.16499115764256467 0.8340524733084127 0.16198697722321534
5 0.4777325815291814 0.26258684699964996 0.48066090331964145 0.26426649666750673 0.4842523851099152 0.264731217431014 0.4915144365311443 0.26279192428784565 0.49669909451993066 0.2590229398486521 0.498771642857453 0.24921472888476554 0.5016120512149114 0.24541990054354876 0.5026379418414122 0.24128622309296016 0.501849314736956 0.23681369653299994 0.4920839734055157 0.22953202327394365 0.47832288548807333 0.22778608992303834 0.4681325122763841 0.22804573339834996 0.4651251026452424 0.2292348184006762 0.45980701655701334 0.23390572653687064 0.4578511097318132 0.24105818028581058 0.4587731649357122 0.2446287831487699 0.4651308123376827 0.2558053125011552 0.47474991947996015 0.2589403863586112 0.4777325815291814 0.26258684699964996
5 0.4583012316841829 0.30663896669156904 0.46308560537464116 0.3055757533433785 0.4664725322195906 0.3032217533127589 0.4692418137311674 0.2957062804804144 0.46740168382076963 0.2852703851738404 0.4594884138919272 0.2785405384793921 0.44595308030308944 0.28553876578018766 0.4383238854590129 0.2862252011299668 0.43646783355901475 0.28896806414601417 0.43969260422520107 0.29564622303641597 0.44443146324921834 0.3009594113942998 0.45264914304858694 0.30609838814998236 0.4583012316841829 0.30663896669156904
5 0.40173085016438215 0.3109042725624319 0.40649445677031987 0.31138191527695086 0.4151371684499372 0.30897957529826553 0.4190162735236167 0.30609959260506137 0.42505584036782074 0.29888587695704405 0.4274831583372305 0.292748296608229 0.4277707816206363 0.2894035931515176 0.42648997628745 0.285457049254142 0.42072920713433176 0.2809828487661913 0.4173630473739027 0.2817959927341012 0.41261224685768527 0.2863668731181834 0.40547964303849887 0.2906989321450062 0.4023595723924348 0.2912490847816237 0.3940628047523846 0.2889788426961241 0.39323264347888753 0.287588028261583 0.38957886043505263 0.29174587568620436 0.3895708994402525 0.29833525484751505 0.390814151101798 0.3020688212896545 0.39287077744972027 0.3054393686483893 0.3966668141853182 0.3087228102060233 0.40173085016438215 0.3109042725624319
5 0.4116654440718658 0.287631815898589 0.41830985015972216 0.2805310499536956 0.41895622357241535 0.27756228753140033 0.4165320215028855 0.2654725864589929 0.41475903794096913 0.26205202522420196 0.40945289334494017 0.25683886461843036 0.40586141155466643 0.2563741438549231 0.39901643101888606 0.2573614994250344 0.39080359631443756 0.26386042492926365 0.387750672016855 0.27142591163766433 0.3886687467233537 0.27829120408127905 0.3922147138471866 0.28513232655086085 0.39791716224414375 0.29093440564628487 0.4058008394961455 0.29086189572418625 0.4116654440718658 0.287631815898589