5 0.09351100403630726 0.5314160960038412 0.0984408791563132 0.5287234031223138 0.10270745045410612 0.5252306094309357 0.10881343412603775 0.5171954014544679 0.11015552249674043 0.5079212653488546 0.10796216030142278 0.5035852585381783 0.09988174588912845 0.4983458263597778 0.09635403568624638 0.4978467867920571 0.09265291302789645 0.4984532446713958 0.07867739830903964 0.5060108484142 0.07213416718009305 0.5153967382265093 0.07000057380474912 0.5254064274984696 0.07124419153978687 0.5289724396235079 0.07727431021257322 0.5339924581422612 0.08263369242645585 0.5353862522875499 0.09351100403630726 0.5314160960038412
5 0.12529786677214727 0.5417747775051233 0.12875776006546985 0.541628582279136 0.13937123667377418 0.5379036103842096 0.14500219425234212 0.5336150512780584 0.14860546172792188 0.5293221567768291 0.15177922210962508 0.520942775248784 0.15088242928552303 0.5151657682296269 0.14683478944268505 0.5097199285768131 0.1392668720336558 0.5066011729198923 0.13411094054845157 0.5071430831557268 0.12933187224739365 0.5085152003256255 0.12281898711810517 0.5126789995398465 0.11751968145064381 0.5173676090509232 0.11284590096904668 0.5252522864063258 0.11154159123469279 0.5321304554774642 0.11393097152199808 0.5355760431056504 0.1168706274489173 0.5387463402208413 0.1202475308328514 0.5405659555001907 0.12529786677214727 0.5417747775051233
5 0.1422573255116205 0.5626075046854618 0.14505391498273007 0.5616612086496237 0.155629920681133 0.5520689113629011 0.157710562420299 0.54706623442446 0.1575448903279695 0.5427345630088617 0.15517068304049325 0.5366779300816312 0.15284911966274747 0.5338775772471528 0.1486581056376523 0.5325784368695812 0.14073562295454917 0.5371078449694366 0.12902159506701694 0.5413833978903537 0.1268657037816007 0.5429147164714735 0.12780740015229491 0.5573851724460402 0.12922443034280034 0.5598456871240193 0.13202845245060066 0.5617255146517945 0.1422573255116205 0.5626075046854618
5 0.13531704017163687 0.3036966280948491 0.14264403594208636 0.2990123539788504 0.14841836770291145 0.29057709559745715 0.14913462316130244 0.286370184073789 0.14821522470068055 0.28037809879006265 0.14580323877685553 0.2767174328973072 0.143021822305575 0.27505268363410107 0.132265279241461 0.2746610623779985 0.124056355920291 0.2792205766020671 0.1191413460736666 0.2875655166108212 0.11856815707108528 0.29588902128551836 0.11963836235065517 0.300560530857616 0.1250051772012285 0.3047804485665183 0.12824644676604366 0.305309594258452 0.13531704017163687 0.3036966280948491
5 0.15598474647970328 0.33501231338573356 0.1650077804420343 0.3299323242598875 0.16589744835589312 0.32461991528915995 0.1643221787097489 0.3206538527591961 0.1506259797187157 0.3170919343879027 0.14408305631621668 0.31821453177394093 0.1407888351152236 0.32269239841552644 0.14228854748867006 0.3314503950144401 0.14549203841713637 0.3343755077408487 0.1490875655295779 0.33551978210227706 0.15598474647970328 0.33501231338573356
5 0.20985106716255686 0.3184780243083679 0.21347694027465644 0.314400208071708 0.21594218556110692 0.30479056920467323 0.21421610909601477 0.30214508238633797 0.2114346926247343 0.30048033312313194 0.197723320633872 0.29952946005088266 0.19874026655081645 0.3174712743827706 0.1998482504667352 0.3197468169203934 0.20284829066652313 0.3207362252656786 0.20685845959945973 0.3203147395266962 0.20985106716255686 0.3184780243083679
5 0.183068713640078 0.32542459313542216 0.19029754650130998 0.32531717482380407 0.19668223044817026 0.32268902958578105 0.19991606737629466 0.3203920517141012 0.1999841920123016 0.31277399408153783 0.19808501081818913 0.3029707122839909 0.19525095043717824 0.29804968292803286 0.1902836044072709 0.29487505041776385 0.1857609384710692 0.29317585963526677 0.1802281438017188 0.2928875629370373 0.17346659667071235 0.2946855012409965 0.17024019237927873 0.2998086026762897 0.17041329710829906 0.30696639765550143 0.17290053257837432 0.31409842190557824 0.17929234143547795 0.3225596926574396 0.183068713640078 0.32542459313542216
5 0.22573411889155942 0.298759948647911 0.22929960773079033 0.2968630211811567 0.23312149893487755 0.29189478576200667 0.2343805973961918 0.2845864601617297 0.23317475829750295 0.2786244810022164 0.2299034504594772 0.27505413348210006 0.22635313462007534 0.27434001564981014 0.22265201196172546 0.27494647352914886 0.2147295292786223 0.2794758816290043 0.21203079499028282 0.28410861428673295 0.21291241481455586 0.2924966666049342 0.21812842284618128 0.298037160025465 0.2205329761333156 0.29887170235460714 0.22573411889155942 0.298759948647911
4 0.11849761782544943 0.5707585601223706 0.12508575250098813 0.5700661192654708 0.12728685505944404 0.5689649572134894 0.12978957125579588 0.5652226437382508 0.1305284323507067 0.5612308104791519 0.12760394942361655 0.5554494680649168 0.1272651726022667 0.5439600016701068 0.12472498549601345 0.5418349897535493 0.12027013646937124 0.5407810337647599 0.11596609426167695 0.5384065020643419 0.11048625122850453 0.5331111930325934 0.11114955505071758 0.5339112938424444 0.10727501993689995 0.5356232491688424 0.10376217500739941 0.5407764567283488 0.10187724363377355 0.5531520069105709 0.10286445900395491 0.5597893269880049 0.10662565820872598 0.5652652727650317 0.11157039860211344 0.5682248270107314 0.11849761782544943 0.5707585601223706
4 0.20002140239770658 0.5280497536937252 0.21553440812635868 0.5268541795153598 0.2283338142932899 0.5246390908674963 0.23278123068324136 0.5228669232926721 0.23642970943186076 0.5190041853205815 0.2345831721474787 0.5124571836157864 0.2308671842157473 0.5074113943678982 0.22777672146988012 0.505561672964336 0.21536191885023342 0.5031697996836059 0.20868336162861545 0.5030019274822286 0.198273643475437 0.5003993113320072 0.18743411050193448 0.5019735005812411 0.1855646598545851 0.503474713038148 0.17868203645139377 0.5178977213081895 0.17992565418643144 0.5214637334332279 0.1831517507514176 0.5246039244242058 0.19014678688431302 0.5277828923295527 0.20002140239770658 0.5280497536937252
2 0.17373017114776296 0.5038487510726053 0.18175050901363615 0.5030057795946403 0.1994949633004023 0.4954869527662053 0.20436445414753962 0.49497514865458375 0.2050807096059306 0.4907682371309156 0.20212618840562985 0.48194569288849787 0.19942776184373784 0.4783151331199553 0.19545537154715015 0.47634065182446284 0.17746256298511337 0.4732303253163649 0.17382925723632298 0.47448201798941136 0.1637586236309419 0.4751055758077289 0.1557909296747991 0.47920482737844594 0.1537706722085018 0.4820266155469814 0.1527679761120439 0.48626363319486254 0.1538530466649953 0.49658738989418716 0.15710174886650127 0.49994265914973435 0.16641091574045178 0.5030958563259462 0.17373017114776296 0.5038487510726053
1 0.7940211722602755 0.1342176419667717 0.7961544579091717 0.13247124512108263 0.797247576551709 0.1290945405314785 0.7996899084751922 0.12753311582614552 0.8017854154877397 0.1281826860149314 0.8044386307765921 0.13138308925433537 0.8120743650951809 0.13514707970496395 0.8231173487973618 0.1355085948368535 0.8296828778363805 0.13460107571538443 0.834107688589812 0.13261382987599113 0.837703523428701 0.12549481181114847 0.8472920060304752 0.11752848687326281 0.8516493076007949 0.1066327138138905 0.8516570479639333 0.101195544951233 0.8498331163160711 0.09486362151100707 0.8461623396573792 0.09024798879225737 0.8323831507569575 0.0886518809263003 0.8129352256416189 0.09374029920096931 0.8082165416134295 0.09293152760096231 0.7978142560969419 0.09315503501435454 0.7909774594196851 0.09148161496099236 0.7866808498486818 0.09193320682418786 0.7834018016475177 0.0938000281667291 0.7764290634246946 0.09909943095222262 0.7759766429678507 0.10306115808710832 0.7778761318884105 0.1046011474583843 0.7940146628029272 0.10660164112434493 0.7947457835346996 0.10804697672790367 0.7934566468001747 0.11231410049999799 0.7883607918613917 0.11893841439219792 0.7863705726683052 0.12480140438891607 0.7856317115733942 0.12879323764801484 0.7863928705783775 0.13327977507975652 0.7886014057735239 0.13500473659138862 0.7917974640652997 0.13510372575418367 0.7940211722602755 0.1342176419667717
0 0.5233571616010301 0.573436583627169 0.5265231816195951 0.5704943709617815 0.525943175433218 0.5594651672203229 0.524593962152272 0.5576498873360518 0.5179380105671739 0.5576970933992438 0.5114402984377145 0.5592498473144205 0.507527984687548 0.5633577696752935 0.508063087327333 0.5656935244613424 0.512374562171718 0.5708941797253738 0.5193243870315738 0.5736429911015822 0.5233571616010301 0.573436583627169
0 0.5477962692885858 0.5386847064222537 0.5500125448468708 0.5349724990712282 0.5496734602990735 0.5317463251026893 0.5431382772597126 0.52743175362607 0.5359998669445601 0.5283994849959651 0.532456983741849 0.5305114907272885 0.5307457725501383 0.5335182510361803 0.5314391146455619 0.5373595536742141 0.5373788107722692 0.5415192591346901 0.5442759917223945 0.5410117904181466 0.5477962692885858 0.5386847064222537
0 0.5631290453779745 0.5192419212747922 0.5679911035884209 0.5159039935995571 0.5699209385086389 0.5122218923727446 0.5696044595973615 0.509210796668775 0.5650743610244691 0.5046854823226644 0.5608381357263342 0.5029561854159542 0.5502624377543788 0.5042851902764057 0.5480613351959229 0.5053863523283871 0.5465461420961998 0.5075026934547886 0.5477519811948887 0.513464672614302 0.5534956592296082 0.5185147972572681 0.5597595746307312 0.5202484295590563 0.5631290453779745 0.5192419212747922
0 0.8159951290652826 0.511365687217131 0.8190255152647288 0.5071330049643281 0.8170507767979185 0.5021216572357309 0.8114201269457979 0.4981469239156109 0.8083748754729705 0.4967273590411871 0.8054652578192618 0.49659826375417904 0.8012590707943377 0.4979101686756516 0.7967738757680374 0.5020783032849506 0.7953943164874332 0.5054851139987677 0.7962610710383247 0.5082209191897421 0.7992007269652438 0.511391216304933 0.8067234331012335 0.5140798154327154 0.8159951290652826 0.511365687217131
0 0.9020483967575371 0.4897087799871386 0.9065862356935679 0.4887969254705915 0.9156770865654584 0.48436217113845326 0.9180441689426913 0.47932938807579906 0.9173508268472677 0.4754880854377654 0.9156473560186953 0.47305767688399936 0.9105065975333201 0.47098854182078975 0.9033455815816478 0.4717411949261156 0.8994184025580996 0.47019687015976164 0.8965087849043911 0.4700677748727535 0.8932523423397466 0.47214967447986406 0.8903123786863801 0.47724266979094415 0.8897243244104173 0.4799139273384144 0.8907493184169475 0.48415528038137373 0.8930934874312131 0.4871707114804213 0.8970658777278008 0.4891451927759138 0.9020483967575371 0.4897087799871386
0 0.786176187612457 0.4866656450282907 0.7910682840961141 0.48636891918123837 0.7947015898449046 0.48511722650819183 0.797912821136509 0.48260517037194284 0.7993753703265016 0.47723254915278923 0.7949508672995175 0.47095650256591154 0.7844581592369506 0.4703196969210266 0.7810660828531875 0.47111112694072155 0.7762492359157804 0.4748792111450951 0.7766183587367885 0.4811465869418168 0.7790077390240937 0.48459217457000303 0.7808394110350942 0.4854869291475711 0.786176187612457 0.4866656450282907