5 0.7197580645161291 0.31076989619377166 0.7275345622119815 0.31293252595155713 0.7341589861751152 0.31358131487889274 0.7390552995391706 0.3118512110726644 0.7465437788018433 0.3040657439446367 0.747983870967742 0.30060553633217996 0.7476958525345623 0.2971453287197232 0.7456797235023042 0.29519896193771633 0.7410714285714286 0.29325259515570934 0.7341589861751152 0.29346885813148793 0.7223502304147466 0.29822664359861595 0.7194700460829494 0.3003892733564014 0.7183179723502304 0.30298442906574397 0.7180299539170507 0.30752595155709345 0.7197580645161291 0.31076989619377166
5 0.6949884792626728 0.3166089965397924 0.6993087557603687 0.317257785467128 0.7099654377880185 0.3166089965397924 0.7180299539170507 0.3081747404844291 0.717741935483871 0.3003892733564014 0.7134216589861752 0.2971453287197232 0.7085253456221199 0.2969290657439446 0.7030529953917051 0.2980103806228374 0.6952764976958525 0.30320069204152256 0.6932603686635945 0.30666089965397925 0.6932603686635945 0.3142301038062284 0.6949884792626728 0.3166089965397924
5 0.7151497695852534 0.2668685121107267 0.7194700460829494 0.2744377162629758 0.7235023041474655 0.2772491349480969 0.7272465437788018 0.2781141868512111 0.731278801843318 0.27703287197231835 0.7393433179723503 0.27249134948096887 0.7381912442396314 0.2655709342560554 0.7347350230414746 0.26167820069204156 0.7235023041474655 0.2601643598615917 0.7171658986175116 0.26211072664359863 0.7142857142857143 0.26448961937716264 0.7134216589861752 0.2655709342560554 0.7151497695852534 0.2668685121107267
5 0.5985023041474655 0.27487024221453293 0.6022465437788018 0.2787629757785467 0.606278801843318 0.2785467128027682 0.6088709677419355 0.27638408304498274 0.6105990783410139 0.2670847750865052 0.6149193548387097 0.2642733564013841 0.6154953917050692 0.26211072664359863 0.6097350230414746 0.25908304498269896 0.6036866359447004 0.2582179930795848 0.5973502304147466 0.2582179930795848 0.5953341013824885 0.2603806228373703 0.5950460829493088 0.2655709342560554 0.5985023041474655 0.27487024221453293
5 0.14660138248847926 0.3827854671280277 0.1529377880184332 0.38884083044982704 0.15725806451612906 0.3910034602076125 0.16676267281105991 0.3905709342560554 0.17569124423963134 0.38819204152249137 0.17914746543778803 0.38667820069204156 0.18289170506912442 0.38256920415224915 0.1849078341013825 0.3775951557093426 0.18404377880184333 0.3719723183391004 0.1788594470046083 0.36440311418685123 0.17540322580645162 0.3624567474048443 0.16561059907834103 0.361159169550173 0.1543778801843318 0.36224048442906576 0.15005760368663595 0.36440311418685123 0.14602534562211983 0.3698096885813149 0.14544930875576037 0.3791089965397924 0.14660138248847926 0.3827854671280277
5 0.10973502304147467 0.42149653979238755 0.11491935483870967 0.4262543252595156 0.12269585253456221 0.4288494809688582 0.13076036866359447 0.42949826989619383 0.13796082949308758 0.4271193771626298 0.14516129032258066 0.4225778546712803 0.1483294930875576 0.41825259515570934 0.14976958525345624 0.4108996539792388 0.14919354838709678 0.40938581314878897 0.13680875576036866 0.40051903114186854 0.12932027649769587 0.39922145328719727 0.11981566820276499 0.40116782006920415 0.11578341013824885 0.4031141868512111 0.11175115207373272 0.40743944636678203 0.1088709677419355 0.4152249134948097 0.10829493087557604 0.41825259515570934 0.10973502304147467 0.42149653979238755
5 0.058179723502304145 0.37781141868512114 0.06105990783410139 0.3799740484429066 0.07114055299539171 0.3832179930795848 0.08179723502304148 0.38343425605536335 0.08554147465437788 0.3819204152249135 0.09187788018433181 0.3814878892733564 0.0967741935483871 0.37867647058823534 0.09936635944700462 0.37391868512110726 0.09907834101382489 0.3704584775086505 0.09533410138248848 0.3613754325259516 0.09216589861751152 0.3585640138408305 0.0820852534562212 0.35575259515570934 0.06422811059907835 0.3596453287197232 0.058755760368663604 0.3624567474048443 0.055011520737327194 0.36634948096885817 0.0538594470046083 0.3698096885813149 0.058179723502304145 0.37781141868512114
5 0.04435483870967742 0.38343425605536335 0.046947004608294936 0.3868944636678201 0.05414746543778802 0.3914359861591696 0.07056451612903226 0.39359861591695505 0.08179723502304148 0.39273356401384085 0.0881336405529954 0.3907871972318339 0.09245391705069125 0.38711072664359863 0.09360599078341014 0.38256920415224915 0.09187788018433181 0.38019031141868515 0.08525345622119816 0.3830017301038063 0.08179723502304148 0.3821366782006921 0.07805299539170507 0.3830017301038063 0.0685483870967742 0.38256920415224915 0.06278801843317973 0.3808391003460208 0.05673963133640553 0.3767301038062284 0.05357142857142857 0.3682958477508651 0.04953917050691244 0.36851211072664364 0.04435483870967742 0.3730536332179931 0.043202764976958526 0.37608131487889274 0.04435483870967742 0.38343425605536335
5 0.8064516129032258 0.8336937716262977 0.8096198156682028 0.8365051903114187 0.8171082949308757 0.8399653979238755 0.8248847926267281 0.8399653979238755 0.8366935483870968 0.8384515570934257 0.8418778801843319 0.8334775086505191 0.8525345622119817 0.8278546712802768 0.8545506912442397 0.8246107266435987 0.8478686635944701 0.8204584775086505 0.836405529953917 0.8109861591695502 0.826036866359447 0.8092560553633218 0.8162442396313365 0.8090397923875432 0.8107718894009217 0.8103373702422146 0.8070276497695852 0.8135813148788928 0.8032834101382489 0.8213667820069205 0.8035714285714286 0.8278546712802768 0.8064516129032258 0.8336937716262977
5 0.7649769585253456 0.8786764705882353 0.7690092165898618 0.8814878892733565 0.7724654377880185 0.8821366782006921 0.7790898617511521 0.8853806228373703 0.7828341013824885 0.8853806228373703 0.7883064516129032 0.8836505190311419 0.7949308755760369 0.8801903114186851 0.8032834101382489 0.8695934256055364 0.8032834101382489 0.8661332179930797 0.7992511520737328 0.8574826989619379 0.798963133640553 0.848832179930796 0.7934907834101382 0.8423442906574395 0.7860023041474655 0.83780276816609 0.7707373271889402 0.8416955017301039 0.7661290322580645 0.8447231833910035 0.7635368663594471 0.849264705882353 0.7638248847926268 0.8767301038062284 0.7649769585253456 0.8786764705882353
5 0.829205069124424 0.8940311418685122 0.8341013824884793 0.8985726643598616 0.8418778801843319 0.9007352941176471 0.8459101382488481 0.9007352941176471 0.8539746543778802 0.8983564013840832 0.8597350230414748 0.8948961937716264 0.8657834101382489 0.8862456747404845 0.8675115207373272 0.8762975778546714 0.8649193548387097 0.8695934256055364 0.8582949308755762 0.8633217993079585 0.8453341013824884 0.8579152249134949 0.8418778801843319 0.8579152249134949 0.8332373271889401 0.8631055363321799 0.8315092165898618 0.8661332179930797 0.8263248847926267 0.8695934256055364 0.826036866359447 0.8713235294117648 0.8269009216589861 0.8901384083044983 0.829205069124424 0.8940311418685122
5 0.7917626728110599 0.9599913494809689 0.8001152073732719 0.9682093425605537 0.8073156682027649 0.9705882352941178 0.8150921658986177 0.9634515570934257 0.8136520737327189 0.9493944636678201 0.8087557603686637 0.9424740484429066 0.804147465437788 0.9381487889273357 0.8001152073732719 0.9368512110726644 0.7862903225806452 0.9457179930795849 0.7871543778801844 0.9535034602076126 0.7917626728110599 0.9599913494809689
5 0.6978686635944701 0.9472318339100347 0.6995967741935484 0.9502595155709344 0.7214861751152074 0.9517733564013842 0.7243663594470047 0.9517733564013842 0.7269585253456221 0.950475778546713 0.7278225806451613 0.9418252595155711 0.7266705069124424 0.935121107266436 0.7249423963133641 0.9312283737024222 0.7217741935483871 0.9286332179930797 0.7134216589861752 0.9256055363321799 0.7091013824884793 0.9253892733564015 0.7030529953917051 0.9277681660899655 0.6975806451612904 0.931877162629758 0.6967165898617511 0.9338235294117648 0.6964285714285714 0.9398788927335641 0.6978686635944701 0.9472318339100347
5 0.290610599078341 0.870242214532872 0.2963709677419355 0.872188581314879 0.3024193548387097 0.872188581314879 0.30817972350230416 0.8700259515570934 0.3145161290322581 0.8594290657439447 0.3122119815668203 0.8557525951557095 0.3087557603686636 0.8533737024221454 0.3027073732718894 0.8514273356401384 0.2891705069124424 0.8507785467128028 0.28513824884792627 0.8520761245674742 0.2831221198156682 0.8551038062283738 0.2836981566820277 0.8626730103806229 0.290610599078341 0.870242214532872
5 0.3228686635944701 0.8592128027681663 0.32805299539170507 0.8624567474048443 0.3346774193548387 0.8637543252595157 0.33842165898617516 0.8631055363321799 0.3418778801843318 0.8594290657439447 0.3424539170506912 0.855968858131488 0.34706221198156684 0.8473183391003462 0.3557027649769585 0.8429930795847751 0.3557027649769585 0.8352076124567475 0.3516705069124424 0.8323961937716264 0.3487903225806452 0.8341262975778548 0.34763824884792627 0.8360726643598616 0.342741935483871 0.83780276816609 0.33986175115207373 0.8343425605536332 0.33496543778801846 0.8328287197231834 0.32805299539170507 0.833044982698962 0.32142857142857145 0.8341262975778548 0.3185483870967742 0.8375865051903115 0.3182603686635945 0.8408304498269897 0.3228686635944701 0.8592128027681663
5 0.07805299539170507 0.8791089965397925 0.08986175115207373 0.8838667820069205 0.09504608294930876 0.8830017301038063 0.09936635944700462 0.8806228373702423 0.10599078341013826 0.8732698961937716 0.1054147465437788 0.8698096885813149 0.10224654377880185 0.8639705882352942 0.09619815668202766 0.8609429065743945 0.09216589861751152 0.8600778546712803 0.08611751152073734 0.8607266435986161 0.08093317972350231 0.8628892733564015 0.0771889400921659 0.8661332179930797 0.07517281105990783 0.8706747404844292 0.07603686635944701 0.87651384083045 0.07805299539170507 0.8791089965397925
4 0.6097350230414746 0.2787629757785467 0.6169354838709677 0.28308823529411764 0.6209677419354839 0.28395328719723184 0.626152073732719 0.2837370242214533 0.6310483870967742 0.2822231833910035 0.6339285714285714 0.28027681660899656 0.6345046082949308 0.27941176470588236 0.6330645161290323 0.2766003460207613 0.6252880184331797 0.27314013840830453 0.6163594470046083 0.26470588235294124 0.6126152073732719 0.26448961937716264 0.6103110599078342 0.26535467128027684 0.6082949308755761 0.2688148788927336 0.6080069124423964 0.27378892733564014 0.6097350230414746 0.2787629757785467
4 0.5532834101382489 0.31141868512110726 0.5711405529953917 0.307742214532872 0.5745967741935484 0.30601211072664364 0.5766129032258065 0.30363321799307963 0.5757488479262672 0.29584775086505194 0.570852534562212 0.29217128027681666 0.566820276497696 0.29173875432525953 0.5639400921658987 0.29260380622837373 0.5564516129032258 0.2977941176470588 0.5506912442396313 0.30666089965397925 0.5504032258064516 0.3105536332179931 0.5532834101382489 0.31141868512110726
4 0.508352534562212 0.30666089965397925 0.511520737327189 0.3079584775086505 0.5195852534562212 0.3088235294117647 0.5224654377880185 0.310121107266436 0.5259216589861752 0.3090397923875433 0.5288018433179723 0.30384948096885817 0.5288018433179723 0.2999567474048443 0.5264976958525346 0.29455017301038067 0.5230414746543779 0.29108996539792387 0.5155529953917051 0.2893598615916955 0.5120967741935484 0.2906574394463668 0.508352534562212 0.29303633217993086 0.5060483870967742 0.29822664359861595 0.5060483870967742 0.3040657439446367 0.508352534562212 0.30666089965397925
4 0.5100806451612903 0.3282871972318339 0.5152649769585254 0.3300173010380623 0.5207373271889402 0.3300173010380623 0.5253456221198156 0.3293685121107267 0.5290898617511521 0.32698961937716264 0.5305299539170507 0.32461072664359863 0.5308179723502304 0.3189878892733564 0.5256336405529953 0.31141868512110726 0.5210253456221199 0.3094723183391004 0.5106566820276498 0.3081747404844291 0.508352534562212 0.3090397923875433 0.5057603686635945 0.31444636678200694 0.5057603686635945 0.32417820069204156 0.5100806451612903 0.3282871972318339
4 0.5103686635944701 0.35575259515570934 0.5190092165898618 0.3628892733564014 0.5213133640552996 0.3626730103806229 0.5259216589861752 0.361159169550173 0.5339861751152074 0.3548875432525952 0.5362903225806452 0.34904844290657444 0.5360023041474655 0.3423442906574395 0.5328341013824885 0.3384515570934256 0.5262096774193549 0.3336937716262976 0.5190092165898618 0.3321799307958478 0.5158410138248848 0.33261245674740486 0.5135368663594471 0.33412629757785467 0.5106566820276498 0.3382352941176471 0.5089285714285714 0.3471020761245675 0.5086405529953917 0.3522923875432526 0.5103686635944701 0.35575259515570934
4 0.4495967741935484 0.34429065743944637 0.45247695852534564 0.3462370242214533 0.4634216589861751 0.3499134948096886 0.4740783410138249 0.34191176470588236 0.4711981566820277 0.3395328719723184 0.4614055299539171 0.33715397923875434 0.44930875576036866 0.33737024221453293 0.4478686635944701 0.33888408304498274 0.4495967741935484 0.34429065743944637
4 0.44614055299539174 0.36591695501730104 0.44930875576036866 0.3665657439446367 0.4553571428571429 0.36570069204152256 0.46687788018433185 0.36613321799307963 0.46860599078341014 0.36483564013840836 0.4694700460829493 0.3589965397923876 0.4683179723502304 0.356401384083045 0.4642857142857143 0.3518598615916955 0.4582373271889401 0.3477508650519031 0.45276497695852536 0.3462370242214533 0.44930875576036866 0.3462370242214533 0.4452764976958526 0.3486159169550173 0.4435483870967742 0.3518598615916955 0.4432603686635945 0.35921280276816614 0.44614055299539174 0.36591695501730104
4 0.11520737327188942 0.40008650519031147 0.11837557603686637 0.40051903114186854 0.12298387096774195 0.39878892733564014 0.1336405529953917 0.39792387543252594 0.141705069124424 0.4035467128027682 0.14746543778801843 0.41025086505190317 0.15063364055299538 0.40916955017301043 0.15552995391705068 0.4041955017301039 0.15552995391705068 0.3925173010380623 0.15236175115207373 0.3884083044982699 0.14400921658986177 0.3819204152249135 0.1399769585253456 0.3819204152249135 0.1336405529953917 0.38408304498269896 0.13018433179723504 0.38429930795847755 0.12067972350230416 0.38905709342560557 0.11319124423963134 0.3907871972318339 0.11175115207373272 0.3923010380622838 0.11175115207373272 0.39684256055363326 0.11520737327188942 0.40008650519031147
4 0.16388248847926268 0.5038927335640139 0.18519585253456222 0.5118944636678201 0.18980414746543778 0.5121107266435987 0.1938364055299539 0.5105968858131489 0.20218894009216593 0.5017301038062284 0.20305299539170507 0.4987024221453288 0.20247695852534564 0.49480968858131497 0.19700460829493088 0.4868079584775087 0.19268433179723504 0.48378027681660907 0.1826036866359447 0.4811851211072665 0.17799539170506912 0.48075259515570934 0.16849078341013826 0.48248269896193774 0.16129032258064518 0.48940311418685123 0.15985023041474655 0.49221453287197237 0.160426267281106 0.4993512110726644 0.16388248847926268 0.5038927335640139
4 0.1972926267281106 0.6596020761245676 0.19902073732718895 0.6611159169550174 0.20391705069124427 0.661764705882353 0.20737327188940094 0.6600346020761246 0.21198156682027652 0.6522491349480969 0.21918202764976957 0.6474913494809689 0.21918202764976957 0.6440311418685122 0.21399769585253456 0.6418685121107267 0.20622119815668202 0.640787197231834 0.20046082949308755 0.6433823529411765 0.1972926267281106 0.6479238754325259 0.19642857142857145 0.6505190311418685 0.1972926267281106 0.6596020761245676
2 0.21198156682027652 0.6682525951557093 0.21370967741935484 0.6751730103806228 0.21486175115207376 0.6760380622837371 0.2171658986175115 0.6766868512110726 0.23099078341013826 0.6753892733564014 0.2379032258064516 0.6730103806228375 0.24193548387096775 0.6693339100346021 0.24654377880184333 0.661332179930796 0.24683179723502305 0.6578719723183392 0.24481566820276499 0.6505190311418685 0.24539170506912442 0.6479238754325259 0.2502880184331797 0.6403546712802768 0.2505760368663595 0.6371107266435987 0.24798387096774194 0.6353806228373703 0.24107142857142855 0.6351643598615918 0.23099078341013826 0.63840830449827 0.20996543778801846 0.6531141868512111 0.20766129032258066 0.6583044982698962 0.20766129032258066 0.6647923875432526 0.21198156682027652 0.6682525951557093
2 0.17511520737327188 0.6859861591695502 0.17828341013824883 0.6879325259515572 0.1938364055299539 0.6887975778546713 0.1995967741935484 0.6875000000000001 0.20766129032258066 0.6836072664359862 0.21370967741935484 0.678416955017301 0.21601382488479262 0.6753892733564014 0.2168778801843318 0.6717128027681661 0.2154377880184332 0.6682525951557093 0.20881336405529954 0.6654411764705883 0.20622119815668202 0.6628460207612458 0.1984447004608295 0.6619809688581315 0.18548387096774194 0.6647923875432526 0.17482718894009217 0.6719290657439447 0.17338709677419356 0.6788494809688582 0.17511520737327188 0.6859861591695502