5 0.07286866359447006 0.5294117647058825 0.08035714285714286 0.5380622837370242 0.09504608294930876 0.5441176470588236 0.09879032258064516 0.5443339100346021 0.10224654377880185 0.5434688581314879 0.10973502304147467 0.5374134948096886 0.111463133640553 0.5328719723183392 0.10915898617511521 0.5237889273356402 0.10224654377880185 0.5164359861591696 0.09763824884792627 0.51340830449827 0.09245391705069125 0.5112456747404844 0.08122119815668202 0.5084342560553633 0.07603686635944701 0.5103806228373703 0.07056451612903226 0.5160034602076126 0.06970046082949309 0.5196799307958477 0.07286866359447006 0.5294117647058825
5 0.11232718894009217 0.5153546712802768 0.11779953917050692 0.5227076124567475 0.12355990783410138 0.5268166089965398 0.13047235023041476 0.5302768166089966 0.13536866359447003 0.5311418685121108 0.14055299539170507 0.5311418685121108 0.14775345622119815 0.5272491349480969 0.15120967741935484 0.5214100346020761 0.15149769585253456 0.5155709342560554 0.14746543778801843 0.5075692041522492 0.1434331797235023 0.5036764705882353 0.13738479262672812 0.5 0.12644009216589863 0.4974048442906575 0.12298387096774195 0.497621107266436 0.11808755760368664 0.4993512110726644 0.11491935483870967 0.5015138408304499 0.11232718894009217 0.5049740484429066 0.1103110599078341 0.5086505190311419 0.11232718894009217 0.5153546712802768
5 0.12672811059907835 0.497621107266436 0.13882488479262672 0.5006487889273357 0.14717741935483872 0.504325259515571 0.15120967741935484 0.5025951557093425 0.1532258064516129 0.4995674740484429 0.15495391705069125 0.49329584775086505 0.1546658986175115 0.4889705882352942 0.15207373271889402 0.48421280276816614 0.14055299539170507 0.4757785467128028 0.13767281105990783 0.4751297577854672 0.12759216589861752 0.4770761245674741 0.125 0.47923875432525953 0.12384792626728111 0.48183391003460213 0.12442396313364054 0.4963235294117648 0.12672811059907835 0.497621107266436
5 0.1434331797235023 0.7510813148788927 0.14919354838709678 0.7588667820069205 0.1578341013824885 0.7625432525951558 0.16849078341013826 0.761029411764706 0.17108294930875576 0.7590830449826991 0.17309907834101385 0.7551903114186852 0.17338709677419356 0.7491349480968859 0.17223502304147467 0.7450259515570935 0.16561059907834103 0.7372404844290659 0.1578341013824885 0.7333477508650519 0.15063364055299538 0.7324826989619377 0.14746543778801843 0.7333477508650519 0.14256912442396313 0.73810553633218 0.1419930875576037 0.742863321799308 0.1434331797235023 0.7510813148788927
5 0.1650345622119816 0.7179930795847752 0.1716589861751152 0.7184256055363323 0.1849078341013825 0.7134515570934257 0.18605990783410137 0.7093425605536333 0.1846198156682028 0.7041522491349481 0.17511520737327188 0.7000432525951558 0.16820276497695855 0.7002595155709344 0.16474654377880185 0.7017733564013842 0.16186635944700462 0.7050173010380624 0.16129032258064518 0.7138840830449827 0.1650345622119816 0.7179930795847752
5 0.2203341013824885 0.7309688581314879 0.2338709677419355 0.728589965397924 0.23646313364055302 0.726643598615917 0.2379032258064516 0.723832179930796 0.23444700460829493 0.7145328719723184 0.23041474654377883 0.7108564013840831 0.22724654377880188 0.7093425605536333 0.22321428571428573 0.7093425605536333 0.2203341013824885 0.7106401384083045 0.21947004608294934 0.7130190311418685 0.2203341013824885 0.7309688581314879
5 0.19671658986175117 0.7383217993079585 0.2036290322580645 0.7394031141868512 0.20910138248847926 0.7385380622837371 0.21342165898617513 0.7363754325259516 0.2180299539170507 0.7326989619377163 0.2203341013824885 0.7275086505190311 0.22119815668202766 0.717560553633218 0.2203341013824885 0.7099913494809689 0.2168778801843318 0.708044982698962 0.21025345622119818 0.7060986159169551 0.20305299539170507 0.7067474048442908 0.1995967741935484 0.7099913494809689 0.19412442396313365 0.7190743944636678 0.19239631336405533 0.7264273356401385 0.19297235023041476 0.7335640138408305 0.19671658986175117 0.7383217993079585
5 0.23934331797235023 0.7491349480968859 0.24769585253456222 0.7528114186851211 0.25144009216589863 0.7530276816608997 0.25489631336405527 0.751946366782007 0.25777649769585254 0.7480536332179931 0.258352534562212 0.7419982698961938 0.2563364055299539 0.7348615916955018 0.25201612903225806 0.7303200692041523 0.24827188940092165 0.7288062283737025 0.24308755760368667 0.7292387543252595 0.24078341013824883 0.7303200692041523 0.23617511520737328 0.7363754325259516 0.23617511520737328 0.7448096885813149 0.23934331797235023 0.7491349480968859
4 0.1016705069124424 0.5008650519031141 0.10570276497695852 0.5056228373702423 0.10973502304147467 0.5069204152249135 0.10915898617511521 0.5077854671280277 0.11405529953917051 0.501946366782007 0.11808755760368664 0.4991349480968858 0.12240783410138249 0.497621107266436 0.12471198156682028 0.495242214532872 0.12384792626728111 0.48378027681660907 0.12615207373271892 0.4777249134948097 0.125 0.47383217993079585 0.12211981566820278 0.47037197231833916 0.11981566820276499 0.469506920415225 0.11319124423963134 0.469506920415225 0.1065668202764977 0.47275086505190317 0.10195852534562214 0.4762110726643599 0.09879032258064516 0.48205017301038067 0.09850230414746544 0.4887543252595156 0.1016705069124424 0.5008650519031141
4 0.18692396313364057 0.5294117647058825 0.18894009216589863 0.5307093425605537 0.19988479262672812 0.5311418685121108 0.20996543778801846 0.5274653979238755 0.21658986175115208 0.5266003460207613 0.22868663594470048 0.5229238754325259 0.2315668202764977 0.5207612456747406 0.23473502304147464 0.5153546712802768 0.23588709677419356 0.5086505190311419 0.23185483870967744 0.5051903114186851 0.22724654377880188 0.5038927335640139 0.21428571428571427 0.5030276816608997 0.19873271889400923 0.5034602076124568 0.18894009216589863 0.5047577854671281 0.18231566820276499 0.5086505190311419 0.17943548387096775 0.5121107266435987 0.17857142857142858 0.515787197231834 0.18692396313364057 0.5294117647058825
2 0.15754608294930877 0.5540657439446367 0.15985023041474655 0.5566608996539792 0.16820276497695855 0.5599048442906576 0.17828341013824883 0.5594723183391004 0.18202764976958524 0.5603373702422145 0.1995967741935484 0.555363321799308 0.2033410138248848 0.552984429065744 0.2056451612903226 0.5490916955017301 0.20766129032258066 0.5400086505190311 0.20650921658986174 0.5358996539792388 0.20161290322580644 0.5358996539792388 0.18317972350230416 0.5302768166089966 0.17511520737327188 0.5302768166089966 0.1679147465437788 0.5317906574394464 0.15898617511520738 0.5358996539792388 0.15610599078341014 0.5395761245674742 0.15610599078341014 0.5499567474048443 0.15754608294930877 0.5540657439446367
1 0.824020737327189 0.8432093425605537 0.8266129032258064 0.848832179930796 0.8323732718894009 0.8548875432525952 0.8341013824884793 0.8589965397923877 0.8335253456221199 0.8605103806228375 0.8176843317972351 0.8641868512110727 0.8159562211981568 0.8659169550173011 0.816820276497696 0.8698096885813149 0.8243087557603687 0.8743512110726644 0.8277649769585255 0.8758650519031143 0.8320852534562212 0.8758650519031143 0.8387096774193548 0.8734861591695502 0.849078341013825 0.872621107266436 0.8536866359447005 0.8713235294117648 0.8735599078341014 0.8743512110726644 0.8870967741935484 0.8713235294117648 0.8902649769585255 0.8663494809688583 0.8914170506912443 0.8598615916955017 0.8908410138248849 0.8544550173010382 0.8853686635944701 0.8440743944636679 0.875 0.8371539792387545 0.870679723502304 0.8304498269896194 0.8660714285714286 0.8289359861591696 0.859447004608295 0.8287197231833912 0.8485023041474655 0.830233564013841 0.8413018433179724 0.8347750865051904 0.8389976958525345 0.8382352941176471 0.8369815668202765 0.8391003460207613 0.834389400921659 0.83780276816609 0.8329493087557603 0.8345588235294118 0.8306451612903226 0.833044982698962 0.8283410138248849 0.8323961937716264 0.8251728110599078 0.8328287197231834 0.8231566820276498 0.8347750865051904 0.8228686635944701 0.8393166089965399 0.824020737327189 0.8432093425605537
0 0.5051843317972351 0.43987889273356406 0.5118087557603687 0.44074394463667826 0.5184331797235023 0.44009515570934254 0.5195852534562212 0.4381487889273357 0.5190092165898618 0.4271193771626298 0.5155529953917051 0.4245242214532873 0.511520737327189 0.42474048442906576 0.5048963133640554 0.4282006920415225 0.501152073732719 0.4338235294117648 0.5008640552995391 0.4362024221453288 0.5051843317972351 0.43987889273356406
0 0.5290898617511521 0.4662629757785467 0.5328341013824885 0.4679930795847751 0.5400345622119815 0.4682093425605537 0.5460829493087558 0.4632352941176471 0.5460829493087558 0.4599913494809689 0.5434907834101382 0.4565311418685122 0.5397465437788018 0.4545847750865052 0.5328341013824885 0.4548010380622838 0.5273617511520737 0.4595588235294118 0.527073732718894 0.46345155709342567 0.5290898617511521 0.4662629757785467
0 0.5472350230414746 0.4896193771626298 0.5495391705069125 0.490484429065744 0.5601958525345622 0.4907006920415225 0.5642281105990784 0.4885380622837371 0.5682603686635945 0.4835640138408305 0.5682603686635945 0.4805363321799308 0.5659562211981567 0.4770761245674741 0.5607718894009217 0.474264705882353 0.557315668202765 0.47361591695501737 0.5512672811059909 0.4759948096885814 0.5460829493087558 0.48161764705882354 0.5455069124423964 0.4876730103806229 0.5472350230414746 0.4896193771626298
0 0.7949308755760369 0.4669117647058824 0.7998271889400922 0.47058823529411764 0.804147465437788 0.47145328719723184 0.8070276497695852 0.4710207612456748 0.8099078341013826 0.4692906574394464 0.8150921658986177 0.4647491349480969 0.8165322580645162 0.4595588235294118 0.8130760368663594 0.455666089965398 0.8035714285714286 0.4539359861591696 0.7963709677419355 0.4573961937716263 0.793778801843318 0.4608564013840831 0.7932027649769585 0.46366782006920415 0.7949308755760369 0.4669117647058824
0 0.8905529953917052 0.48183391003460213 0.8940092165898618 0.4865916955017301 0.8974654377880185 0.4883217993079585 0.9003456221198156 0.4878892733564014 0.9040898617511521 0.4859429065743945 0.9112903225806452 0.4859429065743945 0.9161866359447005 0.48334775086505194 0.9176267281105991 0.48075259515570934 0.9179147465437788 0.4768598615916956 0.9150345622119817 0.47210207612456745 0.9055299539170507 0.4686418685121108 0.900921658986175 0.4682093425605537 0.8960253456221199 0.4692906574394464 0.8922811059907835 0.47166955017301043 0.8902649769585255 0.4749134948096886 0.889688940092166 0.47923875432525953 0.8905529953917052 0.48183391003460213
0 0.7825460829493088 0.4993512110726644 0.7860023041474655 0.4997837370242215 0.7963709677419355 0.4980536332179931 0.8001152073732719 0.4913494809688582 0.7980990783410139 0.4861591695501731 0.7946428571428572 0.48399653979238755 0.7908986175115207 0.48313148788927335 0.7860023041474655 0.48334775086505194 0.7808179723502304 0.4850778546712803 0.7790898617511521 0.4861591695501731 0.777073732718894 0.4898356401384083 0.7773617511520737 0.4961072664359862 0.7825460829493088 0.4993512110726644