3 0.5637877298113637 0.14509002220094266 0.5523820633134894 0.14815665782031417 0.546879570405965 0.151088768380134 0.5441015199878613 0.15423313341664996 0.5392421430192085 0.16569735640791863 0.5413527622907044 0.17297204488283408 0.5470440825255911 0.17913108076740744 0.5512347391680008 0.18165236984193206 0.5591107342718978 0.18347768440841414 0.5659569345247538 0.1835538035351941 0.5804366946254611 0.17972071029727524 0.5866716500196627 0.1797263463135507 0.5908814651512687 0.17756230366264264 0.6000182669508669 0.17015792099926866 0.6007009890477659 0.16575291142549037 0.5993228322629471 0.1614159695266702 0.5957791590983138 0.15672741722050865 0.5735676475498335 0.14621775196901762 0.5637877298113637 0.14509002220094266
3 0.5836722191149898 0.6986784895203226 0.5792709982967514 0.6988843028355614 0.5729492747140144 0.6973401155659159 0.5651243091795305 0.6992910985949455 0.5628184166824971 0.7007575564474464 0.5591509475305709 0.7003346577844184 0.5582589504374784 0.7039003111935982 0.5493480037639998 0.7145916354048618 0.5448242761381035 0.7154966438088719 0.5418535308537323 0.7202492380640806 0.542950935404113 0.7282223164825851 0.5445217870551993 0.7309510291627129 0.5578989858869857 0.7334106917237369 0.5627519169574632 0.7397787615042778 0.5622963391663188 0.7439042540715841 0.5632559459587506 0.746562483641207 0.5637804226288694 0.7450944154983417 0.5695623785911967 0.7420926269731993 0.5790628332748635 0.7432900347065969 0.5907122242084186 0.7423914674640442 0.594956488779512 0.7415561370253567 0.6007384447418392 0.7385543485002145 0.6039886530810133 0.7337320762796834 0.6047236939269608 0.7295369057470547 0.6047607217257179 0.7237327008505513 0.602632233144661 0.7175768855467066 0.5987567781761762 0.7127481721647181 0.5917549108558104 0.7084760773601271 0.5836722191149898 0.6986784895203226
3 0.5578593797289583 0.7463478137289641 0.5558342394663628 0.7441781350617808 0.5546283298789801 0.7464847542240626 0.5523224373819466 0.7479512120765636 0.5505933403040804 0.7481594408273488 0.5456689319953583 0.7462668637310909 0.5443583849098788 0.7481538048110734 0.5502781386301552 0.7504668651348128 0.5634129022058958 0.747192000764656 0.5650386509653005 0.7429976353772095 0.5636068862517982 0.7420173129916015 0.5619479772325413 0.7413165076124657 0.5603400977826979 0.7443919998288414 0.5578593797289583 0.7463478137289641
3 0.524847179848412 0.707996013389163 0.5213545362531922 0.707083758678513 0.5149970740513329 0.707777317751009 0.5102806515591691 0.7102905553737117 0.5108382884891401 0.7137176579974287 0.5085489761220328 0.7176317012332208 0.5099960317858259 0.724626067556482 0.5134337782727274 0.7324614003347059 0.519824400734439 0.7366630120287921 0.5332181796961514 0.7415702599731075 0.5384386311896027 0.745840744487334 0.5416173622905324 0.7454939649510861 0.5375505016354154 0.738707022233428 0.5498124266072598 0.7343124795470182 0.549673339669676 0.7325640892524985 0.5446787433023443 0.7315805462861619 0.5416595468078299 0.7254239258371349 0.5414860104307586 0.7223468233303948 0.5440905244717913 0.7161253557871387 0.5406514888052548 0.7118564815632766 0.528323243313706 0.7064606827165216 0.524847179848412 0.707996013389163
4 0.8808133167618049 0.860626594093856 0.8708062547175806 0.8597783813322533 0.8641170107118699 0.8603317793289221 0.8623177255753939 0.8614490422096285 0.8586298087546366 0.869277933826395 0.8573179724895222 0.8747313334607393 0.8499447172072774 0.8832561995855484 0.8502752098314936 0.8869628192157375 0.8532778261960823 0.890671854281473 0.8649080586404411 0.8944586187643534 0.8875764371597008 0.8972763328941763 0.9015317205902893 0.8949113077991229 0.9074183140507135 0.8923291973562797 0.9088513679438506 0.8897430611875258 0.907351993531009 0.8825388558231151 0.9004917915074973 0.8728822342043202 0.8949395582101947 0.8684715886142665 0.8808133167618049 0.860626594093856
4 0.8448861994741821 0.914160944567319 0.8417240485031785 0.9169553094868583 0.8417406286331046 0.9194028948701496 0.837442756133328 0.9235948448220495 0.8329713472564799 0.9247096922672092 0.8309449178142495 0.9261064721543875 0.8286900548866294 0.9313492276024002 0.8291086048790163 0.9330279399315973 0.8668361172774205 0.9236214146130619 0.8660857854811821 0.9218025412080376 0.855120405824161 0.9147296403224499 0.8519595440327926 0.913957546687627 0.8448861994741821 0.914160944567319
4 0.09426830958385334 0.9013844413380973 0.08523872364162197 0.9020755849750468 0.0974289921698924 0.950968081562916 0.10944590352642117 0.947971929054049 0.11231072213306055 0.9463661152709033 0.11657414519335 0.9408454531067829 0.11825221270180317 0.936860926760486 0.11881629552994921 0.9224557366123933 0.11981293012113847 0.919309761285513 0.1187142363911227 0.9149031414213704 0.11658445863043035 0.9123137846718876 0.10967064867823514 0.9060137825663048 0.10359393871081393 0.9030712051191166 0.09426830958385334 0.9013844413380973
5 0.005950000498310381 0.3173842411449506 0 0.3158028934196595 0 0.34475579736508044 0.010620370934271461 0.3456404182992846 0.016209632030331322 0.3442468589928349 0.018463205778316404 0.34257056209918435 0.020804836894472222 0.33886635790454184 0.021365052183713228 0.33516054341953494 0.020510082889378112 0.3329219919322112 0.014346604733421187 0.3284408632316529 0.008918167423411649 0.3197645639984658 0.005950000498310381 0.3173842411449506
5 0.732632687170819 0.9330106622172425 0.72814340898441 0.935244382833473 0.7254176773153546 0.9385985869111387 0.7246124484107976 0.9437027915736884 0.7256754035216912 0.9503471577799726 0.7281369630862349 0.9530766756052825 0.7345633241670686 0.9550405409572271 0.7349295554104073 0.9565094142452748 0.7477848559313449 0.9533042278404406 0.7474186246880063 0.951835354552393 0.7506330944080583 0.9492508286740033 0.7546349237231059 0.9426809713041349 0.7524541163930004 0.9363153169591406 0.7477224029505458 0.9328145106441902 0.742011924226463 0.9313408064850494 0.732632687170819 0.9330106622172425
5 0.7599703261517342 0.9188394654657654 0.753506937272143 0.9226798050103241 0.7509726112897199 0.9279922384236592 0.7511805971062784 0.9323980531426196 0.7567494105335071 0.9392562841159645 0.7590195644114183 0.9400275726056051 0.7654995334209354 0.9386348184443374 0.7755436232639171 0.933678826309437 0.77760579132527 0.9300443000801171 0.7750932021913131 0.9235384846592956 0.7710429216661223 0.9191991273249286 0.7667297582160544 0.9173770333391754 0.7599703261517342 0.9188394654657654
5 0.7034614928192704 0.8981588630472096 0.7033376968319773 0.9024245166903426 0.7119793146824039 0.9120827485995022 0.7194890785429624 0.9124391898779365 0.7266339003398175 0.9077602993139617 0.729220545071289 0.9026577049417762 0.719110134708603 0.8978233555435123 0.7135055826622521 0.8932028709123088 0.7105718651766382 0.892151260271014 0.7070958017113445 0.8936865909436552 0.7034614928192704 0.8981588630472096
5 0.7338654903252081 0.9046199600033568 0.7305987018561078 0.9069946468405965 0.7300742251859891 0.9084627149834616 0.7308934558612019 0.912939012812927 0.7340364483430093 0.9148299796188205 0.7439528746597928 0.9248390167901389 0.7466773171492134 0.9250512712668352 0.7509215817203067 0.9242159408281477 0.7625556817035707 0.917303329647942 0.7670092212708575 0.9173073553738529 0.7707494568406632 0.9096883027982361 0.7709778903260529 0.9058423272374021 0.7672236529855911 0.903880877321004 0.7386686810059073 0.9036452736340239 0.7338654903252081 0.9046199600033568