2 0.485652914279032 0.6417350308179861 0.49110112414016915 0.6438956090546726 0.5026516548760959 0.646361115493753 0.5123117561155858 0.6464763633275763 0.526796594825935 0.6429029203400414 0.5380186353442771 0.636492146592027 0.5405754313037158 0.6339047875260565 0.5402698228332519 0.6294391691785666 0.5371720843258263 0.6257526799548971 0.5267234510114769 0.6206373215262191 0.5219767448098123 0.6148678198209749 0.5099906831153105 0.6101145477002646 0.5086305698690896 0.6065455079081075 0.5108695019087146 0.6025744981315821 0.5077304984801436 0.5991002985237102 0.5036897945110475 0.5987554866449158 0.5017458446441156 0.5996994852923911 0.4956602777917719 0.6053462027480696 0.4838147648831524 0.6059077074380392 0.47987334477879307 0.6110899619857224 0.478835594025482 0.6179381861991275 0.47871017011046674 0.629149652159995 0.48174826052272224 0.6376713824548644 0.485652914279032 0.6417350308179861
3 0.6051384261239264 0.6006299360013954 0.6112575010211617 0.6068865098618618 0.6147266238188964 0.6086623925433536 0.6190087895901901 0.6092744505458304 0.6458098093642048 0.6087559627526257 0.6562600718301332 0.6032967240678289 0.6641719215106473 0.5958018929936 0.6768198510950552 0.5865839341480754 0.6788937234500986 0.5834620828347401 0.679677756951862 0.5794285801345874 0.678841832231182 0.5761817429739976 0.6752260329228903 0.5706320673002934 0.669342292103178 0.566183723381977 0.6591228651416765 0.5644175787139163 0.6559777339884305 0.5624843629245118 0.6400741257955017 0.5602742574632703 0.6356626748288641 0.5583152047409979 0.6319046975831113 0.5580253493700886 0.6190336893705304 0.5623531106365284 0.6098565117354362 0.5627723550500698 0.6024047039121967 0.5663910165320587 0.5952997694805668 0.5742630067457399 0.5922355390180327 0.5824798088382155 0.5920994888052467 0.5861986453225428 0.5940601926946244 0.5912062923331399 0.5978823166086434 0.5956945199278568 0.6051384261239264 0.6006299360013954
3 0.5598122525521071 0.5636196502679087 0.5655844540577329 0.5656228953966828 0.5797620551460394 0.5681584311751326 0.5875607363608882 0.5687930984248364 0.5975096920483962 0.5674223189480772 0.6015213865456965 0.5648974528057339 0.6071469115407653 0.5631269049422954 0.6113649306437929 0.5595405907209647 0.6158779319195136 0.552927265370584 0.6163731109732589 0.5503797899810139 0.6146845075094534 0.5379344700017618 0.6123234098579708 0.5319677515122049 0.6073352418541085 0.5259310036832783 0.5973282672230092 0.5215624271177626 0.573915469556017 0.5137067797105792 0.5693857142578507 0.5143684594028877 0.5629884112103681 0.5170905423295438 0.5558544673069427 0.5220928545220873 0.5500867643744127 0.5291232226883208 0.5465044731110127 0.5354768383307614 0.5468803559744178 0.5425998450835914 0.5482694786924341 0.5490385628968859 0.5567083863200065 0.5614741448627069 0.5598122525521071 0.5636196502679087
4 0.6160156849088948 0.6910888532010351 0.6227888708197824 0.6954897770272088 0.6331259648200451 0.6981600366663445 0.6360770268169138 0.6980727328978015 0.6439704933234032 0.6952008532789752 0.6511579575973241 0.6869042838336988 0.6555961859070075 0.6685999567829708 0.6532244619577542 0.6551406088168739 0.6501679883714739 0.651241829977407 0.6439953931037434 0.6482795133696732 0.6348656081144696 0.6469454843489497 0.6294586631744779 0.6445726164964658 0.625783215771016 0.6438581818939614 0.6186263901204695 0.6444498322469 0.6106916586928347 0.647534001481524 0.6074868794444185 0.6504360267633195 0.6042285798255072 0.6566323092978475 0.6034796835202142 0.6619945062006701 0.6051576606862488 0.6669471967033822 0.6056924755095607 0.6747620288114896 0.6160156849088948 0.6910888532010351
4 0.5757859603518666 0.6837096083129672 0.5839437704076745 0.6855156366574283 0.5890389791525275 0.68496386998089 0.5993777023043692 0.6770595325065506 0.598778740812791 0.6650463281746358 0.5932847674574124 0.6540644262587396 0.5860347856668043 0.6475880263667333 0.5807806449620445 0.6474479676879942 0.5761454780744664 0.6441235647722927 0.5678990104516926 0.6442830994778941 0.5623911524953853 0.6469577623124075 0.5527829424748119 0.6541228543393266 0.5510743266854027 0.6568750829289519 0.5506968146704188 0.6603266732895969 0.5528989803619944 0.6656015664238766 0.5590119275345546 0.6733991241028103 0.5757859603518666 0.6837096083129672
4 0.5492807005138263 0.5996862757062578 0.5560661418740634 0.6010052318954966 0.5600304437255434 0.6002336391874183 0.5788754794763814 0.5878140616757576 0.5849197814075796 0.5823796338358767 0.5869585165661524 0.5779290883198713 0.586983027464852 0.5717651530460015 0.5838791612327514 0.5696196476407994 0.5663501043854716 0.5662123441519327 0.5570675151609658 0.5626455059574643 0.5530268111918698 0.56230069407867 0.54994582670689 0.5645658505130731 0.5481546810751899 0.5677426583342934 0.5463038873483197 0.5757547072267135 0.5424740065580471 0.5833820605639392 0.541725110252754 0.5887442574667617 0.5423608380923816 0.5915115588878715 0.546377031162778 0.5980203060405358 0.5492807005138263 0.5996862757062578
4 0.4206882854267785 0.64386800334173 0.42443400722318136 0.6472398263495744 0.4360548123520491 0.6523627211939947 0.44114389337222715 0.6533519383359239 0.4443776820924389 0.6533195910752658 0.44883103527298934 0.651541506796085 0.45215960928484183 0.648002612666897 0.4533027716275645 0.6451404710615017 0.45378119665886407 0.6366413500138592 0.4576936072914277 0.6285894174450386 0.4584776407931912 0.6245559147448861 0.4575240490337499 0.6204049626132213 0.45506816609062667 0.6179447909921942 0.45155777837174654 0.6163811979264999 0.44767600636255755 0.6167282114029831 0.4374627071257309 0.6134210829164549 0.4331392764332918 0.6130213145297756 0.4300231547518415 0.6139577767615088 0.4241026475840797 0.6187553357539972 0.4179880712599404 0.6215323751885382 0.41216234938381924 0.6228233873124968 0.41203242689570796 0.6250012399783567 0.41237930028731745 0.6292545687100493 0.41418107221678835 0.6335703903653688 0.4206882854267785 0.64386800334173
5 0.4158565688429465 0.5781574658241666 0.41925541724774007 0.5772759601003185 0.4232135913745451 0.5780453512107078 0.42522781563441825 0.5797587409685725 0.4254982869084117 0.5828956651133923 0.4318159295351204 0.6002063718268136 0.43076592333245944 0.6101365636771536 0.44610344078593445 0.6157616035082809 0.44937849442729166 0.6155169666318253 0.4516112987422418 0.6130869406737676 0.45342082754796664 0.6052871813971447 0.45537090513957346 0.6028021989312018 0.45522422862901646 0.5990284059389893 0.4596730832364709 0.5882167083648012 0.4525897902820235 0.57031655289613 0.4445802858883514 0.5617097204304066 0.4405869745650758 0.5596116351173474 0.43610461191272976 0.5585200413753907 0.41681954663022047 0.559618239910414 0.40950828759286323 0.5685516782030828 0.4087181263664249 0.5741261647217029 0.4094776489694887 0.5762565972954203 0.4118571297949959 0.5776003643295748 0.4158565688429465 0.5781574658241666
5 0.398256848721085 0.6128501785653919 0.40376920525048837 0.6192091290258859 0.4086519616649392 0.6212597942468024 0.41414756417189674 0.621667099049224 0.4190013111145518 0.6208480862490031 0.4251571523598365 0.6178587571986646 0.42998801755537086 0.6126290825588387 0.43193359657388186 0.6011104867978885 0.42638160427491173 0.5843892288397171 0.4224418133221315 0.5789968862739254 0.4102784364936981 0.57817474025334 0.4015551729912036 0.576258798893109 0.3981975895075555 0.5769280150011598 0.38968514918388436 0.5829842388569487 0.38945431367945754 0.5902096222098061 0.39127896735604917 0.5989361057047307 0.394364450414125 0.6057045625653351 0.398256848721085 0.6128501785653919
5 0.37437214262910895 0.5711952637519515 0.38277754221178956 0.5717275544016275 0.39694451700232514 0.5667704607035375 0.4032302807357211 0.561603278987339 0.4072603584070461 0.5544554613895932 0.4053119099670181 0.5463658467420612 0.3984745773878645 0.5377665506920801 0.3932326921324546 0.534544524376406 0.38475701815683283 0.53135484532139 0.3769522092173091 0.5322611618901538 0.3701483846830471 0.5355651571563176 0.3611881579514509 0.5424155829674115 0.3585427044250463 0.5469685050834445 0.35774028774925815 0.5556249592389995 0.35917680311309497 0.5603104036180293 0.3650544162081325 0.5662997313548132 0.37437214262910895 0.5711952637519515
5 0.41708877763427565 0.5325723565332768 0.4248461939279789 0.5334193133987779 0.432621993395707 0.5296433188088766 0.4379480376449867 0.5218661687794807 0.4391447203582047 0.5157097699213531 0.43662469074681526 0.5090512260765185 0.4304230860072892 0.5032192314476472 0.41272896947542764 0.5006610864219704 0.40884719746623854 0.5010080998984535 0.40147791948529 0.5042021821488473 0.39790788367123986 0.507473830154353 0.3949200553263218 0.5168070368337008 0.3961976387302518 0.520800655857453 0.40114454181296866 0.5270496933021772 0.4037654844406736 0.5286607064600142 0.41708877763427565 0.5325723565332768
5 0.3183448587613308 0.5620671486249964 0.32881187524970484 0.562559555598272 0.343090389354327 0.5600475606897246 0.3545064990290464 0.5556573064996576 0.3568692258321078 0.5510494278757397 0.3585136949532507 0.544098827062307 0.35654686333919794 0.5406321638701774 0.3534429971070975 0.5384866584649755 0.34242891034606165 0.5332613870205274 0.3361676575113653 0.532264633462856 0.3289283020185281 0.5332808630473898 0.3208468940803361 0.5325912392898012 0.30465343958057756 0.5389169108669616 0.29622352909919736 0.5445485554911556 0.29208191211378576 0.5492512742993586 0.2921170493102563 0.5505799685020287 0.2935658201234429 0.5521834452441233 0.30200635690259414 0.5540444300964694 0.3183448587613308 0.5620671486249964
5 0.2453940697691829 0.6717015673154432 0.24903437997617422 0.6710873077152776 0.2568040517192274 0.6688522969438436 0.269092852462676 0.6584629770035617 0.2735355793454556 0.649192263247841 0.27234052578381646 0.6447740649924938 0.2661037838478198 0.6376133761609524 0.24970563389391293 0.6344258987036253 0.24089371282445277 0.634475520393457 0.23607510307826812 0.6366232273963478 0.2331117856320498 0.6397924988018258 0.22731957180082038 0.6529868022419291 0.22685952994354555 0.6568629718341692 0.2357874889001883 0.6682920622288874 0.24139463072123238 0.6711444658208514 0.2453940697691829 0.6717015673154432