2 0.03571428571428571 0.6379757785467128 0.03945852534562212 0.6399221453287198 0.04665898617511521 0.6394896193771626 0.051267281105990783 0.6379757785467128 0.05904377880184332 0.6321366782006921 0.06307603686635946 0.6254325259515572 0.06451612903225806 0.6195934256055364 0.060771889400921666 0.6150519031141869 0.05357142857142857 0.6126730103806228 0.04608294930875576 0.6122404844290659 0.03686635944700461 0.615484429065744 0.026785714285714284 0.6230536332179931 0.027361751152073732 0.6301903114186851 0.03571428571428571 0.6379757785467128
2 0.014400921658986177 0.6656574394463668 0.019009216589861752 0.6686851211072665 0.029377880184331802 0.6721453287197232 0.032834101382488476 0.6723615916955018 0.039746543778801845 0.6745242214532873 0.04752304147465438 0.6684688581314879 0.05241935483870967 0.661764705882353 0.05241935483870967 0.6557093425605537 0.05069124423963134 0.6496539792387543 0.039746543778801845 0.6418685121107267 0.02534562211981567 0.6442474048442908 0.022465437788018433 0.642733564013841 0.01238479262672811 0.6472750865051904 0.010368663594470046 0.6513840830449827 0.010080645161290324 0.6578719723183392 0.014400921658986177 0.6656574394463668
3 0.47235023041474655 0.4733996539792388 0.48099078341013823 0.48248269896193774 0.4838709677419355 0.48313148788927335 0.49135944700460826 0.48248269896193774 0.49711981566820274 0.4852941176470589 0.5048963133640554 0.4861591695501731 0.516705069124424 0.48464532871972327 0.5233294930875576 0.481401384083045 0.5282258064516129 0.4775086505190312 0.5342741935483871 0.4688581314878893 0.5362903225806452 0.46388408304498274 0.5360023041474655 0.4595588235294118 0.5336981566820277 0.45523356401384085 0.5247695852534562 0.4476643598615917 0.5155529953917051 0.4422577854671281 0.49884792626728114 0.43966262975778553 0.49107142857142855 0.44074394463667826 0.47494239631336405 0.4478806228373703 0.4714861751152074 0.45198961937716264 0.4680299539170507 0.45977508650519033 0.46889400921658986 0.4679930795847751 0.47235023041474655 0.4733996539792388
4 0.03945852534562212 0.6833910034602076 0.043202764976958526 0.6877162629757786 0.046947004608294936 0.6887975778546713 0.058179723502304145 0.689446366782007 0.08179723502304148 0.6877162629757786 0.09187788018433181 0.6859861591695502 0.09591013824884793 0.6823096885813149 0.09591013824884793 0.6786332179930796 0.09245391705069125 0.6717128027681661 0.0858294930875576 0.6673875432525952 0.07488479262672812 0.6645761245674742 0.061923963133640555 0.6637110726643599 0.05616359447004608 0.664143598615917 0.05011520737327189 0.6665224913494809 0.040322580645161296 0.6753892733564014 0.0391705069124424 0.6786332179930796 0.03945852534562212 0.6833910034602076
5 0.4279953917050691 0.5153546712802768 0.4357718894009217 0.5203287197231834 0.4455645161290323 0.5231401384083045 0.45420506912442404 0.5231401384083045 0.4663018433179723 0.5173010380622838 0.4697580645161291 0.513840830449827 0.47235023041474655 0.5092993079584776 0.47350230414746547 0.4978373702422146 0.46514976958525345 0.4878892733564014 0.4657258064516129 0.4844290657439447 0.46687788018433185 0.4835640138408305 0.4614055299539171 0.4850778546712803 0.4455645161290323 0.4859429065743945 0.4357718894009217 0.4885380622837371 0.4291474654377881 0.49113321799307963 0.4248271889400922 0.49480968858131497 0.4230990783410139 0.4980536332179931 0.42396313364055305 0.5088667820069205 0.4279953917050691 0.5153546712802768
5 0.5501152073732719 0.4692906574394464 0.5599078341013825 0.47469723183391005 0.5639400921658987 0.4757785467128028 0.5711405529953917 0.476643598615917 0.5881336405529953 0.47296712802768165 0.5918778801843319 0.4712370242214533 0.5970622119815668 0.4671280276816609 0.599078341013825 0.46366782006920415 0.5987903225806452 0.4563148788927336 0.5887096774193549 0.448961937716263 0.5803571428571429 0.4463667820069205 0.5691244239631337 0.4461505190311419 0.5570276497695852 0.4485294117647059 0.5515552995391706 0.45155709342560557 0.5475230414746544 0.4565311418685122 0.5469470046082949 0.46064013840830453 0.5501152073732719 0.4692906574394464
5 0.49711981566820274 0.43317474048442917 0.4997119815668203 0.4368512110726644 0.5054723502304148 0.43944636678200694 0.5181451612903226 0.4392301038062284 0.5342741935483871 0.4344723183391004 0.5374423963133641 0.432742214532872 0.5434907834101382 0.4219290657439447 0.5434907834101382 0.41133217993079585 0.5408986175115207 0.40657439446366783 0.536578341013825 0.4041955017301039 0.5299539170506913 0.40203287197231835 0.5224654377880185 0.40181660899653987 0.5158410138248848 0.4035467128027682 0.508352534562212 0.4070069204152249 0.5034562211981567 0.41046712802768165 0.4962557603686636 0.41825259515570934 0.4959677419354839 0.4288494809688582 0.49711981566820274 0.43317474048442917
5 0.41244239631336405 0.43944636678200694 0.415610599078341 0.4461505190311419 0.4193548387096774 0.44961072664359863 0.4294354838709678 0.4530709342560554 0.4423963133640553 0.45263840830449825 0.4484447004608295 0.4506920415224914 0.4539170506912442 0.4431228373702423 0.45622119815668205 0.4355536332179931 0.45449308755760376 0.4271193771626298 0.4484447004608295 0.41955017301038067 0.43807603686635943 0.414143598615917 0.43289170506912444 0.4126297577854672 0.42828341013824883 0.4126297577854672 0.41647465437788017 0.42128027681660907 0.41273041474654376 0.4253892733564014 0.4118663594470046 0.42841695501730104 0.41244239631336405 0.43944636678200694
5 0.2603686635944701 0.3695934256055363 0.26872119815668205 0.3752162629757786 0.27592165898617516 0.37802768166089973 0.27793778801843316 0.37737889273356406 0.2831221198156682 0.37413494809688586 0.28715437788018433 0.36699826989619383 0.28715437788018433 0.3594290657439447 0.283410138248848 0.3486159169550173 0.2793778801843318 0.34515570934256057 0.27160138248847926 0.3438581314878893 0.26526497695852536 0.34645328719723184 0.2606566820276498 0.3527249134948097 0.2597926267281106 0.35553633217993086 0.2603686635944701 0.3695934256055363
5 0.2226382488479263 0.3892733564013841 0.22638248847926268 0.3929498269896194 0.23444700460829493 0.39619377162629765 0.24164746543778803 0.3970588235294118 0.24827188940092165 0.39597750865051906 0.25172811059907835 0.39424740484429066 0.25518433179723504 0.3910034602076125 0.2563364055299539 0.38516435986159175 0.2557603686635945 0.37608131487889274 0.24567972350230413 0.3665657439446367 0.2402073732718894 0.3626730103806229 0.23358294930875578 0.3613754325259516 0.2275345622119816 0.3628892733564014 0.22235023041474652 0.36851211072664364 0.2206221198156682 0.3752162629757786 0.22119815668202766 0.38624567474048443 0.2226382488479263 0.3892733564013841
5 0.195852534562212 0.381704152249135 0.20017281105990783 0.3853806228373703 0.20650921658986174 0.38797577854671284 0.21255760368663595 0.38754325259515576 0.21831797235023043 0.3853806228373703 0.21975806451612906 0.38105536332179935 0.21947004608294934 0.3695934256055363 0.2116935483870968 0.361159169550173 0.20737327188940094 0.3596453287197232 0.20276497695852536 0.35921280276816614 0.19556451612903228 0.3613754325259516 0.18836405529953917 0.36613321799307963 0.18894009216589863 0.3730536332179931 0.195852534562212 0.381704152249135
5 0.17367511520737328 0.39900519031141873 0.1800115207373272 0.4044117647058824 0.18836405529953917 0.4087370242214533 0.19268433179723504 0.40960207612456745 0.19988479262672812 0.4087370242214533 0.2033410138248848 0.4072231833910035 0.20766129032258066 0.39835640138408307 0.20766129032258066 0.39359861591695505 0.20478110599078342 0.38905709342560557 0.19930875576036866 0.3853806228373703 0.19412442396313365 0.3836505190311419 0.17828341013824883 0.3821366782006921 0.17482718894009217 0.38343425605536335 0.17079493087557604 0.38797577854671284 0.17079493087557604 0.3929498269896194 0.17367511520737328 0.39900519031141873