5 0.0858326409401324 0.762837278305927 0.09192679307327156 0.7606704711831956 0.09636841756371013 0.7550233103051843 0.10005759233009985 0.74402219144306 0.09891529962464907 0.7400333522120925 0.09296877568611299 0.7349725971218776 0.0893054062833751 0.7337403435887127 0.08217501984370357 0.7347424540506947 0.07906774779921008 0.7353975409733312 0.07506039783606479 0.7379262321248012 0.06716895161582878 0.7521386015149685 0.0678468718050244 0.7590317521531125 0.07112039822636022 0.7616291244394231 0.07563941400185872 0.7627411247171502 0.0858326409401324 0.762837278305927
5 0.14388904795648677 0.7330575391342725 0.15208576669165247 0.7334342836524044 0.1639587575113819 0.7289265955060563 0.16849067596870637 0.7239219095861388 0.17389114348061724 0.7126802842131388 0.17597222215019764 0.6964454606223391 0.174934556968562 0.6911315870567052 0.17182585404896517 0.6876374970744573 0.1661201140221246 0.6842900085391583 0.16286235203282134 0.6838743038649724 0.14445950367755606 0.6895180919557082 0.13898021400548183 0.6898513792680856 0.13516778553303757 0.6916975110429827 0.1296311616332462 0.6999008355264 0.12727633931280152 0.7059098804331498 0.1269653184915628 0.7181833372469184 0.12816780717493748 0.7226004931166148 0.13394950761173463 0.7285579659027673 0.1405710899892596 0.7322135178213574 0.14388904795648677 0.7330575391342725
5 0.23731646433892156 0.7107548627858409 0.24407420310432704 0.7174487155940138 0.2481431799204996 0.7194975179861574 0.25908742570771875 0.7207984526541628 0.26282532464530983 0.7204915135332967 0.2672382820218898 0.7187793712408056 0.2700144761878018 0.7157685428051591 0.2720840830506596 0.7097995823168887 0.2708658299352523 0.7032007588350676 0.264797483165765 0.6931341935625098 0.26111834933099437 0.6897202724172204 0.25839948939279955 0.6848610636818266 0.25454119849936063 0.6843113695252347 0.2454458327206465 0.6899574061408209 0.24079209143237096 0.6899562818783959 0.23712872202963303 0.6887240283452309 0.23031364903651036 0.6899002127080982 0.23148603973092316 0.6941032102584301 0.22715190451450645 0.7067236906115439 0.22728806090238693 0.7097619915011266 0.2291799415816798 0.7108064349064381 0.2351995641799658 0.7101788204377378 0.23731646433892156 0.7107548627858409
5 0.10406353622403741 0.6938850450450997 0.10802645464129142 0.6931097048670254 0.11773668288107056 0.6856301484410852 0.12181713150396564 0.6774130877306997 0.12246066107888923 0.6716445493348255 0.121347035487297 0.663720691518338 0.11667752976698872 0.6615378996437886 0.11101765216114287 0.6605862370399788 0.1000590728169944 0.6612528116647332 0.09327409781283379 0.6626431543469651 0.08575529926686368 0.6691595604669774 0.08331161385463647 0.6786753073205182 0.0842890830583482 0.683560864247423 0.08944015660204777 0.689170189231805 0.09388464284269299 0.691821382163563 0.10406353622403741 0.6938850450450997
5 0.3548668770780783 0.5538105425643953 0.35804867865742496 0.5516162629877276 0.36049379494475553 0.5462496930390714 0.36095816746101067 0.5433453816318948 0.35966538481075017 0.5382857508041048 0.353311822583676 0.5282592699500264 0.34715461272240616 0.5216994066242593 0.33155376389670466 0.5120989938840597 0.32775566898118974 0.5119776163661969 0.324993808372207 0.5130209355090832 0.31911034216180145 0.5166868508673662 0.3169045789110632 0.5196175104660542 0.3159615003216235 0.5273936425731675 0.3167282836026016 0.5307800912645206 0.31486936266247745 0.5382481599883429 0.316521890305178 0.5417285137436226 0.33916426247876846 0.5538335179686312 0.3445389246270275 0.5548252649909203 0.3548668770780783 0.5538105425643953
5 0.2720957036927557 0.4387780491647254 0.2764642295234445 0.4388192578456298 0.2828736951031324 0.43682652462378363 0.2924792958190964 0.43067200253251 0.29526982354193765 0.4256936648041035 0.29873254795356113 0.41101177009430295 0.2946908073761437 0.4008787722117546 0.28841320555902616 0.39346227560852964 0.28117532984533283 0.387491066595409 0.2745394139108785 0.3858030239695789 0.25757554552537343 0.38512970377027383 0.251856902816707 0.3878989014326196 0.24953074761012087 0.3899729277538494 0.24702543534486643 0.3949111810637765 0.24609669031235604 0.4007198038781299 0.24872954890897514 0.4173840683700837 0.25565354205122304 0.4273303803872036 0.2636424366138618 0.4345063704795528 0.2720957036927557 0.4387780491647254
5 0.19824789340299584 0.34170963066258964 0.20910184522332914 0.34236809037250154 0.2162021336740386 0.3411518215911549 0.22847930103209943 0.33331150539890125 0.23036831996118554 0.32605759499444364 0.22734848013337117 0.31905680306540457 0.22490050209583384 0.3161250192042917 0.212424120621762 0.31220036405846463 0.20668971348106285 0.3127878941086857 0.19651082009971846 0.3107242312271489 0.1831357915820981 0.31282235721503965 0.1737093479248025 0.3161126523176159 0.1705576443344178 0.318521090213648 0.16965756641576596 0.32039469444248125 0.1711008390108363 0.32652511686709407 0.17496056077937855 0.3312239879285706 0.18857923495890128 0.33913748230536517 0.19824789340299584 0.34170963066258964
5 0.33981220870848006 0.34321611857938245 0.34996100410086256 0.34506562314155476 0.3634420910174014 0.34579163972388216 0.37456549386328886 0.34422834740319014 0.37927800025438496 0.3405086113994597 0.3849350161100241 0.33316192019350044 0.3866448779804419 0.3287722367777402 0.386762408186083 0.3213305162454292 0.3854552919788931 0.31823839471039905 0.3807700218265523 0.3138739352237249 0.3746443408293478 0.3116774071222072 0.363069468149031 0.3100283246524313 0.35200626128106743 0.3120199336118523 0.3452800513797273 0.30968941602792865 0.3426385827265924 0.31158936844827306 0.3378945474714309 0.31094576922775446 0.33462245192519835 0.3124975738463284 0.3286028293269124 0.31312518831502884 0.3217132267989366 0.31584056533192706 0.3168358969061014 0.32045701903159496 0.31229107576695114 0.33157839114915716 0.31317825100377705 0.3358214731179684 0.323043261813676 0.3418602390035046 0.3291087468329566 0.34362845046629326 0.33981220870848006 0.34321611857938245
5 0.46088258086339495 0.33755697984351885 0.4645760482550948 0.3390033916960482 0.4685088686833869 0.33801389319860925 0.4747520798862325 0.332768700767816 0.48058825280053996 0.32255778257315926 0.4796681178245453 0.30980218847521435 0.4783309036283937 0.30649590862081977 0.4673708934091419 0.30301330634068985 0.45669752952258025 0.3036397965469651 0.4479160463153116 0.30531073015855187 0.4468654784518501 0.3061135427905626 0.4471521247845403 0.31022263527696786 0.44571314481478 0.31653974356700887 0.44654012407368204 0.32035450889709105 0.44784724028087186 0.32344663043212113 0.4545146850793914 0.3294980082822003 0.46088258086339495 0.33755697984351885
5 0.5456775731082676 0.3138468517986121 0.5557203101017314 0.31287221379056634 0.5604930124707515 0.30958079442556496 0.5630556589637231 0.2967725039445977 0.561491994412805 0.28978544824252694 0.5535618649529866 0.27888859788402215 0.5437570501210116 0.273278148637215 0.5360848998800251 0.27042540935063564 0.5290290429752068 0.26988832715858657 0.5281447294885877 0.27394359899954457 0.5259991622157733 0.27730257523696145 0.5229821841381657 0.2786001371176916 0.5197258530239657 0.28233360934839025 0.5189160690721999 0.28484968853531706 0.5199537342538355 0.29016356210095096 0.5227026921809923 0.2952369291557092 0.5409478714100354 0.3112357432853335 0.5456775731082676 0.3138468517986121
5 0.15556166664995336 0.23458364098729678 0.16602148286357443 0.2241596887357006 0.17017646102132278 0.2144034353712841 0.17027965767003456 0.20892922413173304 0.1665847594032313 0.20333363537431914 0.16239539063121095 0.20042819970471734 0.15673551302536498 0.19947653710090757 0.1504306749694922 0.20014423598808712 0.14089960378838146 0.20475956542532994 0.13815493848653476 0.21213372908522543 0.13775219282330683 0.2196155340360158 0.13990205272143133 0.22870408851325247 0.14395669598067462 0.23272040019815635 0.14862620170098287 0.23490319207270588 0.15556166664995336 0.23458364098729678
4 0.1949944488448983 0.31028217836145167 0.20119465937695602 0.3109395138089384 0.20520344021520467 0.3125599995623531 0.2092566525993446 0.3124271343423721 0.21170319976177848 0.31120974129860046 0.21314361060664205 0.30904180991344415 0.21399496435409252 0.2964740259433526 0.20590001139253525 0.28647389328078515 0.20114021170534113 0.283648626448142 0.184206441308798 0.2831894645682015 0.17625050648532795 0.28452598660498585 0.16856545356251548 0.2877899335160511 0.1604762241013717 0.2943865084730219 0.15912610722339396 0.29719691481627186 0.15857287161535633 0.3036079281702396 0.16163714298906187 0.3088553691258831 0.1659325701600008 0.3145849473657029 0.17028676243376023 0.31659366533936734 0.1949944488448983 0.31028217836145167
3 0.44542496838340406 0.4821185875421417 0.45116080639920647 0.48568023439680524 0.4567160564812373 0.4879569313352815 0.4614600917363988 0.4886005305558001 0.477536784885078 0.485030768786294 0.4807486844533866 0.48305064752899096 0.48263913425757615 0.4799459140294179 0.4844349974695696 0.4637511748570975 0.48356215578967293 0.45754058359552613 0.48132343279976597 0.45195873106508033 0.47917071115143484 0.43457182277807443 0.4772329680511473 0.43113155344127396 0.47329871674775176 0.4279718750338283 0.46742815321917225 0.4255211041944668 0.45282053802921524 0.4229879159932966 0.4348978266222378 0.4279090602889804 0.4272887341093818 0.43378299145089905 0.4232985794533726 0.4426425271193781 0.4230907552808456 0.44944177269359553 0.42483500776553546 0.4577137783118535 0.4290100429806266 0.4625867232742153 0.43486627295227687 0.467005003406337 0.44542496838340406 0.4821185875421417
2 0.20709680138139214 0.23083506318933783 0.21383877571476484 0.23534724838538587 0.21927363384094786 0.23676731204640417 0.22443761006647325 0.2362599508331416 0.22945109634718883 0.2346817980230564 0.236519855933833 0.22910219401746082 0.24033085353117395 0.22310688533767903 0.24089985357124433 0.21887753959583606 0.2389148171748589 0.20889226742266187 0.2353847424097947 0.2023999609693105 0.22951274800611174 0.1958000132250644 0.22527608593799336 0.18634957471908895 0.2080829054475152 0.1736971248623386 0.1923057613133522 0.17525929292060544 0.18646672664883795 0.17717185730549306 0.1846809043684636 0.17895155647039976 0.1768310279439121 0.1831122210774022 0.1704846200923547 0.1938316247477465 0.17063654091226782 0.1990515932494537 0.17628351583628782 0.20611994205090828 0.1796616697814389 0.20739228000255241 0.20709680138139214 0.23083506318933783