5 0.2767857142857143 0.33499134948096887 0.28859447004608296 0.34666955017301043 0.29493087557603687 0.3479671280276817 0.2986751152073733 0.34731833910034604 0.3024193548387097 0.34537197231833916 0.3038594470046083 0.3423442906574395 0.3038594470046083 0.3315311418685122 0.29464285714285715 0.3211505190311419 0.2911866359447005 0.3202854671280277 0.2860023041474654 0.3207179930795848 0.27880184331797236 0.32482698961937717 0.2767857142857143 0.3280709342560554 0.27534562211981567 0.33109861591695505 0.2767857142857143 0.33499134948096887
5 0.3418778801843318 0.3207179930795848 0.34101382488479265 0.3276384083044983 0.342741935483871 0.3315311418685122 0.3487903225806452 0.3369377162629758 0.35195852534562216 0.3382352941176471 0.3554147465437788 0.3382352941176471 0.36031105990783413 0.33672145328719727 0.3654953917050691 0.3323961937716263 0.36722350230414746 0.3259083044982699 0.3663594470046083 0.31401384083044986 0.36319124423963134 0.3073096885813149 0.3600230414746544 0.305363321799308 0.35627880184331795 0.30449826989619383 0.3485023041474654 0.305363321799308 0.34475806451612906 0.3073096885813149 0.3392857142857143 0.3142301038062284 0.3389976958525346 0.3179065743944637 0.3418778801843318 0.3207179930795848
5 0.3064516129032258 0.3488321799307959 0.309331797235023 0.3512110726643599 0.31739631336405527 0.35510380622837373 0.32430875576036866 0.35618512110726647 0.33122119815668205 0.3548875432525952 0.334389400921659 0.3531574394463668 0.34043778801843316 0.34537197231833916 0.34101382488479265 0.3382352941176471 0.33842165898617516 0.33174740484429066 0.3418778801843318 0.3235294117647059 0.33842165898617516 0.3146626297577855 0.334389400921659 0.317257785467128 0.3306451612903226 0.32482698961937717 0.3185483870967742 0.3205017301038063 0.31077188940092165 0.3220155709342561 0.3064516129032258 0.3274221453287197 0.3050115207373272 0.33672145328719727 0.3050115207373272 0.34580449826989623 0.3064516129032258 0.3488321799307959
5 0.2566244239631336 0.35294117647058826 0.25777649769585254 0.35596885813148793 0.2638248847926267 0.3626730103806229 0.2727534562211982 0.3665657439446367 0.28456221198156684 0.36721453287197237 0.28830645161290325 0.36591695501730104 0.2932027649769585 0.35921280276816614 0.29406682027649766 0.35575259515570934 0.2932027649769585 0.35207612456747406 0.28629032258064513 0.34602076124567477 0.28197004608294934 0.34429065743944637 0.2744815668202765 0.3429930795847751 0.26440092165898615 0.34364186851211076 0.25864055299539174 0.34602076124567477 0.2566244239631336 0.3488321799307959 0.2566244239631336 0.35294117647058826
5 0.3001152073732719 0.40008650519031147 0.31077188940092165 0.4054930795847751 0.3251728110599078 0.4048442906574395 0.3306451612903226 0.4031141868512111 0.3352534562211982 0.40030276816608995 0.3364055299539171 0.39749134948096887 0.3352534562211982 0.38754325259515576 0.33122119815668205 0.38408304498269896 0.3234447004608295 0.3808391003460208 0.31768433179723504 0.37954152249134954 0.3067396313364056 0.3791089965397924 0.2998271889400922 0.38256920415224915 0.2975230414746544 0.38711072664359863 0.2966589861751152 0.3905709342560554 0.3001152073732719 0.40008650519031147
5 0.557315668202765 0.3914359861591696 0.5601958525345622 0.3929498269896194 0.5711405529953917 0.39359861591695505 0.5846774193548387 0.3907871972318339 0.5933179723502304 0.3868944636678201 0.5985023041474655 0.379757785467128 0.5999423963133641 0.3695934256055363 0.5961981566820277 0.3618079584775087 0.5918778801843319 0.35834775086505194 0.5809331797235023 0.35661764705882354 0.5728686635944701 0.3581314878892734 0.5576036866359447 0.36526816608996543 0.5515552995391706 0.37564878892733566 0.5532834101382489 0.3853806228373703 0.557315668202765 0.3914359861591696
5 0.47292626728110604 0.4044117647058824 0.4775345622119816 0.4070069204152249 0.48300691244239635 0.40808823529411764 0.49711981566820274 0.40830449826989623 0.5025921658986175 0.4063581314878893 0.5086405529953917 0.40051903114186854 0.5109447004608295 0.39424740484429066 0.5103686635944701 0.38624567474048443 0.5034562211981567 0.37716262975778553 0.5002880184331797 0.3695934256055363 0.49769585253456217 0.3680795847750865 0.4933755760368664 0.36721453287197237 0.4818548387096774 0.3695934256055363 0.47955069124423966 0.37326989619377166 0.47638248847926273 0.3752162629757786 0.4697580645161291 0.3819204152249135 0.4683179723502304 0.38624567474048443 0.4683179723502304 0.39749134948096887 0.47292626728110604 0.4044117647058824
5 0.6033986175115207 0.4156574394463668 0.6059907834101382 0.42171280276816614 0.6120391705069125 0.4273356401384083 0.618663594470046 0.43101211072664364 0.6232718894009217 0.43166089965397925 0.6411290322580645 0.43079584775086505 0.6440092165898618 0.42971453287197237 0.6549539170506913 0.4219290657439447 0.6569700460829494 0.4156574394463668 0.6569700460829494 0.4108996539792388 0.6532258064516129 0.4070069204152249 0.6471774193548387 0.40289792387543255 0.6402649769585254 0.40051903114186854 0.6330645161290323 0.39965397923875434 0.6195276497695853 0.40116782006920415 0.6143433179723503 0.40268166089965407 0.6048387096774194 0.4087370242214533 0.6033986175115207 0.4108996539792388 0.6033986175115207 0.4156574394463668
5 0.4804147465437788 0.46345155709342567 0.4858870967741936 0.4712370242214533 0.48963133640552997 0.47383217993079585 0.494815668202765 0.4757785467128028 0.501152073732719 0.4768598615916956 0.518721198156682 0.47404844290657444 0.5233294930875576 0.47188581314878897 0.5273617511520737 0.4682093425605537 0.5311059907834101 0.4569636678200692 0.530241935483871 0.4493944636678201 0.5253456221198156 0.4422577854671281 0.5279377880184332 0.434688581314879 0.5259216589861752 0.43252595155709345 0.5195852534562212 0.4377162629757786 0.4919354838709678 0.4439878892733565 0.4879032258064516 0.4457179930795848 0.4824308755760369 0.45112456747404844 0.4798387096774194 0.4563148788927336 0.4804147465437788 0.46345155709342567
4 0.15207373271889402 0.6381920415224914 0.1578341013824885 0.6401384083044983 0.17194700460829493 0.6410034602076126 0.19527649769585254 0.6381920415224914 0.20046082949308755 0.6371107266435987 0.2036290322580645 0.6338667820069205 0.20161290322580644 0.6262975778546713 0.19671658986175117 0.6219723183391004 0.18922811059907835 0.6187283737024222 0.17482718894009217 0.6169982698961938 0.16474654377880185 0.6135380622837371 0.16129032258064518 0.6141868512110726 0.15581797235023043 0.6211072664359862 0.14976958525345624 0.6262975778546713 0.15005760368663595 0.6358131487889274 0.15207373271889402 0.6381920415224914
3 0.5279377880184332 0.4256055363321799 0.5328341013824885 0.4329584775086506 0.5362903225806452 0.4362024221453288 0.5403225806451613 0.4362024221453288 0.5567396313364055 0.44096020761245674 0.5648041474654378 0.44096020761245674 0.5745967741935484 0.4383650519031142 0.5789170506912442 0.4359861591695502 0.5855414746543779 0.43403979238754326 0.5875576036866359 0.4320934256055364 0.5918778801843319 0.418901384083045 0.589573732718894 0.411764705882353 0.5861175115207373 0.40743944636678203 0.5780529953917051 0.40116782006920415 0.5673963133640554 0.3966262975778547 0.5576036866359447 0.395544982698962 0.5515552995391706 0.39597750865051906 0.5360023041474655 0.40030276816608995 0.5288018433179723 0.4048442906574395 0.5256336405529953 0.4126297577854672 0.5250576036866359 0.41846885813148793 0.5279377880184332 0.4256055363321799
2 0.12211981566820278 0.6128892733564014 0.12903225806451613 0.6200259515570934 0.13623271889400923 0.6239186851211074 0.14688940092165897 0.6250000000000001 0.1509216589861751 0.6245674740484429 0.15725806451612906 0.6195934256055364 0.16215437788018433 0.6126730103806228 0.160426267281106 0.6022923875432526 0.15120967741935484 0.5979671280276817 0.14285714285714285 0.5966695501730104 0.1336405529953917 0.5962370242214534 0.12960829493087558 0.596885813148789 0.12528801843317974 0.5983996539792388 0.12096774193548387 0.6031574394463668 0.12067972350230416 0.6070501730103807 0.12211981566820278 0.6128892733564014
2 0.14112903225806453 0.5849913494809689 0.14746543778801843 0.5901816608996541 0.15754608294930877 0.5923442906574394 0.16244239631336405 0.5899653979238755 0.16561059907834103 0.5871539792387543 0.1716589861751152 0.5780709342560554 0.17223502304147467 0.5756920415224914 0.17108294930875576 0.5709342560553634 0.1679147465437788 0.5689878892733564 0.1615783410138249 0.5672577854671281 0.15725806451612906 0.5672577854671281 0.1480414746543779 0.5689878892733564 0.1396889400921659 0.5743944636678201 0.13940092165898618 0.5789359861591696 0.14112903225806453 0.5849913494809689