2 0.6878563218689749 0.49059257348112906 0.6839228765365342 0.49150574520115137 0.6826716638801885 0.4943615579203226 0.6830560261889166 0.504834545151941 0.6879746925763376 0.5178019999473167 0.6915621938692113 0.5215614102914794 0.6962299260473469 0.5231539541582355 0.713870119038469 0.5220199048159365 0.7164061175254011 0.5198159464134855 0.7162223296645972 0.5154563695566491 0.7132772212870166 0.5120228863708466 0.7059648101044267 0.5087006789601776 0.7043795949007141 0.5063450050015678 0.7033656457664132 0.5005946137101902 0.7050379098056074 0.4934921738373064 0.7025642125722368 0.4910735640516287 0.700428498383633 0.4905717513630769 0.6878563218689749 0.49059257348112906
3 0.75827570473922 0.49354767897024515 0.7533786700338395 0.4939719599527271 0.7476474935575619 0.4963001160813233 0.7423294074693327 0.5009710242175179 0.7370656616398649 0.5076087433268943 0.7362650930432085 0.5130202855089001 0.741020738654346 0.5200873073847297 0.7466688467925421 0.5239225755069717 0.753434739487641 0.5258039546070434 0.7632871296545631 0.5236275140346061 0.7678837349868173 0.5214994134102343 0.7724299805577106 0.5141098122320253 0.773418317512571 0.5097631573262006 0.7719705109057011 0.5032108700899345 0.7677613837820546 0.4975846765247021 0.7643992045190257 0.4951031309119567 0.75827570473922 0.49354767897024515
3 0.661237163348509 0.5220773493861218 0.658267307389008 0.5234794118436843 0.6508550412812159 0.5245667951659078 0.6485275782370081 0.5262947847818301 0.6460587260985575 0.5355140772560644 0.647055888645738 0.5395106350294961 0.6564960530221318 0.5499240342900277 0.6621441611603278 0.5537593024122697 0.6668494470101044 0.5555648237342619 0.6738821959040886 0.5556423554403318 0.6875929240601699 0.5521267882373997 0.6919681878599797 0.5454261333009555 0.6913169693523663 0.5367569934633389 0.6845590376520676 0.5282862352019565 0.6789109295138716 0.5244509670797144 0.661237163348509 0.5220773493861218
5 0.27174525840115654 0.5854849006573696 0.2666772419246925 0.5865981278816162 0.2640285824228382 0.5881631539183588 0.26158447786630806 0.592546900749228 0.26112587281181876 0.5965805504477043 0.26422119587596227 0.6008659434544515 0.2686803926113738 0.6029344561077362 0.27291426731694063 0.6037251040296037 0.28018912482788993 0.6068343339850365 0.2882605704380956 0.6078267113391188 0.2949928899589538 0.606200423403299 0.29794595933133433 0.6030445274277908 0.2993721342561636 0.5962050788861994 0.29814964967913843 0.5909306563813504 0.2919550230534513 0.5856545599485111 0.28420477390089227 0.5848251461736088 0.27174525840115654 0.5854849006573696
5 0.3043129544329447 0.5595392125165085 0.2960250123852147 0.5656121831102653 0.29382699694304965 0.5697329386098423 0.2962679855996998 0.5835764732001956 0.30284212943919475 0.5876876546047416 0.3100250930197421 0.5886170961317562 0.3169451808988041 0.5880556954721172 0.3215625533155789 0.5843867387850361 0.32381888951390514 0.5789381046779859 0.3251284229264119 0.5747544133513411 0.32335941986189554 0.5680391625358949 0.3163178453755911 0.5596184181505687 0.3082088460937446 0.5584130633412501 0.3043129544329447 0.5595392125165085
5 0.3316283240201454 0.593372231685982 0.3243287189272757 0.5950985473739141 0.31632441966555147 0.6011215040916148 0.315127547267967 0.6059441277839681 0.3094674976375708 0.6119929284036922 0.30851671435435135 0.6165525607647531 0.3096848586726154 0.6198601722964201 0.3187198936557608 0.6213414403880425 0.3267122514252848 0.6252025524123079 0.3301159648573546 0.6246023858996341 0.3439720626050789 0.6103008262577351 0.3458904157586382 0.602935395053559 0.34481814586817616 0.5985128823696548 0.3432704843361044 0.5963701858662811 0.33724285898410067 0.5936998327723325 0.3316283240201454 0.593372231685982
5 0.3650182203306305 0.5754067371409727 0.35690524055138406 0.5774960719123097 0.35058203092117435 0.584759801436383 0.34830492763832777 0.5917492916061429 0.3493020901855082 0.5957458493795746 0.35411605655280703 0.6014849926479309 0.35738634188543406 0.6017867498322581 0.3683357495247388 0.5991972763003599 0.3733494257424416 0.596117238102931 0.37780377738293297 0.586547848496304 0.37684814900479335 0.5794695785974531 0.37429934442814106 0.5766250139013029 0.3703115588369392 0.5755713746481432 0.3650182203306305 0.5754067371409727
5 0.462757475392796 0.5458751152759829 0.4598962999508173 0.5512107996799092 0.46529433847724827 0.5586037487140989 0.4702832671130306 0.5603592561600351 0.473762087888382 0.5601850445578338 0.47762042587754117 0.5588459179273391 0.48354335120942277 0.5542879594942687 0.4865587218353645 0.5465094953306316 0.48620395220347723 0.54283886471556 0.4842599868704774 0.5401072497225339 0.4768517012600852 0.5378999434641021 0.4671663123668465 0.5426821273754301 0.462757475392796 0.5458751152759829
5 0.5393578142014879 0.5341252022587699 0.5359333336848976 0.5362662248341532 0.5317122650690511 0.5405241000108869 0.5280337344432956 0.5495174930788732 0.5272539329311596 0.5533881791981694 0.5279674526923344 0.5574347508476573 0.5295151142244061 0.559577447351031 0.537207042620804 0.5617347397334067 0.5401768985803048 0.5603326772758442 0.5439720707183827 0.5486835269929112 0.5466790509763982 0.5457906223486954 0.5529607264375671 0.541608604950041 0.5519427968058661 0.5391529032393187 0.5489601347566448 0.5355064425982801 0.5451057772648858 0.5335508796481194 0.5393578142014879 0.5341252022587699
5 0.5506540304778798 0.5417957385032539 0.5433464643902098 0.5501114333524968 0.5409191464208002 0.5562490137013119 0.5407402036549164 0.5635273391043872 0.5445905806492755 0.5687775916352034 0.5494085275139744 0.5712220453229042 0.5529624556326074 0.5714737886311754 0.5617178283271469 0.5697103810181987 0.5649337734010129 0.568045327229344 0.5672444498581004 0.5645635040954756 0.5688791602256539 0.5572480867673557 0.5671309242456579 0.5489919798891999 0.5616370112914251 0.5427139320072473 0.554908672267967 0.5410455303624119 0.5506540304778798 0.5417957385032539
5 0.5383097697856267 0.587892200874425 0.5333712009112054 0.591398193982326 0.531982579658017 0.5984506199791537 0.5371345290700829 0.6061065603446357 0.5404216009898303 0.6081621510469087 0.5466034215257971 0.6083897243811471 0.5529186701612067 0.6077153740183843 0.5545078658623193 0.6067763583963387 0.5557007577625038 0.6052484242846408 0.5542153974839932 0.5984831595931384 0.5501229118726693 0.5902012088129593 0.5452506247492092 0.5857899441520764 0.5383097697856267 0.587892200874425
5 0.7126626918535239 0.48863413214789897 0.707990979177988 0.4903362778617983 0.7042245351192309 0.49385519292071106 0.7027024857665997 0.5018095426145396 0.7049261133882053 0.507785833312165 0.7082507389795936 0.5100544014696742 0.7172274532065779 0.51286354816877 0.7198138114548709 0.5159210903201564 0.7229546491854555 0.5138300816208293 0.7240932008268788 0.5103353365359493 0.7300368932432806 0.5042365220401692 0.730741587412135 0.49993988101040054 0.7291979063774633 0.49450249492637155 0.7238917617814344 0.48928933432060007 0.714952601226091 0.4866931650767404 0.7126626918535239 0.48863413214789897
5 0.7100294322339503 0.5400454568049441 0.7073224519759348 0.54293836144916 0.7063341150210745 0.5472850163549847 0.707385617827016 0.5532483851015984 0.7129961722935713 0.5568706757686042 0.7195910832175867 0.5594410011104407 0.7234286541222255 0.5596427305426557 0.7308033665583769 0.5583423697651959 0.7350787754329844 0.5560513055616443 0.7371433627757068 0.5528324737590682 0.736475357680973 0.5424095004035058 0.73000106876668 0.5338887282660674 0.7193560709979017 0.5348873318591998 0.7100294322339503 0.5400454568049441
5 0.6189423646373221 0.6968696392901453 0.6111130276440815 0.6989089601854259 0.606307886869103 0.7015130295963262 0.6038094420538117 0.7039299654540134 0.6001684650996971 0.713136335977236 0.6007693238459495 0.7165439752610151 0.6103468968191861 0.7227607612438904 0.6155068072260519 0.7238273224480618 0.6221056986474672 0.7231029582092429 0.6312613556403351 0.7186337795052633 0.6348024776692477 0.7138369997149333 0.6370756004546944 0.7101421991258288 0.6356861146039858 0.7022620332820892 0.6326451317986035 0.6999434512485239 0.6245568996012774 0.6971972403764958 0.6189423646373221 0.6968696392901453