5 0.5936908441869526 0.5487083285318964 0.5996702537160117 0.5509765903154897 0.6088938658987897 0.5519962710737458 0.6195656806469706 0.5480234578089362 0.6340992459631883 0.5362860882765467 0.6359515208870288 0.5333844459316037 0.6362172737433233 0.5296726229459355 0.63250183774765 0.520158735322571 0.6229939603094781 0.513968540409684 0.6157460588695814 0.5120732789343936 0.6092801634963532 0.5119122188480001 0.5970817302321478 0.51353502023383 0.5912032465879202 0.5159510422152134 0.5895455660017472 0.5180098038812764 0.5857135827999149 0.5333275862206214 0.586304623244913 0.5410103923928149 0.5908957337600909 0.5467313169612198 0.5936908441869526 0.5487083285318964
5 0.6365454524097987 0.5794655429717832 0.6505511407294249 0.5802575435151471 0.6583566865321174 0.5771766609864494 0.6614251760663812 0.5690070143985066 0.6657022539599604 0.5620041987405152 0.6657549000794876 0.5502529192934276 0.6647035124405275 0.5471248167857822 0.6594912252950345 0.5428141433552032 0.6546343619235621 0.5408050417724668 0.6453247075390551 0.5388776902851166 0.6377362660082401 0.538457469997866 0.6302487503622565 0.5427215334755924 0.6278613410098297 0.547941097687455 0.625758196912797 0.5583311760539489 0.6276326129517346 0.5694175949537221 0.6333237596902894 0.5780559018600522 0.6365454524097987 0.5794655429717832
5 0.860710574595348 0.4560983423045422 0.8676890944629527 0.4565997026610842 0.8907913304303186 0.451279598230379 0.8955585228840647 0.4472753049796044 0.8975080949767392 0.4439522222952215 0.8912295365091838 0.43273683332111457 0.8817477977212189 0.42899414037557604 0.8621104973954468 0.4346702850694122 0.8507688574325339 0.44026406964176756 0.8480746728905032 0.44297134183606757 0.8474309863259781 0.4470398151109616 0.8486170647510842 0.4508648681779812 0.8517788539190716 0.4538143405279663 0.860710574595348 0.4560983423045422
5 0.9005246760297014 0.41424128839079766 0.9025003867725829 0.41336570767376324 0.9095275552246047 0.41365634786058514 0.9366334899781478 0.4114800859305078 0.9435335938951311 0.40463894038500464 0.9394438529072249 0.4005874271552825 0.9315598911539109 0.3963258037819352 0.926040828818814 0.38950283833379346 0.922613286794532 0.3902651889694767 0.9208096604551086 0.39295611114469964 0.9177974457563692 0.3944802023899713 0.8988187156782242 0.39986448684479614 0.8948934328426683 0.40406315024621337 0.8941299391750996 0.41121128599761575 0.8949380838919752 0.4153929893538611 0.8982944673976302 0.4174995810249662 0.9005246760297014 0.41424128839079766
5 0.6845057586880227 0.18991544949677758 0.6937032322205936 0.1884876282876852 0.6991177399548619 0.1855205858664334 0.7022123681393329 0.17979844124583905 0.7022573880077524 0.17448199697170227 0.6990059279220386 0.16551912978820624 0.6965887512034074 0.16318546792830385 0.692525148865708 0.16158145666593002 0.6838628097617233 0.16069135600810278 0.6781415268378511 0.16114610641179197 0.6675557542913991 0.16602659040569576 0.6656548307831418 0.16913895292035863 0.6646107005761765 0.17622229862154665 0.6669828574263883 0.18387240475558583 0.6704739317181894 0.1866759469860652 0.6845057586880227 0.18991544949677758
4 0.4250426084798212 0.0321330143858007 0.4299368654686056 0.03526050686735127 0.438123973695526 0.036928698153844496 0.4461016039016764 0.03566315708333514 0.45034491689394096 0.03264767463094635 0.4524890833242831 0.02848171126768344 0.4532787156420589 0.023781077483629433 0.4521115184351654 0.012192078175124799 0.44718987874047206 0 0.4140180721964929 0 0.41254539509623234 0.008162405199332756 0.4118378074450755 0.025311268989848656 0.4140977834433512 0.029606202427445095 0.4250426084798212 0.0321330143858007
4 0.7249159450846923 0.2658303502547671 0.7327512582535892 0.2703026937978344 0.7364968304345797 0.2707235241111796 0.7396923845038818 0.26968566325556215 0.7487776771845166 0.2649026693500271 0.7519957411880285 0.2612065863573413 0.7515992950806982 0.25268089950626765 0.7473077023231294 0.23926081874659205 0.7419719793585953 0.23292408368810463 0.732561399089257 0.22631244843577755 0.721702616254516 0.2246933072065163 0.7163854056890815 0.22723890928832818 0.7130326508994237 0.23023804172163978 0.7093281010517425 0.23604132641152548 0.7083213644620894 0.2442430630115279 0.7090808605945478 0.24863548653749318 0.7207775555123688 0.261989557194765 0.7249159450846923 0.2658303502547671
4 0.9412623629297505 0.4016731180159422 0.9482296278302507 0.4035035894410184 0.953400892642434 0.40159014786836644 0.9579847457256173 0.3970996242279376 0.96471639395514 0.3935488613286628 0.9705426002989533 0.38623783541258266 0.9710889896946446 0.38259080247712846 0.9694875839439963 0.3780040088005205 0.9605260959015152 0.3681667809521795 0.9540453168451843 0.3642291078299034 0.9500191081247971 0.3637434874663439 0.9408702831766433 0.3649605885057164 0.9325408579124697 0.3690302818328 0.9276538583556798 0.37611423756008283 0.9262317944404842 0.3835542335504968 0.9287872906612588 0.39169057007419017 0.9311445638283683 0.3955640631723468 0.9412623629297505 0.4016731180159422
4 0.6749563711471686 0.5372845388069674 0.682713268365444 0.5344143764479895 0.6906386212711801 0.5282538314427834 0.6953985562929312 0.5140380899831751 0.6939169576453265 0.5063716338300588 0.6883605016929175 0.4984302774831028 0.6839901241656144 0.4943139742031667 0.6711407469048896 0.48979380065505707 0.6622239099117152 0.4912864119143638 0.6563940748519044 0.4934917137260272 0.6506539107098199 0.5017104103712016 0.6488165194690817 0.5083886657520269 0.6492354755106217 0.5142561304660322 0.6552595360889873 0.5278542313572734 0.6642435340656782 0.535033237068546 0.6749563711471686 0.5372845388069674
4 0.27453630919342586 0.46126470036330164 0.3007440594932548 0.46553962362525236 0.3060874087088964 0.4654415235107889 0.31369836017392116 0.463203521660971 0.32969864045464137 0.4553559952458154 0.33153603169537976 0.4486777398649899 0.3301030816321918 0.4408005635421536 0.32517143102609536 0.43655468016178867 0.3174708086433443 0.43277928717809566 0.31055219232726144 0.4307380955832995 0.293313556321021 0.4298655649967388 0.28579990202483013 0.4316821265071167 0.2787240849883915 0.43160220649001485 0.268946457158815 0.4406643938401638 0.26646175063755434 0.44630539839146655 0.26609870061242613 0.4504386617165749 0.2684334638453258 0.45697037695179993 0.27108262851893683 0.4595795490316365 0.27453630919342586 0.46126470036330164
3 0.31212998168636186 0.48792196154232936 0.31638817836172883 0.4886830921258232 0.3298848709029761 0.4942405165034553 0.3484181374702612 0.4971875487490614 0.36240131585567775 0.5006377714294937 0.37195058444627194 0.4964057979638272 0.3815074792879737 0.48573898932520965 0.3828808946187525 0.47850971350451577 0.37878752491484874 0.46935247617037695 0.3752216633884236 0.4643121521422692 0.3717305890966226 0.4615086099117899 0.3579906536332907 0.45700478638275754 0.344228208235749 0.4551591849907936 0.32645443780092237 0.45660457627115275 0.3139303481289009 0.4634790318809053 0.30900232623880186 0.4643388726049572 0.30340447913397073 0.4668196846365548 0.30142114213998167 0.4741301005265403 0.30336671669754595 0.4823475771195252 0.30550325687678054 0.4846164489292134 0.31212998168636186 0.48792196154232936
3 0.35754992529576646 0.42050297704225165 0.36749926870968824 0.42990241453207545 0.37511384889071037 0.43277013678667436 0.3805207303738712 0.4362379295383735 0.3844496419254245 0.4371449902413729 0.3880605233202691 0.43686886999534397 0.4004648058892471 0.43307407686209987 0.40475676746592865 0.42984787423999105 0.40871581520279926 0.4216618776329712 0.40869730280369965 0.41277954049267185 0.40550937498550504 0.4073825661753382 0.38724948752562194 0.3942888757711129 0.3839791462216958 0.393089954829102 0.3769519777696741 0.39279931464227996 0.3664711286431635 0.39082352312379287 0.3459022477814751 0.39029190283347537 0.34223146283510864 0.3921078543177585 0.3384034771683865 0.39588507737973594 0.33666338309648197 0.4021418924211213 0.33885220057613097 0.4093057681655063 0.3429419415640374 0.4133572813952283 0.35754992529576646 0.42050297704225165
5 0.33553062895399866 0.5248415510657067 0.34213121511337286 0.5256995617114744 0.35796303970663257 0.5211424179425471 0.36393519180369677 0.5131992315173071 0.36647980187647927 0.50601839572775 0.36500183194487185 0.5034576636790504 0.36220672151801003 0.5014806521083737 0.3538475288876317 0.4979971193636922 0.3456604206607114 0.496328928077199 0.33488768002769925 0.49561745757703174 0.325424453638834 0.5007571017717926 0.3235721787149934 0.5036587441167353 0.32272264284569585 0.5098992091390435 0.3258132734950566 0.5157176237958171 0.3327841671115538 0.5226538193253101 0.33553062895399866 0.5248415510657067