3 0.21255760368663595 0.34364186851211076 0.21745391705069123 0.34580449826989623 0.22983870967741934 0.34753460207612463 0.23531105990783413 0.34580449826989623 0.2511520737327189 0.3438581314878893 0.25460829493087556 0.3399653979238755 0.2620967741935484 0.33499134948096887 0.26900921658986177 0.33347750865051906 0.2733294930875576 0.3315311418685122 0.26497695852534564 0.32785467128027684 0.2557603686635945 0.3259083044982699 0.23099078341013826 0.32396193771626297 0.2203341013824885 0.32482698961937717 0.21342165898617513 0.32785467128027684 0.20881336405529954 0.3313148788927336 0.20910138248847926 0.3384515570934256 0.21255760368663595 0.34364186851211076
3 0.32402073732718895 0.3628892733564014 0.326036866359447 0.36526816608996543 0.32747695852534564 0.37478373702422146 0.3303571428571429 0.37867647058823534 0.3346774193548387 0.3788927335640139 0.34475806451612906 0.37737889273356406 0.34706221198156684 0.37846020761245674 0.3487903225806452 0.3823529411764706 0.3525345622119816 0.3830017301038063 0.35627880184331795 0.3814878892733564 0.35944700460829493 0.37564878892733566 0.37327188940092165 0.3752162629757786 0.37644009216589863 0.3730536332179931 0.3770161290322581 0.36548442906574397 0.37384792626728114 0.35748269896193774 0.3654953917050691 0.3525086505190312 0.3600230414746544 0.34537197231833916 0.35195852534562216 0.3408304498269897 0.33496543778801846 0.33650519031141873 0.33150921658986177 0.3375865051903114 0.32747695852534564 0.3406141868512111 0.320852534562212 0.34753460207612463 0.320852534562212 0.35532006920415227 0.32402073732718895 0.3628892733564014
3 0.39055299539170507 0.3438581314878893 0.39400921658986177 0.34364186851211076 0.40034562211981567 0.34126297577854675 0.4049539170506913 0.3414792387543253 0.4115783410138249 0.3432093425605537 0.4147465437788019 0.3414792387543253 0.41705069124423966 0.3369377162629758 0.42079493087557607 0.3336937716262976 0.42857142857142855 0.3313148788927336 0.4314516129032258 0.3315311418685122 0.43663594470046085 0.33434256055363326 0.44268433179723504 0.3408304498269897 0.4495967741935484 0.3282871972318339 0.4498847926267281 0.3235294117647059 0.44873271889400923 0.3198529411764706 0.44642857142857145 0.317257785467128 0.43807603686635943 0.3155276816608997 0.43202764976958524 0.3127162629757786 0.42857142857142855 0.31293252595155713 0.4216589861751152 0.3155276816608997 0.4150345622119816 0.3157439446366782 0.40754608294930883 0.3202854671280277 0.3972733294930876 0.32908023356401384 0.3894009216589862 0.3336937716262976 0.3879608294930876 0.33628892733564014 0.3879608294930876 0.3416955017301038 0.39055299539170507 0.3438581314878893
5 0.3620391705069125 0.32525951557093424 0.3660714285714286 0.3282871972318339 0.3755760368663595 0.3315311418685122 0.3824884792626728 0.3321799307958478 0.3870967741935484 0.3336937716262976 0.39660138248847926 0.3291522491349481 0.4069700460829493 0.32006920415224915 0.4153225806451613 0.31444636678200694 0.4179147465437788 0.3079584775086505 0.4173387096774194 0.30363321799307963 0.4150345622119816 0.29974048442906576 0.40985023041474655 0.29671280276816614 0.396889400921659 0.29671280276816614 0.38479262672811065 0.3003892733564014 0.3660714285714286 0.3088235294117647 0.3620391705069125 0.3137975778546713 0.36059907834101385 0.3181228373702422 0.36031105990783413 0.3211505190311419 0.3620391705069125 0.32525951557093424
5 0.38508064516129037 0.3624567474048443 0.3856566820276498 0.36548442906574397 0.388536866359447 0.3680795847750865 0.3983294930875576 0.36786332179930803 0.4069700460829493 0.36613321799307963 0.41100230414746547 0.3628892733564014 0.40783410138248855 0.3618079584775087 0.40610599078341014 0.35986159169550175 0.41100230414746547 0.34558823529411764 0.40812211981566826 0.34191176470588236 0.40005760368663595 0.3410467128027682 0.3914170506912443 0.34515570934256057 0.38306451612903225 0.3579152249134948 0.38277649769585254 0.3596453287197232 0.38508064516129037 0.3624567474048443
5 0.40437788018433185 0.3628892733564014 0.405241935483871 0.36440311418685123 0.41013824884792627 0.36721453287197237 0.4251152073732719 0.3721885813148789 0.4291474654377881 0.3717560553633218 0.4334677419354839 0.36937716262975784 0.4372119815668203 0.36613321799307963 0.4415322580645161 0.35986159169550175 0.4438364055299539 0.35358996539792387 0.4438364055299539 0.34818339100346024 0.4421082949308756 0.34191176470588236 0.4360599078341014 0.33347750865051906 0.432315668202765 0.3321799307958478 0.4279953917050691 0.33196366782006925 0.42021889400921664 0.3336937716262976 0.41705069124423966 0.3360726643598616 0.4130184331797235 0.3416955017301038 0.41071428571428575 0.34515570934256057 0.408410138248848 0.35207612456747406 0.4055299539170507 0.35575259515570934 0.404089861751152 0.358780276816609 0.40437788018433185 0.3628892733564014
5 0.3297811059907834 0.4067906574394464 0.33150921658986177 0.41154844290657444 0.3389976958525346 0.42214532871972327 0.3525345622119816 0.4234429065743945 0.3660714285714286 0.4178200692041523 0.3715437788018433 0.41133217993079585 0.3643433179723502 0.39878892733564014 0.3557027649769585 0.3899221453287197 0.3424539170506912 0.38581314878892736 0.33496543778801846 0.386461937716263 0.33093317972350234 0.38884083044982704 0.3294930875576037 0.3933823529411765 0.3289170506912443 0.40116782006920415 0.3297811059907834 0.4067906574394464
5 0.47667050691244245 0.36224048442906576 0.47926267281105994 0.3628892733564014 0.48502304147465436 0.3628892733564014 0.4873271889400922 0.3618079584775087 0.496831797235023 0.3602941176470588 0.5028801843317973 0.35445501730103807 0.5034562211981567 0.3527249134948097 0.49884792626728114 0.34688581314878897 0.48819124423963134 0.3447231833910035 0.4841589861751152 0.34450692041522496 0.4772465437788019 0.34580449826989623 0.47321428571428575 0.3488321799307959 0.4737903225806452 0.3594290657439447 0.47667050691244245 0.36224048442906576
5 0.5002880184331797 0.34602076124567477 0.5077764976958525 0.3531574394463668 0.5155529953917051 0.35769896193771633 0.5181451612903226 0.3579152249134948 0.5262096774193549 0.35661764705882354 0.5305299539170507 0.354022491349481 0.5322580645161291 0.3514273356401384 0.5322580645161291 0.34515570934256057 0.5308179723502304 0.3421280276816609 0.5256336405529953 0.3369377162629758 0.5129608294930875 0.3298010380622838 0.5051843317972351 0.3280709342560554 0.4985599078341014 0.33023356401384085 0.4965437788018433 0.33261245674740486 0.496831797235023 0.3384515570934256 0.5002880184331797 0.34602076124567477
5 0.5371543778801844 0.3488321799307959 0.5466589861751152 0.3527249134948097 0.5504032258064516 0.35618512110726647 0.557315668202765 0.35748269896193774 0.5642281105990784 0.3522923875432526 0.5691244239631337 0.34580449826989623 0.5702764976958525 0.3384515570934256 0.5685483870967742 0.3267733564013841 0.5662442396313364 0.32374567474048443 0.5607718894009217 0.32093425605536335 0.5538594470046083 0.3207179930795848 0.5408986175115207 0.32785467128027684 0.5357142857142858 0.33801903114186854 0.5354262672811061 0.34537197231833916 0.5371543778801844 0.3488321799307959
5 0.5780529953917051 0.32698961937716264 0.5806451612903226 0.3293685121107267 0.5910138248847926 0.3291522491349481 0.5950460829493088 0.3280709342560554 0.6028225806451613 0.32461072664359863 0.6071428571428572 0.3205017301038063 0.6103110599078342 0.3109861591695502 0.6085829493087558 0.30384948096885817 0.6065668202764977 0.30190311418685123 0.6008064516129032 0.2993079584775087 0.5918778801843319 0.2993079584775087 0.5889976958525346 0.3003892733564014 0.5777649769585254 0.3092560553633218 0.5751728110599078 0.3142301038062284 0.5745967741935484 0.32093425605536335 0.5780529953917051 0.32698961937716264