0 0.5221409303368834 0.7290725750142056 0.5298255197541482 0.7292054897833931 0.533318163349368 0.7282932350727431 0.5363373598438825 0.7221366146237164 0.5357771445546414 0.7184308001387094 0.5340646276067014 0.7157749860046331 0.5277581949742552 0.7113051293366255 0.5207192998551321 0.7097730192447129 0.5129836808684539 0.7134164020710371 0.5095446452019174 0.7176852762948991 0.5088645014642885 0.7204131838298448 0.5099836428631356 0.7242583542454966 0.5153814982725632 0.7276101428876156 0.5221409303368834 0.7290725750142056
0 0.40933329023179554 0.6267262424710931 0.4175589364491052 0.6258796399998549 0.4249104548828836 0.6225862572905074 0.4265323361033831 0.6160812470148682 0.4250112248420753 0.6114672035451224 0.4205385267855923 0.6067858975456006 0.4118394334675772 0.6023881342784623 0.40782231320223844 0.6018323208462466 0.4006443311455312 0.6020486010488539 0.3956152853387125 0.6043608562274111 0.3906921662096254 0.6098198918780309 0.3890524156795648 0.6152060289825994 0.38969939915734136 0.6173732922142362 0.3928092313792966 0.620377496174925 0.40933329023179554 0.6267262424710931
0 0.7716283481897472 0.3475155860529382 0.7737058072013909 0.34513606834460525 0.7730230851044921 0.34073105877082693 0.7701914267577047 0.3342300742210985 0.7666974939828498 0.3315758703773865 0.7586632534521726 0.33046424351295556 0.7506124327915691 0.33180020203181576 0.7476965846155162 0.3339706858441814 0.748204481155709 0.33788633937033796 0.7534824081167487 0.34767185003240936 0.7599981157453883 0.3513023505358184 0.7716283481897472 0.3475155860529382
0 0.6816233752336218 0.32396040804802734 0.684731918275942 0.32339815345435424 0.689079531165497 0.3202473472563806 0.6913662651733343 0.31702847338344897 0.6922033651581083 0.3136710487250545 0.690909398202555 0.3093365222617809 0.6889876062584213 0.30752006429230316 0.6829963752999004 0.30535763193175935 0.6756958864355355 0.30487471704559527 0.6701257838286717 0.3081664894645782 0.6683648156705881 0.31641989003473714 0.668452873038759 0.31844779733572903 0.6712832422059111 0.3213823233310954 0.6816233752336218 0.32396040804802734
1 0.6487434232394971 0.5832227997171171 0.6667808582754936 0.5727868381568595 0.6671636696487584 0.5688703794855208 0.661957219925963 0.5635603615077324 0.6592136189473463 0.559087284258996 0.6555627299253464 0.557062597538733 0.6506701926968415 0.5504935453140466 0.6498305143527974 0.5467180528637172 0.6523954222358027 0.5400023984017461 0.6521669887504129 0.5361564228409121 0.6507339348572757 0.5335702866721581 0.6438354158553715 0.5338562448400879 0.6336726867436371 0.5389004332795014 0.6238800564141463 0.5531751240939534 0.6227992319936917 0.5587006171291667 0.639346316874292 0.5804340708138533 0.644971316589474 0.5840653764624445 0.6487434232394971 0.5832227997171171
1 0.5408476580574398 0.5409423977141194 0.5553976062167567 0.5456845250819595 0.5578783242704966 0.5476403389820822 0.5618775752262739 0.5470772792432269 0.5659457250610258 0.5438567950799309 0.5649133518507146 0.538473073410909 0.55769834199525 0.5328851487170129 0.54915620492438 0.5278578683264253 0.5309911063621854 0.5233288005804638 0.5276732883236718 0.5247304113387355 0.526731550840801 0.5285075140794292 0.5297201654347334 0.5343789815057086 0.5348385577893581 0.537661092182505 0.5408476580574398 0.5409423977141194
1 0.5769136830773172 0.543916811303067 0.5914253142582416 0.5392882752200417 0.6003655536526674 0.5343850530016374 0.6007483650259321 0.5304685943302986 0.5950710465617016 0.5270471277228571 0.5944061937743637 0.5237609913201495 0.5949293812648475 0.5216626009086529 0.6014756707940692 0.5132650135367559 0.6024174082769398 0.5094879107960621 0.5984334482714533 0.5040369265972643 0.5822054326036834 0.49531027288312746 0.5746076113749543 0.49363880686057005 0.5668707032086411 0.49371573113253236 0.5644793317027069 0.49735428308776336 0.5641335481281996 0.5070749466556055 0.5607328294400555 0.5207144843303328 0.5551461467032656 0.526453842132607 0.557976515870418 0.5293883681279734 0.5582930067239782 0.5352622509897993 0.5669040426738228 0.537632106955946 0.5712019151735994 0.5418240569078459 0.5769136830773172 0.543916811303067
1 0.748682422166777 0.4038303769335701 0.7477415266974135 0.4099851886568523 0.7517956747615094 0.4163452069855711 0.754119436568104 0.41893053800914276 0.7625569361408773 0.42437749648202966 0.7681474864165722 0.4293375143428412 0.772741402101078 0.4311515568767724 0.7740685293164835 0.43059091257346377 0.7782566075996233 0.4209367063902153 0.7797559820124648 0.41373250102580467 0.7829678733732467 0.4091841097954704 0.7820222683514709 0.40226183687307826 0.7864234891697094 0.402467650188317 0.7878909925023339 0.4037250741448505 0.7934802535983938 0.40511863345130017 0.8078362177118082 0.4046860730460858 0.809931546033013 0.40342542850882346 0.810768646017787 0.40006800385042895 0.8090382597602856 0.3962933165452818 0.7988512154408147 0.38238633904181524 0.7850350189478101 0.378272923652242 0.7757961580093854 0.37842113617989115 0.7623640620692804 0.3739577206733411 0.7590972736001801 0.37158303383610125 0.7554298044482539 0.37200593249912944 0.7509775540606022 0.37557641677940223 0.7410929988240357 0.3771238246297765 0.7337797973686496 0.3897878707899891 0.7331698416896304 0.3934248124548558 0.7352141404414219 0.3959404655131049 0.747546253471876 0.40124404232943583 0.748682422166777 0.4038303769335701
1 0.6766812768206681 0.3735456585632103 0.6783223165303639 0.37172598001300383 0.6793150835826478 0.3641725796767985 0.682719669809697 0.36123241766515674 0.6833296254887165 0.3575954760002901 0.6828906278274982 0.3510223980496928 0.6802682444769045 0.34368205733536594 0.6782239457251127 0.3411664042771167 0.6749227078165252 0.3401204296520972 0.6701373864453871 0.34026461645383543 0.6585773420596377 0.3449604150666366 0.6553297120797336 0.3472710599548293 0.6544581626554724 0.3519571968254443 0.6566262573945568 0.3587385035268269 0.663213442261441 0.36684449671451885 0.6766812768206681 0.3735456585632103
5 0.6970373169447192 0.3514291938090769 0.7036040541427719 0.3512833967169744 0.7075331170399399 0.34981130284819806 0.7119496288084693 0.3440030722257836 0.7132231480951915 0.34008580840926267 0.7125748754377798 0.334352086623264 0.709953781266821 0.33057820446329894 0.7057784155747022 0.32708544960017055 0.6983375505931181 0.32478446645416403 0.6944429371354374 0.32492784811072006 0.6877907209284839 0.33017865501055466 0.6868681419348095 0.33864108947668103 0.6879707032037304 0.34493384527562404 0.6899103644574252 0.34786917641617265 0.6970373169447192 0.3514291938090769
5 0.6042015816684541 0.5654307642044174 0.6114165915239186 0.5710186888983136 0.6191024701208184 0.574718062221863 0.6251625999583138 0.5742230701579658 0.6278168543891247 0.5731017815513485 0.6294923435383075 0.5699533907889214 0.6234627956013943 0.5584202949775126 0.6249966194537233 0.5498873774008813 0.6264105148576643 0.5477881818442026 0.6234231894433669 0.5454831729722852 0.6120175229454926 0.5424165373529137 0.6060097118570457 0.5427016903756613 0.6015395921598329 0.5451533014848634 0.5983647285978083 0.555505897611701 0.5992044069418524 0.5592813900620305 0.6009692426388409 0.5617273651549572 0.6042015816684541 0.5654307642044174
5 0.47384596139968427 0.6679969013822701 0.48090272582836846 0.6706478846452534 0.48556554039184885 0.6698045027547437 0.4899131532814039 0.6666536965567703 0.4953403014117785 0.6544109387692212 0.49277152598986806 0.6504272175681066 0.48272872532652134 0.6490376839875679 0.46913967313927146 0.6452037856044669 0.46526292899115174 0.6464660404320935 0.46397282957450364 0.6528308896319056 0.4649005652867183 0.6586342893832269 0.4679236293201379 0.6631770445972858 0.47384596139968427 0.6679969013822701