3 0.39026497695852536 0.34753460207612463 0.40005760368663595 0.34558823529411764 0.40783410138248855 0.3462370242214533 0.4115783410138249 0.34753460207612463 0.41589861751152074 0.34493944636678203 0.4199308755760369 0.3384515570934256 0.42194700460829493 0.3369377162629758 0.4262672811059908 0.33564013840830453 0.432315668202765 0.33564013840830453 0.43692396313364057 0.33780276816609 0.44268433179723504 0.34688581314878897 0.4455645161290323 0.34364186851211076 0.4475806451612903 0.3391003460207613 0.4498847926267281 0.33023356401384085 0.44930875576036866 0.32461072664359863 0.4455645161290323 0.32093425605536335 0.43980414746543783 0.3196366782006921 0.43202764976958524 0.31596020761245674 0.42569124423963134 0.3174740484429066 0.4179147465437788 0.31769031141868515 0.4133064516129032 0.3194204152249135 0.4092741935483871 0.3222318339100346 0.4014976958525346 0.3300173010380623 0.38997695852534564 0.3369377162629758 0.3876728110599078 0.3397491349480969 0.3873847926267281 0.34364186851211076 0.39026497695852536 0.34753460207612463
3 0.2096774193548387 0.3462370242214533 0.21486175115207376 0.3488321799307959 0.22609447004608296 0.349264705882353 0.23127880184331798 0.3471020761245675 0.23963133640552997 0.3477508650519031 0.24827188940092165 0.3471020761245675 0.25230414746543783 0.34493944636678203 0.25460829493087556 0.3410467128027682 0.26497695852534564 0.33520761245674746 0.26440092165898615 0.3315311418685122 0.25777649769585254 0.3293685121107267 0.24884792626728108 0.3280709342560554 0.22926267281105991 0.32698961937716264 0.2171658986175115 0.32785467128027684 0.2105414746543779 0.3308823529411765 0.20766129032258066 0.33412629757785467 0.20737327188940094 0.3384515570934256 0.2096774193548387 0.3462370242214533
3 0.32661290322580644 0.36570069204152256 0.32747695852534564 0.3808391003460208 0.32805299539170507 0.3823529411764706 0.3303571428571429 0.38343425605536335 0.3453341013824885 0.3808391003460208 0.3493663594470046 0.3853806228373703 0.3528225806451613 0.38602941176470595 0.35714285714285715 0.3838667820069205 0.35829493087557607 0.3808391003460208 0.36175115207373276 0.379757785467128 0.37298387096774194 0.37867647058823534 0.37644009216589863 0.37543252595155713 0.37759216589861755 0.37326989619377166 0.3770161290322581 0.36916089965397925 0.37355990783410137 0.3613754325259516 0.3652073732718894 0.356401384083045 0.3600230414746544 0.34904844290657444 0.35109447004608296 0.34450692041522496 0.33496543778801846 0.34039792387543255 0.33150921658986177 0.3410467128027682 0.32690092165898615 0.3438581314878893 0.32027649769585254 0.3518598615916955 0.32056451612903225 0.35921280276816614 0.32661290322580644 0.36570069204152256
5 0.3626152073732719 0.3295847750865052 0.36578341013824883 0.3323961937716263 0.3695276497695853 0.3345588235294118 0.37672811059907835 0.33585640138408307 0.3894009216589862 0.3360726643598616 0.39372119815668205 0.33477508650519033 0.40120967741935487 0.3298010380622838 0.4069700460829493 0.32396193771626297 0.41589861751152074 0.31704152249134954 0.4179147465437788 0.3109861591695502 0.4173387096774194 0.30666089965397925 0.41618663594470046 0.30363321799307963 0.4112903225806452 0.29974048442906576 0.40783410138248855 0.2988754325259516 0.40005760368663595 0.2995242214532872 0.38652073732718895 0.30233564013840836 0.3663594470046083 0.3120674740484429 0.3626152073732719 0.3157439446366782 0.3600230414746544 0.3220155709342561 0.3626152073732719 0.3295847750865052
5 0.40754608294930883 0.3695934256055363 0.4147465437788019 0.37089100346020765 0.4213709677419355 0.37413494809688586 0.42655529953917054 0.37543252595155713 0.4311635944700461 0.37500000000000006 0.434331797235023 0.3730536332179931 0.44268433179723504 0.3615916955017301 0.4441244239631336 0.35575259515570934 0.44297235023041476 0.3477508650519031 0.43519585253456217 0.33628892733564014 0.4277073732718894 0.3345588235294118 0.42223502304147464 0.3360726643598616 0.4193548387096774 0.3382352941176471 0.41589861751152074 0.34429065743944637 0.4118663594470046 0.3486159169550173 0.40639400921658986 0.3615916955017301 0.40610599078341014 0.36634948096885817 0.40754608294930883 0.3695934256055363
5 0.38680875576036866 0.3698096885813149 0.39055299539170507 0.37240484429065746 0.4009216589861751 0.3713235294117647 0.4049539170506913 0.36851211072664364 0.40639400921658986 0.36224048442906576 0.41244239631336405 0.3486159169550173 0.40956221198156684 0.34602076124567477 0.4049539170506913 0.34493944636678203 0.4006336405529954 0.3447231833910035 0.396889400921659 0.34558823529411764 0.3925691244239632 0.34688581314878897 0.3894009216589862 0.34904844290657444 0.38652073732718895 0.35467128027681666 0.38508064516129037 0.35986159169550175 0.38680875576036866 0.3698096885813149
5 0.33870967741935487 0.42690311418685123 0.3418778801843318 0.42841695501730104 0.3453341013824885 0.4264705882352941 0.34994239631336405 0.42690311418685123 0.35627880184331795 0.4260380622837371 0.36319124423963134 0.4225778546712803 0.36779953917050695 0.418901384083045 0.369815668202765 0.414143598615917 0.3660714285714286 0.4044117647058824 0.35743087557603687 0.3948961937716263 0.34706221198156684 0.3905709342560554 0.33496543778801846 0.3892733564013841 0.33294930875576034 0.39035467128027684 0.3294930875576037 0.39749134948096887 0.3297811059907834 0.41133217993079585 0.33870967741935487 0.42690311418685123
5 0.5005760368663594 0.3503460207612457 0.5028801843317973 0.35445501730103807 0.5069124423963134 0.35769896193771633 0.5123847926267281 0.3602941176470588 0.5155529953917051 0.3605103806228374 0.5259216589861752 0.3605103806228374 0.5305299539170507 0.35921280276816614 0.5325460829493088 0.3548875432525952 0.5316820276497696 0.34645328719723184 0.5195852534562212 0.33628892733564014 0.5135368663594471 0.33326124567474047 0.5080645161290323 0.33174740484429066 0.5014400921658987 0.3323961937716263 0.496831797235023 0.33542387543252594 0.49740783410138245 0.3429930795847751 0.5005760368663594 0.3503460207612457
5 0.4772465437788019 0.36591695501730104 0.4798387096774194 0.3665657439446367 0.494815668202765 0.3665657439446367 0.5 0.3633217993079585 0.5020161290322581 0.35575259515570934 0.49769585253456217 0.3514273356401384 0.48675115207373276 0.3486159169550173 0.4804147465437788 0.3483996539792388 0.4775345622119816 0.34904844290657444 0.4737903225806452 0.3525086505190312 0.4737903225806452 0.3581314878892734 0.4772465437788019 0.36591695501730104
5 0.5383064516129032 0.3501297577854672 0.5426267281105991 0.3533737024221454 0.5466589861751152 0.3548875432525952 0.5492511520737328 0.354022491349481 0.5607718894009217 0.35380622837370246 0.5642281105990784 0.3525086505190312 0.5699884792626728 0.34515570934256057 0.5711405529953917 0.33715397923875434 0.5697004608294931 0.3313148788927336 0.5642281105990784 0.32634083044982704 0.5576036866359447 0.32482698961937717 0.5506912442396313 0.3259083044982699 0.5397465437788018 0.33391003460207613 0.5360023041474655 0.3421280276816609 0.5357142857142858 0.3462370242214533 0.5383064516129032 0.3501297577854672
5 0.5771889400921659 0.32547577854671284 0.5794930875576038 0.3295847750865052 0.5835253456221199 0.33196366782006925 0.592741935483871 0.33261245674740486 0.5987903225806452 0.33196366782006925 0.6111751152073733 0.32461072664359863 0.6126152073732719 0.31769031141868515 0.6103110599078342 0.3103373702422146 0.6074308755760369 0.30601211072664364 0.6019585253456221 0.30276816608996543 0.5947580645161291 0.30233564013840836 0.5910138248847926 0.30320069204152256 0.5809331797235023 0.30990484429065746 0.5774769585253456 0.3146626297577855 0.5766129032258065 0.3174740484429066 0.5771889400921659 0.32547577854671284
5 0.6002304147465438 0.3728373702422146 0.6022465437788018 0.37629757785467133 0.6057027649769585 0.3788927335640139 0.6100230414746544 0.3791089965397924 0.6126152073732719 0.38019031141868515 0.619815668202765 0.37954152249134954 0.6241359447004609 0.37694636678200694 0.6275921658986175 0.3698096885813149 0.6273041474654378 0.36397058823529416 0.625 0.35921280276816614 0.6224078341013825 0.35683391003460213 0.6097350230414746 0.3512110726643599 0.6057027649769585 0.3509948096885813 0.6028225806451613 0.35207612456747406 0.5996543778801844 0.35553633217993086 0.599078341013825 0.3665657439446367 0.6002304147465438 0.3728373702422146