4 0.33570014350912336 0.456468502622667 0.3291069229526504 0.45462305018021076 0.3152690465195374 0.4552466928233806 0.310627484670145 0.4571123373281827 0.3065430004071541 0.46006918525189855 0.3038304514087384 0.466943306931238 0.3060096957327863 0.474119111099331 0.3102425051163814 0.4791678011919266 0.3182454040309358 0.482768227011208 0.32170109882986353 0.48282854638829537 0.3268355750066968 0.48573001594636445 0.3319964713489845 0.4871178752392745 0.34382984874410827 0.48581035617916424 0.3487631594694286 0.4837335082512396 0.3502483240145226 0.48116388087046785 0.35122170268542263 0.4749082896162243 0.35076653145148795 0.4679788751745548 0.3485268981778301 0.4642627516125392 0.34398346837155397 0.4605064151324654 0.33570014350912336 0.456468502622667
4 0.34867105584752284 0.5220162781854862 0.3390924089634594 0.5261750006560928 0.3346633354936318 0.532370272533249 0.3357284246448766 0.5373636698635145 0.33913882773159676 0.54001874969516 0.33964683929644024 0.5439209436065117 0.34423556081492385 0.5450825196320275 0.3517191252365831 0.5454294416535966 0.3570762856651032 0.5355733389767549 0.36609408065341453 0.5305396431251145 0.3655936177072724 0.5262049891380032 0.3616223627248002 0.5226749359253237 0.3553095681162033 0.5212669701733843 0.34867105584752284 0.5220162781854862
4 0.30957557941725095 0.533879027390284 0.3079054737139764 0.547043926627168 0.3092472145037467 0.5526910406858303 0.3132146951768683 0.5564373239363896 0.31983433589879556 0.556769166113687 0.32851131598962086 0.5547576641776069 0.33346349826169447 0.5515996660602831 0.33734304276382177 0.5438807306884534 0.33313665354568095 0.5373184303306989 0.3326286419808375 0.5334162364193472 0.32779723760798407 0.5296548733245161 0.3208896223194795 0.5293180045324615 0.30957557941725095 0.533879027390284
4 0.33416512665934944 0.5609126375333882 0.32255178626249176 0.566117323890093 0.31874772794737694 0.5695116585043257 0.3172738863303349 0.5714325957714579 0.31801325782149614 0.5785832668657646 0.31997246514727795 0.5818619037372632 0.32535717279718224 0.5869307002888879 0.3296541454397381 0.5883034797375262 0.33368578937182025 0.5883738523441282 0.34150262007226423 0.5861310405258966 0.35111523574048337 0.5800262477143715 0.352001805296319 0.5787439473313641 0.35183083431961104 0.5720357895423318 0.34962516983010883 0.5663735956393976 0.3459267921768113 0.5637134891929949 0.33416512665934944 0.5609126375333882
4 0.36648998999366905 0.5573672476664868 0.3587033537680301 0.5578802191816796 0.35051173938594443 0.5650912952563905 0.35288082623345335 0.5778941070241166 0.3560183519909987 0.5796792400894855 0.3614672228998637 0.581072125997153 0.36895078732152287 0.581419048018722 0.37184563022469835 0.5806043940147755 0.3773926331766796 0.5763752989375671 0.3806320652866918 0.57232222098018 0.38242030163576557 0.5688927000626464 0.38076039180461296 0.5649703996922655 0.37738018319269784 0.5605854795575813 0.372230609778462 0.5585489301510316 0.36648998999366905 0.5573672476664868
4 0.35803417395703985 0.5797144263927864 0.3516949591829886 0.5798200709060062 0.34324933901848126 0.585080050025041 0.3426016780076647 0.5891783675152434 0.347425533761817 0.5933721906858344 0.35113900865251696 0.5951673769807176 0.3545758319046915 0.5963088465472043 0.3614872215025467 0.5964294853013791 0.368167251174084 0.5933016468725988 0.37024346208973513 0.5898771525698223 0.37033781982350067 0.5844714016228263 0.36836351526031647 0.582057684902847 0.3652108922653686 0.5811374719889976 0.35803417395703985 0.5797144263927864
4 0.6041758151376904 0.5718982732742343 0.5978592462197428 0.5707065375601748 0.5912169596417117 0.5716720756101565 0.5833737087758134 0.5754284976935471 0.5804222512323786 0.5794866022656913 0.5782818770577668 0.5865870072124252 0.5790891861172394 0.5898455376248947 0.5822002917093304 0.5931442809554224 0.5904609707156572 0.5984795736924997 0.5973459401480581 0.6001138227118333 0.6034009546648826 0.5997869215459767 0.6077469933289965 0.598348710502177 0.612718047147823 0.5941095621954539 0.6145327036623512 0.5891664310127612 0.6146157384680648 0.5844093701794048 0.6129822488023666 0.5789734595438649 0.610450866652781 0.5754685394049719 0.6041758151376904 0.5718982732742343
4 0.5691546270982873 0.597891374162581 0.5630807410347097 0.599299425517837 0.5581285587626363 0.6024574236351607 0.5554575271670774 0.606953014897822 0.5550978407228383 0.6110563590027817 0.55620444727694 0.613671225916369 0.5621726526787002 0.6183176156217486 0.5687243558323163 0.6225415984808831 0.573032651402924 0.6232656878158818 0.5838122625748547 0.6163160813118665 0.5916253189659482 0.6142894995315147 0.5931255807484446 0.6108549519992235 0.592901769440828 0.607174014740509 0.5909689822805005 0.6023817676038514 0.5858420547223685 0.5990478379700227 0.5691546270982873 0.597891374162581
4 0.6387274686201251 0.6058109461081184 0.6346731788319392 0.6070379537287954 0.6312363555797645 0.6058964841623089 0.6301071031695591 0.6045789974760007 0.6250820819638939 0.5954068568194162 0.615578921266843 0.595240978532426 0.609448420563006 0.5998924804558796 0.6087365962932288 0.6076667085900394 0.6123821336156176 0.6133540355667599 0.6191878425516553 0.6195291153815703 0.6240305698525608 0.6226417883627618 0.6280584394752924 0.6229283910072436 0.637042265679448 0.6198407654965218 0.6481174000366574 0.612463725531504 0.6525691193625888 0.6049710734270686 0.6520724307257971 0.6004201894020775 0.6495070797920559 0.5988613396041031 0.6460362877557257 0.599665940378535 0.6387274686201251 0.6058109461081184
4 0.6013787111360702 0.6166227048120607 0.5901854461330616 0.6142643664577283 0.5826603643085455 0.6162959748528374 0.5771133613565642 0.6205250699300457 0.574457426998408 0.6241557410411875 0.5746623667592716 0.6289178284893013 0.5777093090924019 0.6358924824637864 0.5833744426901825 0.6413987657059282 0.5893841654947994 0.6436666249946295 0.5957233802688507 0.64356098048141 0.6035326623505936 0.641750628738938 0.6079013468708111 0.6390150374678591 0.612046220083412 0.6325985089380659 0.6121783209106838 0.6250304576122714 0.6105070881514795 0.6217568473555302 0.6073884339406873 0.6188905641007619 0.6013787111360702 0.6166227048120607
4 0.6436619064013753 0.6201726076738191 0.636981876729838 0.6233004461025992 0.6340568393518576 0.6258449404095845 0.6300025495636715 0.6270719480302617 0.6206967800087829 0.6321006172671447 0.6133766379451304 0.6388943131103677 0.612448550986438 0.6425551439100532 0.6155558822691785 0.6460701172784609 0.6249948797072686 0.6499119062094085 0.6333348192099586 0.650706368151009 0.644861350491752 0.6504749726655407 0.6503781589689281 0.647975717891371 0.6536289140069922 0.6432739498203446 0.655155595954943 0.6383257920228946 0.6544539675572879 0.6290128205497896 0.6516874511720336 0.6224756532658213 0.6485574740331895 0.6202580601246929 0.6436619064013753 0.6201726076738191
2 0.29734325228689096 0.574545439959283 0.29326631664260133 0.5770698278072391 0.2882726169676709 0.5826063563412412 0.28707165267980367 0.5853972403746501 0.28667044883270765 0.591879114896288 0.2894860312395201 0.5956052916878182 0.2957761799920132 0.5983106376670364 0.30496117164768194 0.6002013296423083 0.31966674608987744 0.5993765368055304 0.3231450867449087 0.5981394759553387 0.3252024261138067 0.5957961318419616 0.3273390259790678 0.5889119569331075 0.31884698704642306 0.5803281870130752 0.31637599384644727 0.5733635862681047 0.3135226683461286 0.571799709855373 0.3037088872263966 0.5729261851809044 0.29734325228689096 0.574545439959283
3 0.7003903011324359 0.4727838052626162 0.6868215277191472 0.47449362470994244 0.6816002424272495 0.4765654460231099 0.6763487626605467 0.480367107639316 0.6788839191194831 0.4836557977403292 0.682597394010183 0.4854509840352125 0.6862769001167275 0.4891922406710146 0.68958162254163 0.4979017615632957 0.6990470401451747 0.5002299402290843 0.7068261277521126 0.5001494287896511 0.7143851783607842 0.4961717500536234 0.7202314788073945 0.4912989914775327 0.7217241919711899 0.4882969040210014 0.7214777348074695 0.48591334698956584 0.718411920927586 0.48001984320448 0.7133000906068563 0.4758209934191318 0.7003903011324359 0.4727838052626162
2 0.615768423017496 0.48536595960092227 0.6105509120349488 0.4872215508762098 0.5991009939960981 0.4995668550977066 0.5993285796130653 0.5030315623185414 0.602420813658403 0.5074114558384684 0.6181650570863891 0.513093670597115 0.6230153330059959 0.5157738835025468 0.6307906463035831 0.5159096021009935 0.6406308475887694 0.5132695165103032 0.6456019014075959 0.50903036820358 0.6459578135424844 0.5051432541365002 0.6407429498133581 0.49034410588028254 0.6203797903920834 0.48523015539915904 0.615768423017496 0.48536595960092227
2 0.5548234955649254 0.47824587621174286 0.5438917849630399 0.4774061747373266 0.5404209929267098 0.4782107755117586 0.5369200064155747 0.4807452165892293 0.533294467695869 0.4904152489167348 0.5332378530556097 0.49365869948493246 0.5348751170306585 0.49887838008259244 0.5365727699553173 0.5006383800741748 0.5431659905117903 0.5024838325166311 0.5612668708033033 0.5051790396630181 0.5676400543615101 0.50312732480888 0.5691440904533573 0.49947654723870893 0.5689014075989876 0.4968767601693937 0.5653200335355595 0.4875135225487157 0.5605188236375109 0.4820223191508459 0.5548234955649254 0.47824587621174286
2 0.6544385295470774 0.514375714170172 0.6478226631345005 0.5138276419549949 0.6336439718039015 0.5174734785137252 0.6304460570967463 0.5191480260544338 0.6267174849686439 0.5182177599110698 0.6235384418082417 0.5188111572623793 0.6125123734725905 0.523377206734959 0.6069615962112587 0.5278225318500473 0.6051695855528343 0.531468282805461 0.6053405565295422 0.5381764405944933 0.6067238147221694 0.5414450242364774 0.6124115941760536 0.5456539272513401 0.6204597848028155 0.5466595926160634 0.6342938869265778 0.5462521800107735 0.6490560760090327 0.5421839366057979 0.6564205301174605 0.538347130552993 0.660953616663117 0.5372005069017303 0.6642609863414404 0.5292552882625061 0.6641013382927843 0.5218984403598342 0.6621459052763532 0.5184035734504557 0.6581557787471277 0.5159546704271756 0.6544385295470774 0.514375714170172
3 0.6273957335958261 0.4628578435990729 0.6207421240897432 0.4644720717626941 0.6143236488193289 0.46911854707139045 0.6133842389325845 0.4734280679847154 0.6150101799795814 0.4792964386960149 0.6209821596906923 0.4837265983635146 0.6269918824953095 0.48599445765221605 0.6376658130054228 0.4850992922088362 0.6411517022791554 0.4834297712828849 0.6400601929624561 0.47994998421777824 0.6406587879517145 0.4786626572200138 0.6470885861501807 0.47336749179767795 0.6460083997615333 0.4692390146189318 0.6432003659734222 0.465080377751642 0.6383500900538155 0.46240016484621005 0.6273957335958261 0.4628578435990729
3 0.6665576273969185 0.48019620273756836 0.6584679193672996 0.4815690677895234 0.6546940555269899 0.48323356210071733 0.6503102737693698 0.48683407352331554 0.6491093094815024 0.48962495755672436 0.6506899588162918 0.4980880887225819 0.654642342252011 0.5026992921246605 0.6586211458531844 0.5057968852615803 0.6686587382805331 0.5083513471947634 0.6778776987203574 0.5082959688291167 0.6833794099601311 0.5066616342064663 0.6887139245325475 0.4981029117569037 0.687675255546757 0.49159590416147925 0.6826087169382349 0.4848022939215729 0.6800471403138443 0.4830272140857187 0.6665576273969185 0.48019620273756836