2 0.5699884792626728 0.5717993079584776 0.5769009216589862 0.5774221453287198 0.582373271889401 0.5849913494809689 0.5855414746543779 0.5869377162629759 0.5941820276497696 0.5886678200692043 0.603110599078341 0.5888840830449827 0.6160714285714286 0.5856401384083045 0.6203917050691244 0.5750432525951558 0.6203917050691244 0.5642301038062284 0.6189516129032258 0.5605536332179931 0.6080069124423964 0.5516868512110726 0.6028225806451613 0.5499567474048443 0.5976382488479263 0.5497404844290659 0.5898617511520737 0.5519031141868512 0.5849654377880185 0.5523356401384084 0.5771889400921659 0.5549307958477508 0.5691244239631337 0.5627162629757786 0.5685483870967742 0.5679065743944637 0.5699884792626728 0.5717993079584776
2 0.5190092165898618 0.4357698961937716 0.5475230414746544 0.4359861591695502 0.5584677419354839 0.4370674740484429 0.5613479262672811 0.4364186851211073 0.5653801843317973 0.4320934256055364 0.5665322580645162 0.4290657439446367 0.5662442396313364 0.4251730103806229 0.5630760368663594 0.41760380622837373 0.554147465437788 0.40960207612456745 0.5463709677419355 0.4044117647058824 0.5360023041474655 0.40051903114186854 0.5276497695852534 0.39878892733564014 0.518721198156682 0.39922145328719727 0.5158410138248848 0.40116782006920415 0.5138248847926268 0.4041955017301039 0.5112327188940092 0.4134948096885814 0.5109447004608295 0.42474048442906576 0.5190092165898618 0.4357698961937716
2 0.43519585253456217 0.3918685121107267 0.4395161290322581 0.4147923875432526 0.4470046082949309 0.41933391003460213 0.4596774193548387 0.42214532871972327 0.4683179723502304 0.4227941176470589 0.4804147465437788 0.42084775086505194 0.4879032258064516 0.4158737024221454 0.49107142857142855 0.40938581314878897 0.49308755760368667 0.4078719723183391 0.49078341013824883 0.405060553633218 0.48675115207373276 0.3938148788927336 0.48300691244239635 0.38905709342560557 0.47235023041474655 0.3823529411764706 0.46687788018433185 0.3806228373702422 0.4498847926267281 0.3788927335640139 0.4392281105990784 0.3819204152249135 0.4317396313364055 0.38667820069204156 0.432315668202765 0.3905709342560554 0.43519585253456217 0.3918685121107267
2 0.3364055299539171 0.4342560553633218 0.34475806451612906 0.44009515570934254 0.3536866359447005 0.4413927335640139 0.36319124423963134 0.43944636678200694 0.37327188940092165 0.4329584775086506 0.37989631336405527 0.43230968858131497 0.38392857142857145 0.42928200692041524 0.3876728110599078 0.4245242214532873 0.39112903225806456 0.4147923875432526 0.3876728110599078 0.40743944636678203 0.37989631336405527 0.39987024221453293 0.37384792626728114 0.39792387543252594 0.3591589861751152 0.39814013840830453 0.3522465437788019 0.39922145328719727 0.3407258064516129 0.4063581314878893 0.3366935483870968 0.41003460207612463 0.3320852534562212 0.41846885813148793 0.3320852534562212 0.427984429065744 0.3364055299539171 0.4342560553633218
3 0.3194124423963134 0.3315311418685122 0.32229262672811065 0.3328287197231834 0.3245967741935484 0.33542387543252594 0.3317972350230415 0.33672145328719727 0.33496543778801846 0.3382352941176471 0.33755760368663595 0.33737024221453293 0.3415898617511521 0.3382352941176471 0.347926267281106 0.3375865051903114 0.35051843317972353 0.3393166089965398 0.3522465437788019 0.34537197231833916 0.3551267281105991 0.34666955017301043 0.3591589861751152 0.34602076124567477 0.3640552995391705 0.3421280276816609 0.369815668202765 0.330666089965398 0.3660714285714286 0.31250000000000006 0.3580069124423963 0.30493079584775085 0.35426267281105994 0.2990916955017301 0.34994239631336405 0.29671280276816614 0.345910138248848 0.29584775086505194 0.3392857142857143 0.296280276816609 0.3326612903225806 0.29974048442906576 0.3283410138248848 0.30384948096885817 0.3228686635944701 0.31314878892733566 0.32142857142857145 0.32158304498269896 0.3197004608294931 0.32417820069204156 0.3188364055299539 0.3274221453287197 0.3194124423963134 0.3315311418685122
4 0.32373271889400923 0.38581314878892736 0.3317972350230415 0.3916522491349481 0.33496543778801846 0.3929498269896194 0.3418778801843318 0.39359861591695505 0.3591589861751152 0.3892733564013841 0.3663594470046083 0.3847318339100346 0.3689516129032258 0.38019031141868515 0.3692396313364056 0.37543252595155713 0.36693548387096775 0.36851211072664364 0.35944700460829493 0.36224048442906576 0.35051843317972353 0.3600778546712803 0.3415898617511521 0.3596453287197232 0.33842165898617516 0.3605103806228374 0.33093317972350234 0.36570069204152256 0.32430875576036866 0.3680795847750865 0.32056451612903225 0.372621107266436 0.32056451612903225 0.37932525951557095 0.32373271889400923 0.38581314878892736
4 0.5691244239631337 0.42863321799307963 0.5745967741935484 0.43230968858131497 0.5786290322580645 0.4338235294117648 0.584389400921659 0.43490484429065746 0.6025345622119815 0.4357698961937716 0.6091589861751152 0.43252595155709345 0.6126152073732719 0.42841695501730104 0.6134792626728112 0.42128027681660907 0.6097350230414746 0.4154411764705882 0.6077188940092166 0.4046280276816609 0.6002304147465438 0.39727508650519033 0.592741935483871 0.39359861591695505 0.5887096774193549 0.3929498269896194 0.5803571428571429 0.3933823529411765 0.5780529953917051 0.3938148788927336 0.5720046082949308 0.39749134948096887 0.5685483870967742 0.4039792387543253 0.565668202764977 0.4156574394463668 0.5659562211981567 0.42149653979238755 0.5691244239631337 0.42863321799307963
4 0.49510368663594473 0.5882352941176471 0.5017281105990784 0.5927768166089966 0.5051843317972351 0.5929930795847751 0.508352534562212 0.5919117647058825 0.5221774193548387 0.583044982698962 0.5325460829493088 0.5780709342560554 0.5282258064516129 0.5776384083044983 0.5201612903225807 0.5795847750865052 0.511520737327189 0.5795847750865052 0.5020161290322581 0.5767733564013842 0.494815668202765 0.5702854671280277 0.4922235023041475 0.5733131487889274 0.49308755760368667 0.5852076124567475 0.49510368663594473 0.5882352941176471
4 0.4660138248847926 0.7089100346020761 0.47263824884792627 0.7123702422145329 0.4841589861751152 0.7149653979238755 0.4853110599078342 0.7095588235294119 0.4884792626728111 0.7045847750865052 0.4939516129032258 0.7006920415224914 0.5017281105990784 0.698529411764706 0.5054723502304148 0.6926903114186851 0.5054723502304148 0.6859861591695502 0.49769585253456217 0.6693339100346021 0.4942396313364055 0.6689013840830451 0.4902073732718894 0.6697664359861593 0.4772465437788019 0.6701989619377163 0.4740783410138249 0.6714965397923877 0.46658986175115214 0.6855536332179931 0.4642857142857143 0.6972318339100346 0.4634216589861751 0.7030709342560554 0.4660138248847926 0.7089100346020761
5 0.4870391705069125 0.5384948096885813 0.49135944700460826 0.5417387543252595 0.4936635944700461 0.5380622837370242 0.5135368663594471 0.5294117647058825 0.5144009216589862 0.5268166089965398 0.5135368663594471 0.5177335640138409 0.5120967741935484 0.5164359861591696 0.5086405529953917 0.5160034602076126 0.4876152073732719 0.5190311418685122 0.4835829493087558 0.5257352941176471 0.48329493087557607 0.529628027681661 0.4870391705069125 0.5384948096885813
5 0.45622119815668205 0.5510380622837371 0.459389400921659 0.5540657439446367 0.46226958525345624 0.5551470588235294 0.47004608294930883 0.5564446366782008 0.4737903225806452 0.5562283737024222 0.4818548387096774 0.5497404844290659 0.48617511520737333 0.5439013840830451 0.4858870967741936 0.5369809688581315 0.48300691244239635 0.5313581314878892 0.47350230414746547 0.5242214532871973 0.47033410138248855 0.5229238754325259 0.4634216589861751 0.5235726643598617 0.45852534562211983 0.5272491349480969 0.4556451612903226 0.534818339100346 0.4547811059907835 0.5458477508650519 0.45622119815668205 0.5510380622837371
5 0.3136520737327189 0.5244377162629759 0.320852534562212 0.5309256055363323 0.3257488479262673 0.5309256055363323 0.33150921658986177 0.530060553633218 0.3355414746543779 0.5276816608996541 0.34418202764976963 0.513840830449827 0.34706221198156684 0.5118944636678201 0.3453341013824885 0.509515570934256 0.3346774193548387 0.5103806228373703 0.3245967741935484 0.506704152249135 0.32027649769585254 0.506704152249135 0.3145161290322581 0.5082179930795848 0.31048387096774194 0.5116782006920416 0.309331797235023 0.5140570934256056 0.309331797235023 0.5190311418685122 0.3136520737327189 0.5244377162629759
5 0.2894585253456221 0.5469290657439447 0.29205069124423966 0.5512543252595157 0.2963709677419355 0.5540657439446367 0.3035714285714286 0.5570934256055364 0.3101958525345622 0.5586072664359862 0.31768433179723504 0.5573096885813149 0.32114055299539174 0.5555795847750866 0.32402073732718895 0.5499567474048443 0.3245967741935484 0.5428200692041523 0.31768433179723504 0.5358996539792388 0.30789170506912444 0.534385813148789 0.2998271889400922 0.534818339100346 0.29377880184331795 0.5369809688581315 0.2900345622119816 0.5406574394463668 0.2888824884792627 0.5432525951557093 0.2894585253456221 0.5469290657439447
5 0.4596774193548387 0.6838235294117647 0.46255760368663595 0.684688581314879 0.46687788018433185 0.6838235294117647 0.47465437788018433 0.6738754325259516 0.478110599078341 0.6717128027681661 0.47350230414746547 0.6669550173010381 0.4683179723502304 0.666089965397924 0.4619815668202765 0.6667387543252595 0.4599654377880184 0.666089965397924 0.45737327188940097 0.6701989619377163 0.4582373271889401 0.6820934256055364 0.4596774193548387 0.6838235294117647
5 0.4297235023041475 0.7030709342560554 0.43202764976958524 0.7063148788927336 0.435483870967742 0.7082612456747406 0.4418202764976959 0.7084775086505191 0.44642857142857145 0.7073961937716263 0.4504608294930875 0.7045847750865052 0.45305299539170507 0.7000432525951558 0.4513248847926268 0.6952854671280277 0.44614055299539174 0.6907439446366783 0.44009216589861755 0.6909602076124568 0.43260368663594473 0.6924740484429066 0.42885944700460826 0.6957179930795848 0.42857142857142855 0.7000432525951558 0.4297235023041475 0.7030709342560554
5 0.43490783410138245 0.7281574394463669 0.4392281105990784 0.7314013840830451 0.44614055299539174 0.7337802768166091 0.4599654377880184 0.7309688581314879 0.46226958525345624 0.7275086505190311 0.4631336405529954 0.7203719723183392 0.4614055299539171 0.7164792387543253 0.45650921658986177 0.7112889273356402 0.4484447004608295 0.7091262975778547 0.4423963133640553 0.7089100346020761 0.432315668202765 0.7117214532871973 0.43001152073732724 0.7147491349480969 0.4317396313364055 0.7236159169550174 0.43490783410138245 0.7281574394463669
5 0.49078341013824883 0.7201557093425606 0.49452764976958524 0.7221020761245676 0.5048963133640554 0.7236159169550174 0.5086405529953917 0.7229671280276817 0.5129608294930875 0.7188581314878894 0.5161290322580645 0.7136678200692043 0.5169930875576038 0.7099913494809689 0.5161290322580645 0.7063148788927336 0.5135368663594471 0.7026384083044983 0.5051843317972351 0.6980968858131489 0.4985599078341014 0.698961937716263 0.4939516129032258 0.7006920415224914 0.4899193548387097 0.703287197231834 0.48617511520737333 0.708044982698962 0.48675115207373276 0.7160467128027682 0.49078341013824883 0.7201557093425606
5 0.8482142857142858 0.7469723183391004 0.8522465437788019 0.7515138408304499 0.8608870967741936 0.7534602076124568 0.8680875576036866 0.7580017301038062 0.8726958525345623 0.759515570934256 0.8804723502304148 0.7521626297577855 0.8824884792626728 0.7484861591695502 0.8755760368663594 0.7337802768166091 0.8735599078341014 0.7314013840830451 0.8683755760368663 0.7281574394463669 0.8626152073732719 0.7279411764705883 0.8582949308755762 0.7292387543252595 0.8542626728110599 0.7329152249134949 0.8485023041474655 0.7426470588235294 0.8476382488479264 0.7441608996539794 0.8482142857142858 0.7469723183391004
5 0.8058755760368663 0.7759515570934257 0.8127880184331797 0.791089965397924 0.8214285714285715 0.7939013840830451 0.8248847926267281 0.7939013840830451 0.8300691244239632 0.7917387543252595 0.8369815668202765 0.786332179930796 0.8387096774193548 0.7794117647058825 0.8361175115207373 0.7759515570934257 0.827188940092166 0.7688148788927336 0.8194124423963134 0.7655709342560554 0.8142281105990783 0.7655709342560554 0.8087557603686637 0.7690311418685122 0.8058755760368663 0.7722750865051904 0.8058755760368663 0.7759515570934257
5 0.9035138248847927 0.7852508650519032 0.9110023041474655 0.7904411764705883 0.9207949308755762 0.7936851211072665 0.9277073732718895 0.7930363321799309 0.9314516129032258 0.7917387543252595 0.9392281105990783 0.7828719723183392 0.9326036866359446 0.7740051903114187 0.9254032258064516 0.7701124567474049 0.9207949308755762 0.7690311418685122 0.9147465437788019 0.7698961937716263 0.9118663594470047 0.7716262975778547 0.9023617511520738 0.7817906574394464 0.9017857142857142 0.7830882352941178 0.9035138248847927 0.7852508650519032
5 0.8787442396313365 0.8183391003460209 0.8870967741935484 0.8291522491349482 0.893721198156682 0.8278546712802768 0.8980414746543779 0.8259083044982699 0.9078341013824884 0.8246107266435987 0.9104262672811061 0.8220155709342561 0.9124423963133641 0.8153114186851212 0.9121543778801844 0.8107698961937716 0.9086981566820278 0.806877162629758 0.9029377880184333 0.8040657439446367 0.8991935483870968 0.8003892733564015 0.8940092165898618 0.7988754325259516 0.8925691244239632 0.8003892733564015 0.8870967741935484 0.8016868512110727 0.8824884792626728 0.8051470588235295 0.8778801843317974 0.8105536332179932 0.8775921658986177 0.8146626297577855 0.8787442396313365 0.8183391003460209