2 0.7468191269090684 0.5327408302870253 0.7576467088081407 0.5344988823237314 0.7756880113830423 0.5342354682209034 0.7807706651185446 0.5331911038862482 0.7918445498125677 0.5299843071910495 0.7979761568883075 0.5260038065706636 0.7991820664756901 0.5236971874083819 0.799864788572589 0.5192921778346036 0.7988018334616955 0.5126478116283194 0.7967256636296867 0.5067018353656244 0.7938276847631951 0.5034124783821881 0.7841549828820922 0.4955715095876886 0.7777988098598678 0.4926986101058227 0.7647189433924455 0.4890503964084053 0.7632004104904079 0.4865315227694274 0.7589395657893885 0.48491926782482386 0.7454385709703091 0.48672525890693297 0.731849518783059 0.4905591572900342 0.7272364446093571 0.49705853154939794 0.7236200050268443 0.5004119304818814 0.7207028676711565 0.5018079052238777 0.718256599056904 0.505092431336221 0.7153534634718721 0.5160689085702321 0.7165746640095458 0.5197763333456035 0.7210434945271236 0.5257944030091675 0.731904236686048 0.5324476258124559 0.7468191269090684 0.5327408302870253
2 0.760702753896083 0.5836628444662508 0.7683350245642994 0.5833200906559137 0.7766142787102925 0.58081007361394 0.7825889295388871 0.5762000558701051 0.7846166481607526 0.5712368174285647 0.787311797929226 0.555854525475593 0.7838217326932763 0.5478093536562193 0.7751979841524108 0.5370322485759891 0.767094844742759 0.5354864510159791 0.7605102382351451 0.5364595270949474 0.7507124511871142 0.5364506704979433 0.7350089121894632 0.5437092560692147 0.7289117545532106 0.5490184689018209 0.7276343677275834 0.5558005807483857 0.7309317380972657 0.5654539817864519 0.7442183012016114 0.5770744687571917 0.7486884208988243 0.5795260798663938 0.760702753896083 0.5836628444662508
2 0.4590165501855644 0.3368149039508923 0.471295055287335 0.33486794664777364 0.47578433347374405 0.3326342260315432 0.4841708034771039 0.3234109699631448 0.4828475438006035 0.3121509499967504 0.47707074455681653 0.300886904304445 0.47394562138457025 0.29787706432748073 0.46137365145734055 0.29031319710390685 0.4529042808043502 0.28729852625584945 0.44738520776689983 0.287783051432378 0.43452990724596213 0.2909882378372123 0.4261791758617245 0.2979737475634693 0.42292896752255027 0.3027960197840002 0.4223687522333092 0.3065018342690072 0.42370988121937075 0.31664298106433075 0.42510590731375053 0.3198610497920803 0.42859726172933543 0.32433976305709206 0.4377467761199546 0.33008234144009485 0.4590165501855644 0.3368149039508923
2 0.4099432459108148 0.37691069919377346 0.41635431604135764 0.372860520608065 0.4436447929917646 0.3442136505979908 0.4441526895319573 0.3402979970718342 0.44046992942974006 0.33386105447115305 0.4384269198575835 0.3328102489750404 0.43675014152876546 0.3332283167669754 0.42822587376745674 0.3371367239864921 0.4227246700395674 0.3365023759919499 0.41642081576639145 0.3338393155512337 0.4063640133323888 0.3256483466397574 0.40409385945447757 0.3248770581501169 0.40101976585164467 0.3256435157686643 0.39327899014642637 0.33626596715978774 0.3886493358427983 0.34031775603586045 0.38718054333053875 0.3451416385467559 0.3883825853790163 0.3535343950475598 0.38658201106290535 0.3582181164826281 0.3896509479471982 0.37171749308152835 0.39354427222524385 0.3754273332924462 0.4030791763483978 0.377953453238064 0.4099432459108148 0.37691069919377346
3 0.2572146082285248 0.8072653092396598 0.2691626207060791 0.8016117323063522 0.27440351986836153 0.7976304265407842 0.2848495795738041 0.7919055613517896 0.28954942193604166 0.7869447383457958 0.29066856333488866 0.783099567930144 0.2895698696048729 0.7786929480660013 0.2834957379967217 0.7686174535100891 0.27853688024851236 0.7653961642016108 0.26000683962261417 0.7648899001051628 0.25169313603713384 0.7660712049349164 0.23978086217870181 0.7694870355260824 0.23413799315395853 0.7742372143457444 0.2296997445369628 0.7802472325574865 0.22906934118911226 0.7848620811724144 0.23157935196379903 0.7985008137019598 0.24046598342954137 0.8067606554335762 0.2486737603372898 0.8087261310758855 0.2572146082285248 0.8072653092396598
4 0.2349137153899103 0.4642356422679129 0.2407135406617987 0.4601149805717 0.24357964844807317 0.45494270823419214 0.24316238763532128 0.449697537350633 0.2374200378310214 0.439762203870548 0.22993072163929407 0.43115397231231894 0.2251977190172043 0.43121962455173046 0.21662113250684706 0.4349181927300975 0.21597414902907047 0.4370854559617344 0.2201111977427969 0.4429633645494713 0.2188338109171697 0.4497454763960361 0.21476308272314765 0.4536579093414638 0.20161044983784576 0.45805164688269134 0.20389718384568306 0.4612705207556231 0.20903086715059863 0.4640024540164795 0.22396233750354516 0.46674324387434024 0.2349137153899103 0.4642356422679129
4 0.13095105984925576 0.4484772158866052 0.13949448609976084 0.43988347694165586 0.1431453751217609 0.4378587902213928 0.1463241062226906 0.4375120106851448 0.1520716127455306 0.43318150994778204 0.16136665997190905 0.42284018585349514 0.1611063554063022 0.418224532093385 0.15913353389275517 0.41626469246735126 0.15064629393020362 0.41436889479036465 0.1396630449636213 0.4084148670758476 0.1319261367973082 0.4083379428038853 0.1233674195965121 0.41091763781118174 0.11840598348903264 0.4148292656114272 0.11075197597234991 0.42699026825592074 0.10989313913910972 0.4354510924316827 0.11163752716726708 0.4412569076185505 0.12010560864062243 0.4478380370209699 0.12604323167045978 0.4490322241736385 0.13095105984925576 0.4484772158866052
4 0.2051823057491205 0.4330896575828868 0.21351258946452695 0.4343559381364246 0.21770453528657185 0.43331076865658724 0.2234163031902896 0.4312180142613661 0.22933863526983594 0.4263981574763817 0.23017831361387997 0.42262266502605234 0.22594049494096188 0.40562570269293036 0.22403786148602434 0.4027568289369755 0.21666976292231982 0.397015860844337 0.2071348587991658 0.3944897408987192 0.2027170578510013 0.3922479688306667 0.19566158260195202 0.391332493539288 0.1888842812280706 0.39391379883694866 0.1858969558137733 0.3962188077088662 0.17960710331125335 0.4031362497601648 0.17843564316335797 0.40677158113466716 0.17960452495198326 0.41026916686888876 0.1874766525169753 0.4227938570984565 0.19992611563654702 0.43105691941080176 0.2051823057491205 0.4330896575828868
4 0.4862244848969999 0.19830701384437027 0.49064357502479944 0.19698232735806087 0.4936832191881452 0.1948871575272932 0.49971147794542325 0.1869205202702462 0.49367308495639417 0.17460727937219236 0.4942333002456353 0.17090146488718552 0.4966451194204005 0.16628822656262204 0.4886313265585545 0.15914806314725843 0.47944607354881297 0.15564323110639694 0.47598787939308024 0.15605968860796762 0.47149860120667125 0.15829340922419796 0.46920928883956387 0.16220745245999013 0.4687013922993712 0.1661231059861467 0.4704789405873807 0.17682409193959675 0.47042404347906236 0.18374717000717106 0.4719412872014651 0.18983250220051096 0.4788372278440992 0.19725137747716442 0.4823821901883674 0.19837347122896398 0.4862244848969999 0.19830701384437027
5 0.6239990540935582 0.359201963300369 0.6299558356125916 0.3557108187276049 0.6342715774219295 0.35039999560463436 0.6345523296563675 0.3467638590849499 0.6298040360839867 0.34081546738670837 0.6289146173501644 0.33724820368716424 0.6268371583385205 0.3348686859788312 0.626331840157598 0.3316514223962639 0.6275198804354194 0.3304636764050529 0.6242186425268319 0.33150965103007224 0.6163260672930087 0.3272367510802992 0.6123089470276699 0.3277925645125147 0.6046932564893795 0.33058290370614285 0.5996093135742424 0.33519372659515984 0.5983510852378113 0.337290506716292 0.5972829734083775 0.3449119747274554 0.5991856068633152 0.34778084848341023 0.6060994168155105 0.3540808505889931 0.6202613968830224 0.359688098767262 0.6239990540935582 0.359201963300369
5 0.5141542102473732 0.18889163192883066 0.520424904260697 0.18665952160296456 0.5230638677412169 0.18176676627192884 0.5241345579299206 0.16701238115204148 0.5223034017132276 0.1596680147118037 0.5199464796467809 0.15735817496879326 0.5145154639775011 0.15581479284432992 0.5087169278852477 0.156368995986181 0.5045594315026901 0.15874287767823864 0.5012658390692482 0.16279587427208475 0.49638352567515864 0.16523903135687362 0.4937266928850777 0.17125065985898016 0.496308180898009 0.18041389970424246 0.5003405921136388 0.18587213020968002 0.5075874730493204 0.18874583483672805 0.5141542102473732 0.18889163192883066
5 0.5130264030017399 0.12007891904502395 0.5217612349388773 0.11344340943574402 0.5225485945338729 0.10945807794426501 0.5253087756424157 0.10743258607881959 0.5278775510643261 0.103448864877705 0.5299244281753878 0.09380029471073201 0.5275177657191626 0.084147698817848 0.5205682171478451 0.08008544305440664 0.5111558198323489 0.07686012802001736 0.5032785355488167 0.07860127200789728 0.4998892402720586 0.08167515393390859 0.4979291313495325 0.0928622753542518 0.49493922757596504 0.102300201334893 0.49593199462824905 0.10985360167109821 0.4973982087812384 0.11216263626892671 0.5027577472122737 0.11818151107767298 0.5072278669094865 0.12063312218687497 0.5130264030017399 0.12007891904502395
5 0.20183759414360042 0.45777212987621924 0.20842220065121442 0.456799053797251 0.21509486452699894 0.4537980704172909 0.21837952230566046 0.45030451040898034 0.22005758981411344 0.44631998406268353 0.21892444664461044 0.44058465198632035 0.2144900655665199 0.4358952945349768 0.1964513413508883 0.42902579152908116 0.18546809238430598 0.42307176381456413 0.1826555925267149 0.42488741663885976 0.17814715585110966 0.43180646898052294 0.17737637638604004 0.43823938585529315 0.17870221442181053 0.4423664887129637 0.18812990268759766 0.451605847685006 0.197017823332975 0.4562992308622606 0.20183759414360042 0.45777212987621924
5 0.1460113037027059 0.4814980644738808 0.15285879313519676 0.478007725046299 0.1595671956301037 0.4727689953241974 0.1642160084229279 0.4640318747226921 0.1667873622041084 0.4529152364128536 0.1645542361249545 0.4463397430267097 0.15905432157670038 0.4421389364778057 0.15049689355553927 0.44115217293074016 0.1465844107882974 0.44212766444525486 0.13647013288670615 0.4479926907100765 0.13299278024177735 0.4530944799370798 0.12790625896736985 0.46483821993482055 0.1219303189591402 0.47301469623301723 0.12201579796804074 0.47811970604074927 0.12393630073253943 0.4798697066256333 0.1326672651307716 0.48393357267943904 0.13968829094033375 0.4835203357585973 0.1460113037027059 0.4814980644738808
5 0.22193411600801963 0.9562554896614781 0.22869354807233977 0.9547930575348881 0.2326940882077524 0.9517896587193816 0.23091396156047272 0.9482215898746551 0.2249776277102704 0.9434609441676247 0.22269089370243317 0.940242070294693 0.21789285974027406 0.9269509224465778 0.21434789739600574 0.9258288286947783 0.20867057893177524 0.9292502953022199 0.20432167686258515 0.9296659476586081 0.20105488839348493 0.9320406344958482 0.20086090434758241 0.9372153222689026 0.2030059730585656 0.9458187229560384 0.20972708814449356 0.9537269542803137 0.2156991606138181 0.9562498536452028 0.22193411600801963 0.9562554896614781
5 0.24325878718194774 0.9560649741047011 0.2501049874348035 0.9561410932314814 0.25386051395490034 0.9545360845935175 0.2562021450710561 0.950831880398875 0.2577934443909735 0.9453088027992083 0.25722309486998157 0.9287347391291142 0.25425621712451546 0.9227879577212372 0.24554441121547949 0.914038759941999 0.24261069372986555 0.9129871493007041 0.2354148423635972 0.9138897422691675 0.22970307445987945 0.9159824966643887 0.22654092348887586 0.9187768615839278 0.2203748669736488 0.9214286499920933 0.21778822224217728 0.9265312443642785 0.22002005914169603 0.9366731963047844 0.22867825712204876 0.948779013597235 0.23297355126255534 0.9517199807540591 0.24325878718194774 0.9560649741047011
5 0.27030553969667404 0.9252500357178081 0.2753358746831279 0.9239958323420033 0.2810655118964068 0.9207842047757113 0.28497928384328375 0.9162422547068345 0.28658845247276227 0.9096003039360969 0.2826977065539866 0.8987575466164553 0.27492892730745633 0.8902189930235489 0.2721521660689875 0.889796899505703 0.2669291362162662 0.8926593321002002 0.2579135520446908 0.9029309782291646 0.24902176386040834 0.9089369707149956 0.24736156566151646 0.9118026238902219 0.2488099105049447 0.9152305316591208 0.2556012136494821 0.9222297288534751 0.2586918873822411 0.9239108566182189 0.27030553969667404 0.9252500357178081
5 0.2426005594981147 0.8927072711456032 0.24904478988850967 0.8935522633264773 0.2593491842970982 0.893211924951687 0.2629822040095371 0.8923061114024946 0.2663536299767341 0.890351102647554 0.2694992008178117 0.8851091523447238 0.26965744624459176 0.8821722109138106 0.2678951889068733 0.8774852688980136 0.26162836243245463 0.869018003560794 0.25576221664086185 0.8633483237238424 0.247642497101284 0.8593549407805415 0.2418784104485178 0.8612378561346128 0.23600839711801994 0.866267551960747 0.22893376337977434 0.8700374083948009 0.22645175614639962 0.8755596808492856 0.22763721806495102 0.8815048519667984 0.2311808912295843 0.8861934042729599 0.23601724217013578 0.8901138886702096 0.2426005594981147 0.8927072711456032
5 0.14943748231522033 0.8595458918169717 0.1568426086776822 0.8594826550131069 0.161436524362188 0.8576686124791756 0.1662933229715707 0.8533373065966309 0.1697540954865735 0.8457879319863364 0.16797654719856386 0.8350869460328862 0.16356003543003445 0.8292787154104719 0.15788529532507406 0.8255672649091897 0.1486821730057714 0.8231813060393989 0.14277899941542121 0.8233158310989508 0.136578493460707 0.8246389072948958 0.13182762152905608 0.8258234327053782 0.12901512167146514 0.8276390855296736 0.1252225673526109 0.8350482990641408 0.1265994349577947 0.8429516995173228 0.13943170945063108 0.8551312205010071 0.1453335938613461 0.8585631539958172 0.14943748231522033 0.8595458918169717