4 0.7334877303567217 0.21733713289606219 0.7240559297542541 0.21867864074456578 0.7146332639517937 0.22421900089817806 0.7082856822152348 0.2317588647875526 0.700925015390358 0.2373031223669319 0.6980269775946357 0.24167772444456076 0.6929144908175288 0.25779883756820704 0.6975422231832129 0.2643323929445887 0.7049872009427155 0.27026712432667954 0.7149585647566475 0.2714640618088001 0.7186659473695671 0.2708971277271074 0.7318859229868578 0.2652129077135731 0.7343884231739887 0.263133323943085 0.7367560325582534 0.26041912883994084 0.7430495158938498 0.24846887553457223 0.7475627247912445 0.23645484240400738 0.7480601325353964 0.23325379325389636 0.7459798639577986 0.22485219121791192 0.7426019776188587 0.22004282264121108 0.7398535816932946 0.21819497361690496 0.7334877303567217 0.21733713289606219
2 0.8051253692021879 0.7773977617277948 0.792345894794444 0.7809985005450739 0.7880062136345064 0.7841318724442214 0.7849163785013129 0.7889894311430501 0.7843831419562127 0.7961777954873845 0.7898560479400423 0.8025317036654791 0.8008376887086497 0.8112522048274442 0.8098289881015702 0.8119941781751961 0.8181788541474655 0.8111037370352943 0.8230700414525174 0.8091797054020295 0.8267921751327287 0.8017557088857459 0.8268069262000207 0.7948986464511549 0.8249065120262445 0.7873431928587119 0.8141616321960636 0.7783512721864321 0.8092044035564001 0.7771940194684438 0.8051253692021879 0.7773977617277948
5 0.035866756719076374 0.2170455986286008 0.029905577791101968 0.2180915919057261 0.02543100582829818 0.22059035247221784 0.020818734928985748 0.22798245907590325 0.019587158502255432 0.23465597688643988 0.02326503898059119 0.2478031676739289 0.021604904277963456 0.2552310616159796 0.024059632730496282 0.2584678981044559 0.026628174252239088 0.25946959868522057 0.028735136830778198 0.2596850332218731 0.03160928875920173 0.25796864127372654 0.03978772480220283 0.23964817958073398 0.048604786058586716 0.22848808974524476 0.04664746535020568 0.22205020410665738 0.0444294978360993 0.2185419481078667 0.0414893045730639 0.21717705570476037 0.035866756719076374 0.2170455986286008
5 0 0.2721299749180229 0 0.3141944217105393 0.000876040763796937 0.3142474391401441 0.007490595972445824 0.3135047552859313 0.015333919474182334 0.31161651099103177 0.017689585924797614 0.3102314209526286 0.023404869114338544 0.30525799488070915 0.024792414077591286 0.3020888356431962 0.024885149413144524 0.29698395249511716 0.022589197630776804 0.2917235172098146 0.017275068317112386 0.28334601023489403 0.01141856765834084 0.27795801529919906 0 0.2721299749180229
5 0.06636398763780989 0.2704797997156375 0.059614541626294794 0.2705878722371942 0.05595212261433059 0.2713663434297723 0.05156747785343755 0.2742881782180347 0.04967339034602598 0.27645953430055004 0.04631096547345762 0.28557582770391626 0.059169134548542245 0.30450999258780714 0.06490268733809719 0.30793427112610483 0.07027653132000894 0.30966625277731996 0.07743345787376507 0.3059340568838814 0.0774812296083629 0.30061763662491703 0.08084365448093121 0.29150134322155075 0.07884417830523728 0.2793239631022283 0.07718965986989454 0.27569594230457944 0.07384479419826079 0.2724272159035051 0.06636398763780989 0.2704797997156375
5 0.34792074940019696 0.5630575668922041 0.3414621627280708 0.5673046093194405 0.34265510222021 0.570146364072977 0.34635054189948 0.5709085350560253 0.3485804523472359 0.573087685990075 0.35139208147376955 0.5835447767354838 0.35343019458405445 0.5862068842907332 0.3572275043988847 0.5860630244308112 0.360191583529219 0.5847697067044353 0.36477996856123246 0.5800358102302321 0.3663593108619564 0.5763836943715194 0.36459378749104643 0.5694628521117322 0.3600890029945792 0.5648930131327476 0.3517749657496321 0.5617961390784262 0.34792074940019696 0.5630575668922041
5 0.6996914416170921 0.5362638870474216 0.6892556907263139 0.5398086408910386 0.6875414576227239 0.5428261454170953 0.6848591030317714 0.5440595807440421 0.6872028265487371 0.54400359577038 0.6891959760580665 0.5464541662147442 0.6943780227025073 0.548669104487159 0.698622160393249 0.5561685731059403 0.7022606935379143 0.5580483120428444 0.7061598734883047 0.556998421339952 0.7122706942864373 0.5497299769608919 0.7150338412792936 0.544720763550607 0.7140326991246253 0.5413960521758707 0.7112962461327105 0.5382190980868234 0.7083560528696752 0.5368542056837171 0.6996914416170921 0.5362638870474216
5 0.2842026552169227 0.9157601051214093 0.27436056593857167 0.9262536937116443 0.2717772733495372 0.9321090555654704 0.2716276314793791 0.9383315066674054 0.27417228713382275 0.9419914173776522 0.28066108633961245 0.9448129744958923 0.28750045955303827 0.9451279761961061 0.29518781451825216 0.939735373328183 0.2986942649936937 0.9354525435625813 0.2996202310137431 0.9314971182809562 0.29759686897075016 0.9219779482911159 0.2916174204427618 0.9146262369580238 0.28815874170191824 0.9135926464646611 0.2842026552169227 0.9157601051214093
5 0.23752069261416037 0.9371795723881066 0.23462265481843808 0.9415541744657352 0.2338884861358596 0.9450266431261607 0.23478775815496755 0.9492573853438675 0.2375691747478379 0.9526458765438001 0.24328164980373637 0.9532004078417303 0.2469890324166558 0.9526334737600376 0.2544276835097937 0.9488413954671702 0.2567173086257971 0.9443750210775141 0.25581803660668917 0.9401442788598076 0.2538248870973597 0.9376937084154433 0.24626609626864746 0.933994112941064 0.24147677909915582 0.9350121137313583 0.23752069261416037 0.9371795723881066
5 0.25653464608833304 0.9490568300038225 0.2509661966353078 0.953335762343657 0.24808010177323475 0.9563812593565446 0.24690543188110955 0.9619372092132255 0.24757707776179805 0.9706382232463552 0.24971706100764313 0.9723942999586341 0.25804304118623955 0.9741620689482146 0.26340775036814434 0.9716951982943207 0.2686733975481313 0.9646064011135479 0.27301588684171135 0.9559450718445504 0.2734922168522067 0.9498742754540718 0.2704740393209102 0.9467572037644537 0.2636346661074843 0.9464422020642399 0.25653464608833304 0.9490568300038225
5 0.775907519907458 0.8006324775997389 0.7680192328047661 0.8023091847837531 0.7632179727016251 0.8046562906387887 0.7587764214061272 0.8086956933809069 0.7690541060258197 0.827957262748774 0.7788758279695939 0.8353766513328293 0.7890298543209902 0.8318917798886416 0.7923775281262666 0.8296325489198662 0.7991087045377676 0.821126771788092 0.800451285900065 0.8177460754396936 0.7994290660117404 0.8115516168245897 0.7954427669930814 0.8066504759358617 0.7858008994531291 0.8000772357953476 0.775907519907458 0.8006324775997389
5 0.8475077083777626 0.7911618426254883 0.8342308262258668 0.7979636305928783 0.829822295597675 0.8035436755106229 0.8283659011661678 0.8091595077667326 0.8313152292292101 0.8147232524749477 0.8360118110631485 0.8188101348327324 0.8515038525955079 0.821044560233983 0.8579715740676411 0.8209963701118552 0.8614091750748283 0.8191602133648506 0.864600880343582 0.8133966238230517 0.8697857351216651 0.8100836047256166 0.8727737001192983 0.8061320768697586 0.8730013262577178 0.8016618050543356 0.8706365250070958 0.7988480427876299 0.862864859107256 0.7927616566940827 0.8582912251425343 0.7906384907336952 0.8475077083777626 0.7911618426254883
5 0.8687529596351744 0.7581248449760881 0.8597047537076492 0.758500439582192 0.8462388823519248 0.7602572268009321 0.8419111441256367 0.7620614936353387 0.8399032435490152 0.7664679856255656 0.8393489292702586 0.7707866027295325 0.8405959671633603 0.7780387468990628 0.8438270197657843 0.783542609207849 0.8538194613133732 0.787609293930337 0.8717479616982517 0.7846828512098465 0.883930966359926 0.7796612350157992 0.8883394969881179 0.7740811900980547 0.8890287020697407 0.7703971843267439 0.8874641108363088 0.7671922377508655 0.8833759416820894 0.7631971277051081 0.8784306559760753 0.760710769922379 0.8687529596351744 0.7581248449760881
5 0.7440761654900304 0.8226539557800331 0.7435787577458783 0.8258550049301443 0.7456801040571327 0.8371263542064963 0.7486083543865185 0.8398203516743437 0.7537124167626978 0.8402831106602466 0.7631083885642169 0.8429289180059664 0.7691594946941022 0.8423059989506119 0.7724502619647735 0.8411643359356921 0.778818921434989 0.8364942192866851 0.7803533001347576 0.8326305663170871 0.7723209874291922 0.8294738098633365 0.7663745595685099 0.8236627407058709 0.7633142265699004 0.8148061745355178 0.7594059118195027 0.8116572129333015 0.7604667686424184 0.8083363989843324 0.7589682187435982 0.8082127367597071 0.7498602981478256 0.8152338566895165 0.7440761654900304 0.8226539557800331
5 0.9617311924311942 0.742562505469601 0.9580687734192299 0.7433409766621789 0.95415765053519 0.7457199724298125 0.9514963736778939 0.7498231549971269 0.9518982379528499 0.7572549463649448 0.9551742541562295 0.762970345784616 0.958474156226908 0.7660275350748051 0.9669469701420204 0.7671008103323003 0.9708911136933663 0.7662624567402931 0.9748472001783617 0.764094998083545 0.9773166796981865 0.7604747721374304 0.97820962505093 0.7549787046801788 0.9765670495492367 0.7500215788177887 0.9693349468608616 0.7464736380548657 0.9653816685095089 0.743113139341764 0.9617311924311942 0.742562505469601
5 0.9814104651196907 0.7534139674434883 0.9787042246614392 0.7573056128999174 0.9781499103826826 0.7616242300038841 0.9800053609555034 0.768968146485442 0.9832933200925323 0.7733544408403722 0.9878219904562984 0.7752660696898745 0.9970050871866901 0.7755250864164266 1 0.7739509972863579 1 0.7564207127382672 0.9973430078615971 0.7535649116484835 0.991597512138393 0.7514697381749269 0.9886453759417082 0.7514339508365617 0.9814104651196907 0.7534139674434883