1 0.09447004608294932 0.25259515570934254 0.09936635944700462 0.2558391003460208 0.1028225806451613 0.2569204152249135 0.10915898617511521 0.2571366782006921 0.11117511520737326 0.2549740484429066 0.1137672811059908 0.2538927335640139 0.11981566820276499 0.2538927335640139 0.12586405529953917 0.2484861591695502 0.12528801843317974 0.2443771626297578 0.12327188940092167 0.24178200692041524 0.11607142857142858 0.23702422145328722 0.10800691244239631 0.23334775086505194 0.10311059907834101 0.23226643598615918 0.09850230414746544 0.23248269896193774 0.09533410138248848 0.23442906574394465 0.09389400921658987 0.23767301038062288 0.09360599078341014 0.2508650519031142 0.09447004608294932 0.25259515570934254
1 0.14602534562211983 0.2761678200692042 0.1532258064516129 0.28308823529411764 0.1578341013824885 0.28438581314878897 0.16186635944700462 0.2837370242214533 0.1650345622119816 0.28157439446366783 0.17050691244239632 0.2813581314878893 0.1762672811059908 0.28438581314878897 0.1788594470046083 0.2874134948096886 0.18807603686635946 0.29411764705882354 0.195852534562212 0.2969290657439446 0.19988479262672812 0.29563148788927335 0.20910138248847926 0.2897923875432526 0.2116935483870968 0.28654844290657444 0.2096774193548387 0.28308823529411764 0.21025345622119818 0.28200692041522496 0.21486175115207376 0.2796280276816609 0.21457373271889404 0.2757352941176471 0.2116935483870968 0.27141003460207613 0.20478110599078342 0.268598615916955 0.19930875576036866 0.2683823529411765 0.19066820276497695 0.2711937716262976 0.16100230414746544 0.2698961937716263 0.15581797235023043 0.2720588235294118 0.14688940092165897 0.27227508650519033 0.14602534562211983 0.27249134948096887 0.14602534562211983 0.2761678200692042
1 0.8012672811059908 0.7026384083044983 0.8029953917050692 0.7117214532871973 0.8067396313364055 0.7145328719723184 0.8139400921658986 0.7156141868512111 0.8176843317972351 0.7173442906574394 0.8349654377880185 0.7143166089965398 0.8387096774193548 0.7099913494809689 0.838421658986175 0.7073961937716263 0.8424539170506913 0.7065311418685122 0.8473502304147467 0.7145328719723184 0.8522465437788019 0.7166955017301039 0.8617511520737328 0.7141003460207613 0.870967741935484 0.7084775086505191 0.8726958525345623 0.7060986159169551 0.8732718894009217 0.7006920415224914 0.8721198156682028 0.698961937716263 0.8617511520737328 0.6963667820069205 0.8476382488479264 0.6885813148788927 0.831221198156682 0.6831747404844292 0.8254608294930875 0.6823096885813149 0.8211405529953918 0.6792820069204153 0.8171082949308757 0.6782006920415226 0.8139400921658986 0.6782006920415226 0.8070276497695852 0.6833910034602076 0.8004032258064516 0.6862024221453288 0.7972350230414746 0.6905276816608997 0.7975230414746545 0.6961505190311419 0.8012672811059908 0.7026384083044983
1 0.7168778801843319 0.7683823529411765 0.7217741935483871 0.7707612456747406 0.7309907834101382 0.7698961937716263 0.7338709677419355 0.7707612456747406 0.7358870967741936 0.7735006487889274 0.7358870967741936 0.7759515570934257 0.7387672811059909 0.7781141868512111 0.7453917050691244 0.7865484429065744 0.7482718894009217 0.7884948096885813 0.761520737327189 0.7817906574394464 0.7690092165898618 0.7839532871972319 0.7862903225806452 0.7822231833910036 0.790610599078341 0.7785467128027682 0.793778801843318 0.7727076124567475 0.7934907834101382 0.7651384083044983 0.7908986175115207 0.7625432525951558 0.7860023041474655 0.7612456747404844 0.777073732718894 0.76340830449827 0.7716013824884793 0.7627595155709344 0.7710253456221199 0.7597318339100346 0.7730414746543779 0.7549740484429066 0.7724654377880185 0.7480536332179931 0.7695852534562213 0.7443771626297578 0.7655529953917051 0.7422145328719724 0.7525921658986175 0.7432958477508651 0.7451036866359447 0.7391868512110726 0.7410714285714286 0.7400519031141869 0.7367511520737328 0.7445934256055364 0.7358870967741936 0.7506487889273357 0.736463133640553 0.7569204152249135 0.7350230414746545 0.7582179930795848 0.7237903225806452 0.7530276816608997 0.7168778801843319 0.7515138408304499 0.7134216589861752 0.751946366782007 0.7088133640552996 0.7545415224913495 0.7099654377880185 0.761029411764706 0.7168778801843319 0.7683823529411765
1 0.6851958525345623 0.8044982698961938 0.691820276497696 0.8075259515570934 0.6967165898617511 0.8073096885813149 0.7004608294930875 0.8088235294117648 0.7001728110599078 0.8116349480968859 0.6877880184331797 0.8157439446366782 0.685483870967742 0.8170415224913496 0.684331797235023 0.8192041522491349 0.6840437788018433 0.8213667820069205 0.6851958525345623 0.8228806228373703 0.6961405529953917 0.8280709342560554 0.7021889400921659 0.8289359861591696 0.7122695852534562 0.8280709342560554 0.7200460829493088 0.8246107266435987 0.7229262672811061 0.8211505190311419 0.7252304147465438 0.8137975778546714 0.7263824884792627 0.8131487889273357 0.7301267281105991 0.8129325259515572 0.7338709677419355 0.8146626297577855 0.7373271889400922 0.8140138408304498 0.741647465437788 0.8157439446366782 0.7433755760368663 0.8122837370242214 0.7508640552995393 0.8088235294117648 0.7523041474654378 0.8073096885813149 0.747983870967742 0.7932525951557095 0.7430875576036866 0.7887110726643599 0.7367511520737328 0.7791955017301039 0.7332949308755761 0.7772491349480969 0.7229262672811061 0.7759515570934257 0.7171658986175116 0.7774653979238755 0.7137096774193549 0.7804930795847752 0.711405529953917 0.7880622837370244 0.7085253456221199 0.7904411764705883 0.7056451612903226 0.7908737024221454 0.7001728110599078 0.7882785467128028 0.6932603686635945 0.7826557093425606 0.6895161290322581 0.7817906574394464 0.685483870967742 0.7824394463667821 0.681163594470046 0.7902249134948097 0.6808755760368663 0.7988754325259516 0.6851958525345623 0.8044982698961938
1 0.641705069124424 0.7618944636678202 0.6408410138248848 0.7649221453287198 0.6370967741935484 0.7655709342560554 0.6353686635944701 0.7679498269896194 0.6350806451612903 0.7692474048442908 0.636520737327189 0.7711937716262977 0.652073732718894 0.7744377162629759 0.6624423963133641 0.7813581314878894 0.6676267281105991 0.7826557093425606 0.6722350230414746 0.7826557093425606 0.6817396313364055 0.7807093425605537 0.6895161290322581 0.7774653979238755 0.6935483870967742 0.772923875432526 0.6926843317972351 0.7692474048442908 0.6892281105990784 0.7679498269896194 0.6872119815668203 0.765787197231834 0.6880760368663594 0.7580017301038062 0.6926843317972351 0.7480536332179931 0.6895161290322581 0.7463235294117647 0.6794354838709677 0.7445934256055364 0.6759792626728112 0.7461072664359862 0.6722350230414746 0.7456747404844292 0.6673387096774194 0.7387543252595157 0.663594470046083 0.7363754325259516 0.6578341013824885 0.7359429065743945 0.6558179723502304 0.7372404844290659 0.6532258064516129 0.740484429065744 0.6517857142857143 0.7445934256055364 0.6460253456221199 0.751946366782007 0.6434331797235023 0.7523788927335641 0.6342165898617511 0.7502162629757786 0.6304723502304148 0.7512975778546713 0.6310483870967742 0.7549740484429066 0.641705069124424 0.7618944636678202
1 0.5869815668202765 0.8211505190311419 0.5892857142857143 0.8237456747404845 0.5953341013824885 0.8362889273356402 0.5987903225806452 0.8382352941176471 0.6094470046082949 0.8386678200692043 0.6175115207373272 0.835423875432526 0.6189516129032258 0.8317474048442908 0.6189516129032258 0.8239619377162631 0.6177995391705069 0.8192041522491349 0.6140552995391706 0.8157439446366782 0.6094470046082949 0.8131487889273357 0.5996543778801844 0.809688581314879 0.5933179723502304 0.8105536332179932 0.5887096774193549 0.8122837370242214 0.5869815668202765 0.814446366782007 0.5861175115207373 0.8170415224913496 0.5869815668202765 0.8211505190311419
0 0.1543778801843318 0.2387543252595156 0.1566820276497696 0.23983564013840836 0.16849078341013826 0.2402681660899654 0.17223502304147467 0.2387543252595156 0.17540322580645162 0.2346453287197232 0.17511520737327188 0.23053633217993083 0.17108294930875576 0.22664359861591699 0.1676267281105991 0.2253460207612457 0.1578341013824885 0.22577854671280279 0.15408986175115208 0.22794117647058826 0.15207373271889402 0.23075259515570937 0.1517857142857143 0.2346453287197232 0.1543778801843318 0.2387543252595156
0 0.1578341013824885 0.2573529411764706 0.16129032258064518 0.256704152249135 0.16647465437788017 0.2521626297577855 0.16705069124423963 0.2480536332179931 0.16215437788018433 0.24372837370242215 0.15985023041474655 0.24286332179930797 0.1543778801843318 0.24221453287197234 0.15063364055299538 0.24329584775086505 0.14717741935483872 0.24783737024221458 0.14717741935483872 0.25237889273356406 0.1578341013824885 0.2573529411764706
0 0.20622119815668202 0.2874134948096886 0.21342165898617513 0.2906574394463668 0.21889400921658986 0.2906574394463668 0.22436635944700462 0.28633217993079585 0.22494239631336405 0.28200692041522496 0.22379032258064516 0.2798442906574395 0.2168778801843318 0.27703287197231835 0.21255760368663595 0.2768166089965398 0.20650921658986174 0.27941176470588236 0.20506912442396313 0.28179065743944637 0.2044930875576037 0.28287197231833916 0.20622119815668202 0.2874134948096886
0 0.23099078341013826 0.3181228373702422 0.23559907834101385 0.3155276816608997 0.23847926267281108 0.31228373702422146 0.2436635944700461 0.30384948096885817 0.2436635944700461 0.2999567474048443 0.2459677419354839 0.2984429065743945 0.24971198156682028 0.29346885813148793 0.24942396313364057 0.2897923875432526 0.24827188940092165 0.2884948096885813 0.24078341013824883 0.2874134948096886 0.2338709677419355 0.2897923875432526 0.2338709677419355 0.29368512110726647 0.23617511520737328 0.2969290657439446 0.23617511520737328 0.30449826989619383 0.23041474654377883 0.3142301038062284 0.23012672811059906 0.3174740484429066 0.23099078341013826 0.3181228373702422
0 0.1676267281105991 0.32612456747404844 0.1742511520737327 0.3285034602076125 0.1788594470046083 0.3276384083044983 0.18433179723502305 0.3211505190311419 0.1826036866359447 0.31704152249134954 0.1788594470046083 0.3155276816608997 0.17021889400921658 0.3166089965397924 0.16705069124423963 0.3181228373702422 0.16561059907834103 0.3202854671280277 0.16618663594470046 0.32461072664359863 0.1676267281105991 0.32612456747404844
1 0.17453917050691245 0.5417387543252595 0.1826036866359447 0.5471453287197232 0.18980414746543778 0.5480103806228375 0.19527649769585254 0.5467128027681661 0.2033410138248848 0.5400086505190311 0.2067972350230415 0.541089965397924 0.20910138248847926 0.5430363321799309 0.2108294930875576 0.55060553633218 0.21342165898617513 0.5547145328719724 0.2168778801843318 0.5542820069204153 0.22091013824884795 0.5493079584775087 0.22494239631336405 0.5473615916955017 0.2341589861751152 0.55060553633218 0.23761520737327188 0.5503892733564014 0.24222350230414746 0.5469290657439447 0.24481566820276499 0.5397923875432526 0.24222350230414746 0.5337370242214534 0.23732718894009217 0.5294117647058825 0.23732718894009217 0.5255190311418685 0.24135944700460832 0.5237889273356402 0.2451036866359447 0.5201124567474049 0.24539170506912442 0.5155709342560554 0.24107142857142855 0.5140570934256056 0.22523041474654376 0.513840830449827 0.2220622119815668 0.515787197231834 0.2171658986175115 0.5240051903114187 0.20881336405529954 0.5255190311418685 0.2056451612903226 0.5274653979238755 0.20305299539170507 0.5311418685121108 0.19786866359447006 0.5315743944636678 0.18577188940092165 0.5255190311418685 0.18289170506912442 0.5248702422145329 0.1788594470046083 0.5248702422145329 0.17684331797235026 0.5257352941176471 0.17223502304147467 0.5289792387543253 0.1713709677419355 0.5311418685121108 0.1713709677419355 0.5363321799307958 0.17453917050691245 0.5417387543252595