0 0.38421658986175117 0.4392301038062284 0.39400921658986177 0.4444204152249135 0.4009216589861751 0.4448529411764707 0.40437788018433185 0.44333910034602075 0.4092741935483871 0.43987889273356406 0.41244239631336405 0.4357698961937716 0.41215437788018433 0.43014705882352944 0.40437788018433185 0.4234429065743945 0.396889400921659 0.4227941176470589 0.38652073732718895 0.4245242214532873 0.38479262672811065 0.4251730103806229 0.3824884792626728 0.42863321799307963 0.3819124423963134 0.4359861591695502 0.38421658986175117 0.4392301038062284
1 0.33842165898617516 0.4480968858131488 0.34130184331797236 0.4498269896193772 0.3522465437788019 0.45220588235294124 0.3611751152073733 0.44874567474048443 0.37327188940092165 0.4476643598615917 0.37989631336405527 0.44247404844290666 0.3813364055299539 0.4392301038062284 0.378168202764977 0.43230968858131497 0.378168202764977 0.4253892733564014 0.37672811059907835 0.4236591695501731 0.3712557603686636 0.42171280276816614 0.3591589861751152 0.41998269896193774 0.3525345622119816 0.4236591695501731 0.3415898617511521 0.4329584775086506 0.33870967741935487 0.4390138408304499 0.33755760368663595 0.4461505190311419 0.33842165898617516 0.4480968858131488
1 0.28168202764976963 0.49221453287197237 0.29349078341013823 0.49329584775086505 0.31048387096774194 0.5 0.3151880760368664 0.4971165657439447 0.3191244239631337 0.4967560553633218 0.32229262672811065 0.4978373702422146 0.3257488479262673 0.4969723183391004 0.32805299539170507 0.4945934256055364 0.3306451612903226 0.4874567474048443 0.3332373271889401 0.4863754325259516 0.33842165898617516 0.4859429065743945 0.34101382488479265 0.48421280276816614 0.34101382488479265 0.48075259515570934 0.3346774193548387 0.4788062283737025 0.33294930875576034 0.47404844290657444 0.3364055299539171 0.4641003460207613 0.3361175115207373 0.4599913494809689 0.3326612903225806 0.4558823529411765 0.32805299539170507 0.4539359861591696 0.3248847926267281 0.4558823529411765 0.31768433179723504 0.4554498269896194 0.3058755760368664 0.4608564013840831 0.3001152073732719 0.4608564013840831 0.29377880184331795 0.46258650519031147 0.28225806451612906 0.47231833910034604 0.280241935483871 0.4783737024221454 0.2799539170506912 0.49026816608996543 0.28168202764976963 0.49221453287197237
1 0.402073732718894 0.603589965397924 0.41013824884792627 0.6040224913494809 0.4173387096774194 0.6076989619377163 0.4196428571428571 0.61310553633218 0.42252304147465436 0.6161332179930796 0.42079493087557607 0.6185121107266436 0.42079493087557607 0.6234861591695502 0.4251152073732719 0.6258650519031143 0.4291474654377881 0.6254325259515572 0.43289170506912444 0.6260813148788927 0.43519585253456217 0.6301903114186851 0.438652073732719 0.6319204152249135 0.4481566820276498 0.6308391003460209 0.4639976958525346 0.6237024221453288 0.47033410138248855 0.6182958477508651 0.4775345622119816 0.6061851211072665 0.4758064516129032 0.6025086505190311 0.4714861751152074 0.5994809688581315 0.4642857142857143 0.5869377162629759 0.45852534562211983 0.5852076124567475 0.45276497695852536 0.5858564013840831 0.44614055299539174 0.5893166089965398 0.44268433179723504 0.5914792387543253 0.4389400921658987 0.596885813148789 0.4357718894009217 0.5986159169550174 0.4230990783410139 0.5994809688581315 0.40754608294930883 0.596885813148789 0.40293778801843316 0.5983996539792388 0.40120967741935487 0.6012110726643599 0.4009216589861751 0.6025086505190311 0.402073732718894 0.603589965397924
2 0.7125576036866359 0.2796280276816609 0.7194700460829494 0.28633217993079585 0.7376152073732719 0.29303633217993086 0.7485599078341014 0.29346885813148793 0.7554723502304148 0.29282006920415227 0.7589285714285714 0.29130622837370246 0.7707373271889402 0.28287197231833916 0.7764976958525346 0.2735726643598616 0.7796658986175116 0.25605536332179935 0.7785138248847926 0.24113321799307957 0.7767857142857143 0.23702422145328722 0.7690092165898618 0.23226643598615918 0.7620967741935484 0.23053633217993083 0.7595046082949308 0.23118512110726647 0.7517281105990784 0.22664359861591699 0.747983870967742 0.22556228373702422 0.7439516129032258 0.2253460207612457 0.7309907834101382 0.22750865051903119 0.7272465437788018 0.23075259515570937 0.7243663594470047 0.23680795847750868 0.7188940092165899 0.24416089965397925 0.7134216589861752 0.26232698961937717 0.7111175115207373 0.27638408304498274 0.7125576036866359 0.2796280276816609
2 0.5357142857142858 0.22383217993079585 0.5397465437788018 0.2277249134948097 0.543778801843318 0.22837370242214536 0.5472350230414746 0.22750865051903119 0.5515552995391706 0.22339965397923875 0.5535714285714286 0.21907439446366786 0.5532834101382489 0.20804498269896196 0.5504032258064516 0.2058823529411765 0.5466589861751152 0.2067474048442907 0.5446428571428572 0.2054498269896194 0.5397465437788018 0.20436851211072665 0.5362903225806452 0.20653114186851212 0.5342741935483871 0.21064013840830453 0.5331221198156683 0.2169117647058824 0.5357142857142858 0.22383217993079585
2 0.5659562211981567 0.19139273356401384 0.5717165898617511 0.19096020761245674 0.5760368663594471 0.19269031141868515 0.5763248847926268 0.19550173010380625 0.5780529953917051 0.1961505190311419 0.5777649769585254 0.19939446366782007 0.5797811059907835 0.2022058823529412 0.5780529953917051 0.20480103806228372 0.5737327188940092 0.2063148788927336 0.5639400921658987 0.20609861591695502 0.560483870967742 0.21626297577854672 0.5590437788018433 0.2272923875432526 0.5645161290322581 0.23161764705882354 0.5711405529953917 0.2350778546712803 0.5774769585253456 0.23572664359861592 0.5849654377880185 0.23486159169550175 0.5878456221198156 0.23096885813148788 0.5913018433179723 0.22123702422145333 0.5852534562211982 0.19636678200692043 0.5786290322580645 0.19442041522491352 0.5783410138248848 0.18858131487889276 0.5711405529953917 0.18360726643598618 0.5676843317972351 0.18252595155709345 0.5642281105990784 0.18295847750865052 0.5581797235023042 0.18576989619377166 0.5558755760368663 0.18923010380622837 0.5659562211981567 0.19139273356401384
4 0.758352534562212 0.22880622837370246 0.7623847926267281 0.23075259515570937 0.7695852534562213 0.23226643598615918 0.7816820276497696 0.2402681660899654 0.7897465437788018 0.24264705882352944 0.7932027649769585 0.24199826989619377 0.7972350230414746 0.2383217993079585 0.8006912442396313 0.23075259515570937 0.8012672811059908 0.22015570934256057 0.7975230414746545 0.21215397923875434 0.7934907834101382 0.20804498269896196 0.7836981566820277 0.2058823529411765 0.7756336405529954 0.2058823529411765 0.7644009216589862 0.21301903114186854 0.7557603686635945 0.22102076124567477 0.7546082949308757 0.22383217993079585 0.758352534562212 0.22880622837370246
4 0.4418202764976959 0.38711072664359863 0.4533410138248848 0.3994377162629758 0.4634216589861751 0.4037629757785467 0.4714861751152074 0.4044117647058824 0.4743663594470046 0.40138408304498274 0.47465437788018433 0.3907871972318339 0.47868663594470046 0.3819204152249135 0.4879032258064516 0.37564878892733566 0.48819124423963134 0.3728373702422146 0.4858870967741936 0.36916089965397925 0.4775345622119816 0.3665657439446367 0.4714861751152074 0.3618079584775087 0.46054147465437795 0.3589965397923876 0.4513248847926268 0.35834775086505194 0.44614055299539174 0.358780276816609 0.4395161290322581 0.3615916955017301 0.435483870967742 0.36613321799307963 0.434331797235023 0.3698096885813149 0.43461981566820274 0.37716262975778553 0.4418202764976959 0.38711072664359863
4 0.13220046082949308 0.4150086505190312 0.1350806451612903 0.41825259515570934 0.14055299539170507 0.42171280276816614 0.15524193548387097 0.42863321799307963 0.16849078341013826 0.43144463667820077 0.17511520737327188 0.43166089965397925 0.19268433179723504 0.4288494809688582 0.195852534562212 0.4275519031141869 0.20391705069124427 0.4227941176470589 0.21284562211981567 0.4152249134948097 0.2154377880184332 0.405060553633218 0.21514976958525348 0.3946799307958478 0.21140552995391704 0.38884083044982704 0.20622119815668202 0.38602941176470595 0.20247695852534564 0.3855968858131488 0.1961405529953917 0.3788927335640139 0.18922811059907835 0.37716262975778553 0.18202764976958524 0.37716262975778553 0.17021889400921658 0.37954152249134954 0.1592741935483871 0.386461937716263 0.1434331797235023 0.3918685121107267 0.13796082949308758 0.39619377162629765 0.13248847926267282 0.4035467128027682 0.1313364055299539 0.4067906574394464 0.1310483870967742 0.41133217993079585 0.13220046082949308 0.4150086505190312
5 0.4755184331797235 0.4016003460207613 0.47926267281105994 0.4057093425605537 0.4824308755760369 0.41154844290657444 0.48444700460829493 0.4132785467128028 0.4902073732718894 0.4154411764705882 0.496831797235023 0.416522491349481 0.5054723502304148 0.41673875432525953 0.5097926267281105 0.4147923875432526 0.5155529953917051 0.4078719723183391 0.5224654377880185 0.39424740484429066 0.5190092165898618 0.3901384083044983 0.5126728110599078 0.38797577854671284 0.5060483870967742 0.3836505190311419 0.5017281105990784 0.37932525951557095 0.49510368663594473 0.37694636678200694 0.49135944700460826 0.37651384083044986 0.4804147465437788 0.3808391003460208 0.4775345622119816 0.3847318339100346 0.47494239631336405 0.39121972318339104 0.4743663594470046 0.39727508650519033 0.4755184331797235 0.4016003460207613
5 0.4017857142857143 0.4078719723183391 0.40437788018433185 0.41198096885813157 0.4092741935483871 0.4163062283737024 0.41417050691244245 0.41760380622837373 0.42396313364055305 0.4180363321799308 0.4375 0.4145761245674741 0.4421082949308756 0.40095155709342567 0.43289170506912444 0.3929498269896194 0.42885944700460826 0.3907871972318339 0.4254032258064516 0.3901384083044983 0.41445852534562216 0.39035467128027684 0.40812211981566826 0.3918685121107267 0.4035138248847926 0.3948961937716263 0.40034562211981567 0.4007352941176471 0.40005760368663595 0.4044117647058824 0.4017857142857143 0.4078719723183391
5 0.217741935483871 0.4145761245674741 0.2269585253456221 0.41955017301038067 0.24107142857142855 0.42322664359861595 0.24452764976958527 0.4234429065743945 0.25201612903225806 0.4219290657439447 0.2603686635944701 0.4158737024221454 0.263536866359447 0.41154844290657444 0.26411290322580644 0.40657439446366783 0.2606566820276498 0.3970588235294118 0.2560483870967742 0.393166089965398 0.2439516129032258 0.38819204152249137 0.2379032258064516 0.3884083044982699 0.2240783410138249 0.3925173010380623 0.21860599078341014 0.39511245674740486 0.2168778801843318 0.39727508650519033 0.2157258064516129 0.40289792387543255 0.2154377880184332 0.41046712802768165 0.217741935483871 0.4145761245674741
5 0.0967741935483871 0.3836505190311419 0.10195852534562214 0.39035467128027684 0.10915898617511521 0.39424740484429066 0.11405529953917051 0.3985726643598616 0.11779953917050692 0.39965397923875434 0.1336405529953917 0.40008650519031147 0.14256912442396313 0.3918685121107267 0.1581221198156682 0.38602941176470595 0.160426267281106 0.3836505190311419 0.16129032258064518 0.3808391003460208 0.15956221198156684 0.37564878892733566 0.15380184331797236 0.3721885813148789 0.14717741935483872 0.37089100346020765 0.13623271889400923 0.3706747404844291 0.12816820276497695 0.36851211072664364 0.10915898617511521 0.3695934256055363 0.09879032258064516 0.37391868512110726 0.09648617511520738 0.37716262975778553 0.09591013824884793 0.3806228373702422 0.0967741935483871 0.3836505190311419