2 0.3597350230414747 0.41154844290657444 0.3626152073732719 0.42063148788927335 0.3663594470046083 0.4249567474048443 0.37413594470046085 0.4290657439446367 0.3813364055299539 0.4357698961937716 0.3870967741935484 0.43966262975778553 0.3931451612903226 0.4422577854671281 0.4006336405529954 0.4491782006920416 0.4179147465437788 0.45112456747404844 0.4216589861751152 0.45242214532871977 0.4251152073732719 0.45134083044982704 0.42684331797235026 0.4493944636678201 0.4308755760368664 0.4383650519031142 0.43461981566820274 0.43187716262975784 0.4372119815668203 0.4171712802768166 0.4357718894009217 0.41306228373702425 0.43058755760368667 0.40938581314878897 0.42857142857142855 0.4061418685121107 0.41877880184331795 0.39792387543252594 0.41445852534562216 0.39511245674740486 0.39343317972350234 0.38905709342560557 0.3758640552995392 0.38754325259515576 0.3689516129032258 0.38754325259515576 0.3626152073732719 0.38884083044982704 0.3588709677419355 0.3910034602076125 0.3551267281105991 0.39749134948096887 0.3551267281105991 0.4041955017301039 0.3597350230414747 0.41154844290657444
3 0.5210253456221199 0.4048442906574395 0.5273617511520737 0.4139273356401384 0.5328341013824885 0.41911764705882354 0.5469470046082949 0.418901384083045 0.559331797235023 0.4150086505190312 0.5780529953917051 0.39359861591695505 0.5800691244239632 0.3899221453287197 0.5835253456221199 0.3711072664359862 0.5832373271889402 0.36634948096885817 0.5815092165898618 0.3633217993079585 0.5771889400921659 0.3594290657439447 0.5711405529953917 0.3572664359861592 0.5633640552995393 0.35661764705882354 0.557315668202765 0.3581314878892734 0.5362903225806452 0.3719723183391004 0.5267857142857143 0.38019031141868515 0.5207373271889402 0.3836505190311419 0.5129608294930875 0.3948961937716263 0.5132488479262672 0.39987024221453293 0.5210253456221199 0.4048442906574395
3 0.5175691244239632 0.4733996539792388 0.5244815668202765 0.4772923875432526 0.5313940092165899 0.4794550173010381 0.5423387096774194 0.48572664359861595 0.5501152073732719 0.4861591695501731 0.5645161290322581 0.4772923875432526 0.5711405529953917 0.47080449826989623 0.5783410138248848 0.45977508650519033 0.5789170506912442 0.45371972318339104 0.5751728110599078 0.4390138408304499 0.560483870967742 0.43101211072664364 0.557315668202765 0.43079584775086505 0.5469470046082949 0.43339100346020765 0.5429147465437788 0.43490484429065746 0.5388824884792627 0.43793252595155713 0.5213133640552996 0.4563148788927336 0.5152649769585254 0.46993944636678203 0.5175691244239632 0.4733996539792388
4 0.44441244239631333 0.3836505190311419 0.4495967741935484 0.38711072664359863 0.45305299539170507 0.38667820069204156 0.46284562211981567 0.37846020761245674 0.46716589861751157 0.37716262975778553 0.48099078341013823 0.37629757785467133 0.48819124423963134 0.37846020761245674 0.4902073732718894 0.37694636678200694 0.4899193548387097 0.3728373702422146 0.4855990783410139 0.3594290657439447 0.47638248847926273 0.34191176470588236 0.4674539170506913 0.33801903114186854 0.46054147465437795 0.33628892733564014 0.45622119815668205 0.33585640138408307 0.4536290322580645 0.33715397923875434 0.4449884792626729 0.3447231833910035 0.440668202764977 0.35510380622837373 0.4392281105990784 0.36613321799307963 0.43980414746543783 0.37629757785467133 0.44441244239631333 0.3836505190311419
4 0.45305299539170507 0.42019896193771633 0.4599654377880184 0.4240916955017301 0.4694700460829493 0.4273356401384083 0.4737903225806452 0.43036332179930803 0.4824308755760369 0.43057958477508657 0.4916474654377881 0.42928200692041524 0.49539170506912444 0.4271193771626298 0.5037442396313364 0.4180363321799308 0.5069124423963134 0.4085207612456748 0.5072004608294931 0.4041955017301039 0.503168202764977 0.39922145328719727 0.494815668202765 0.3847318339100346 0.4876152073732719 0.3775951557093426 0.4798387096774194 0.37651384083044986 0.47033410138248855 0.37651384083044986 0.4631336405529954 0.37867647058823534 0.45910138248847926 0.38105536332179935 0.45247695852534564 0.38797577854671284 0.44873271889400923 0.40181660899653987 0.44930875576036866 0.41284602076124577 0.45305299539170507 0.42019896193771633
5 0.4933755760368664 0.4545847750865052 0.5046082949308757 0.458044982698962 0.5092165898617511 0.458044982698962 0.5152649769585254 0.4567474048442907 0.5233294930875576 0.45004325259515576 0.5296658986175116 0.4357698961937716 0.530241935483871 0.42863321799307963 0.5267857142857143 0.4225778546712803 0.5192972350230415 0.4171712802768166 0.5126728110599078 0.4158737024221454 0.5069124423963134 0.4169550173010381 0.5005760368663594 0.42128027681660907 0.49711981566820274 0.4251730103806229 0.48646313364055305 0.44117647058823534 0.48646313364055305 0.4472318339100346 0.4933755760368664 0.4545847750865052
5 0.4014976958525346 0.7028546712802768 0.4038018433179723 0.708044982698962 0.4112903225806452 0.7125865051903115 0.4182027649769585 0.7130190311418685 0.4213709677419355 0.7115051903114187 0.42655529953917054 0.71280276816609 0.43202764976958524 0.7125865051903115 0.43490783410138245 0.7084775086505191 0.4334677419354839 0.697015570934256 0.4297235023041475 0.6885813148788927 0.4251152073732719 0.6816608996539794 0.41849078341013823 0.6773356401384084 0.40783410138248855 0.6769031141868512 0.40293778801843316 0.6792820069204153 0.4009216589861751 0.6829584775086506 0.4006336405529954 0.6967993079584776 0.4014976958525346 0.7028546712802768
5 0.3548387096774194 0.7480536332179931 0.35627880184331795 0.7500000000000001 0.3600230414746544 0.7517301038062285 0.36146313364055305 0.7551903114186852 0.3660714285714286 0.756704152249135 0.37384792626728114 0.756704152249135 0.3790322580645161 0.7558391003460209 0.3824884792626728 0.7541089965397925 0.38911290322580644 0.7474048442906576 0.3908410138248848 0.7445934256055364 0.39112903225806456 0.7411332179930796 0.3873847926267281 0.7309688581314879 0.3807603686635945 0.7244809688581315 0.37730414746543783 0.7221020761245676 0.3709677419354839 0.7201557093425606 0.3626152073732719 0.7186418685121108 0.3588709677419355 0.7188581314878894 0.35627880184331795 0.7199394463667821 0.35339861751152074 0.7229671280276817 0.3516705069124424 0.7288062283737025 0.3516705069124424 0.7376730103806228 0.3548387096774194 0.7480536332179931
5 0.31538018433179726 0.7454584775086506 0.32747695852534564 0.7543252595155711 0.33122119815668205 0.7603806228373703 0.33410138248847926 0.7629757785467128 0.33842165898617516 0.7655709342560554 0.3418778801843318 0.7649221453287198 0.3456221198156682 0.7625432525951558 0.3487903225806452 0.7631920415224914 0.3528225806451613 0.7584342560553634 0.35426267281105994 0.7521626297577855 0.35426267281105994 0.7445934256055364 0.35023041474654376 0.7352941176470589 0.3453341013824885 0.7320501730103807 0.3245967741935484 0.7314013840830451 0.31710829493087556 0.7320501730103807 0.31394009216589863 0.7359429065743945 0.3136520737327189 0.7415657439446368 0.31538018433179726 0.7454584775086506
5 0.41705069124423966 0.7556228373702423 0.4216589861751152 0.7597318339100346 0.42597926267281105 0.7588667820069205 0.43202764976958524 0.7616782006920416 0.4389400921658987 0.7625432525951558 0.4475806451612903 0.756704152249135 0.4504608294930875 0.7517301038062285 0.4495967741935484 0.7411332179930796 0.4432603686635945 0.7294550173010381 0.43519585253456217 0.7231833910034602 0.4277073732718894 0.7214532871972319 0.4182027649769585 0.723832179930796 0.41618663594470046 0.7275086505190311 0.4153225806451613 0.7322664359861593 0.4147465437788019 0.7450259515570935 0.41705069124423966 0.7556228373702423
5 0.3130760368663595 0.8146626297577855 0.3306451612903226 0.828287197231834 0.3424539170506912 0.8315311418685122 0.3539746543778802 0.8250432525951558 0.35455069124423966 0.8170415224913496 0.35339861751152074 0.8140138408304498 0.34418202764976963 0.8081747404844292 0.3366935483870968 0.7999567474048443 0.3317972350230415 0.7962802768166091 0.32373271889400923 0.7934688581314879 0.3185483870967742 0.7932525951557095 0.31163594470046085 0.7960640138408305 0.309331797235023 0.7995242214532873 0.30961981566820274 0.8070934256055364 0.3130760368663595 0.8146626297577855
5 0.4533410138248848 0.8386678200692043 0.45650921658986177 0.8410467128027681 0.46284562211981567 0.8436418685121108 0.4737903225806452 0.8438581314878894 0.47897465437788017 0.8423442906574395 0.4821428571428571 0.8401816608996541 0.48502304147465436 0.8362889273356402 0.48646313364055305 0.830233564013841 0.48473502304147464 0.8241782006920415 0.4755184331797235 0.8099048442906576 0.4674539170506913 0.8055795847750865 0.45622119815668205 0.8040657439446367 0.45305299539170507 0.804930795847751 0.45074884792626724 0.8070934256055364 0.44902073732718895 0.8137975778546714 0.44902073732718895 0.828287197231834 0.4533410138248848 0.8386678200692043
5 0.5285138248847926 0.9569636678200693 0.533410138248848 0.9589100346020762 0.5480990783410139 0.9565311418685122 0.5524193548387097 0.9480968858131489 0.5544354838709677 0.9463667820069205 0.554147465437788 0.9411764705882353 0.5552995391705069 0.9392301038062284 0.554147465437788 0.9316608996539794 0.5506912442396313 0.9253892733564015 0.5446428571428572 0.9217128027681663 0.536578341013825 0.9210640138408305 0.5290898617511521 0.9234429065743945 0.5241935483870968 0.9290657439446367 0.5250576036866359 0.9489619377162631 0.5285138248847926 0.9569636678200693
5 0.5040322580645161 0.9721020761245676 0.5152649769585254 0.971885813148789 0.5236175115207373 0.9669117647058825 0.5253456221198156 0.9610726643598616 0.5244815668202765 0.9526384083044983 0.5141129032258065 0.93901384083045 0.5120967741935484 0.9320934256055364 0.5086405529953917 0.929930795847751 0.506336405529954 0.9320934256055364 0.5066244239631337 0.9349048442906576 0.49251152073732724 0.9608564013840832 0.49107142857142855 0.967128027681661 0.5040322580645161 0.9721020761245676
5 0.5475230414746544 0.9736159169550174 0.5475230414746544 0.980968858131488 0.5495391705069125 0.9848615916955017 0.5601958525345622 0.9876730103806229 0.5705645161290323 0.9865916955017301 0.5745967741935484 0.9798875432525952 0.5766129032258065 0.973832179930796 0.5766129032258065 0.9571799307958478 0.5717165898617511 0.9461505190311419 0.5691244239631337 0.9429065743944637 0.5607718894009217 0.9387975778546714 0.5581797235023042 0.93901384083045 0.5570276497695852 0.9405276816608998 0.557315668202765 0.9467993079584776 0.5555875576036866 0.9565311418685122 0.5515552995391706 0.9612889273356402 0.5480990783410139 0.9634515570934257 0.5506912442396313 0.9662629757785467 0.5475230414746544 0.9736159169550174
5 0.4835829493087558 0.9997837370242216 0.523905529953917 0.9997837370242216 0.5224654377880185 0.9909169550173011 0.5172811059907835 0.9807525951557095 0.5118087557603687 0.97621107266436 0.5072004608294931 0.9749134948096886 0.4919354838709678 0.9677768166089967 0.4821428571428571 0.9712370242214533 0.4778225806451613 0.980968858131488 0.4775345622119816 0.9846453287197233 0.4835829493087558 0.9997837370242216
5 0.5881336405529953 0.9928633217993081 0.6019585253456221 0.9950259515570934 0.6091589861751152 0.9939446366782008 0.6129032258064516 0.9913494809688583 0.6232718894009217 0.9731833910034602 0.6247119815668203 0.9643166089965399 0.6235599078341014 0.9599913494809689 0.6160714285714286 0.9558823529411766 0.6085829493087558 0.955666089965398 0.6025345622119815 0.9565311418685122 0.5956221198156683 0.9595588235294118 0.584389400921659 0.9684256055363323 0.5809331797235023 0.9733996539792388 0.5797811059907835 0.9781574394463668 0.5803571428571429 0.9876730103806229 0.5881336405529953 0.9928633217993081