0 0.9121543778801844 0.4632352941176471 0.9156105990783411 0.46388408304498274 0.9285714285714286 0.46301903114186854 0.9343317972350231 0.458044982698962 0.9349078341013826 0.45263840830449825 0.9337557603686637 0.45025951557093424 0.9305875576036866 0.4474480968858132 0.9251152073732719 0.4448529411764707 0.9147465437788019 0.44506920415224915 0.9110023041474655 0.446583044982699 0.9075460829493087 0.4498269896193772 0.9078341013824884 0.4567474048442907 0.9121543778801844 0.4632352941176471
0 0.8099078341013826 0.4444204152249135 0.8142281105990783 0.4474480968858132 0.8211405529953918 0.4485294117647059 0.8245967741935484 0.4483131487889274 0.8297811059907835 0.4444204152249135 0.8320852534562212 0.4392301038062284 0.8309331797235023 0.434688581314879 0.8277649769585255 0.43252595155709345 0.8228686635944701 0.43144463667820077 0.8185483870967742 0.43166089965397925 0.814516129032258 0.4329584775086506 0.810483870967742 0.4355536332179931 0.8087557603686637 0.4383650519031142 0.8087557603686637 0.44269031141868515 0.8099078341013826 0.4444204152249135
0 0.7960829493087558 0.4749134948096886 0.8001152073732719 0.4764273356401384 0.8070276497695852 0.4768598615916956 0.8107718894009217 0.47534602076124577 0.8159562211981568 0.47058823529411764 0.8159562211981568 0.4664792387543253 0.814516129032258 0.46388408304498274 0.8073156682027649 0.4599913494809689 0.8035714285714286 0.45977508650519033 0.7998271889400922 0.46128892733564014 0.7960829493087558 0.46345155709342567 0.7923387096774194 0.467560553633218 0.7929147465437788 0.47188581314878897 0.7960829493087558 0.4749134948096886
0 0.5607718894009217 0.4692906574394464 0.5639400921658987 0.47188581314878897 0.5653801843317973 0.47188581314878897 0.5737327188940092 0.4701557093425606 0.5774769585253456 0.4677768166089966 0.582373271889401 0.46345155709342567 0.582373271889401 0.45977508650519033 0.5777649769585254 0.45436851211072665 0.5745967741935484 0.4530709342560554 0.5702764976958525 0.45285467128027684 0.5671082949308757 0.45350346020761245 0.5633640552995393 0.4558823529411765 0.5590437788018433 0.46258650519031147 0.559331797235023 0.4671280276816609 0.5607718894009217 0.4692906574394464
0 0.5432027649769585 0.4457179930795848 0.5501152073732719 0.4483131487889274 0.5570276497695852 0.4455017301038063 0.5599078341013825 0.44269031141868515 0.5596198156682027 0.4392301038062284 0.557315668202765 0.4357698961937716 0.5535714285714286 0.4338235294117648 0.5460829493087558 0.43490484429065746 0.5414746543778801 0.43879757785467133 0.5411866359447004 0.4429065743944637 0.5432027649769585 0.4457179930795848
0 0.5178571428571429 0.41933391003460213 0.5253456221198156 0.42063148788927335 0.5296658986175116 0.42041522491349487 0.5328341013824885 0.4147923875432526 0.5328341013824885 0.41046712802768165 0.5308179723502304 0.4067906574394464 0.5259216589861752 0.405060553633218 0.5224654377880185 0.4054930795847751 0.5175691244239632 0.40830449826989623 0.5152649769585254 0.41154844290657444 0.5146889400921659 0.4150086505190312 0.5178571428571429 0.41933391003460213
1 0.8430299539170507 0.8246107266435987 0.8479262672811061 0.8298010380622838 0.8505184331797235 0.8352076124567475 0.8464861751152075 0.8382352941176471 0.836405529953917 0.8401816608996541 0.8338133640552996 0.8419117647058825 0.8341013824884793 0.8458044982698963 0.8418778801843319 0.8525086505190312 0.8450460829493087 0.8533737024221454 0.8493663594470047 0.8531574394463668 0.8654953917050692 0.8464532871972319 0.870679723502304 0.8453719723183392 0.8833525345622121 0.846885813148789 0.886520737327189 0.8490484429065746 0.8983294930875576 0.8533737024221454 0.907258064516129 0.8466695501730104 0.9098502304147467 0.8365051903114187 0.909562211981567 0.8313148788927336 0.9081221198156681 0.8278546712802768 0.9029377880184333 0.8196366782006921 0.8948732718894009 0.8153114186851212 0.888536866359447 0.806877162629758 0.8870967741935484 0.8062283737024222 0.8781682027649771 0.806877162629758 0.8660714285714286 0.8064446366782008 0.8617511520737328 0.8094723183391004 0.8571428571428571 0.8157439446366782 0.8539746543778802 0.8155276816608998 0.8482142857142858 0.8092560553633218 0.8418778801843319 0.8094723183391004 0.840725806451613 0.8116349480968859 0.8410138248847927 0.8179065743944637 0.8430299539170507 0.8246107266435987
2 0.17367511520737328 0.5400086505190311 0.18173963133640553 0.5423875432525952 0.18778801843317974 0.5430363321799309 0.19988479262672812 0.5423875432525952 0.21342165898617513 0.5376297577854672 0.2180299539170507 0.5339532871972319 0.22004608294930877 0.5298442906574394 0.21975806451612906 0.5242214532871973 0.21255760368663595 0.5177335640138409 0.19988479262672812 0.5140570934256056 0.18836405529953917 0.513840830449827 0.18173963133640553 0.5149221453287198 0.1742511520737327 0.5175173010380624 0.1725230414746544 0.5188148788927336 0.17079493087557604 0.5227076124567475 0.17079493087557604 0.536764705882353 0.17367511520737328 0.5400086505190311
4 0.11808755760368664 0.4874567474048443 0.11981566820276499 0.4896193771626298 0.12327188940092167 0.49091695501730104 0.12644009216589863 0.4883217993079585 0.12951238479262672 0.48385229238754335 0.1396889400921659 0.4772923875432526 0.1370967741935484 0.47080449826989623 0.1396889400921659 0.45977508650519033 0.1370967741935484 0.45415224913494817 0.1310483870967742 0.45220588235294124 0.12471198156682028 0.4530709342560554 0.1201036866359447 0.455666089965398 0.11607142857142858 0.4595588235294118 0.11319124423963134 0.4647491349480969 0.1137672811059908 0.47404844290657444 0.11808755760368664 0.4874567474048443
4 0.2131336405529954 0.49264705882352944 0.21601382488479262 0.4978373702422146 0.22235023041474652 0.5004325259515572 0.22926267281105991 0.5077854671280277 0.23070276497695855 0.5082179930795848 0.24107142857142855 0.506704152249135 0.24452764976958527 0.5036764705882353 0.24798387096774194 0.4980536332179931 0.24884792626728108 0.49394463667820077 0.24798387096774194 0.49091695501730104 0.24423963133640555 0.48810553633218 0.24164746543778803 0.4872404844290658 0.2206221198156682 0.4863754325259516 0.21198156682027652 0.4876730103806229 0.21111751152073732 0.4885380622837371 0.2108294930875576 0.49113321799307963 0.2131336405529954 0.49264705882352944
5 0.1382488479262673 0.4775086505190312 0.1396889400921659 0.47923875432525953 0.16071428571428573 0.4859429065743945 0.16705069124423963 0.48226643598615915 0.16993087557603687 0.4775086505190312 0.16993087557603687 0.47383217993079585 0.16849078341013826 0.47037197231833916 0.16561059907834103 0.4666955017301039 0.15610599078341014 0.4593425605536333 0.15207373271889402 0.458044982698962 0.14400921658986177 0.4591262975778547 0.13940092165898618 0.46193771626297575 0.1370967741935484 0.4664792387543253 0.13652073732718895 0.47080449826989623 0.1382488479262673 0.4775086505190312
5 0.12932027649769587 0.5032439446366783 0.13623271889400923 0.5092993079584776 0.14487327188940094 0.5127595155709342 0.15063364055299538 0.5142733564013842 0.15552995391705068 0.513840830449827 0.16474654377880185 0.5054065743944637 0.16561059907834103 0.4989186851211073 0.1615783410138249 0.4900519031141869 0.1581221198156682 0.4865916955017301 0.14516129032258066 0.4803200692041523 0.14026497695852536 0.4794550173010381 0.133352534562212 0.48183391003460213 0.12788018433179724 0.4863754325259516 0.12557603686635946 0.49243079584775085 0.12586405529953917 0.4965397923875433 0.12932027649769587 0.5032439446366783
5 0.09130184331797235 0.5155709342560554 0.09591013824884793 0.5192474048442908 0.11261520737327188 0.5263840830449827 0.11952764976958526 0.5244377162629759 0.12442396313364054 0.5211937716262975 0.12615207373271892 0.516219723183391 0.12442396313364054 0.5077854671280277 0.12183179723502305 0.5030276816608997 0.11751152073732721 0.4993512110726644 0.1088709677419355 0.49502595155709345 0.097926267281106 0.4915657439446367 0.09245391705069125 0.49221453287197237 0.0907258064516129 0.49329584775086505 0.08899769585253456 0.49480968858131497 0.08726958525345622 0.5006487889273357 0.08784562211981567 0.5092993079584776 0.09130184331797235 0.5155709342560554
5 0.18173963133640553 0.7006920415224914 0.18922811059907835 0.70090830449827 0.1961405529953917 0.6996107266435987 0.20017281105990783 0.6959342560553634 0.201036866359447 0.6916089965397925 0.19988479262672812 0.6859861591695502 0.19671658986175117 0.682742214532872 0.1935483870967742 0.6816608996539794 0.18231566820276499 0.6820934256055364 0.1800115207373272 0.6844723183391004 0.1777073732718894 0.6898788927335641 0.17799539170506912 0.6974480968858132 0.18173963133640553 0.7006920415224914
5 0.21342165898617513 0.7186418685121108 0.2203341013824885 0.7199394463667821 0.22379032258064516 0.7197231833910035 0.23358294930875578 0.7156141868512111 0.23588709677419356 0.7132352941176471 0.23675115207373273 0.7091262975778547 0.23675115207373273 0.6926903114186851 0.23473502304147464 0.6905276816608997 0.22724654377880188 0.6872837370242215 0.22321428571428573 0.6885813148788927 0.2203341013824885 0.6881487889273357 0.21284562211981567 0.6952854671280277 0.2108294930875576 0.7069636678200693 0.2108294930875576 0.7156141868512111 0.21342165898617513 0.7186418685121108
5 0.23847926267281108 0.7117214532871973 0.2451036866359447 0.7130190311418685 0.25 0.7115051903114187 0.25432027649769584 0.7030709342560554 0.2511520737327189 0.6961505190311419 0.24827188940092165 0.6935553633217993 0.24337557603686638 0.6911764705882353 0.23847926267281108 0.6916089965397925 0.23588709677419356 0.6935553633217993 0.23617511520737328 0.7048010380622838 0.23847926267281108 0.7117214532871973
5 0.2566244239631336 0.7309688581314879 0.26526497695852536 0.7352941176470589 0.27102534562211983 0.7326989619377163 0.2733294930875576 0.7305363321799309 0.2744815668202765 0.7272923875432526 0.2741935483870968 0.7166955017301039 0.27246543778801846 0.7132352941176471 0.26555299539170507 0.7095588235294119 0.2620967741935484 0.7099913494809689 0.2563364055299539 0.7136678200692043 0.2534562211981567 0.717560553633218 0.25432027649769584 0.7270761245674742 0.2566244239631336 0.7309688581314879
5 0.16129032258064518 0.7329152249134949 0.17223502304147467 0.742863321799308 0.1788594470046083 0.7454584775086506 0.18922811059907835 0.7407006920415226 0.1909562211981567 0.7376730103806228 0.19066820276497695 0.7309688581314879 0.18605990783410137 0.7233996539792388 0.18087557603686638 0.7179930795847752 0.17223502304147467 0.7145328719723184 0.16474654377880185 0.7151816608996541 0.16129032258064518 0.7177768166089966 0.1592741935483871 0.7216695501730104 0.1592741935483871 0.7270761245674742 0.16129032258064518 0.7329152249134949