4 0.023898605470027954 0.1904890540812038 0.02002367723332918 0.19288469485833154 0.017851854620917568 0.19580271114592834 0.015516909920589633 0.19633002116965897 0.015098131724008982 0.2043207851804547 0.017906458885455105 0.20576732195093345 0.022918576264575743 0.21469238642859328 0.03212253511024006 0.21517474547230703 0.035974826687664205 0.21321103788495205 0.03799484554179663 0.20768634873860284 0.03796754340952764 0.2027040433361002 0.0354534928186517 0.19564237509857585 0.031376822032130124 0.19088097080422117 0.023898605470027954 0.1904890540812038
4 0.964208436275243 0.2384692455712702 0.9583540970299669 0.24011147052292645 0.9545018054525427 0.24207517811028145 0.9514444750390757 0.24537990642730273 0.9464530069355807 0.24706735253930723 0.9437398918842271 0.2493073216020127 0.9412012172504273 0.25372203033369806 0.9433211136876466 0.25729808561280837 0.945785225486979 0.25980938163760303 0.9517460951719849 0.26163769592424474 0.9639507927829298 0.259895159625369 0.9701946207088687 0.25632430903985154 0.9714356622016751 0.2546568711612247 0.9737772597586465 0.24849935595033243 0.9733491506160776 0.24566164277657748 0.9709982221131181 0.24099068080291924 0.9679362262266569 0.23888117052766536 0.964208436275243 0.2384692455712702
4 0.4249875777523725 0.6160428744593117 0.41991221586842215 0.6138278481432453 0.41222560389985413 0.6119090915359073 0.39796226697287096 0.6144099781735161 0.3920626544090457 0.6169160695047179 0.387256945052742 0.6205622886908155 0.37842251631781093 0.6350419195747256 0.37671742330987457 0.6455639878436935 0.37953041594431486 0.6524247632064475 0.3825471385122269 0.655398139861247 0.3867709475840334 0.6573519784220788 0.39758746541688667 0.6600844457353526 0.4065151188782613 0.6603357644640638 0.42054742373950393 0.6567399711319071 0.42379051290016223 0.655394015888979 0.4289064826296677 0.6513309372332248 0.4366290369707967 0.6415573502764668 0.4407642867891538 0.6341944778169524 0.441058563359724 0.6285793463499069 0.4388933936039557 0.6258671574503419 0.43131996493176084 0.6217887348941401 0.4249875777523725 0.6160428744593117
3 0.37026986545046403 0.6530222371371657 0.36154594192256106 0.6488835197004996 0.3549419148318772 0.648320857542944 0.34660549260098805 0.6532979582518537 0.33456858255095395 0.6628454394068709 0.3307322747761611 0.6700074189916148 0.3291743200535098 0.6777219215270598 0.3291789855265038 0.6831361601193352 0.33124229031553637 0.6877920483728773 0.33478898699275306 0.6916594388474543 0.3387251723506327 0.6935982036881702 0.3530610847284339 0.6952157560735184 0.35686810298730887 0.6941159148657088 0.3592596393358235 0.6925087718675462 0.36077232073992554 0.6856581357116467 0.362978098341249 0.6820922196393908 0.36790165646692014 0.6817005730967047 0.37412751320657855 0.6839758942932351 0.37766954441080103 0.6824290461755369 0.38109839231865056 0.6830418640067022 0.3869886739364875 0.66970729549095 0.3872263588588711 0.6651719969983361 0.3839446492363067 0.661751613433648 0.3760949151798222 0.6574421505624438 0.37026986545046403 0.6530222371371657
3 0.39290098624134223 0.7219914898671604 0.3897710803770571 0.7211777791612247 0.37566620006499635 0.7206551334704244 0.3651486242757075 0.7177217732823802 0.35820038182291003 0.7182238703791404 0.35463571395941285 0.7202026516866115 0.3512568048431067 0.7241402060681759 0.34289774595294287 0.7295492399668584 0.3392425314523472 0.7332557540334202 0.3404882384181479 0.7370025547470689 0.33842959910210957 0.7377609050858019 0.33336356816414753 0.7463743559542861 0.3325439829572667 0.7565097121938296 0.33090213445415995 0.7603217423012039 0.3301664430277345 0.7743595709688179 0.331045297972147 0.7796030641265551 0.3342817342761622 0.7838873140707887 0.34079521472974755 0.7861777089874353 0.3505744210032658 0.7866902154713811 0.3549340500307202 0.7860524548935766 0.361465501670586 0.782496678028175 0.3885853338544842 0.7603129539960058 0.39318264780432216 0.7551398949255874 0.3987173957304081 0.7430860522590372 0.39792908742309424 0.7361148263422093 0.3934922174718277 0.7272199093047813 0.3939382978006771 0.7242114506964883 0.39290098624134223 0.7219914898671604
3 0.5833024439488926 0.6054991056076797 0.5804601617985344 0.60470046862186 0.5620522441072059 0.6037357505344325 0.5556792490822624 0.6042679950714248 0.5446976217778438 0.6101892652737219 0.5401229444872804 0.6149303911543675 0.5345089682537331 0.6284959999851223 0.5345502668049842 0.6497210211644507 0.5371435457033213 0.6552709232377705 0.540436573655523 0.6584753402075724 0.5457429676052139 0.6617852732181866 0.5560068746694876 0.6640556599014555 0.5627580400454566 0.6618107563254884 0.5711284172652576 0.6561857558319196 0.584970297906315 0.645216950833394 0.5893705347793247 0.6383010852837688 0.5930144309502831 0.6348105378120931 0.5955144851221765 0.6256294902727916 0.5950703921769762 0.6175935051016477 0.593802048551901 0.6142786375777719 0.5905316572589739 0.6106422874181973 0.5833024439488926 0.6054991056076797
3 0.461799790139671 0.2933490354126512 0.45895750798931284 0.2925503984268315 0.4494546071000842 0.2922689322578881 0.44535996512728226 0.2933536997455815 0.44116345818774444 0.29638216658725225 0.43789107951116835 0.30379026020711475 0.44159424541965847 0.31567856213271944 0.4456256428876307 0.32130383280661956 0.45494079764601913 0.3306709696809066 0.45869122425670755 0.3306509614475289 0.46658156615874724 0.32868231934691244 0.4792709645604475 0.3286976632473596 0.4805120060532541 0.32703022536873294 0.48107792253511994 0.31623189562441445 0.4777010008024628 0.30912500622654193 0.47011158832763644 0.2998483116729512 0.461799790139671 0.2933490354126512
5 0.2708805368250276 0.6233422098743866 0.26570330997434144 0.6230708829122975 0.2580440001380421 0.626134431707462 0.25518374680140354 0.6311819665036904 0.2566085596577522 0.642517745478594 0.2588802598532504 0.6487004736164568 0.26454685296768626 0.6561439193701442 0.27109428841018357 0.6577864145021317 0.2785725049722858 0.6581783312251491 0.2890061869811193 0.6572092189851226 0.29221532115286564 0.6565111635268537 0.2963778731034915 0.6541305964698421 0.2977434162223086 0.6500875260474652 0.2903916886698658 0.6362755330012606 0.28248069749220056 0.6276316645122131 0.2708805368250276 0.6233422098743866
5 0.4562307354527334 0.6527629406442499 0.4450020922799428 0.6523910321546101 0.44150533439426953 0.653074013892763 0.43828488189288584 0.6539880359459183 0.432903925108728 0.6576041076917839 0.42882526693855744 0.6638871471768663 0.42916749491702194 0.6738668317019875 0.4327301753968701 0.6829324941739533 0.4376810356548101 0.6875231530337698 0.44106461024411026 0.6889998372444808 0.4468057661930131 0.6895172782416881 0.4575497085750483 0.6881313065320049 0.46258644999709253 0.685579994040455 0.4657003720587462 0.6811954327490017 0.468673808691758 0.6739882320039097 0.47007995965613014 0.6636670566097121 0.4691331947338938 0.6597193630212932 0.4664154142095461 0.6565450934917234 0.4562307354527334 0.6527629406442499
5 0.4642782372917426 0.6863183361458104 0.4514303822751198 0.6893265245737723 0.439868842069853 0.6898034087435618 0.4383335240064762 0.6970859780892343 0.4426412268587382 0.7029422890781367 0.44918866230123544 0.7045847842101243 0.45623211686412557 0.7077691929465484 0.4668289209608757 0.709190786970388 0.4698909168473369 0.7113002972456419 0.4774257250576257 0.7106123809942275 0.48065749588864676 0.7094823923461859 0.4850350961023816 0.7029984599863333 0.4853859643211383 0.6963034955448557 0.4821834830060351 0.6913713458159629 0.4780615389009644 0.6874738079011539 0.4642782372917426 0.6863183361458104
5 0.5119085183901647 0.6084708611804915 0.5080449084831031 0.6106505353627328 0.5049762597399987 0.6141712302746407 0.5005806883399833 0.6265013344165414 0.5000666980333099 0.6308055925941527 0.5025694302945487 0.6380832274265634 0.5074976538932139 0.6431058194761526 0.5111801705260786 0.6443816108120932 0.5255613562224288 0.6451352968178959 0.530344428919458 0.6419210108215709 0.5328038752457966 0.6390180682540901 0.534724016516842 0.6243926346822812 0.5371721445135431 0.6217056587096869 0.5368119453487983 0.6175721459666137 0.5260067458455823 0.6146237120584537 0.520537229807975 0.6089230727839732 0.5119085183901647 0.6084708611804915