5 0.09763824884792627 0.48205017301038067 0.10224654377880185 0.4835640138408305 0.10915898617511521 0.4835640138408305 0.12586405529953917 0.4759948096885814 0.12788018433179724 0.47188581314878897 0.12788018433179724 0.4677768166089966 0.12327188940092167 0.4632352941176471 0.11952764976958526 0.46193771626297575 0.11175115207373272 0.46172145328719727 0.10195852534562214 0.4647491349480969 0.09389400921658987 0.47058823529411764 0.09331797235023041 0.47188581314878897 0.09302995391705068 0.4772923875432526 0.09763824884792627 0.48205017301038067
5 0.14400921658986177 0.501946366782007 0.14688940092165897 0.5064878892733564 0.15120967741935484 0.5092993079584776 0.1578341013824885 0.5101643598615917 0.16561059907834103 0.5062716262975779 0.17021889400921658 0.5015138408304499 0.17194700460829493 0.4915657439446367 0.17050691244239632 0.4850778546712803 0.16474654377880185 0.48075259515570934 0.16100230414746544 0.4811851211072665 0.15754608294930877 0.48486159169550175 0.1543778801843318 0.4859429065743945 0.15149769585253456 0.4900519031141869 0.14746543778801843 0.49113321799307963 0.14372119815668202 0.49480968858131497 0.14314516129032256 0.4984861591695502 0.14400921658986177 0.501946366782007
5 0.2744815668202765 0.47037197231833916 0.28225806451612906 0.4749134948096886 0.285426267281106 0.4757785467128028 0.2932027649769585 0.4749134948096886 0.29925115207373276 0.4688581314878893 0.30126728110599077 0.46366782006920415 0.3001152073732719 0.4593425605536333 0.2966589861751152 0.45501730103806237 0.2897465437788019 0.45177335640138416 0.2767857142857143 0.4669117647058824 0.27620967741935487 0.4692906574394464 0.2744815668202765 0.47037197231833916
5 0.5285138248847926 0.44096020761245674 0.5328341013824885 0.4429065743944637 0.5362903225806452 0.44269031141868515 0.5457949308755761 0.4362024221453288 0.5492511520737328 0.43230968858131497 0.5535714285714286 0.4186851211072665 0.5518433179723503 0.41133217993079585 0.5463709677419355 0.4067906574394464 0.5397465437788018 0.4052768166089966 0.5351382488479263 0.4052768166089966 0.5253456221198156 0.4076557093425606 0.518721198156682 0.41133217993079585 0.5172811059907835 0.4139273356401384 0.5175691244239632 0.4320934256055364 0.5285138248847926 0.44096020761245674
5 0.48905529953917054 0.44074394463667826 0.48819124423963134 0.4478806228373703 0.4899193548387097 0.45328719723183397 0.4936635944700461 0.4586937716262976 0.5008640552995391 0.46345155709342567 0.5051843317972351 0.4641003460207613 0.5092165898617511 0.4632352941176471 0.5192972350230415 0.4554498269896194 0.5273617511520737 0.45112456747404844 0.5282258064516129 0.4498269896193772 0.5273617511520737 0.44333910034602075 0.5244815668202765 0.44009515570934254 0.5169930875576038 0.43490484429065746 0.5020161290322581 0.42993079584775085 0.49078341013824883 0.4312283737024222 0.4873271889400922 0.4344723183391004 0.4870391705069125 0.4362024221453288 0.48905529953917054 0.44074394463667826
5 0.44930875576036866 0.4569636678200692 0.4504608294930875 0.45977508650519033 0.46054147465437795 0.4666955017301039 0.4737903225806452 0.4710207612456748 0.48271889400921664 0.4677768166089966 0.4884792626728111 0.4632352941176471 0.4902073732718894 0.4599913494809689 0.4884792626728111 0.45242214532871977 0.4838709677419355 0.4476643598615917 0.47897465437788017 0.4457179930795848 0.47292626728110604 0.44420415224913495 0.4614055299539171 0.4446366782006921 0.4501728110599078 0.4483131487889274 0.44930875576036866 0.44961072664359863 0.44930875576036866 0.4569636678200692
5 0.5138248847926268 0.47318339100346024 0.5169930875576038 0.4772923875432526 0.5233294930875576 0.4805363321799308 0.5322580645161291 0.48226643598615915 0.5368663594470047 0.48205017301038067 0.5397465437788018 0.4811851211072665 0.5480990783410139 0.474264705882353 0.5440668202764977 0.46020761245674746 0.5391705069124424 0.45436851211072665 0.5311059907834101 0.45242214532871977 0.5262096774193549 0.45285467128027684 0.5146889400921659 0.4591262975778547 0.5123847926267281 0.46345155709342567 0.5118087557603687 0.4673442906574395 0.5138248847926268 0.47318339100346024
5 0.5440668202764977 0.45977508650519033 0.5449308755760369 0.46280276816608995 0.5535714285714286 0.47383217993079585 0.5596198156682027 0.4759948096885814 0.5694124423963134 0.4751297577854672 0.5743087557603687 0.4679930795847751 0.5783410138248848 0.4563148788927336 0.5714285714285714 0.45350346020761245 0.5653801843317973 0.44506920415224915 0.5601958525345622 0.44117647058823534 0.557315668202765 0.44009515570934254 0.554147465437788 0.44031141868512114 0.5501152073732719 0.4429065743944637 0.5460829493087558 0.4485294117647059 0.5411866359447004 0.45242214532871977 0.5411866359447004 0.4563148788927336 0.5440668202764977 0.45977508650519033
5 0.7168778801843319 0.5127595155709342 0.7237903225806452 0.5127595155709342 0.7347350230414746 0.5149221453287198 0.7384792626728112 0.5118944636678201 0.741647465437788 0.5017301038062284 0.7404953917050692 0.49113321799307963 0.7309907834101382 0.49026816608996543 0.7237903225806452 0.4915657439446367 0.7191820276497696 0.4945934256055364 0.7131336405529953 0.5023788927335641 0.7134216589861752 0.5090830449826991 0.7168778801843319 0.5127595155709342
5 0.7191820276497696 0.534818339100346 0.7203341013824885 0.5369809688581315 0.7243663594470047 0.534818339100346 0.7298387096774194 0.5285467128027682 0.7355990783410139 0.5259515570934257 0.7373271889400922 0.5224913494809689 0.7367511520737328 0.5190311418685122 0.7341589861751152 0.515787197231834 0.7174539170506913 0.5127595155709342 0.7137096774193549 0.5140570934256056 0.7099654377880185 0.5175173010380624 0.7079493087557605 0.5222750865051904 0.707373271889401 0.5302768166089966 0.7191820276497696 0.534818339100346
5 0.7269585253456221 0.5439013840830451 0.7307027649769585 0.5469290657439447 0.7387672811059909 0.5473615916955017 0.744815668202765 0.5462802768166091 0.7497119815668203 0.5436851211072665 0.7528801843317973 0.5402249134948097 0.7534562211981567 0.5363321799307958 0.7523041474654378 0.5326557093425606 0.7476958525345623 0.5281141868512111 0.7439516129032258 0.5266003460207613 0.7390552995391706 0.5261678200692042 0.7327188940092166 0.5276816608996541 0.7272465437788018 0.5313581314878892 0.7258064516129032 0.5341695501730104 0.7258064516129032 0.5417387543252595 0.7269585253456221 0.5439013840830451
5 0.7612327188940092 0.529628027681661 0.7641129032258065 0.5361159169550174 0.769873271889401 0.5389273356401384 0.7788018433179724 0.5395761245674742 0.7811059907834101 0.5389273356401384 0.7862903225806452 0.5328719723183392 0.7862903225806452 0.5291955017301039 0.7848502304147466 0.5259515570934257 0.7796658986175116 0.5203287197231834 0.7764976958525346 0.5190311418685122 0.771889400921659 0.5192474048442908 0.7655529953917051 0.5203287197231834 0.7626728110599078 0.5229238754325259 0.7612327188940092 0.5257352941176471 0.7612327188940092 0.529628027681661
5 0.6880760368663594 0.4288494809688582 0.6944124423963134 0.42971453287197237 0.704205069124424 0.43339100346020765 0.7105414746543779 0.4338235294117648 0.7163018433179724 0.43230968858131497 0.7237903225806452 0.4256055363321799 0.726094470046083 0.4219290657439447 0.7263824884792627 0.4173875432525952 0.7203341013824885 0.41068339100346024 0.7139976958525346 0.41025086505190317 0.6941244239631337 0.4145761245674741 0.688652073732719 0.41825259515570934 0.6872119815668203 0.4219290657439447 0.6869239631336406 0.4262543252595156 0.6880760368663594 0.4288494809688582
5 0.7004608294930875 0.44961072664359863 0.7088133640552996 0.45501730103806237 0.7142857142857143 0.4567474048442907 0.7206221198156683 0.4569636678200692 0.7237903225806452 0.4558823529411765 0.726094470046083 0.45350346020761245 0.7272465437788018 0.4498269896193772 0.7263824884792627 0.4461505190311419 0.7237903225806452 0.4437716262975779 0.7188940092165899 0.4413927335640139 0.7059331797235023 0.43944636678200694 0.7021889400921659 0.44052768166089973 0.7001728110599078 0.4429065743944637 0.6993087557603687 0.4463667820069205 0.7004608294930875 0.44961072664359863
5 0.7180299539170507 0.4044117647058824 0.7206221198156683 0.4063581314878893 0.7272465437788018 0.4085207612456748 0.7309907834101382 0.4087370242214533 0.736463133640553 0.4067906574394464 0.73963133640553 0.4044117647058824 0.741647465437788 0.40095155709342567 0.7419354838709677 0.39684256055363326 0.7399193548387097 0.393166089965398 0.7307027649769585 0.3892733564013841 0.7211981566820277 0.3933823529411765 0.717741935483871 0.39727508650519033 0.7165898617511521 0.40095155709342567 0.7180299539170507 0.4044117647058824
5 0.6633064516129032 0.4256055363321799 0.665610599078341 0.427984429065744 0.6722350230414746 0.43036332179930803 0.6797235023041475 0.43014705882352944 0.6846198156682027 0.42863321799307963 0.6863479262672811 0.4253892733564014 0.6869239631336406 0.41825259515570934 0.6820276497695853 0.41025086505190317 0.6684907834101382 0.41003460207612463 0.6641705069124424 0.41111591695501737 0.661578341013825 0.4139273356401384 0.6618663594470047 0.4219290657439447 0.6633064516129032 0.4256055363321799
5 0.6633064516129032 0.4039792387543253 0.663594470046083 0.4078719723183391 0.6684907834101382 0.40981833910034604 0.6814516129032258 0.4108996539792388 0.6840437788018433 0.40960207612456745 0.685483870967742 0.40743944636678203 0.6877880184331797 0.40116782006920415 0.685483870967742 0.39641003460207613 0.6794354838709677 0.3957612456747405 0.6679147465437788 0.39619377162629765 0.6618663594470047 0.39749134948096887 0.6604262672811061 0.3994377162629758 0.6601382488479264 0.40095155709342567 0.6633064516129032 0.4039792387543253
4 0.7301267281105991 0.5609861591695502 0.7344470046082949 0.5629325259515572 0.741647465437788 0.5631487889273357 0.7465437788018433 0.5614186851211074 0.7520161290322581 0.5586072664359862 0.7560483870967742 0.5536332179930796 0.7537442396313365 0.5471453287197232 0.7517281105990784 0.5451989619377163 0.7476958525345623 0.5447664359861591 0.7358870967741936 0.5473615916955017 0.7295506912442397 0.5460640138408305 0.7272465437788018 0.5439013840830451 0.7237903225806452 0.5451989619377163 0.7252304147465438 0.5570934256055364 0.7301267281105991 0.5609861591695502
4 0.3245967741935484 0.4641003460207613 0.3283410138248848 0.4772923875432526 0.33093317972350234 0.4779411764705883 0.33496543778801846 0.481401384083045 0.3418778801843318 0.48291522491349487 0.3490783410138249 0.48291522491349487 0.3522465437788019 0.481401384083045 0.3557027649769585 0.4772923875432526 0.3577188940092166 0.47145328719723184 0.3580069124423963 0.4608564013840831 0.35656682027649766 0.4563148788927336 0.3490783410138249 0.45112456747404844 0.3366935483870968 0.45090830449826996 0.33150921658986177 0.45242214532871977 0.3257488479262673 0.4567474048442907 0.32430875576036866 0.4599913494809689 0.3245967741935484 0.4641003460207613
4 0.3182603686635945 0.497621107266436 0.3197004608294931 0.5017301038062284 0.3245967741935484 0.5071366782006921 0.32805299539170507 0.5086505190311419 0.3317972350230415 0.5088667820069205 0.34389400921658986 0.5032439446366783 0.3464861751152074 0.4997837370242215 0.34994239631336405 0.49113321799307963 0.34994239631336405 0.4868079584775087 0.3482142857142857 0.4835640138408305 0.3418778801843318 0.48313148788927335 0.3361175115207373 0.4811851211072665 0.32805299539170507 0.4757785467128028 0.3245967741935484 0.4757785467128028 0.32114055299539174 0.4783737024221454 0.31768433179723504 0.4844290657439447 0.31710829493087556 0.49221453287197237 0.3182603686635945 0.497621107266436
4 0.2566244239631336 0.4669117647058824 0.25864055299539174 0.4684256055363322 0.2658410138248848 0.47058823529411764 0.2736175115207373 0.469506920415225 0.277073732718894 0.4673442906574395 0.283410138248848 0.46020761245674746 0.28801843317972353 0.45220588235294124 0.2900345622119816 0.446583044982699 0.2903225806451613 0.44269031141868515 0.2891705069124424 0.44031141868512114 0.28629032258064513 0.4375 0.280241935483871 0.43490484429065746 0.2727534562211982 0.4329584775086506 0.26843317972350234 0.432742214532872 0.26526497695852536 0.4336072664359862 0.2595046082949309 0.43793252595155713 0.2569124423963134 0.4413927335640139 0.25547235023041476 0.4461505190311419 0.25432027649769584 0.4608564013840831 0.2566244239631336 0.4669117647058824
4 0.10311059907834101 0.5084342560553633 0.1054147465437788 0.5127595155709342 0.11175115207373272 0.5164359861591696 0.1201036866359447 0.5166522491349481 0.12759216589861752 0.5108131487889274 0.138536866359447 0.4982698961937716 0.14026497695852536 0.4913494809688582 0.13882488479262672 0.48421280276816614 0.1347926267281106 0.4796712802768167 0.12672811059907835 0.47534602076124577 0.1054147465437788 0.4859429065743945 0.10253456221198157 0.4954584775086506 0.10195852534562214 0.5030276816608997 0.10311059907834101 0.5084342560553633