5 0.6668172684589898 0.5643398471613706 0.665620078480473 0.5669145011568997 0.6658287925506873 0.5714603585671336 0.6728620871036923 0.5811001456027787 0.6730858984113091 0.5847810828614934 0.6758524147965634 0.5913182501454614 0.6841357396589939 0.5953561626552598 0.6875952087672721 0.5952002519944674 0.6986175027935727 0.5908504325597674 0.706771374082152 0.5858016568638551 0.7102950064493909 0.5819698355591052 0.7117914939225368 0.578751518064694 0.7116469431112832 0.5705297500105027 0.7108245368144082 0.5681361397495526 0.7079712113140896 0.5665722633368209 0.6855620354519687 0.5631529668554351 0.6705835836805984 0.5631078129259363 0.6668172684589898 0.5643398471613706
5 0.39968784584391276 0.520311228542967 0.39523990082733196 0.5275876506095224 0.3957177179173704 0.5332196848239128 0.3987759831785526 0.5395456486847585 0.40665810419388715 0.5500654357161947 0.4146119370868835 0.5564768520279141 0.4203450082529752 0.5580909945882185 0.4301474664446553 0.5576132093763266 0.43626286991108987 0.5538266276043925 0.44038509726758707 0.5487074793018782 0.4430825490286002 0.5426982777740581 0.4429870642389047 0.5316655192274289 0.4421797551794321 0.5284069888149594 0.4388070951862182 0.5235896086045154 0.42164185047209896 0.5168011105826833 0.414434937688965 0.5171079052895109 0.39968784584391276 0.520311228542967
5 0.36887191996672075 0.5364281202954431 0.36130532073934785 0.5408382591072303 0.35979751033815 0.5447052667152812 0.3587599684082895 0.554636768613482 0.3608448549985717 0.5672183237285712 0.36336491422010553 0.5713719339811036 0.3704812435788244 0.5762546601833922 0.37535416535453475 0.577637492861545 0.38197758038581264 0.5777531050009624 0.3860280958646481 0.5767423274181652 0.3904156519316188 0.5729255859576874 0.39337088378440427 0.5686512513476634 0.39667447915337706 0.5609222627463191 0.39767050368038076 0.5533692912647965 0.3966544805506941 0.5455649034420931 0.3947292420090679 0.5403401962296759 0.3916181364169769 0.5370414528991481 0.38674898895061716 0.5354423901831153 0.37205473743647355 0.5356184929062537 0.36887191996672075 0.5364281202954431
5 0.16721428954434983 0.37220030567304974 0.16083733167679234 0.3744682505650678 0.15553301157918092 0.38129713271159166 0.15576437150549888 0.38454560989454656 0.15770848159387826 0.3886891669175646 0.16338871242906122 0.39333053000818696 0.1779584117346342 0.40029001853508345 0.1845478579817565 0.40235170101541956 0.19432389600798233 0.40338752606868644 0.19778713942561113 0.40301538537001413 0.2021709211832313 0.39941487394741604 0.20311033106997564 0.395105353034091 0.20201882175327648 0.39162556596898446 0.19464471230278535 0.3850079728488998 0.18665691062563322 0.38054262687809903 0.1775549537756784 0.3738948740694708 0.17411813052350383 0.37275340450298416 0.16721428954434983 0.37220030567304974
5 0.1365836979668993 0.3281901670506576 0.13106311518037245 0.33090565186270726 0.12267410965612455 0.3329221804135444 0.11772947600275226 0.33564771845510866 0.11703652327972833 0.34234079639986914 0.12300850299083918 0.34677095606736896 0.13104914499889983 0.3482090815078519 0.14107164018884613 0.3516284635925545 0.1436332168132368 0.35340354342840874 0.1582746279964718 0.35625466123558824 0.16055200436363576 0.35780848441880536 0.16400769916256347 0.35786880379589275 0.16640962773829804 0.3522870357290751 0.16596200512306464 0.3449251612116459 0.16288486831512922 0.33968034754019955 0.1608954665145425 0.3381315509717397 0.15716689438644021 0.3372012848283757 0.15091071441810266 0.33254986850823876 0.140039392765827 0.328250486427745 0.1365836979668993 0.3281901670506576
5 0.40975348337171213 0.15819126108607556 0.4058928104163379 0.16482904626850609 0.4043585798496857 0.17020966414171573 0.40624607529780576 0.17759667173293123 0.40879632899414464 0.1800204416824251 0.42397594621702783 0.18504391309791757 0.4308948844335843 0.18473209177633282 0.43813576600087367 0.1824792267285865 0.4410834492349579 0.17863735219432214 0.4423108336882796 0.17433285789575445 0.44268184306057073 0.16958082367715527 0.4413287793427485 0.16458239973213246 0.4342275472214322 0.1588347533783244 0.4290779738071963 0.15679820397177474 0.4221854557560943 0.15559641502820085 0.4138341933253525 0.15545064320023966 0.40975348337171213 0.15819126108607556
5 0.7881343717322162 0.01728210751027621 0.7860166434137081 0.02308513222973101 0.7856456340414171 0.027837166448330296 0.7888710959699566 0.04108751813608809 0.7914402212130487 0.04243013789618262 0.8070210422830278 0.04097173479003704 0.8159746740123787 0.03961394958235394 0.8261141727921943 0.03633020049278128 0.8330331110087507 0.036018379171196546 0.8381098454893948 0.02572478980383792 0.8384733062429846 0.021405215660998157 0.8368020734837799 0.018131605404256936 0.8299548471448853 0.01433505600612479 0.8259345261408552 0.013615993285883388 0.8121079726357939 0.013590945815413669 0.7919120098818766 0.015401383161202275 0.7881343717322162 0.01728210751027621
4 0.6828522908132322 0.05827099385359169 0.6791927833093708 0.06988709652201575 0.6787576106781191 0.0783150413845723 0.6818573933421583 0.08226247482873968 0.6901520411326406 0.08565169722489836 0.6970634307304959 0.08577233597907315 0.7045771896269601 0.08438941769760362 0.7146562994571657 0.08456534921410848 0.7178579884736717 0.08267457163552008 0.7190476298334871 0.08053237771575068 0.721566561999091 0.06824747847465788 0.7226342984037565 0.05658613627341822 0.7215918551086155 0.05029535871587374 0.7100879696829259 0.04922937397406315 0.7012173727592889 0.04583009834838965 0.695166132551815 0.045940769476366584 0.6861143687793481 0.05292053566892561 0.6828522908132322 0.05827099385359169
4 0.33784096319404877 0.23480255410728476 0.3380496772642629 0.2393484115175188 0.34283956423425965 0.24548830502902805 0.3499521192836278 0.2505872612691965 0.3536844657210809 0.25130129737468077 0.35773498119991626 0.25029051979188344 0.36410816475812313 0.2482388049377453 0.38249211825093304 0.2347167592431441 0.38552283629073103 0.2261178238755232 0.3850752136754975 0.21875594935809403 0.3777237500811102 0.21084097601073037 0.3685463070441427 0.20851782395969898 0.3610514196944317 0.2088195920517693 0.3526171224579762 0.21343088105716462 0.3458880267648808 0.21936970997838273 0.33784096319404877 0.23480255410728476
4 0.09661826941568519 0.30737704746181277 0.096800563320445 0.3134365151372057 0.11062446957208534 0.3301163021391805 0.11576649436761992 0.33258531162148997 0.11951016373312473 0.33265065761333457 0.1296383395848885 0.3300155986374015 0.13342352635325033 0.3277024142125679 0.13701887059815093 0.3197622221881011 0.13866633044532167 0.30789470317849615 0.13504343897903684 0.3009099959744966 0.13020826029683263 0.29736486291754527 0.11560836651645467 0.2921352146936875 0.11155785103761924 0.29314599227648475 0.10135041468949244 0.3003218820478946 0.09661826941568519 0.30737704746181277
4 0.3399125611484746 0.4956915919297922 0.3394660655891711 0.5047682269059883 0.3410504892333112 0.5130151280339661 0.3469092396639034 0.523932188837861 0.3520399415313861 0.52704988843381 0.3626799032573437 0.5281007933313486 0.3737021972836443 0.5237509738966488 0.3813367340793285 0.5154486944030243 0.384011539984238 0.5107368731024832 0.38526157029366337 0.5051349985766365 0.3854012197396364 0.4971344871750823 0.38151299956287793 0.4888473731290463 0.376965795447251 0.4853072666868523 0.3703914464375312 0.48238066405499697 0.3565648929324701 0.4823556165845272 0.35279480340151087 0.4838038808578415 0.3399125611484746 0.4956915919297922
4 0.7190580617409116 0.5090147747394078 0.7158337268683019 0.5122029325452755 0.7130607889202762 0.5225367348306923 0.7144327241848515 0.5264540085863159 0.7340727364082974 0.5399908773152388 0.7691452445811181 0.5440638049217046 0.7743665298730158 0.5419919836085374 0.777605961983028 0.5379389056511503 0.7782309771377407 0.5351379683882269 0.7784234669146225 0.524110236456355 0.7727960764103483 0.5164416528354149 0.7656797470516294 0.5115589266331264 0.744471535477376 0.5053487461183317 0.7341195483179956 0.5043028678355501 0.7300539356017579 0.5061785655698668 0.7190580617409116 0.5090147747394078
3 0.6730172269286289 0.5227029555309495 0.6681103363687628 0.5232661931937151 0.6645980269295758 0.5264493243848255 0.6566038036896525 0.5388549479834097 0.6570627492329378 0.5455681323871994 0.6626788168091602 0.5538854061217791 0.6708979784126301 0.5615992292755346 0.6743385759741553 0.5625244688041413 0.6867177080276285 0.5629568432765844 0.7002223181819567 0.5649229344732154 0.716064693653059 0.5649831682469861 0.7342825775344414 0.560975244219098 0.7383595131787312 0.5584508563711418 0.7407312472796608 0.5545989286073629 0.7410796107958482 0.5511442746160428 0.7374718165669656 0.5432946472605237 0.7204047038959623 0.5308841682538158 0.7132770516091916 0.5266501321651665 0.6926447891680929 0.5204500048798866 0.6788371072097849 0.5193438072200176 0.6730172269286289 0.5227029555309495
3 0.6687685863932622 0.4525489175774921 0.660622263723384 0.45716523319764485 0.6519641551793118 0.45809558494432545 0.6461254033514027 0.46253588344465657 0.6443031982181733 0.4679114747031089 0.6441031598225903 0.47937166671074066 0.6457555210350415 0.48372642715688113 0.6494312528322352 0.487683913830563 0.6579799064051393 0.49302423318239763 0.6651490760947668 0.49487973885436853 0.6810556148248297 0.4912640619841818 0.6973256143084823 0.4833288109711556 0.710613961773895 0.48118150483331223 0.7152819437887418 0.47780225006335125 0.7182334013321767 0.47374414549120714 0.7189263540552007 0.4670510675464466 0.7178235218104495 0.46421997059497944 0.7141515643226064 0.46004625388341785 0.7078689641888146 0.45690844782843987 0.6969674480617339 0.4543389060509849 0.6710799315445818 0.4521566704197907 0.6687685863932622 0.4525489175774921