5 0.3065583599806513 0.34501443269368065 0.30224826274767796 0.34464752598407855 0.298763957110051 0.34539143054063814 0.2949012388641711 0.34871885820944176 0.29053284019461745 0.36652707857078 0.29207225050790947 0.38021370821495987 0.2980349700893258 0.39102527605548787 0.3034511544287677 0.3927291769638276 0.30834448509101553 0.3929000558359309 0.3147525053440251 0.3909598808576599 0.318622771058915 0.38741632195463926 0.3235754423154933 0.3776351123544047 0.32871783945507305 0.3706736604973491 0.330012613286793 0.36660737384066344 0.3308222707863692 0.35992740897665654 0.32995015521921245 0.35189034651719403 0.3264044306717549 0.34614026234888656 0.3202918008678876 0.3478743577912997 0.31616284289115565 0.3423203014604911 0.31271627459857887 0.3419835498459661 0.3065583599806513 0.34501443269368065
5 0.390979156255033 0.1640268938645811 0.3904346993285589 0.17136530412959788 0.3932774701003311 0.1889925544814775 0.39564163285121945 0.19556695679321684 0.39952803266187953 0.19981417402036458 0.4035200970386805 0.20103555396847553 0.4081331321898062 0.2009802499080028 0.41542732379024255 0.1984218363221581 0.42293284452296065 0.18981174817823926 0.4269465121490416 0.18216169582509684 0.4276203152064368 0.1793720931769948 0.4264150718450875 0.17262176642447483 0.41938504166000296 0.167615586812727 0.4105071940899642 0.16600719675829576 0.4059847285669592 0.16346892600816537 0.39216071805160213 0.16320257572114955 0.390979156255033 0.1640268938645811
5 0.4473123190440891 0.16015143172073207 0.4409420361361298 0.1610109505279183 0.43683675972417807 0.1630315390930615 0.4325805339320251 0.1693747523425432 0.4318161612465092 0.17475792980124855 0.43307423689092905 0.17999533791425 0.4464378517966726 0.19344569348849858 0.4507404015606359 0.19402873143231775 0.45335363078885615 0.193470803014898 0.4566029257294212 0.19120392812046086 0.45945012649695316 0.18394593144231636 0.4627220638445485 0.18103066284522856 0.46238034942359585 0.17431049118778566 0.4586826363381872 0.16465999310521426 0.45475095171346663 0.16170956328336805 0.45133457329693016 0.1605082867319751 0.4473123190440891 0.16015143172073207
5 0.44226831236639946 0.10652577610853328 0.4356252814163281 0.10694298074892679 0.4204763071932109 0.11160744205546438 0.41806035131700225 0.11476899698184626 0.418151960102873 0.12039846076984535 0.4226754647836281 0.13115977011857832 0.4238882556139876 0.1376939656368814 0.43165350776629774 0.1464045313253942 0.4373197977408216 0.14919914010317775 0.4462051927798704 0.15059139892339188 0.45577948581433453 0.14876179262707012 0.4608086709187633 0.14504230928326853 0.4639210722593973 0.13844275800613381 0.4681546556445201 0.1327479384593028 0.46678987627620944 0.12231332902673589 0.46403975344805815 0.11853858106145801 0.4597522986221151 0.11752328064920503 0.44598008123207816 0.10752097312406828 0.44226831236639946 0.10652577610853328
5 0.5400714283860264 0.08700328762852667 0.5337766201681677 0.08570149409354348 0.5233312507242969 0.08771707652900532 0.5164003767940931 0.08812422947103986 0.5131888191985783 0.08931044819439223 0.5090533529105863 0.09219556169640297 0.5056531085898202 0.09878506127517879 0.5078275454577069 0.10253970584373877 0.5072604461242027 0.11052650981140615 0.5087912698107344 0.11620623209120055 0.5121774583512307 0.11827203357946119 0.5284863911216371 0.12165468643074506 0.5431437407013504 0.1228157167497057 0.547218827237262 0.12165965312143023 0.5516421365053862 0.11878459131777848 0.5568308576167764 0.11874939065402375 0.5609577372780082 0.1078573697876275 0.5608887708991677 0.10157951229697745 0.5591164282043138 0.10281598951212496 0.5538899697478735 0.1039318463469642 0.5490343764306759 0.10268031130377638 0.5452008089030862 0.0969201754371098 0.5443211458669193 0.08909924421186428 0.5400714283860264 0.08700328762852667
5 0.4952217406249314 0.331477986939943 0.49297286822469405 0.33810769331215473 0.4931097618246252 0.3424403696948524 0.49045983440910473 0.3523019928819592 0.502224698407226 0.36201780728436594 0.5096492752963335 0.3722312399140383 0.5133082118789419 0.3747393555690916 0.5173757509458433 0.3737994231750331 0.5288205037722918 0.36792363361874375 0.5321528208719676 0.36327931514792045 0.533114466909495 0.36049976419817736 0.5331813549728355 0.3503315444916225 0.5301423500068018 0.33832370622938307 0.527967913138915 0.33456906166082306 0.5219986852462387 0.3321966636531144 0.4976301490321301 0.32853256324777796 0.4952217406249314 0.331477986939943
5 0.5587475870792834 0.36096210288369585 0.5555133870767384 0.36279671530969904 0.5507041177313512 0.368471431459812 0.5504927885990696 0.37452310601788613 0.5533722575581421 0.3828466616000787 0.560334360522136 0.38979802231977895 0.5654627018814458 0.39149187152975984 0.5689017227050124 0.39204475437850184 0.5732721996900662 0.39068261121436854 0.5810041444930858 0.37558858604394174 0.5818138019926622 0.36890862117993484 0.5807605471692638 0.3660587083416786 0.577169537807746 0.36160541157867276 0.5729122728578431 0.3597255862295521 0.5682992377067173 0.3597808902900248 0.5633530747613991 0.36112293005744006 0.5587475870792834 0.36096210288369585
5 0.5434338810604545 0.3208270885171743 0.5407839536449341 0.33068871170428105 0.5408680149617948 0.3365343067264973 0.5424743133384273 0.3400527166641223 0.5488531828731468 0.3472001052213214 0.5588069276736138 0.3510100144113579 0.5659652648318693 0.352341963041418 0.576910845545904 0.3525077963448436 0.580402698652541 0.35154776055406706 0.5851289458388175 0.3482504879803404 0.5853392358133489 0.33397577482366386 0.5811262165197564 0.32257612347063913 0.5780731557734526 0.319223586275436 0.5638017662710022 0.3152629016100144 0.5571813777279608 0.315031712547757 0.552538152700795 0.3159515415450974 0.5434338810604545 0.3208270885171743
5 0.45225213844033113 0.5881364489543797 0.45010893060623464 0.5917403180475543 0.44444367978946087 0.5971687478683733 0.4440350773051677 0.6006167959174852 0.44690049048397007 0.6175956525667141 0.4507200022312897 0.632011089500417 0.45546993098234656 0.6362884618226418 0.4666505223934432 0.6379772654639451 0.47652775334605957 0.6357254483975483 0.4794967527755025 0.6332323905705353 0.48048104122006013 0.6298044459181416 0.4810330456155443 0.6222499044189078 0.4829714326286193 0.6162585400509879 0.483376917639662 0.5881413762060685 0.4816951445729291 0.5867842786106129 0.4782561237493625 0.5862313957618708 0.45724358619970984 0.5854976217816628 0.45225213844033113 0.5881364489543797
5 0.46494687271267054 0.7032690015941767 0.4597581516012804 0.7033042022579314 0.4565164041297253 0.7053549459181514 0.45285850670486705 0.7110698688617004 0.4497008205501727 0.7189662075441368 0.4504435899864084 0.7224544623866848 0.45377694624383424 0.7260331825144639 0.4609428308710998 0.7271489999103071 0.46940348933008524 0.7241985306494645 0.47032739802256235 0.722499635870806 0.47143244597128076 0.7156135914709413 0.46978086278058806 0.7133919689386179 0.4698412425326685 0.7116629190648824 0.4737718879996389 0.7063903102881263 0.4724534326031386 0.7028819520488602 0.46989303565798873 0.7019269618267614 0.46494687271267054 0.7032690015941767
5 0.47177312123448345 0.7141107245297817 0.4702584316437218 0.7162217783801559 0.47075968207163577 0.7266262327176458 0.47263118102137025 0.7308030880562807 0.4788656094871486 0.7338339314649991 0.48375894014939647 0.7340048103371023 0.48959882191115156 0.7318284007278963 0.4940825109313562 0.7272242890505091 0.49879262402186264 0.7161362403466139 0.49928424866526633 0.7103107487211158 0.4911783212497536 0.7031030499737623 0.4854591989921593 0.7018213598354974 0.4750591143623488 0.7025401548656575 0.471203943585479 0.7056514513002443 0.4721766895569469 0.7108068360138926 0.47177312123448345 0.7141107245297817
5 0.49949453863979787 0.6960360355644392 0.4995257676735882 0.7033945492261738 0.504526841217477 0.716985668016445 0.5081178505789948 0.7214389647794508 0.5152912826752705 0.722338650941077 0.5236683993962702 0.7176541059573195 0.5287584838316546 0.7163170920390837 0.5335224683629815 0.7119391632942723 0.5353627382789256 0.7087575049711725 0.5347256334088306 0.7022434128495875 0.5265130022694269 0.6898385127826687 0.516195939798727 0.6881798642364426 0.5118330102826834 0.689325876166359 0.505197526801622 0.6895269495725355 0.5019708742680871 0.6911454307643219 0.49949453863979787 0.6960360355644392
5 0.5259146739021323 0.6904668030886016 0.5330363128730876 0.7011024464883486 0.5369151652147377 0.7055657949497135 0.5419831268219669 0.7089886940334299 0.5454221476455334 0.709541576882172 0.5477626288316416 0.7085413342979594 0.5529729531923119 0.6996347013329515 0.5547151060111253 0.6992627490546716 0.5576992003785883 0.6963374287592248 0.5584484781260841 0.6913865137689533 0.5574178657097161 0.6878882072280463 0.5513721239691892 0.6794540829639046 0.5453802536694828 0.6777300786588468 0.5373131027567705 0.6776647623390112 0.5311778305458729 0.6800472514840752 0.5259146739021323 0.6904668030886016
3 0.5299762513872927 0.5824112376784943 0.5233709577822716 0.5817477861478031 0.515796470670713 0.584080016801072 0.5096008187077351 0.5881915558198713 0.5058060276829458 0.5895738023807227 0.4996244315002379 0.5850300403324855 0.4952765969222142 0.585743789793968 0.49086838259211013 0.5881865891291861 0.4857184379835203 0.5953641722204585 0.4847266020699526 0.5990082481070693 0.485001428427565 0.6158966394710671 0.49093395813294094 0.6275727322484628 0.49399456634825467 0.6307091382094491 0.4996985936678288 0.6324230908161479 0.5024638114340003 0.6357655763129919 0.5023128620537991 0.6400882009973307 0.5038814230853814 0.6446872671060403 0.5081764253803346 0.6454864362840764 0.5113728880378294 0.6447324800291578 0.5315671814611457 0.6441393115089872 0.5327713856647449 0.6426665996629047 0.5384980553913493 0.6437321585669528 0.5446182326642267 0.6417819318903228 0.5558818462344338 0.6410932919552398 0.5629636695448386 0.6363635143288666 0.566258249299464 0.6327998520291281 0.5678257711732961 0.6291758795392353 0.5685373115757416 0.6253056207200485 0.5675142466283837 0.6215911829449244 0.5577556968644279 0.6039388230666454 0.5511342691636367 0.5954845954057857 0.547172394662876 0.5933986905208071 0.5373771467116201 0.5850500254122151 0.5299762513872927 0.5824112376784943
3 0.5928683838095594 0.5722729758720354 0.5834762691890868 0.5771384711457535 0.5819087473152548 0.5807624436356461 0.5817588370928036 0.5933081069185873 0.5749874991695613 0.5973995425406684 0.5742382214220656 0.60235045753094 0.5752839287764536 0.6054165016034131 0.5778292307835834 0.6068037542939457 0.5815787369943124 0.606718295138396 0.5829349297358629 0.6091459972065774 0.587987796405072 0.6130011587587275 0.6083189834283196 0.6167406666212546 0.616272922305881 0.620047951454344 0.6191438046381934 0.6203645996721512 0.639504142379731 0.6150165439992084 0.6439500940548852 0.6114930884929055 0.6448966451543925 0.6091458000115964 0.6451909964457847 0.6007166818771359 0.64329685508902 0.5971882202411519 0.6319783309202422 0.5829437016185487 0.6277512558463796 0.5801993513325602 0.6103513309075248 0.5750474418141047 0.5969057330004207 0.5721975684148448 0.5928683838095594 0.5722729758720354