5 0.2805187072733449 0.6905821059617152 0.2927138472424685 0.6930066983690943 0.30490494470357593 0.6930350293312666 0.3129316624711408 0.6898706015848861 0.31635807901257595 0.6870531327315972 0.3191559982173641 0.6814803016990789 0.3178503343983647 0.677936536817124 0.31386640298483265 0.6738500735538249 0.30325067089811336 0.6677453610754405 0.2994208319377307 0.6625505422730437 0.29657634436599944 0.6559274150951773 0.29014730529166716 0.6508338508644906 0.28187530006632067 0.6472738968612943 0.27449130793821447 0.6462195534356356 0.27106084888876286 0.646640760843718 0.26664503845065995 0.6484902766272701 0.26134929993134964 0.6526267047236979 0.2593035721814804 0.6572356299667896 0.2599665103610212 0.6649981660207835 0.26369901102999277 0.6741269037761877 0.26853651469787126 0.6757118037422596 0.27465736886590475 0.6830220790511415 0.27729100982274824 0.6879279983541962 0.2805187072733449 0.6905821059617152
5 0.5394512665008966 0.6960478748530501 0.5406920911421248 0.691973553430682 0.5404731595112041 0.6854638226654567 0.5363351356445227 0.6824857149412552 0.5339427396374444 0.6819079159425708 0.5293160825844536 0.6820402238513108 0.5234709142090792 0.6840652427215639 0.511476435060048 0.6927282529854718 0.5090434549232972 0.6989099363537046 0.5108721927714996 0.7043504594774826 0.516699090336046 0.7069033125132914 0.5234322718086607 0.7073839042205761 0.5306540864675846 0.704754080294919 0.5338736989021483 0.7026156650120248 0.5394512665008966 0.6960478748530501
5 0.47221453023788984 0.7321930533330692 0.47646007819077757 0.7218668473077882 0.4740859529945275 0.7167111764030418 0.471196838785107 0.7144512701468857 0.4684658595368525 0.7134792697968384 0.46116093488932935 0.7130688793242342 0.452901057188032 0.716697709656658 0.44960641978090177 0.7205884334317044 0.44836559513967345 0.7246627548540725 0.44798238526080814 0.72863177442442 0.45006659636158747 0.7314262845012999 0.45662337206220827 0.7351968422085372 0.4636951367759992 0.7360716352671846 0.47065743567432977 0.7336915629432192 0.47221453023788984 0.7321930533330692
5 0.5180450201857012 0.7651317886662964 0.5190790407200581 0.761736520814323 0.5182092984336459 0.7546530383307236 0.5164900264009037 0.7524673805895581 0.5083234444830012 0.7497660305237679 0.5009698506897723 0.7513225995276673 0.49681759852027907 0.7553186251547344 0.4937601635548976 0.7611412077889443 0.4924666272599474 0.7647862272426095 0.4940581626664011 0.7682948915072241 0.5000695510189743 0.7723503014334934 0.5032932059615545 0.7726081475958058 0.5136068964287538 0.7691629149107035 0.5180450201857012 0.7651317886662964
5 0.5489008808199373 0.7659187938996175 0.5523759665070779 0.7611343655698248 0.5524996606253499 0.7574150976011691 0.5508554135651742 0.7534771313678513 0.5480940359820423 0.7498942185882459 0.5425793658318113 0.7475209159194485 0.5319717187611249 0.7462087263314774 0.528255388124219 0.7466650343568999 0.520360449490959 0.750902717025038 0.51805116347248 0.7533651324246146 0.5190790407200581 0.761736520814323 0.522389848159254 0.7674308428201032 0.5248876674737762 0.7688672457561936 0.5348181480621101 0.769391032641439 0.5450831693836039 0.7679127594328407 0.5489008808199373 0.7659187938996175
5 0.42978750731463533 0.8215068468833424 0.42543863683306604 0.8168115312843289 0.4175579265026176 0.8140750806011985 0.4106970084037146 0.8149174954173631 0.4072178802085574 0.8173056623019491 0.40636430795421097 0.8198072255991763 0.40765170096238224 0.827928862387193 0.4116883440296363 0.8324446276191951 0.4198285701206779 0.834931326700634 0.42822022695628004 0.8323757512899675 0.4310141036530518 0.824406658812243 0.42978750731463533 0.8215068468833424
5 0.4201225267241651 0.8396887489737072 0.4183768988645619 0.8372884402481902 0.4140584267178701 0.8352040370787348 0.40701301783094007 0.8345438950044389 0.40275129984598657 0.8352850552488931 0.39865175933021535 0.8397103828446632 0.3977535604381798 0.8465751670636008 0.39760351049304676 0.8500797840479052 0.39934913835265 0.8524800927734223 0.41226607144181526 0.8513298669618165 0.4193297511395734 0.8474121371300505 0.42039012750079124 0.8442315202624286 0.4201225267241651 0.8396887489737072
5 0.457549232312325 0.8679942753819805 0.46133654541378116 0.8633893974191993 0.45804400878541324 0.8531172035073572 0.45276249856891465 0.8502794982525167 0.4474586750335714 0.849623403458531 0.4431442453948959 0.8499352617342824 0.4401314370672035 0.851394623446782 0.4359791848977103 0.855390649073849 0.4300407207389413 0.8637458483423162 0.4302028982081236 0.8674300156936319 0.4387648175289408 0.8733511305246943 0.44271835060759546 0.8748266813584353 0.4483830707029594 0.8736953670429287 0.4527725253142014 0.8716312002750248 0.457549232312325 0.8679942753819805
5 0.4795045903845677 0.8624659644328763 0.48464219394271213 0.8570416304303394 0.4853903428896148 0.8536814631957063 0.48368934166770056 0.8469179335484789 0.4807738716314193 0.844443376307971 0.47747114920825623 0.8435415771926043 0.4668411888187253 0.8444109980654882 0.45918749513523044 0.8529768010379964 0.45942874008499557 0.8573049213423666 0.4614642820400695 0.86206639089575 0.4660949816010767 0.8643303444322166 0.4728018072468304 0.8645962851551496 0.4767512978174686 0.863675574543684 0.4795045903845677 0.8624659644328763
5 0.4354417235161871 0.8911901210022778 0.4351477669127 0.8864326987292047 0.4339475264011444 0.8837475377846559 0.4310847680185851 0.8817022825128511 0.4222187062994854 0.8803941402051902 0.41821650407512523 0.880885548847953 0.41245040318033377 0.8835545206712606 0.4094152815337968 0.8871954928446153 0.4117974917460797 0.8971436866397748 0.4171580694431613 0.9006253448476702 0.42503473726559327 0.900965534085594 0.4286192887681943 0.8994359711384139 0.4338359598069217 0.8946555900889315 0.4354417235161871 0.8911901210022778
4 0.4616023303755088 0.43542655179694423 0.46393797222084865 0.43317878738171894 0.46756310785312233 0.42488974206762203 0.46736244703302976 0.4138021393963348 0.4666244838809225 0.407791911834493 0.457874031264062 0.3979719786677632 0.4510090706571425 0.39641813203872106 0.4429783103815611 0.397186298339895 0.4357341824037927 0.4019977327264071 0.4326990607572557 0.40563870489976195 0.4280885737363307 0.41535605858932856 0.4249905546412765 0.4279381235904555 0.4250473088030149 0.4307636870043652 0.4274964589718316 0.4341670494169592 0.43756276120248677 0.43816035266916886 0.4472864376839493 0.4393631931248089 0.4555767137201239 0.43834527522194333 0.4616023303755088 0.43542655179694423
3 0.43565868028270094 0.4959163316755101 0.44137206952377045 0.4928180578834995 0.4442227003822806 0.4876745288196843 0.4432029081507355 0.4840956633203892 0.4404942422213254 0.48094205250948674 0.43674751324954214 0.4787874481053511 0.43049892245522026 0.47280017931991836 0.4273766483120675 0.47100467564980536 0.4145834093411742 0.4684356334927552 0.3995376385135403 0.4711545701491914 0.39348566603129453 0.4738586425898391 0.3899801820092764 0.4760321584900734 0.3857833032020942 0.4843914050388508 0.3868334937685168 0.4905811829677041 0.39055790942145546 0.49491739783269484 0.39934894616798866 0.49797784863250777 0.41422235373164495 0.500945139421231 0.4245400867068606 0.49989616818133564 0.43565868028270094 0.4959163316755101
2 0.43223274088979097 0.4065675100718483 0.4420679839654763 0.39686229822321256 0.43987834955725297 0.39320918420892675 0.43508951503508 0.38965732476635123 0.42843135853503184 0.3874244245669145 0.4209459856074981 0.3879077386490565 0.4164774635156732 0.38932795246390556 0.4109485650626305 0.3939287831463766 0.4055210474090153 0.39699195632104683 0.4032381172173973 0.39966902270497495 0.40155732853556536 0.40488680028378105 0.402483824983716 0.41479584618129006 0.40699487293446746 0.4231753291316191 0.41173099580291844 0.4262978866054917 0.4230948768365404 0.4290424318492428 0.4259718635219115 0.424113553769779 0.43223274088979097 0.4065675100718483
2 0.37108840218919426 0.46397123056328626 0.38597199554764583 0.4575681265555344 0.3915191648115167 0.44838942396700154 0.3938203658139628 0.4411344856770116 0.3925674136486852 0.43802002276375973 0.3867587868949671 0.4308892978218891 0.3738297262817525 0.42485073929787476 0.3664193783267853 0.4235817448878646 0.3519413081660436 0.4238342188644137 0.345102703385985 0.42249502321972326 0.33787684621904457 0.4227285857001736 0.3338523306758399 0.4254016048037913 0.32926415697375944 0.432937348032503 0.3299757642990057 0.43873292460999336 0.33546812113039215 0.44328783773964603 0.34497480771018807 0.45454012656215587 0.3563994854135647 0.46250649666502336 0.360924761667128 0.46391184626408394 0.37108840218919426 0.46397123056328626
2 0.4679459996329709 0.48236491613524163 0.4777366160709671 0.4770229252083163 0.4803804428226058 0.4725584497148958 0.48169224992838416 0.4643355583551688 0.48121380253687007 0.4580755791916351 0.4764209255066808 0.4521274583038529 0.4716057351576467 0.4483609478769258 0.4637250248271984 0.4456244971937955 0.45824075301184475 0.44586210695455614 0.4460800538856149 0.44844468842194185 0.4388622817347074 0.4534707737928055 0.43307791002908774 0.4607176175221748 0.43123898638609 0.4646474891948718 0.42808017062128095 0.4720077293368824 0.43143560469816605 0.4733388304209523 0.43560402689972505 0.4789278505747118 0.44621975898644434 0.4850325630530962 0.4523284856304284 0.48515405402635825 0.4679459996329709 0.48236491613524163
2 0.26051173865956045 0.6954354106207352 0.25677115297455605 0.6815141499749179 0.25859390658548814 0.6679992325213943 0.2567043720675307 0.6573368845384998 0.2506362295532193 0.6504559111983209 0.2395278217721743 0.6450653529076714 0.23170386560346437 0.6451544656384506 0.21572545504090113 0.6497310126390594 0.21162187201711347 0.6517600787896228 0.20853403871685455 0.6549717489942746 0.2058151869926493 0.6611885329798474 0.20449319409207573 0.6787818191360493 0.20499799731045068 0.6852564492839344 0.2136126282849899 0.6916068660837003 0.24245315950423413 0.699613708989671 0.253940734656128 0.6986389862647664 0.25981225885836334 0.6968286183788649 0.26051173865956045 0.6954354106207352