5 0.1003207128572388 0.9186729843457014 0.11073087591166977 0.9181189701015129 0.11774119417110027 0.9163517686045713 0.12362744722215509 0.9130109317787474 0.12526043813322532 0.9085920757287191 0.12471296059339188 0.9014531498602837 0.12294610670946167 0.8958211065575025 0.12126692118936658 0.8925837238807052 0.11404125340629134 0.8856266845524268 0.10455981243457864 0.8809975530869041 0.09027617082421233 0.8773479742028354 0.07584956251026409 0.8783191721605721 0.06786286660025465 0.8868097783144933 0.06080489277296357 0.8901172387587032 0.05828465353398514 0.8944576624176012 0.056361008361536305 0.8952002553235723 0.07006041953147424 0.9098903032677143 0.07865461217527873 0.9144410023421068 0.08446556048859953 0.9161481431974456 0.09293825378564502 0.9180905812261753 0.1003207128572388 0.9186729843457014
5 0.2587432034729885 0.7755625762292281 0.26038237619710924 0.7748650393327732 0.2672726560686164 0.761293079116075 0.2659870787175072 0.7531762631682776 0.2633329765056688 0.7474657874743661 0.2594594979497334 0.743262194346109 0.2554568772751528 0.7419255186927096 0.24449777572205292 0.7445371047425567 0.238963657085174 0.7482600863982223 0.23734449075904052 0.7509250830813035 0.24446720463450836 0.766437818824639 0.24211612031014962 0.7718462445819314 0.2431248679848168 0.7745329380187245 0.2522003371614424 0.7765988644481006 0.2587432034729885 0.7755625762292281
5 0.2422008667563135 0.7926339005561032 0.24717222230958677 0.7927223500730433 0.25314614372447675 0.7917761738732031 0.25635682720687025 0.7899538992409355 0.2582066286004207 0.7850627863420334 0.25732702304439864 0.7795091754303825 0.2556678439222907 0.7782392525402113 0.24337550945022096 0.7742742815895294 0.2361622052932469 0.7747598805683976 0.2290303876870574 0.7739188210196764 0.22078832945742874 0.7697502667751255 0.217557639577048 0.769605081620767 0.21421163216295874 0.7705729545743191 0.21492208280436115 0.7750585633875756 0.2198043090349638 0.7819488499526258 0.2358548045292604 0.7912304721394755 0.2422008667563135 0.7926339005561032
5 0.18551925172237954 0.6980439114088091 0.1932076505991242 0.6913522206313513 0.19419785283463975 0.6828749566074243 0.1977621316900449 0.6722383291309043 0.19782361184284217 0.6689442108166888 0.19614442632274703 0.6657068281398915 0.18656149240226255 0.6604368954153321 0.1829786681077058 0.6599095654311321 0.17846093991738027 0.66084406200307 0.16993913009363854 0.6696383805957027 0.16483098964983395 0.6778920270741409 0.16359778872080039 0.6811527690067423 0.16489719065684624 0.6875157255875923 0.17124179192506378 0.6981156516783139 0.17829212298046876 0.7002833697546246 0.18551925172237954 0.6980439114088091
5 0.26449019674155205 0.6682384035230294 0.2677347112068696 0.6666297293104408 0.2725307300324726 0.6619288575754132 0.2764547860739398 0.6461991964082142 0.2625371034626861 0.64117790298704 0.25807467361210734 0.6350969620911892 0.2555282461620912 0.6337486068098878 0.25357077000671846 0.63427759929618 0.24668195109404692 0.6386530618387842 0.2357013821841242 0.6484936857760991 0.2329366832927922 0.6568140850177656 0.2329152159359694 0.6640431229052334 0.2458303326856064 0.6700990420431878 0.25691093358546535 0.6700957170390034 0.26449019674155205 0.6682384035230294
5 0.18939317730402602 0.5715290773131255 0.19660648146100018 0.5710434783342573 0.20038610984004995 0.5691310916829572 0.20439637328651655 0.564992588815836 0.20693043711043163 0.5588983057899909 0.20718872134772198 0.5531644708402752 0.20867256374215973 0.5496450724784785 0.20849104520143896 0.5411344320729375 0.2067780286984199 0.5376834489764615 0.1978731753952495 0.5274890269713857 0.19271265852936942 0.524365115569425 0.18852705835523256 0.5237142971845784 0.18191653007783853 0.5243233845640932 0.17550898769798812 0.5262140744616812 0.17189851423355804 0.5291944632113756 0.17019786135664 0.5331861184220462 0.1697227666368695 0.5393922102206357 0.17284285983775674 0.5535682703105721 0.17679018217259052 0.5619203834317603 0.1851737461469653 0.5706646585086002 0.18939317730402602 0.5715290773131255
5 0.23902850618135368 0.5958545455118781 0.24599116887292358 0.595627602962205 0.251120776673551 0.5801449185962989 0.24984138113549234 0.5757494218020748 0.2425757005564427 0.5648574629005442 0.23601282784690936 0.5639262913327905 0.2300389064320194 0.5648724675326307 0.22401732944926883 0.5673589026797392 0.21962110060570234 0.5709016602973399 0.21731767184920417 0.5747698271073639 0.21824493297308684 0.5787831790717465 0.22210458694408555 0.5847406315669508 0.22894428933006084 0.5911019256457088 0.23902850618135368 0.5958545455118781
5 0.8558245644209153 0.29234244931680575 0.8621167892670571 0.29156481752712826 0.8698113699568522 0.28859444590324373 0.8761250621598171 0.28058777622609854 0.8809101783181547 0.25924776850983045 0.8808978146920537 0.2518051302026837 0.883228892618425 0.24442924465876525 0.8821124701819354 0.23738043080936228 0.8781575050752158 0.23450349620869454 0.8696509807952463 0.23234745776028598 0.864997928673225 0.2324275526535084 0.8514309195173115 0.23698490173626968 0.84432529012216 0.24183262112774787 0.8378009692497654 0.25403286680734044 0.8367707542182753 0.2585752112580152 0.836085030829075 0.2689748790590521 0.8379933904577517 0.2791826431941221 0.8423405027746218 0.2863766421978836 0.8516389642467784 0.2916916309319592 0.8558245644209153 0.29234244931680575
5 0.8875465568288782 0.22382015022056626 0.8978952397305118 0.22656025429059307 0.9053253543699661 0.22560239846285093 0.9109947969385411 0.22273381848590085 0.9192659652968785 0.21419815632246345 0.9238666409968241 0.20274050354884196 0.9302570988963585 0.18048935851644013 0.9292021566126663 0.17014642635282157 0.9277736125579752 0.1666503872468291 0.9229190354972461 0.1562523819478845 0.9177723432163025 0.15137461117897652 0.9094826294188134 0.1487463158816939 0.9033057221063799 0.14841088956346082 0.8993569388127106 0.14925527411636635 0.8967352066249606 0.15295489651622773 0.8960232950247224 0.1576657853770652 0.8932047587524792 0.16380512441242664 0.8871278834299823 0.17330699702732405 0.8835174099655518 0.1762873857770184 0.8712912765004942 0.1819461133397881 0.8676131410702164 0.18449930125012476 0.8670842089695346 0.1885243328424094 0.8682821179568089 0.19424648816422296 0.8763320929561592 0.21377257587194115 0.8821353984975941 0.22095489524780051 0.8875465568288782 0.22382015022056626
5 0.8539184507544937 0.18272707013365 0.859580250551182 0.1853336686772206 0.8631630748457386 0.18586099866142058 0.8671118581394082 0.185016614108515 0.8831514509664393 0.177659100314124 0.8890991841702913 0.1710241451740845 0.8925543273050387 0.16522189495904843 0.8957726535593181 0.15792444180626034 0.8967152002269734 0.15098743672960172 0.8944608879971712 0.1441188469182634 0.8862202907263784 0.13075379499961864 0.8824544869322652 0.13091232228397137 0.8805108353618293 0.12968745540331642 0.8757562902910363 0.12912674903750226 0.8581189984946945 0.13192022162750644 0.8542517017518094 0.13143794765282246 0.8517791180806918 0.13423811236445218 0.8420317500998028 0.1408179943691656 0.8386242625329162 0.1450799856369333 0.8370251026047699 0.14971244210664042 0.8379247145587791 0.1572335128049175 0.8411539434803244 0.16657519563336987 0.8445123145205148 0.1730499609869644 0.8505662615273536 0.1799736239336287 0.8539184507544937 0.18272707013365
5 0.8185518159214682 0.21350884770995604 0.8259480995779986 0.21233739146253497 0.8314345626470168 0.2101546687541378 0.8356478119910271 0.2072977684050898 0.8388723200583572 0.20372163440587507 0.8448138714491588 0.1933653601122621 0.8495837020637241 0.18297570943703514 0.8492453922344849 0.1808397052402464 0.8473970517997703 0.17653432046505463 0.8419120496895873 0.16952054549935794 0.8377217286612357 0.15595191028684416 0.8347693294161325 0.15204034996939617 0.8229029731371371 0.15260604384148685 0.8194078172064154 0.15447337448327075 0.8096051508857796 0.16806869395577304 0.8057225685991224 0.17853677702213036 0.804380231949431 0.18663189621621573 0.8056981793246285 0.20415881025778598 0.8099576232776636 0.20895814863556356 0.8151858021093915 0.21250926087688202 0.8185518159214682 0.21350884770995604
5 0.8350396393018157 0.11324184347687827 0.8467091914963183 0.11511586624028762 0.8518635265491475 0.11451845848867484 0.8549727170827695 0.11205538259737065 0.8569240114250916 0.10780507095750509 0.8654796522317572 0.09922435278455137 0.8649936548447211 0.08879130860190032 0.854978560918112 0.07526939190099494 0.8512942436747833 0.07410126065775824 0.8482403514809083 0.0695488990812736 0.8445422096526428 0.07013462720498413 0.8386559566015881 0.07347546403080822 0.8364678453787986 0.0762305727329216 0.8362233857264452 0.08021054831569 0.833784633038251 0.08322431344699846 0.8299373426933535 0.08470949925894074 0.8270988000231231 0.08888137850767612 0.8234544955757693 0.09164816683769143 0.8221874636638115 0.09469530835061427 0.8175544179397776 0.09674286303046276 0.8147635308374077 0.09937448333192984 0.8140316128391826 0.10211791240614106 0.8149927049459892 0.10634486479020251 0.8180465971398642 0.11089722636668715 0.8237760589024005 0.11393102574961537 0.8350396393018157 0.11324184347687827
5 0.4613497427908042 0.8212031988393793 0.4661795925993313 0.8167159275240305 0.46560446588962456 0.8130847203894896 0.4598088031200759 0.8004272224931098 0.45751447809429946 0.7896237131085192 0.4558214679892677 0.7881401897986693 0.45267844647272193 0.7903896652702945 0.44511154694273636 0.7996896170934151 0.44366007457238676 0.8126191135489844 0.44474266602595247 0.8194543269787087 0.4502891482889324 0.8231739836301898 0.4541902760147412 0.8238698580245526 0.4613497427908042 0.8212031988393793
5 0.4806876874640639 0.8144180710387048 0.4865339277191444 0.8071423146396285 0.489630754626665 0.7972366004411775 0.49022262783897963 0.7807209528605835 0.4885096113359605 0.7772699697641073 0.4854080635742249 0.774257867134891 0.4820420497621484 0.773258280301817 0.4752147110022742 0.7743396245302057 0.4616877146423352 0.782831893186219 0.45817873412667687 0.7864530831949501 0.45726383662889525 0.7898823695377143 0.45812343578693016 0.7934685206627391 0.4575268417204006 0.7970663514156658 0.4592736892063436 0.8007309349318209 0.46676236208092403 0.814871956138051 0.4746322794983894 0.8166909057661342 0.4806876874640639 0.8144180710387048
2 0.5158807845059629 0.8101577843862859 0.5220776982163837 0.8124606704911452 0.5262294674075966 0.8128978884563127 0.5316006129429064 0.8118282238558263 0.5358815242527644 0.8093985243461361 0.5434345991978133 0.8018524318899626 0.54585334548802 0.7968712069720281 0.5388797801291845 0.7804590135404605 0.5307268512222267 0.7694886222477997 0.5147101867108541 0.7604206004806289 0.507375383207121 0.7582979384138344 0.5046321516726119 0.7593892997680329 0.4981292981570401 0.7643605075601577 0.4877391415005964 0.7668819815909724 0.48754851922915404 0.7730430173800459 0.49027646521989077 0.7829020130668884 0.48982137689810745 0.7910755646521042 0.49074863802199015 0.7950889166164866 0.49632895126789406 0.7990221736876467 0.504435685565827 0.8023363262534822 0.5158807845059629 0.8101577843862859
2 0.5796965721563443 0.6349554809603255 0.5862256138829537 0.6356730521084002 0.596466622022765 0.6340510357658171 0.6037275817475997 0.6320251778396806 0.6063016583674892 0.6298658143870876 0.6100150857395267 0.6183297292223359 0.6083711921611911 0.6061094492911236 0.5973673569579018 0.5918682989400513 0.5948209295078856 0.5905199436587498 0.5798868564500785 0.5882871353213032 0.5754029592426769 0.58943523231292 0.5687986127783334 0.5937656388460081 0.566928804986796 0.5966892919582842 0.5658094606326352 0.6080334734570689 0.5656188383611926 0.6141945092461425 0.56718888816063 0.6222662691844236 0.572341762254624 0.6308653591069049 0.5756939514817636 0.6336188053069262 0.5796965721563443 0.6349554809603255
2 0.5310867374562918 0.5931698514832309 0.5338299689908009 0.5920784901290324 0.5394794051613883 0.5872424503654561 0.5415321924524823 0.5836329399846273 0.5422717532225937 0.5754143323898954 0.5412782910916987 0.5617772819120612 0.5321027899251369 0.5498740565495543 0.5267931245426244 0.5476496028358254 0.5232779622139155 0.5475494736909832 0.5170734057316086 0.5507217661066445 0.5029174452810519 0.553401767421812 0.5003095376782385 0.5553475304547262 0.4972436198359705 0.5838598404210438 0.5036296948589981 0.5891981884109236 0.5164433186598634 0.5946133062898414 0.5310867374562918 0.5931698514832309
4 0.2132407603700141 0.7000030586849743 0.22089386730499924 0.7022942651619315 0.2287099473415534 0.7019321545837097 0.2345147138418237 0.6999179762854751 0.2395275431499071 0.6947448477015736 0.24144500650930537 0.6902809356420292 0.24156178500184944 0.6799713798600248 0.23602912732380607 0.6744978638415963 0.23340885609489156 0.6690009885673638 0.22994134933404328 0.6673606004752533 0.22606022800622175 0.6686321858675165 0.22377062383466031 0.6707464933105933 0.219821840540991 0.6715908778634989 0.21541942988437385 0.6714123163275263 0.20482010551733598 0.6689308686866945 0.1978574428257661 0.6691578112363676 0.19507891934949745 0.6792320698449812 0.19409489892703244 0.6914306530224815 0.19840199844792825 0.6946897324529908 0.20602127439998946 0.6967673385102692 0.2132407603700141 0.7000030586849743
4 0.5044972747666272 0.6278164708653767 0.5113722690943621 0.6251948676897197 0.5217162311417807 0.6150171549320793 0.5209519431194671 0.6083504859125178 0.518284016322692 0.6043938695855536 0.5146673610452114 0.6036529391816747 0.4978558374239805 0.6098189624770247 0.48751333633539734 0.610800177560571 0.4829264852203884 0.6205039709672453 0.48385374634427103 0.6245173229316278 0.4885944668301274 0.6268318886643892 0.4984556913858893 0.628335446225859 0.5044972747666272 0.6278164708653767
3 0.565717071414585 0.5927209960034179 0.5691307407945222 0.5921803238892236 0.5788104468095635 0.5851732410451523 0.58165663225168 0.5755261832758964 0.5824838613856266 0.5697022363071484 0.5795052739294854 0.560101897049501 0.5777446018586058 0.5581911729002931 0.5692857331464969 0.5544948755046162 0.5654060727775111 0.5465699632227856 0.5627581523787232 0.5445808066824476 0.5509194452696011 0.5416387818206438 0.5462863995455672 0.5436863365004924 0.5438338222724367 0.5484539609987482 0.541021467813244 0.5583146191876829 0.542969840237895 0.5724573028960052 0.541152408868433 0.5867585138886802 0.5425271155422128 0.5880734927883676 0.5470848565285128 0.5910739157896817 0.5513042876855736 0.5919383345942072 0.565717071414585 0.5927209960034179