5 0.2589512349907719 0.28403516516995136 0.2461329693617489 0.2843189786192958 0.23894602528380138 0.2866842266729365 0.23585952781197808 0.2907420463454457 0.2354592435136499 0.29344781743644854 0.23721145999104584 0.2984092347339491 0.24655574993963766 0.3099375351467177 0.25446901986848014 0.31666738184116594 0.25828582368859854 0.3184099673360904 0.2615561090212256 0.31871172452041774 0.265281018910942 0.31827452158692404 0.2673999465124256 0.3170225007575301 0.27303922905830125 0.31251455620051566 0.2758420837441187 0.30850675040406267 0.2760585801816431 0.3014414024562235 0.2738309720626374 0.2987598013392535 0.2730463254555812 0.2909925851986378 0.27110236012258127 0.28826097020561164 0.26435723451200277 0.2848387350428304 0.2589512349907719 0.28403516516995136
5 0.29816870431265613 0.19960155640118468 0.2938181880947668 0.20146666569426402 0.2902483379865336 0.21439368070861434 0.2902235904046132 0.21922922635197928 0.2986338836571059 0.23707099264375464 0.30122024190539903 0.24012853479514087 0.30687233054099494 0.24066911333672764 0.31534406044952884 0.23895571959980716 0.3179927199513832 0.2373906935630647 0.3215842017416569 0.23785541432657192 0.32260611187075783 0.23701642645663884 0.3252755384571326 0.23391054435718672 0.3270772500983695 0.22920087036795733 0.32346413662605533 0.21534441382659245 0.3186709373432769 0.2080644144955266 0.3058438461219336 0.20000501526561462 0.29816870431265613 0.19960155640118468
5 0.5494019699680515 0.1697958991455363 0.5473413631227292 0.16972004136745694 0.5433495970341273 0.1719610916949525 0.5400170104479389 0.17628190269875396 0.5366428896927097 0.18368442582797456 0.5359381955238552 0.1879810668577432 0.5373948277230453 0.20287656677326588 0.539622435842051 0.2055581678902359 0.5490913282977654 0.20784133192674709 0.5533084164162119 0.20687814633066876 0.558530628076639 0.20332213934671137 0.5623010526327963 0.19650853470714327 0.5639525495874702 0.19094695089696906 0.562726084513045 0.18896721797277544 0.5622794209507559 0.18311679892928567 0.5569397031804861 0.1743959712876225 0.5538987203751038 0.17207738925405716 0.5494019699680515 0.1697958991455363
5 0.5568173519757235 0.1504812344020902 0.5493971248731312 0.1581579968856245 0.5478415023462594 0.16260467954356148 0.5486844697094767 0.16904401707670375 0.5573152398968938 0.17652574583998454 0.5608108472593656 0.17810536775572902 0.5660290784223927 0.17784405035242706 0.5749761999725364 0.17385084043497606 0.5750840158925383 0.16285187054077294 0.5726894064998492 0.15756452608491225 0.5646802621432049 0.1519495805427012 0.5599749762934283 0.15014405922070892 0.5568173519757235 0.1504812344020902
5 0.5929760076904657 0.18802532396766058 0.5892263502188289 0.19329807254451917 0.5849341547571008 0.19383530323012513 0.5822854952552464 0.19540032926686762 0.5767053980630521 0.2135129870569758 0.5752752426408227 0.2236471251792226 0.5778408338045955 0.22824552339331844 0.5815242095252711 0.23089003258524388 0.5887822804491 0.23224542902273088 0.5959109037708863 0.23120805957656348 0.601208222774595 0.2280780075030786 0.6079652898773736 0.22161617392389377 0.6107681445631911 0.21760836812744086 0.6109462227315545 0.19539745088379817 0.6127687014573119 0.18914692083185933 0.6114503424524849 0.18498739947924753 0.6078420740750908 0.1827688451977944 0.6009051996089085 0.18157641233948735 0.5929760076904657 0.18802532396766058
5 0.7190322974917323 0.13000353252199645 0.7119036741699458 0.13104090196816381 0.7086501754244392 0.13249297830178236 0.7048086240224003 0.13558593845022276 0.7034823040227731 0.13801579625892163 0.7040416285999845 0.14450514766812012 0.7070450577337264 0.1466107522464492 0.7165011440997203 0.1438453931843593 0.7188829474026892 0.14408421454161874 0.7237384479390289 0.14674164568455592 0.7272300748041005 0.15161595718095575 0.7256161315210675 0.15739051844636615 0.7238935077205122 0.15923145776541253 0.7302630966146829 0.16052391837583171 0.7323444705445256 0.15905892009120165 0.7346759140861333 0.15403624089462378 0.7358224267223568 0.14395211664843313 0.7346750494886132 0.13910364905405656 0.7290477084349376 0.13372752486910494 0.722340136496 0.13051826716155984 0.7190322974917323 0.13000353252199645
5 0.7514682946191178 0.1348249517592707 0.7472136528290305 0.13557515990011287 0.744318904212811 0.1374031772681478 0.7414497677760323 0.14932824083338475 0.7455550594770767 0.16265871471216498 0.7492008815261114 0.1650902464488543 0.7562168438329755 0.16341394463697817 0.7611929663790375 0.1601209289843133 0.7659645339797755 0.1540091925375215 0.7709031028541966 0.15050319942962037 0.7703813319486258 0.14422682547565807 0.7648498653227525 0.13773580013846934 0.758292508070378 0.135378452251869 0.7514682946191178 0.1348249517592707
5 0.6053567778397204 0.268191952937574 0.5979612983190487 0.27103316977774333 0.5922636950170118 0.2768689929422311 0.5883806094459321 0.28304366521609065 0.5840468798151632 0.2866626080271158 0.5828667940046992 0.29323906523741483 0.5848818861835804 0.29969132472156873 0.5934247429379957 0.301698575475776 0.607569328566646 0.2989849042177326 0.6166874318878731 0.29430274805851686 0.620095125817343 0.29040789196518774 0.6214046592298498 0.2862242006385431 0.618738348543355 0.2711028013167726 0.6178706335982171 0.2694990094269953 0.6125605085047882 0.26758053840187906 0.6053567778397204 0.268191952937574
5 0.5459061829884606 0.3091989829562072 0.5397203819550938 0.3122660992026242 0.5324711366235851 0.31925391544439374 0.5308779604250724 0.3234876206470946 0.5336896407032101 0.327823027529898 0.538411713140107 0.33138238236983614 0.5489064962223225 0.32953186895575887 0.5589298681603281 0.32666648214155664 0.5664547952830425 0.3262180311850417 0.567893776297592 0.3244271057420514 0.5665546502082446 0.3218084404521492 0.5581739496325925 0.31076903077692075 0.5534143235240547 0.3069966984817465 0.5459061829884606 0.3091989829562072
5 0.7943378010457594 0.37629137212107017 0.790237354439635 0.37459880050220173 0.7843767303613147 0.37453419074714356 0.7764139652686315 0.3774754353394251 0.7729271834984799 0.38423902610293714 0.7707795278176759 0.3936212821563515 0.773992356991662 0.4101835097887192 0.7760282162550639 0.4150949132101635 0.7833238408505335 0.41666328710288675 0.7867275542826033 0.41606312059021305 0.7939480715347915 0.4172055395724639 0.8005301763690866 0.4147273418156991 0.8037293348558322 0.41130845450889864 0.8067614920688945 0.40528382386320755 0.8068070067353352 0.39890742215713304 0.8053008793723043 0.39368301352834023 0.7997526261593103 0.38543815467320564 0.7968114982791299 0.37870998190674776 0.7943378010457594 0.37629137212107017
5 0.7883335365708364 0.4168779384861133 0.7840996618652695 0.416087290564246 0.7762910919565493 0.41658575539681697 0.7698176676397763 0.4229975750999456 0.7625021405573065 0.4379026491104991 0.7602961641203412 0.4486127837713867 0.7618358646576129 0.45734485943607106 0.7662367406368631 0.46074125069682903 0.7758015075203795 0.4619095135811032 0.7880732546619112 0.4601848718211614 0.7915352888501423 0.4582568267010144 0.7943964642921211 0.45292114229708796 0.7986294744001677 0.4387791983783882 0.7968891994149719 0.4239337123389217 0.7947574657237682 0.4201372100697145 0.7907696801325663 0.41908357081655484 0.7883335365708364 0.4168779384861133
5 0.9193460464311645 0.3720365792910609 0.9040836762456115 0.37670413957127463 0.8916042582588755 0.3938373419583122 0.8876628519316346 0.4013398928396451 0.8872042468771453 0.40537354253812136 0.8998060160686437 0.41215507703661614 0.9049283728038688 0.4130086607855514 0.9188476364026744 0.40901712479609065 0.9256047035054532 0.402555291216906 0.9311728592054476 0.39432670216876375 0.9337168186871796 0.3855333646050019 0.932381673095232 0.3796200097344444 0.9274925993846518 0.3734549115556157 0.9231085099925218 0.37181235381280353 0.9193460464311645 0.3720365792910609
5 0.8632240576686933 0.41201748788654785 0.8594576136099358 0.41553640294546074 0.8527796343478389 0.41912950185446257 0.8506567262489553 0.42367621226451185 0.8514126447766909 0.43957366362914774 0.8543617336516715 0.439712457234295 0.8629540855699277 0.4320486167017724 0.8702369040756771 0.42856846749589445 0.8806565798146109 0.42629199917134475 0.8833427929881061 0.42493995058983847 0.8867712540020964 0.41950423843379986 0.8873800737431488 0.41632249855626835 0.8827163220624131 0.411435265108857 0.8771976615262599 0.40999276287026937 0.8667987528718463 0.4107283751321094 0.8632240576686933 0.41201748788654785
5 0.8726394744631664 0.4272664327904444 0.8637299065846638 0.43147262016313165 0.85672675036752 0.43819744507360864 0.8531856283386071 0.4429942248639386 0.850729582289877 0.457262040436774 0.8559566390452243 0.4653439357127285 0.8579589251343854 0.4667476720982813 0.8660679244162319 0.4679530269075999 0.8774136358564647 0.46595247186535416 0.8832782404321848 0.46272239203975685 0.8871405589187441 0.4580885758286069 0.8885251996745327 0.4543308394124347 0.886839264948098 0.44145216434615014 0.8876773872163952 0.4362535996193805 0.8863046879528069 0.4301272672935867 0.8837183297045138 0.4270697251422006 0.8805814724713293 0.4258660442608724 0.8726394744631664 0.4272664327904444
5 0.947980802493794 0.6439020661636199 0.9374276986554175 0.6470804581851706 0.9371400753720117 0.650425161641882 0.9384040941180777 0.6526178720213119 0.9340288303182678 0.6593185269577561 0.9326857237315203 0.6599945512485093 0.9329485994330057 0.6614853934351627 0.9309047791748035 0.6631633691750289 0.9298788885483027 0.6672970466256175 0.9296456055236579 0.672608561055511 0.9311349462995686 0.6760791361663582 0.9411958719092152 0.6734267268073921 0.9489629076488946 0.6760099741002402 0.9576224059156322 0.6753614676395008 0.9609510120044205 0.6743353462163546 0.9628821712477 0.6720184381107795 0.9659183089581622 0.662699117884433 0.9693260028876323 0.6588042617911041 0.9701058043997681 0.6549335756718079 0.9687666783104207 0.6523149103819057 0.9650289623309838 0.6477035902167982 0.9534826764428267 0.6435907348842618 0.947980802493794 0.6439020661636199
5 0.6748687869198712 0.8813535770896944 0.6713899661445197 0.8815277886918956 0.6644491111809374 0.8836300454142443 0.6553102407751898 0.8898530576361694 0.6486243005182927 0.900035535706482 0.6446038063503703 0.9104068212579979 0.6450336833255391 0.914503406783542 0.6473907390465876 0.9195777737841663 0.6544530806174126 0.926457662106783 0.6584784198802551 0.9277242788151788 0.6632627935707134 0.9266610654669882 0.6653985077593172 0.92716287815554 0.6756887358962083 0.922493643947336 0.6807231791984316 0.9178727496871975 0.6898907776834996 0.9035195022412521 0.6900281862803423 0.8993228889635958 0.6883718442307485 0.8932465705138581 0.6865445204100709 0.8878591983058852 0.6838455011468554 0.8841627237887904 0.6748687869198712 0.8813535770896944
5 0.5821281506833283 0.9359165109204444 0.5685508506266899 0.9385301544263754 0.5648427273240937 0.9407211908778148 0.5593161057931404 0.9458680678005376 0.5565508047789637 0.950088851052227 0.5586370238037265 0.9602617550275087 0.5663960985486058 0.9694343814816675 0.5770331353225842 0.9750251570498456 0.5824015811721743 0.9756157494674886 0.5930673460254732 0.9730762898116463 0.6018642528890537 0.9682311700732505 0.6050466247886789 0.9630584492485044 0.6019296700424948 0.9453813204638994 0.5967569535459086 0.9392662361611268 0.5927899350392272 0.9366717408452574 0.5821281506833283 0.9359165109204444
5 0.6282307480051942 0.8955062995585041 0.6250148029313282 0.8971713533473589 0.6091356520099225 0.9116100326664146 0.6082520150751843 0.9231849990992588 0.6107424988956756 0.9273574424028823 0.6160318569045841 0.930816769490708 0.6217214992118208 0.9315703254875307 0.6256509640468615 0.933951843348164 0.6283539638074769 0.9343536282846034 0.6323249628115584 0.9336534340198176 0.6410843160034981 0.9285953368261854 0.6435284205600282 0.9242115899953163 0.6400319486000364 0.9076993762390047 0.6360896776752755 0.9002693352797703 0.6322560872680368 0.8967729162668998 0.6282307480051942 0.8955062995585041
5 0.5618773739693124 0.8758035068117979 0.559174374208697 0.8754017218753581 0.5510613944294505 0.877491056646695 0.5449091665703244 0.8840658399290037 0.544112578471068 0.8861826925303543 0.546403352441155 0.8991743172997626 0.5480468884010288 0.9002021126508991 0.5549462091955704 0.9011815680539698 0.5650239213923371 0.9002829922129496 0.5719647763559196 0.8981807354906012 0.5777167199167176 0.8943117232992954 0.5787801642148593 0.8903910233039432 0.5780083236975235 0.8876723302619285 0.5767443049514577 0.8854796198824989 0.5702284818681239 0.8800405598704794 0.5618773739693124 0.8758035068117979
5 0.5050171178637458 0.9165733894011616 0.5022182436753284 0.9172865056169595 0.49595733529867997 0.9199276669529042 0.49317524769738286 0.9223946166866476 0.4924497864440081 0.9282321137791257 0.49695536244338057 0.9388568165669031 0.5116097774854014 0.952303588004788 0.5185722641310244 0.963593067060297 0.5202158000908981 0.9646208624114336 0.533513437858931 0.9587625432009034 0.5423143252199114 0.950622733881852 0.5499726804420686 0.9492723592283362 0.5502019829693133 0.9472555343790983 0.5404238355481527 0.9349253380214411 0.5375578150112538 0.9286231201654556 0.5270542063367182 0.9221304209002763 0.5103480100416953 0.9169510043635682 0.5050171178637458 0.9165733894011616
4 0.7969766074846918 0.1325101870545975 0.7903905221529965 0.1382830743920175 0.7858690241640238 0.14083712992686154 0.7800172256780239 0.1491157328510599 0.7803344416382704 0.15257338601089537 0.7780197846837827 0.159349898725419 0.775137842157284 0.16622643919205493 0.7713170578397655 0.16777854327778577 0.7712172029145634 0.1721881340106782 0.772218345959144 0.17289000220345466 0.7755093983762913 0.17165090332507232 0.7782539323059476 0.16897097613609263 0.7821873776383885 0.1680578044160704 0.7885066067711981 0.16408876447265236 0.7974912819929825 0.16030853201043754 0.8112643114026252 0.1521703966193768 0.8134040060886288 0.1493775197272733 0.8119937531533999 0.14303820994624333 0.8071837672835012 0.13400437709723176 0.8036130525777478 0.1319988002710148 0.7969766074846918 0.1325101870545975
4 0.8297741114070067 0.40144567735789616 0.8261075222734513 0.40055500168391633 0.8191874343943895 0.4011164023435552 0.8099942237298808 0.4053726035922985 0.8051267817013409 0.4125992411913275 0.8051228012039408 0.41589393077198283 0.8005725751356474 0.4265782215308471 0.8000764164095173 0.4303988937740872 0.8046866924290119 0.4482519080888839 0.8108229982985382 0.45485588312919656 0.8152821950339497 0.45692439578248123 0.8256227829322016 0.4575166621281144 0.8394086184315647 0.4544270498356549 0.8423409207194249 0.4528120099228562 0.846203239205984 0.4481781937117063 0.8502780736326677 0.4397737191333723 0.8507989799407183 0.43111750124676745 0.8492968330750873 0.4225984030373192 0.8438069006182547 0.4130256655747114 0.8339496653564122 0.40356420388723696 0.8297741114070067 0.40144567735789616
4 0.516030409822608 0.3603631166160409 0.5058775902825595 0.36083573754658876 0.4975560750605889 0.36340104110445404 0.48664024059552496 0.36949818167224374 0.4698182673856999 0.38190711419104983 0.4618099876265756 0.391224760489406 0.4600418491595793 0.3994421015145269 0.4633001930000062 0.4096279274408202 0.4714259788689731 0.41258711576808454 0.4794974244791786 0.41357949312216685 0.4967037599977318 0.41164354783497936 0.49991970507159766 0.4099784940461245 0.505788290144718 0.4034537246398721 0.5089666815469434 0.40157569339578114 0.5157237486497219 0.3951138598165963 0.5208372797926268 0.38762423088627507 0.5263550757312598 0.37413414128429545 0.5250782508954737 0.36689290780626455 0.5225502134033418 0.3625074870474049 0.5205479273141806 0.36110375066185213 0.516030409822608 0.3603631166160409
4 0.39701621661496567 0.36378059550410724 0.38921958819844565 0.3543949915947123 0.3844391950053876 0.3521635153622476 0.37995923118545555 0.35163585877167247 0.37428637546533916 0.35263613629279533 0.3685927526607023 0.3551772698766278 0.3653184868306752 0.35817020227295593 0.36344166784615667 0.3624539213517129 0.3601307129420089 0.38016646813337196 0.36339788237475606 0.3986955067389217 0.36212192213648986 0.40638686510145805 0.3662934955884956 0.41180008121145406 0.3794665308494059 0.41518689837718126 0.38855590609131246 0.4186349774419858 0.3966481187860385 0.4180864987333586 0.40504474135129087 0.4159471500859656 0.4093033636387782 0.41190225236446815 0.41543880491078394 0.4035736355642137 0.41344846031382304 0.39228583043669485 0.40839636582695943 0.38022029933832024 0.40294000654436735 0.3741552289116038 0.39701621661496567 0.36378059550410724
4 0.34515441646194034 0.21064143554932455 0.3376590820160666 0.21789224312238642 0.32995123163006845 0.2289137090626321 0.3276701478498218 0.23919788881304727 0.3293097033122955 0.2435203737448392 0.3425202922448466 0.2471201683658025 0.34206168719035723 0.2511538180642788 0.34931975811418614 0.2525092145017658 0.3525732568596929 0.25105713816814723 0.35993516320612395 0.24470825429208634 0.36730503054735514 0.2317699912547148 0.3686017578701416 0.22253777682946901 0.3675502550642 0.21657440808285533 0.3630574851545478 0.2109982283936791 0.3551194676437848 0.20910392734259578 0.34515441646194034 0.21064143554932455
2 0.46881937564347903 0.34804537273648384 0.4547498973581104 0.3511849989049996 0.449565239369324 0.35495398334419315 0.4485729219170637 0.36259532783067316 0.4447066229331044 0.3705238336224785 0.4458420586746478 0.3852563699588212 0.4489581488233118 0.3880009069028589 0.4540597384740164 0.3903953467145037 0.4579724167219369 0.391023031057191 0.4616597729400125 0.39037285066846117 0.47095283852972314 0.3817070586868253 0.49466132644436955 0.36522905847248877 0.4934556284544647 0.3617084694855856 0.48331475040661653 0.35229702167416743 0.47656962479603815 0.34887478651138604 0.46881937564347903 0.34804537273648384
2 0.5448420369658803 0.5171274456208989 0.5330832351375989 0.5167852486555462 0.5197520241953255 0.519135900830185 0.5118060456897624 0.5238309789404123 0.5076976380888382 0.5287277864828546 0.5070888183477856 0.5319095263603862 0.508123534566607 0.5361190615890541 0.5159497556599677 0.5523070221149959 0.5185361139082608 0.5553645642663823 0.5307791329704721 0.5617701577304608 0.5464713801311941 0.561199182975791 0.5538293059802251 0.5581449886803856 0.5608996085458501 0.5584354978416916 0.5651542503359374 0.5576852897008494 0.5711315159265801 0.5550941422409609 0.576145192144283 0.552014104043532 0.5800450643024828 0.5475932652876183 0.5814297050582713 0.543835528871446 0.5803198814961685 0.5392000387323056 0.5761898422132037 0.5307051104968903 0.5707502695177321 0.5263938735881197 0.5448420369658803 0.5171274456208989
2 0.43183383742820125 0.5098235418250563 0.4149902325363355 0.5088407385660049 0.4090880742889745 0.5118578409363658 0.4027145048974036 0.5138600699066018 0.39612841956570854 0.519632957244022 0.3891716426125259 0.5349139722889917 0.39076966390595874 0.5423181693462028 0.39658477331783815 0.5487591808073354 0.40219532778439326 0.5523814714743412 0.4055782741319427 0.553322161024377 0.419435236477187 0.5539531932230453 0.43371325020528007 0.5503375982680009 0.4427562461832256 0.5452294871983128 0.44682710011250915 0.5401197022006342 0.4487078995944277 0.5325412935412219 0.44683021601238904 0.5218924207794118 0.4426043023016223 0.5145123936962335 0.43884581923766514 0.5114419295938356 0.43183383742820125 0.5098235418250563