2 0.5034999473051661 0.6167309698738617 0.5149306443513445 0.6139514583631146 0.5265812571565647 0.6092167140460565 0.5405884852436633 0.5976914361830421 0.5404601782704923 0.5940172052013543 0.53627942716844 0.5898353042940419 0.5240466200916953 0.5861509821749987 0.5160484355578234 0.5799384410041841 0.5045196214145142 0.5799082464701109 0.5010051259008471 0.5782998169766836 0.4997858267592276 0.5763948426621673 0.4936958393623905 0.575309140922405 0.49000671290374187 0.5769527316405907 0.4869536521574383 0.5803052688357939 0.4835297262718917 0.5812904141529698 0.47991607450334384 0.5850953172133249 0.4801942916989659 0.6013152114779537 0.48335197785366024 0.6092115501603901 0.4904790859781253 0.6152381151920648 0.5034999473051661 0.6167309698738617
3 0.5995486596764501 0.5530027263869133 0.6042145271106462 0.5545709490869044 0.6099562917752707 0.5539376526512902 0.6325072004804653 0.5477402876255048 0.6370447609414904 0.545634279343808 0.6423175433697412 0.5398238849853466 0.6566362960017522 0.5207139105280215 0.659045743566701 0.5154362956215841 0.6585390239852771 0.509178541527652 0.6534419116597576 0.5035138770758981 0.6504955546373448 0.5016692129515358 0.6276351997027378 0.49900519737442706 0.6150078459219702 0.5005281282733085 0.601417806945925 0.5074945468210491 0.5902975952869088 0.5109124003360879 0.584381199677303 0.514797716983315 0.5805325372116932 0.5201255903815476 0.5778805314806725 0.5267100443916457 0.578212620117115 0.5362198186971907 0.5798103318669873 0.5407083161239512 0.5825141307233282 0.5438598193519741 0.5995486596764501 0.5530027263869133
3 0.5373560901918589 0.5216333451353998 0.5475438065316378 0.5245235042060884 0.5555958625063301 0.524025925417819 0.5713064669094418 0.5200149822606022 0.5853967171556509 0.5108671479739741 0.5898437079885553 0.5061675648816744 0.5919426701663417 0.5002516079709449 0.5917917207861405 0.4959289832866064 0.5880130638571215 0.4867559605955865 0.5772959855288885 0.4769596537283152 0.5702896369085843 0.4743911884441114 0.5604878806460685 0.47430068371988404 0.5456871291551639 0.471355220588723 0.5422405608625872 0.4716919722032481 0.5334608303896793 0.4761100683024992 0.5298547260901413 0.4801311025970712 0.5225660036432147 0.49423489744264826 0.5225196796714042 0.5011611486359492 0.5238672857861947 0.5067403539321533 0.5245033514985395 0.5084493004091708 0.5325392733774617 0.5157424977510701 0.5373560901918589 0.5216333451353998
4 0.4373241734352937 0.6363534626305076 0.45090562578457877 0.6373939514471525 0.4557461241637563 0.6357101539355308 0.46108683381309756 0.6318449406850216 0.46239019427157774 0.6279043199773218 0.4601086186881198 0.6203381169672479 0.46253671365601906 0.607341697631636 0.4606511589260144 0.6028632519032346 0.45362216789868015 0.59964639291638 0.44985001928092094 0.5989125400581795 0.4464411883333946 0.6003299478437892 0.4357532607234519 0.5996212045119881 0.4286326609102467 0.6020338093131329 0.41602691037875905 0.6124281725132674 0.4164581552700823 0.6165246142650301 0.42162319481669225 0.6241344598247365 0.43266585347010755 0.6350013711647333 0.4373241734352937 0.6363534626305076
4 0.5793817120206832 0.6357206000238518 0.5837446415367269 0.6368666119537681 0.5935463977992428 0.6369571166779956 0.5992504251188169 0.6352431640712968 0.6042655544429759 0.6303073463480618 0.6086370705857798 0.6234464509135927 0.6075924023891417 0.6182894563874635 0.6021093299863594 0.6098251375892485 0.5920811496535419 0.6032506958385131 0.5842263670308611 0.6011446481178202 0.5775833360807896 0.6007274434774268 0.5663876497316729 0.6019839846502961 0.5640547160145749 0.6011998733003006 0.5606609800050686 0.6030495435543441 0.5562592739862244 0.6090459140519455 0.5565762676846469 0.6181234258890568 0.562036697680399 0.625939350984621 0.5656040254771366 0.6290606991175667 0.5793817120206832 0.6357206000238518
4 0.6224223045983364 0.6303224830540948 0.635056166690364 0.6372387219880328 0.6382450818788488 0.6377765470087343 0.6448503754838699 0.6371130954780432 0.6519256904830147 0.6334037032715969 0.6572211153182957 0.6282417026157863 0.6600552994633079 0.6186213596282919 0.6585728780640865 0.6009287535175806 0.6551575388053001 0.593906991470371 0.6512495357453599 0.5892827763962656 0.6471140694573678 0.5863976628942548 0.6436222163507309 0.5854376271034784 0.6269046810960315 0.5853722319056505 0.6160572174791275 0.5883477712538961 0.6126710289386313 0.5904135727421567 0.6093754100262557 0.5950729490410205 0.6078898711537841 0.6020494587261164 0.6078586421199939 0.6094079723878512 0.6104104524383835 0.6164598895301379 0.6119930692502358 0.6205161244884645 0.6170977290447651 0.6263969201744354 0.6224223045983364 0.6303224830540948
4 0.5458427818958843 0.5583404937275199 0.5566223182916978 0.5534197732713217 0.573546752682919 0.5346515959971996 0.5733958033027179 0.5303289713128609 0.5697530008158797 0.5250463108377457 0.5679806581210259 0.5238098336225983 0.5630571375827379 0.5231161875578338 0.5452410626905799 0.5246039177929605 0.5371437219018274 0.5238047091759281 0.5344388838877363 0.5288762445465077 0.5314904485498233 0.5434776576193505 0.5317017776821049 0.5495293321774246 0.5344961461665666 0.5552744102160506 0.5383588644124464 0.5586018378848544 0.5458427818958843 0.5583404937275199
5 0.2625735679837505 0.6993677200219963 0.2729434627375208 0.6992219901152887 0.27585208241488324 0.6999859980685662 0.2792533658933996 0.6983524590487395 0.28032926312382794 0.696150939913134 0.29371552043660165 0.6833489780415364 0.292723684523034 0.6797049021549254 0.29401949751250406 0.6755481502130086 0.2917781725812768 0.6691345750750137 0.2843707689456895 0.6633341929759151 0.27822794926578204 0.6607355725966342 0.27073648431333397 0.6607807855197517 0.26414628564633297 0.6618764995188768 0.25390469786573366 0.6656964604072723 0.2519275343498584 0.66684747846687 0.24947280197084934 0.670828305968006 0.247258549442412 0.6899483715626863 0.25206781878779916 0.6956230877127991 0.2564760331179033 0.6980658870480172 0.2625735679837505 0.6993677200219963
5 0.32677059245047857 0.5735644810746823 0.3422547727832885 0.5630696008909574 0.3440809869189626 0.557595958147021 0.34323359207433624 0.5498353371119296 0.3361517687639314 0.5451055594855564 0.32431246923345974 0.5444370229471913 0.3168662890950721 0.5457790232756105 0.3068899018875749 0.5489405387629962 0.2972617374122903 0.5538210524257583 0.29024680216522597 0.5592594945059399 0.28448890340483135 0.5676835670717226 0.28435955727391027 0.5722323746886373 0.2930250365539173 0.5727953486747346 0.3124614656029777 0.5764445095690192 0.32677059245047857 0.5735644810746823
5 0.3644629279097803 0.5718154461212174 0.37448459993133787 0.5699507180391332 0.38687798217279384 0.5617277188795271 0.3901736010851694 0.5570683425806633 0.3921291613517646 0.5470458922198123 0.38900921254212056 0.5402302097084606 0.38397247996868156 0.5362945951304421 0.37724642685949955 0.5334999469136623 0.37086859648253023 0.5324242968722592 0.36511173687988563 0.5326253308394395 0.36111967250308474 0.5338467107875504 0.35603661595783537 0.5368373474028327 0.34769567784526073 0.5455680164880635 0.3447860190101482 0.5530270471333885 0.3450501804255002 0.5605916403309811 0.34757180086784956 0.5667790325364 0.35372971548577714 0.5698099153841146 0.3644629279097803 0.5718154461212174
5 0.40331653443888066 0.6115736598357626 0.40796730693505656 0.6127096200673199 0.4154285820114644 0.6117998822073347 0.419125255939123 0.6103724227233659 0.4258523482060551 0.6049440323415431 0.42832972299209426 0.601611598543058 0.42879219691720794 0.598349526633086 0.42753619958828837 0.5871408575488826 0.4174562261301505 0.5708304585600262 0.4139492780854933 0.5694381603008158 0.40389741618789554 0.5704383634460323 0.3963833088284173 0.5698351826664989 0.39381536441425746 0.5705740416543807 0.38677778676016294 0.5753640900319118 0.38344443050273713 0.5789428101596908 0.38364821216600864 0.584778353483548 0.38928223394899214 0.5975652969661018 0.40007478696732557 0.6095229161755424 0.40331653443888066 0.6115736598357626
5 0.41419183625156525 0.5681313211971554 0.41828201772549684 0.5697196472938645 0.42049315278068394 0.5752686974949917 0.4281269804865729 0.5875530166205983 0.42868653235106713 0.595323689354049 0.4315800570904096 0.5956554348388926 0.43396582309057796 0.5979524648284067 0.4368744427679405 0.5987164727816843 0.44611560800821204 0.5992593433710637 0.44922150103758607 0.597419724815379 0.4499793654118419 0.5943637324412648 0.449064043346125 0.584657930298221 0.4516707642630853 0.5767766888828213 0.45227767925714 0.5693980718243684 0.4468700815444581 0.5630950653683228 0.44431827122606854 0.5560431482260362 0.43396451056806845 0.5483981020025752 0.4283973768484254 0.5457793782265763 0.4226027799007305 0.544899756022672 0.4188834635660418 0.54567882180399 0.4046950962227018 0.5520169500457979 0.4022479113127028 0.5562139087811507 0.40134560586950585 0.5633864463037457 0.4021024310860117 0.5685534925282341 0.40329154035159076 0.5695939419058826 0.4067532035821877 0.5696894527597912 0.41419183625156525 0.5681313211971554
5 0.4000097038547259 0.5251312178473485 0.4077135370972054 0.5229146408837028 0.4126305493242336 0.5151691171156478 0.41407835085165495 0.5071119512594673 0.412405164411682 0.5004621414905375 0.40758080012827475 0.49435516287199055 0.4040889470216378 0.493395127081214 0.38568209123119523 0.494470698244625 0.3799931588496412 0.4966169133197577 0.3747354713594104 0.5028595701466531 0.37292435216175635 0.5087654753590233 0.372507163050703 0.513324334674297 0.3749834986789922 0.5182149394744143 0.3794671876991969 0.5228190511518016 0.3838527596222708 0.5246134567843688 0.4000097038547259 0.5251312178473485