5 0.5936059907834101 0.2634083044982699 0.5953341013824885 0.2651384083044983 0.5970622119815668 0.2651384083044983 0.6028225806451613 0.2679498269896194 0.6057027649769585 0.2757352941176471 0.6105990783410139 0.27941176470588236 0.6126152073732719 0.28352076124567477 0.6160714285714286 0.2846020761245675 0.6209677419354839 0.2846020761245675 0.6264400921658987 0.28287197231833916 0.6301843317972351 0.27941176470588236 0.6301843317972351 0.27227508650519033 0.619815668202765 0.26124567474048443 0.6105990783410139 0.2573529411764706 0.6059907834101382 0.25367647058823534 0.6022465437788018 0.25281141868512114 0.5973502304147466 0.25367647058823534 0.5933179723502304 0.2569204152249135 0.5921658986175116 0.25908304498269896 0.5936059907834101 0.2634083044982699
5 0.5737327188940092 0.32266435986159175 0.582373271889401 0.32547577854671284 0.5866935483870968 0.32504325259515576 0.589573732718894 0.32179930795847755 0.5950460829493088 0.3105536332179931 0.5944700460829493 0.30990484429065746 0.5858294930875576 0.30449826989619383 0.581221198156682 0.3040657439446367 0.5751728110599078 0.30579584775086505 0.5711405529953917 0.3112024221453288 0.5711405529953917 0.3174740484429066 0.5737327188940092 0.32266435986159175
5 0.5725806451612903 0.2789792387543253 0.5743087557603687 0.28092560553633217 0.5769009216589862 0.2783304498269896 0.5846774193548387 0.2744377162629758 0.5855414746543779 0.2720588235294118 0.5846774193548387 0.2694636678200692 0.5815092165898618 0.2660034602076125 0.5780529953917051 0.2642733564013841 0.574020737327189 0.2649221453287197 0.5711405529953917 0.2675173010380623 0.5705645161290323 0.27184256055363326 0.5725806451612903 0.2789792387543253
5 0.11319124423963134 0.5599048442906576 0.12240783410138249 0.5646626297577855 0.13220046082949308 0.5646626297577855 0.1370967741935484 0.5627162629757786 0.14026497695852536 0.5575259515570934 0.1483294930875576 0.5484429065743945 0.15034562211981567 0.5434688581314879 0.14919354838709678 0.5374134948096886 0.14660138248847926 0.5346020761245676 0.14026497695852536 0.5311418685121108 0.12672811059907835 0.5315743944636678 0.12269585253456221 0.5328719723183392 0.11866359447004608 0.5358996539792388 0.11290322580645162 0.5434688581314879 0.11175115207373272 0.5467128027681661 0.11175115207373272 0.5564446366782008 0.11319124423963134 0.5599048442906576
5 0.17597926267281108 0.5860726643598617 0.18548387096774194 0.5908304498269896 0.19210829493087558 0.5884515570934257 0.19815668202764977 0.5886678200692043 0.20305299539170507 0.5869377162629759 0.2056451612903226 0.5795847750865052 0.20535714285714288 0.5717993079584776 0.20305299539170507 0.5661764705882353 0.19182027649769587 0.5631487889273357 0.1875 0.5646626297577855 0.17972350230414746 0.5709342560553634 0.17453917050691245 0.5847750865051904 0.17597926267281108 0.5860726643598617
5 0.15380184331797236 0.5676903114186851 0.15725806451612906 0.5705017301038062 0.15754608294930877 0.5743944636678201 0.16129032258064518 0.583044982698962 0.1679147465437788 0.5858564013840831 0.17223502304147467 0.5860726643598617 0.17597926267281108 0.5849913494809689 0.1742511520737327 0.5785034602076126 0.17972350230414746 0.5696366782006921 0.18692396313364057 0.5640138408304499 0.18836405529953917 0.5605536332179931 0.18605990783410137 0.5568771626297578 0.18173963133640553 0.5542820069204153 0.1716589861751152 0.552984429065744 0.1653225806451613 0.5547145328719724 0.16330645161290322 0.5562283737024222 0.1592741935483871 0.5625000000000001 0.15380184331797236 0.5676903114186851
5 0.12701612903225806 0.6208910034602076 0.13018433179723504 0.6245674740484429 0.13680875576036866 0.6278114186851211 0.14775345622119815 0.6286764705882353 0.15120967741935484 0.6280276816608997 0.15552995391705068 0.6250000000000001 0.15725806451612906 0.6206747404844292 0.15725806451612906 0.6150519031141869 0.15639400921658986 0.61310553633218 0.15207373271889402 0.6109429065743945 0.1419930875576037 0.6094290657439447 0.133352534562212 0.6096453287197232 0.13018433179723504 0.610726643598616 0.12759216589861752 0.61310553633218 0.12586405529953917 0.6161332179930796 0.12701612903225806 0.6208910034602076
5 0.12240783410138249 0.6022923875432526 0.12586405529953917 0.6059688581314879 0.13018433179723504 0.6085640138408305 0.141705069124424 0.6096453287197232 0.15841013824884792 0.6135380622837371 0.1653225806451613 0.6109429065743945 0.16993087557603687 0.6022923875432526 0.16964285714285715 0.598832179930796 0.16589861751152074 0.5951557093425606 0.1543778801843318 0.5882352941176471 0.12816820276497695 0.5899653979238755 0.12183179723502305 0.5916955017301039 0.12096774193548387 0.5929930795847751 0.12067972350230416 0.5986159169550174 0.12240783410138249 0.6022923875432526
5 0.6880760368663594 0.42171280276816614 0.6929723502304148 0.4243079584775087 0.6987327188940092 0.4251730103806229 0.7082373271889402 0.41933391003460213 0.7099654377880185 0.4152249134948097 0.7070852534562213 0.40938581314878897 0.7036290322580645 0.4072231833910035 0.6995967741935484 0.4061418685121107 0.6961405529953917 0.4063581314878893 0.6921082949308757 0.4078719723183391 0.6889400921658987 0.41003460207612463 0.6869239631336406 0.4137110726643599 0.6866359447004609 0.4186851211072665 0.6880760368663594 0.42171280276816614
5 0.7266705069124424 0.46128892733564014 0.7307027649769585 0.4632352941176471 0.7379032258064516 0.46150519031141873 0.743663594470046 0.4567474048442907 0.7462557603686636 0.4530709342560554 0.7453917050691244 0.4483131487889274 0.7422235023041475 0.4444204152249135 0.7376152073732719 0.44204152249134954 0.7272465437788018 0.4459342560553633 0.7211981566820277 0.4498269896193772 0.7203341013824885 0.45177335640138416 0.7203341013824885 0.45371972318339104 0.7266705069124424 0.46128892733564014
5 0.8076036866359446 0.5592560553633218 0.8142281105990783 0.5618512110726643 0.8214285714285715 0.5612024221453288 0.8245967741935484 0.5588235294117647 0.8280529953917052 0.5473615916955017 0.8243087557603687 0.5387110726643599 0.8176843317972351 0.5350346020761246 0.8139400921658986 0.5350346020761246 0.8024193548387097 0.5400086505190311 0.8004032258064516 0.5428200692041523 0.8001152073732719 0.5471453287197232 0.8076036866359446 0.5592560553633218
5 0.2764976958525346 0.9379325259515572 0.2785138248847926 0.9392301038062284 0.2828341013824885 0.9400951557093427 0.28744239631336405 0.939446366782007 0.29925115207373276 0.9353373702422146 0.3084677419354839 0.9310121107266436 0.31048387096774194 0.9312283737024222 0.3122119815668203 0.927984429065744 0.31134792626728114 0.9238754325259515 0.3084677419354839 0.9195501730103807 0.30443548387096775 0.9163062283737025 0.29925115207373276 0.9143598615916956 0.2932027649769585 0.9156574394463668 0.28513824884792627 0.9201989619377164 0.27505760368663595 0.9294982698961938 0.27505760368663595 0.9353373702422146 0.2764976958525346 0.9379325259515572
5 0.3352534562211982 0.9411764705882353 0.3378456221198157 0.9418252595155711 0.345910138248848 0.9381487889273357 0.3557027649769585 0.9379325259515572 0.3626152073732719 0.9359861591695502 0.37010368663594473 0.9245242214532873 0.3709677419354839 0.9182525951557095 0.3692396313364056 0.9169550173010382 0.3660714285714286 0.916522491349481 0.36146313364055305 0.9115484429065746 0.35627880184331795 0.9083044982698963 0.3525345622119816 0.9083044982698963 0.3464861751152074 0.9143598615916956 0.3424539170506912 0.916522491349481 0.3355414746543779 0.9310121107266436 0.33410138248847926 0.939446366782007 0.3352534562211982 0.9411764705882353
5 0.36059907834101385 0.9876730103806229 0.3726958525345622 0.9919982698961938 0.37644009216589863 0.9915657439446367 0.38508064516129037 0.9842128027681663 0.3888248847926267 0.9777249134948098 0.3896889400921659 0.9695069204152249 0.3882488479262673 0.9656141868512111 0.383352534562212 0.9636678200692043 0.38018433179723504 0.9638840830449829 0.37413594470046085 0.9669117647058825 0.3726958525345622 0.9692906574394465 0.3695276497695853 0.9708044982698963 0.3597350230414747 0.9807525951557095 0.3585829493087558 0.9844290657439447 0.36059907834101385 0.9876730103806229
5 0.3035714285714286 0.973832179930796 0.307315668202765 0.97469723183391 0.3159562211981567 0.9701557093425606 0.32258064516129037 0.9634515570934257 0.32430875576036866 0.9599913494809689 0.32056451612903225 0.9550173010380624 0.3199884792626728 0.9491782006920417 0.31739631336405527 0.9455017301038063 0.31394009216589863 0.9448529411764707 0.31077188940092165 0.9457179930795849 0.3067396313364056 0.9487456747404845 0.3004032258064516 0.9563148788927336 0.2986751152073733 0.9612889273356402 0.29925115207373276 0.9703719723183392 0.3035714285714286 0.973832179930796
5 0.32747695852534564 0.9878892733564015 0.3323732718894009 0.9885380622837371 0.342741935483871 0.9876730103806229 0.34360599078341014 0.9839965397923877 0.3461981566820277 0.9803200692041523 0.35426267281105994 0.9749134948096886 0.3597350230414747 0.9673442906574395 0.36146313364055305 0.9638840830449829 0.36146313364055305 0.9606401384083046 0.3591589861751152 0.9550173010380624 0.3528225806451613 0.9526384083044983 0.3415898617511521 0.950475778546713 0.3303571428571429 0.9593425605536334 0.32690092165898615 0.9634515570934257 0.3245967741935484 0.9699394463667821 0.32430875576036866 0.9811851211072666 0.32747695852534564 0.9878892733564015
5 0.26900921658986177 0.6630622837370244 0.2733294930875576 0.6665224913494809 0.2799539170506912 0.6667387543252595 0.2828341013824885 0.6678200692041523 0.2865783410138249 0.6658737024221454 0.2911866359447005 0.6615484429065744 0.2914746543778802 0.6578719723183392 0.2900345622119816 0.6528979238754327 0.28629032258064513 0.6496539792387543 0.27592165898617516 0.6472750865051904 0.26900921658986177 0.6485726643598617 0.2646889400921659 0.6509515570934257 0.26900921658986177 0.6630622837370244
4 0.11607142857142858 0.6719290657439447 0.12557603686635946 0.6695501730103807 0.12960829493087558 0.6676038062283738 0.13018433179723504 0.6645761245674742 0.12701612903225806 0.6580882352941176 0.12701612903225806 0.6544117647058825 0.13076036866359447 0.6474913494809689 0.12644009216589863 0.6446799307958477 0.12269585253456221 0.6464100346020761 0.12096774193548387 0.654628027681661 0.11491935483870967 0.6645761245674742 0.11347926267281105 0.6684688581314879 0.11607142857142858 0.6719290657439447
4 0.741647465437788 0.5503892733564014 0.7471198156682027 0.5544982698961938 0.751152073732719 0.5560121107266436 0.7586405529953917 0.5573096885813149 0.7635368663594471 0.5568771626297578 0.7661290322580645 0.5544982698961938 0.7672811059907835 0.5490916955017301 0.7675691244239632 0.5432525951557093 0.7658410138248848 0.5382785467128028 0.7620967741935484 0.5358996539792388 0.7569124423963134 0.5352508650519032 0.7514400921658987 0.5363321799307958 0.7474078341013825 0.539143598615917 0.7413594470046083 0.5467128027681661 0.741647465437788 0.5503892733564014
4 0.7024769585253456 0.44355536332179935 0.709389400921659 0.4491782006920416 0.7134216589861752 0.45047577854671284 0.7214861751152074 0.44961072664359863 0.7309907834101382 0.44355536332179935 0.7347350230414746 0.43879757785467133 0.7347350230414746 0.43187716262975784 0.7309907834101382 0.4236591695501731 0.7278225806451613 0.41933391003460213 0.7232142857142858 0.4171712802768166 0.7142857142857143 0.41673875432525953 0.7099654377880185 0.41760380622837373 0.7013248847926268 0.4240916955017301 0.6995967741935484 0.43057958477508657 0.6993087557603687 0.4359861591695502 0.7024769585253456 0.44355536332179935
3 0.1483294930875576 0.5363321799307958 0.14948156682027652 0.5436851211072665 0.1480414746543779 0.5473615916955017 0.138536866359447 0.5607698961937717 0.13911290322580644 0.5640138408304499 0.14602534562211983 0.5657439446366783 0.15581797235023043 0.5650951557093425 0.15869815668202764 0.5637975778546713 0.1655146889400922 0.5560841262975779 0.173963133640553 0.5510380622837371 0.17684331797235026 0.5449826989619377 0.17828341013824883 0.5363321799307958 0.1762672811059908 0.5326557093425606 0.16820276497695855 0.5281141868512111 0.14717741935483872 0.5272491349480969 0.141705069124424 0.5294117647058825 0.14256912442396313 0.5317906574394464 0.1483294930875576 0.5363321799307958