3 0.4357718894009217 0.7372404844290659 0.4389400921658987 0.742863321799308 0.4438364055299539 0.7478373702422145 0.445852534562212 0.7491349480968859 0.45593317972350234 0.7512975778546713 0.4634216589861751 0.7495674740484429 0.46860599078341014 0.745242214532872 0.4737903225806452 0.7337802768166091 0.47839861751152074 0.7275086505190311 0.4818548387096774 0.7138840830449827 0.47868663594470046 0.7067474048442908 0.47494239631336405 0.7030709342560554 0.4717741935483871 0.703287197231834 0.4697580645161291 0.7065311418685122 0.4697580645161291 0.7121539792387543 0.46860599078341014 0.7149653979238755 0.464573732718894 0.7186418685121108 0.45449308755760376 0.7251297577854672 0.4495967741935484 0.7268598615916956 0.44431653225806456 0.7270761245674742 0.435483870967742 0.723832179930796 0.4340437788018433 0.7262110726643599 0.4340437788018433 0.7316176470588236 0.4357718894009217 0.7372404844290659
3 0.9061059907834101 0.9997837370242216 0.967741935483871 0.9997837370242216 0.9668778801843319 0.9911332179930797 0.963421658986175 0.9887543252595157 0.9588133640552996 0.9878892733564015 0.9585253456221199 0.9844290657439447 0.9565092165898618 0.9807525951557095 0.9536290322580646 0.9788062283737025 0.9493087557603687 0.9777249134948098 0.9346198156682028 0.9770761245674742 0.9285714285714286 0.9783737024221454 0.923963133640553 0.9805363321799309 0.9193548387096774 0.9861591695501731 0.9147465437788019 0.9894031141868513 0.9061059907834101 0.9982698961937716 0.9061059907834101 0.9997837370242216
4 0.5835253456221199 0.7932525951557095 0.5918778801843319 0.798659169550173 0.5953341013824885 0.7997404844290659 0.6022465437788018 0.7993079584775087 0.6068548387096774 0.7969290657439447 0.6097350230414746 0.7930363321799309 0.6235599078341014 0.7688148788927336 0.6244239631336406 0.7644896193771628 0.6224078341013825 0.7621107266435987 0.6094470046082949 0.7532439446366783 0.6051267281105991 0.7532439446366783 0.5982142857142858 0.7538927335640139 0.5881336405529953 0.7573529411764707 0.5835253456221199 0.7612456747404844 0.5820852534562213 0.7649221453287198 0.582373271889401 0.7902249134948097 0.5835253456221199 0.7932525951557095
4 0.5446428571428572 0.8047145328719724 0.5472350230414746 0.8064446366782008 0.5538594470046083 0.8079584775086506 0.5616359447004609 0.8073096885813149 0.5662442396313364 0.8044982698961938 0.570852534562212 0.7990916955017302 0.5783410138248848 0.784385813148789 0.5783410138248848 0.7768166089965398 0.5745967741935484 0.770544982698962 0.5714285714285714 0.7688148788927336 0.5679723502304148 0.7698961937716263 0.5567396313364055 0.7696799307958477 0.5527073732718895 0.7668685121107267 0.5498271889400922 0.766219723183391 0.5452188940092166 0.7692474048442908 0.5417626728110599 0.7804930795847752 0.540610599078341 0.7865484429065744 0.5446428571428572 0.8047145328719724
4 0.5734447004608295 0.7525951557093427 0.5780529953917051 0.7530276816608997 0.5855414746543779 0.7521626297577855 0.592741935483871 0.7500000000000001 0.599078341013825 0.7417820069204153 0.6019585253456221 0.7307525951557093 0.6028225806451613 0.7231833910034602 0.6013824884792627 0.7177768166089966 0.5987903225806452 0.7134515570934257 0.5936059907834101 0.7141003460207613 0.5898617511520737 0.7190743944636678 0.5841013824884793 0.717128027681661 0.5835253456221199 0.7130190311418685 0.5797811059907835 0.7121539792387543 0.5757488479262672 0.71280276816609 0.574020737327189 0.7147491349480969 0.5714285714285714 0.721885813148789 0.5673963133640554 0.726643598615917 0.5642281105990784 0.7387543252595157 0.5642281105990784 0.7467560553633219 0.5734447004608295 0.7525951557093427
4 0.4982718894009217 0.5071366782006921 0.5135368663594471 0.5075692041522492 0.521889400921659 0.5062716262975779 0.5299539170506913 0.5025951557093425 0.5420506912442397 0.4945934256055364 0.5446428571428572 0.4861591695501731 0.5432027649769585 0.47923875432525953 0.5403225806451613 0.4759948096885814 0.527073732718894 0.47253460207612463 0.5221774193548387 0.47210207612456745 0.5155529953917051 0.4733996539792388 0.4936635944700461 0.4859429065743945 0.48963133640552997 0.4907006920415225 0.4876152073732719 0.4961072664359862 0.4879032258064516 0.5015138408304499 0.4982718894009217 0.5071366782006921
5 0.7332949308755761 0.48334775086505194 0.7407834101382489 0.49026816608996543 0.744815668202765 0.49113321799307963 0.7551843317972351 0.4889705882352942 0.7589285714285714 0.4872404844290658 0.7623847926267281 0.48399653979238755 0.7646889400921659 0.474264705882353 0.7641129032258065 0.47037197231833916 0.7554723502304148 0.4660467128027682 0.744815668202765 0.4656141868512111 0.7410714285714286 0.4677768166089966 0.7301267281105991 0.4777249134948097 0.7286866359447004 0.48075259515570934 0.7332949308755761 0.48334775086505194
5 0.5328341013824885 0.529628027681661 0.5400345622119815 0.5317906574394464 0.5504032258064516 0.5315743944636678 0.5535714285714286 0.5298442906574394 0.560483870967742 0.5233564013840831 0.5642281105990784 0.5181660899653979 0.5679723502304148 0.5086505190311419 0.5607718894009217 0.5015138408304499 0.5570276497695852 0.4993512110726644 0.5469470046082949 0.5 0.5351382488479263 0.5088667820069205 0.5319700460829493 0.5140570934256056 0.5308179723502304 0.5198961937716263 0.5305299539170507 0.5263840830449827 0.5328341013824885 0.529628027681661
5 0.3323732718894009 0.47037197231833916 0.3378456221198157 0.47404844290657444 0.3450460829493088 0.47534602076124577 0.3487903225806452 0.4751297577854672 0.3557027649769585 0.47253460207612463 0.36319124423963134 0.46366782006920415 0.369815668202765 0.44874567474048443 0.37010368663594473 0.4422577854671281 0.3663594470046083 0.4372837370242215 0.3626152073732719 0.43490484429065746 0.3585829493087558 0.4364186851211073 0.35426267281105994 0.4355536332179931 0.34418202764976963 0.4390138408304499 0.3352534562211982 0.4493944636678201 0.3332373271889401 0.4593425605536333 0.33093317972350234 0.46301903114186854 0.3306451612903226 0.4669117647058824 0.3323732718894009 0.47037197231833916
5 0.2744815668202765 0.5947231833910035 0.2860023041474654 0.598832179930796 0.2932027649769585 0.5975346020761246 0.2986751152073733 0.5934256055363323 0.30126728110599077 0.5895328719723184 0.3050115207373272 0.5748269896193772 0.3038594470046083 0.5709342560553634 0.3004032258064516 0.569204152249135 0.2888824884792627 0.5670415224913495 0.2730414746543779 0.5711505190311419 0.2727534562211982 0.5888840830449827 0.2744815668202765 0.5947231833910035
5 0.22119815668202766 0.599264705882353 0.2275345622119816 0.6074826989619377 0.23127880184331798 0.6092128027681661 0.2379032258064516 0.6094290657439447 0.24452764976958527 0.6072664359861593 0.24654377880184333 0.6057525951557093 0.24942396313364057 0.6022923875432526 0.25230414746543783 0.592560553633218 0.25 0.5819636678200693 0.24769585253456222 0.5780709342560554 0.23819124423963137 0.5733131487889274 0.23041474654377883 0.5726643598615917 0.2240783410138249 0.5772058823529412 0.21831797235023043 0.58780276816609 0.21831797235023043 0.592128027681661 0.22119815668202766 0.599264705882353
5 0.1774193548387097 0.6280276816608997 0.18173963133640553 0.6314878892733564 0.18577188940092165 0.6330017301038062 0.19239631336405533 0.6334342560553634 0.195852534562212 0.6323529411764707 0.20708525345622122 0.6228373702422145 0.21111751152073732 0.6176470588235294 0.2116935483870968 0.6150519031141869 0.2096774193548387 0.6092128027681661 0.204205069124424 0.6053200692041523 0.20276497695852536 0.6031574394463668 0.19902073732718895 0.6018598615916956 0.195852534562212 0.6022923875432526 0.19268433179723504 0.6044550173010381 0.18577188940092165 0.6055363321799309 0.18202764976958524 0.6079152249134949 0.17799539170506912 0.6115916955017301 0.1742511520737327 0.6180795847750866 0.17453917050691245 0.6232698961937717 0.1774193548387097 0.6280276816608997
5 0.19930875576036866 0.6541955017301039 0.20276497695852536 0.6561418685121108 0.20938940092165897 0.6576557093425606 0.21630184331797236 0.6565743944636678 0.22004608294930877 0.6544117647058825 0.23012672811059906 0.6438148788927336 0.2330069124423963 0.6336505190311419 0.23502304147465441 0.6301903114186851 0.23531105990783413 0.6256487889273357 0.2278225806451613 0.6182958477508651 0.2203341013824885 0.615484429065744 0.21457373271889404 0.615484429065744 0.1995967741935484 0.6295415224913495 0.19556451612903228 0.636461937716263 0.19556451612903228 0.6477076124567475 0.19930875576036866 0.6541955017301039
5 0.2402073732718894 0.6490051903114187 0.24654377880184333 0.6509515570934257 0.2508640552995392 0.6509515570934257 0.25892857142857145 0.6492214532871973 0.263536866359447 0.6464100346020761 0.26497695852534564 0.6442474048442908 0.26612903225806456 0.6297577854671281 0.2646889400921659 0.6265138408304499 0.2620967741935484 0.6243512110726643 0.25864055299539174 0.6232698961937717 0.24452764976958527 0.6243512110726643 0.23646313364055302 0.6286764705882353 0.23271889400921658 0.6373269896193772 0.2330069124423963 0.6440311418685122 0.2402073732718894 0.6490051903114187
5 0.37355990783410137 0.7279411764705883 0.3807603686635945 0.7303200692041523 0.39026497695852536 0.7272923875432526 0.40005760368663595 0.7216695501730104 0.4153225806451613 0.7106401384083045 0.41647465437788017 0.7022058823529412 0.4133064516129032 0.6959342560553634 0.4092741935483871 0.6926903114186851 0.404089861751152 0.6903114186851211 0.4006336405529954 0.6898788927335641 0.3951612903225806 0.6918252595155711 0.38018433179723504 0.703287197231834 0.37039170506912444 0.7177768166089966 0.37010368663594473 0.7246972318339101 0.37355990783410137 0.7279411764705883
5 0.43202764976958524 0.721885813148789 0.4392281105990784 0.7251297577854672 0.445852534562212 0.726643598615917 0.44930875576036866 0.7259948096885813 0.459389400921659 0.7216695501730104 0.4657258064516129 0.717128027681661 0.4680299539170507 0.7130190311418685 0.46889400921658986 0.6996107266435987 0.4599654377880184 0.6946366782006921 0.4536290322580645 0.6933391003460209 0.44268433179723504 0.6948529411764707 0.43490783410138245 0.7028546712802768 0.43001152073732724 0.7106401384083045 0.4297235023041475 0.7169117647058825 0.43202764976958524 0.721885813148789
5 0.378168202764977 0.7865484429065744 0.38047235023041476 0.7895761245674742 0.3870967741935484 0.7947664359861593 0.39112903225806456 0.7951989619377163 0.3931451612903226 0.7945501730103807 0.402073732718894 0.7893598615916956 0.40466589861751157 0.7850346020761246 0.40466589861751157 0.7794117647058825 0.402073732718894 0.7707612456747406 0.3977534562211982 0.7666522491349481 0.38508064516129037 0.767733564013841 0.38018433179723504 0.7698961937716263 0.3755760368663595 0.7746539792387545 0.3752880184331797 0.779628027681661 0.378168202764977 0.7865484429065744