5 0.2157258064516129 0.3259083044982699 0.217741935483871 0.32871972318339104 0.2240783410138249 0.33326124567474047 0.23041474654377883 0.33520761245674746 0.24107142857142855 0.33477508650519033 0.24855990783410137 0.33174740484429066 0.25201612903225806 0.3291522491349481 0.2540322580645161 0.3211505190311419 0.25201612903225806 0.31444636678200694 0.24539170506912442 0.30579584775086505 0.23473502304147464 0.29822664359861595 0.23070276497695855 0.2969290657439446 0.22379032258064516 0.2975778546712803 0.2157258064516129 0.30276816608996543 0.21284562211981567 0.30601211072664364 0.21140552995391704 0.3096885813148789 0.2116935483870968 0.3157439446366782 0.2157258064516129 0.3259083044982699
5 0.3557027649769585 0.42041522491349487 0.36578341013824883 0.4238754325259516 0.38421658986175117 0.42322664359861595 0.3894009216589862 0.41976643598615915 0.39631336405529954 0.4078719723183391 0.3980414746543779 0.3938148788927336 0.39602534562211983 0.38862456747404844 0.38652073732718895 0.3812716262975779 0.37644009216589863 0.3808391003460208 0.3715437788018433 0.3823529411764706 0.3577188940092166 0.39619377162629765 0.35195852534562216 0.40830449826989623 0.35195852534562216 0.4145761245674741 0.3557027649769585 0.42041522491349487
5 0.37644009216589863 0.4413927335640139 0.378168202764977 0.44247404844290666 0.38623271889400923 0.446583044982699 0.3925691244239632 0.4485294117647059 0.402073732718894 0.4472318339100346 0.407258064516129 0.4446366782006921 0.41215437788018433 0.44096020761245674 0.41676267281105994 0.4357698961937716 0.41906682027649766 0.4288494809688582 0.42425115207373276 0.42214532871972327 0.4233870967741936 0.4041955017301039 0.4199308755760369 0.3933823529411765 0.41445852534562216 0.3916522491349481 0.4038018433179723 0.393166089965398 0.3994815668202765 0.3948961937716263 0.3983294930875576 0.39619377162629765 0.39746543778801846 0.4037629757785467 0.391705069124424 0.4154411764705882 0.39026497695852536 0.42236159169550175 0.3879608294930876 0.4262543252595156 0.38623271889400923 0.4271193771626298 0.3790322580645161 0.4249567474048443 0.37298387096774194 0.4253892733564014 0.37211981566820274 0.43230968858131497 0.37644009216589863 0.4413927335640139
5 0.315668202764977 0.4493944636678201 0.3283410138248848 0.46193771626297575 0.3355414746543779 0.4641003460207613 0.3415898617511521 0.46388408304498274 0.3485023041474654 0.46258650519031147 0.3525345622119816 0.4608564013840831 0.3577188940092166 0.4567474048442907 0.36175115207373276 0.448961937716263 0.36175115207373276 0.4390138408304499 0.35743087557603687 0.4344723183391004 0.3424539170506912 0.4264705882352941 0.33870967741935487 0.4249567474048443 0.33150921658986177 0.4249567474048443 0.32430875576036866 0.4264705882352941 0.31682027649769584 0.43101211072664364 0.3133640552995392 0.4364186851211073 0.3130760368663595 0.4439878892733565 0.315668202764977 0.4493944636678201
5 0.2534562211981567 0.435121107266436 0.25806451612903225 0.4392301038062284 0.2678571428571429 0.4452854671280277 0.2730414746543779 0.45004325259515576 0.29809907834101385 0.4530709342560554 0.3035714285714286 0.45263840830449825 0.30789170506912444 0.45112456747404844 0.31163594470046085 0.4476643598615917 0.3127880184331797 0.4429065743944637 0.3127880184331797 0.435121107266436 0.31163594470046085 0.4329584775086506 0.2929147465437788 0.4227941176470589 0.28629032258064513 0.42084775086505194 0.28225806451612906 0.42084775086505194 0.27246543778801846 0.4240916955017301 0.25547235023041476 0.4266868512110727 0.25259216589861755 0.427984429065744 0.25172811059907835 0.43057958477508657 0.2534562211981567 0.435121107266436
5 0.34389400921658986 0.4913494809688582 0.3487903225806452 0.4984861591695502 0.3522465437788019 0.5012975778546713 0.35944700460829493 0.5028114186851211 0.37010368663594473 0.5004325259515572 0.37327188940092165 0.5021626297577855 0.37759216589861755 0.5028114186851211 0.38018433179723504 0.5023788927335641 0.38392857142857145 0.4991349480968858 0.3859447004608295 0.49243079584775085 0.3856566820276498 0.48464532871972327 0.3819124423963134 0.47556228373702425 0.37672811059907835 0.47188581314878897 0.3695276497695853 0.47058823529411764 0.3554147465437788 0.47145328719723184 0.3467741935483871 0.4762110726643599 0.3433179723502304 0.4811851211072665 0.342741935483871 0.48486159169550175 0.34389400921658986 0.4913494809688582
4 0.3931451612903226 0.3853806228373703 0.39746543778801846 0.39035467128027684 0.4009216589861751 0.3923010380622838 0.42223502304147464 0.3920847750865052 0.42857142857142855 0.39121972318339104 0.4334677419354839 0.38754325259515576 0.4334677419354839 0.37802768166089973 0.43058755760368667 0.3734861591695502 0.43029953917050695 0.3704584775086505 0.43202764976958524 0.36483564013840836 0.4337557603686636 0.3628892733564014 0.43260368663594473 0.3594290657439447 0.42857142857142855 0.35553633217993086 0.4251152073732719 0.354022491349481 0.4147465437788019 0.35358996539792387 0.4049539170506913 0.3548875432525952 0.4009216589861751 0.35705017301038067 0.38508064516129037 0.37586505190311426 0.38479262672811065 0.3799740484429066 0.3931451612903226 0.3853806228373703
4 0.530241935483871 0.3717560553633218 0.5368663594470047 0.37932525951557095 0.5429147465437788 0.3812716262975779 0.5538594470046083 0.38256920415224915 0.5682603686635945 0.3804065743944637 0.579205069124424 0.37089100346020765 0.5826612903225807 0.3624567474048443 0.5797811059907835 0.35618512110726647 0.574020737327189 0.35056228373702425 0.5685483870967742 0.34818339100346024 0.5639400921658987 0.34818339100346024 0.5607718894009217 0.3486159169550173 0.5423387096774194 0.35575259515570934 0.5357142857142858 0.3605103806228374 0.530241935483871 0.36613321799307963 0.5293778801843319 0.36916089965397925 0.530241935483871 0.3717560553633218
4 0.584389400921659 0.3899221453287197 0.5898617511520737 0.3946799307958478 0.5987903225806452 0.39792387543252594 0.6134792626728112 0.3985726643598616 0.6203917050691244 0.39835640138408307 0.6273041474654378 0.3948961937716263 0.6345046082949308 0.3845155709342561 0.6359447004608295 0.37781141868512114 0.6336405529953917 0.35986159169550175 0.6273041474654378 0.3501297577854672 0.6238479262672811 0.34688581314878897 0.618663594470046 0.34493944636678203 0.611463133640553 0.3447231833910035 0.5987903225806452 0.3479671280276817 0.5938940092165899 0.35532006920415227 0.5866935483870968 0.36224048442906576 0.5820852534562213 0.3698096885813149 0.5826612903225807 0.386461937716263 0.584389400921659 0.3899221453287197
4 0.5092165898617511 0.4599913494809689 0.5126728110599078 0.46518166089965407 0.5152649769585254 0.4662629757785467 0.536578341013825 0.4669117647058824 0.5440668202764977 0.4649653979238755 0.5478110599078342 0.46193771626297575 0.5504032258064516 0.4569636678200692 0.548963133640553 0.45155709342560557 0.5414746543778801 0.4429065743944637 0.5305299539170507 0.43403979238754326 0.5190092165898618 0.42993079584775085 0.5152649769585254 0.42949826989619383 0.5112327188940092 0.4312283737024222 0.5066244239631337 0.4390138408304499 0.5060483870967742 0.4463667820069205 0.5092165898617511 0.4599913494809689
3 0.5002880184331797 0.5015138408304499 0.5046082949308757 0.5086505190311419 0.5109447004608295 0.5160034602076126 0.5213133640552996 0.5198961937716263 0.5322580645161291 0.5175173010380624 0.5472350230414746 0.5164359861591696 0.5576036866359447 0.5123269896193772 0.5650921658986175 0.5060553633217993 0.5711405529953917 0.49221453287197237 0.5691244239631337 0.4844290657439447 0.5627880184331797 0.4772923875432526 0.557315668202765 0.47448096885813157 0.5512672811059909 0.46907439446366783 0.5469470046082949 0.4673442906574395 0.540610599078341 0.4666955017301039 0.5259216589861752 0.4658304498269897 0.5152649769585254 0.4673442906574395 0.5072004608294931 0.4733996539792388 0.5008640552995391 0.4796712802768167 0.497983870967742 0.4861591695501731 0.497983870967742 0.49416089965397925 0.5002880184331797 0.5015138408304499
3 0.5567396313364055 0.46993944636678203 0.5705645161290323 0.4788062283737025 0.5849654377880185 0.48421280276816614 0.6016705069124424 0.4878892733564014 0.6108870967741936 0.4852941176470589 0.6232718894009217 0.48572664359861595 0.6296082949308757 0.48378027681660907 0.6359447004608295 0.4775086505190312 0.6370967741935484 0.4697231833910035 0.6336405529953917 0.46280276816608995 0.6247119815668203 0.45263840830449825 0.6212557603686636 0.4470155709342561 0.6091589861751152 0.4381487889273357 0.5993663594470047 0.4368512110726644 0.5829493087557605 0.4312283737024222 0.5789170506912442 0.4312283737024222 0.5596198156682027 0.44269031141868515 0.556163594470046 0.4459342560553633 0.5524193548387097 0.45177335640138416 0.5524193548387097 0.46020761245674746 0.5567396313364055 0.46993944636678203
2 0.45247695852534564 0.4035467128027682 0.45910138248847926 0.40830449826989623 0.46687788018433185 0.4124134948096886 0.47033410138248855 0.4132785467128028 0.476094470046083 0.41003460207612463 0.48905529953917054 0.4087370242214533 0.49740783410138245 0.40268166089965407 0.5086405529953917 0.39900519031141873 0.5129608294930875 0.3940311418685122 0.5129608294930875 0.39035467128027684 0.5103686635944701 0.38711072664359863 0.497983870967742 0.37867647058823534 0.48127880184331795 0.37326989619377166 0.4697580645161291 0.3713235294117647 0.4660138248847926 0.3721885813148789 0.45910138248847926 0.37651384083044986 0.45420506912442404 0.3832179930795848 0.4516129032258065 0.393166089965398 0.45103686635944706 0.40116782006920415 0.45247695852534564 0.4035467128027682