5 0.38972642114919276 0.25556378108553934 0.38518299134291645 0.2593201175656132 0.376035742780754 0.2633731099196834 0.365861148160853 0.2745817999828175 0.36598570036942357 0.28171739123285233 0.36978975868453845 0.2851117258470851 0.37529146992431217 0.2867460604697355 0.3801870375561264 0.28666060801886173 0.38362386080830085 0.2855191384523751 0.38556797089668005 0.28137558142935715 0.39039937526953367 0.27761421833452604 0.3931432457986842 0.2697796708232788 0.3988536711086721 0.26686814803569525 0.40058151850813595 0.26683798834715156 0.4022791714327948 0.26507798835556917 0.4036435580786687 0.2607282545241859 0.40245391671885333 0.2585860606044166 0.39836565814651176 0.2554129826428209 0.39345499327729516 0.25463351494217534 0.38972642114919276 0.25556378108553934
5 0.41077160350700026 0.30602597695429257 0.4022267242434469 0.31158252634400707 0.4016620980383442 0.31224126968716115 0.4073298788895453 0.3233897259765246 0.41026623919557775 0.3265829103971495 0.4145934063129385 0.3269399712515499 0.4231835772886995 0.3239781823163935 0.4256847649634802 0.31874342187446175 0.4255753099923121 0.31247275077594633 0.4214493083264642 0.30713737243555217 0.4153716479535359 0.3055130910424164 0.41077160350700026 0.30602597695429257
5 0.41441939494124885 0.2674616309903214 0.41131206365850853 0.270976604358729 0.4104934316709842 0.2735864446575589 0.41139887277357295 0.2759498952299654 0.4192421236394712 0.2797063173133559 0.4218791864508744 0.2822558382350985 0.4235730650661827 0.28027960820563613 0.4254643348236532 0.2731088306523004 0.4248128995034861 0.26879428312421816 0.42188786212550555 0.2662497888172328 0.41784489526537155 0.2656714713101952 0.41441939494124885 0.2674616309903214
5 0.8778203772375598 0.5262821004256966 0.8737660874493741 0.5250550928050194 0.8602237342015396 0.524858883622852 0.8539486826864489 0.5284291497535898 0.8514059776088112 0.5312853797788432 0.8503597600043197 0.5373599272985079 0.8524623910854249 0.5422980318664433 0.8606841999423157 0.5512389482441927 0.8639425035990808 0.5563731763909788 0.8688720400150507 0.5582337942810236 0.8786631752786788 0.5580628893792762 0.8877953266034387 0.5531449768736866 0.8891748104867153 0.5496601631938226 0.8890049665659372 0.5399298114892297 0.8877964536593688 0.5367064673800612 0.881904861500551 0.5292389483494124 0.8778203772375598 0.5262821004256966
5 0.7980567168024888 0.560983951776474 0.7958510523129866 0.5666461456794082 0.7956989528830317 0.5744354536578397 0.7984190505001487 0.5817420354129388 0.8033448126067677 0.5833864232651038 0.8093885041955404 0.583064634317321 0.8160534366296753 0.5853275525945818 0.8254735625210126 0.580404613474235 0.8268907894977954 0.5790821001731695 0.8214656915009637 0.5653338568144907 0.8135809232322087 0.5591989043144219 0.8092348845680947 0.5577606932706222 0.7980567168024888 0.560983951776474
5 0.8191592477149248 0.5487193302010437 0.8148849209284729 0.551389489876961 0.812645287654815 0.5551056134389767 0.8141455494373113 0.5585401609712678 0.82144304564486 0.5640364765872116 0.8270693090932045 0.5728064024598968 0.8254546909742595 0.5793234632848357 0.8292172318865173 0.5803392674823902 0.8335330760758264 0.5800476382231512 0.8401074250855463 0.5771210355912958 0.8437001220770262 0.5684064880842573 0.8439201590752923 0.5645093207876629 0.8473267878526618 0.5616380109181376 0.8417646876632778 0.5565439956894098 0.8376235887600277 0.5503436971974963 0.8355813466285322 0.5488652732356385 0.8292157116890264 0.5472460184572598 0.8191592477149248 0.5487193302010437
5 0.8598621867870015 0.6031643170238986 0.8498094971222503 0.6048538588055623 0.8455276217170968 0.6070915584057202 0.8446976668015207 0.6090527085909104 0.8447957988446368 0.6146746895757864 0.8465991324311132 0.6189691306448395 0.8509715912606814 0.621920951953798 0.8544386089876609 0.6225093226903502 0.8653665452801957 0.6214533911780541 0.8719333456712146 0.618094328470439 0.8750369026446043 0.6143631250641516 0.8761057661051996 0.6095859577717659 0.8743250783748273 0.6065888969299918 0.8716917898727747 0.604255606046129 0.8685051980936711 0.6032297486190601 0.8598621867870015 0.6031643170238986
5 0.8471093981078163 0.5821899177462372 0.8357111933439441 0.5893103435486835 0.8320316872373998 0.5930516001844854 0.8318041016204326 0.5965163074053201 0.8365626670596944 0.6050850830843973 0.8435193483697573 0.6075592047847808 0.8601539356629294 0.6033755204470211 0.8716540467792685 0.6020933056673308 0.8759283735657204 0.5994231459914134 0.8793199051056872 0.5956869159703686 0.8809835892461907 0.5919808456378677 0.8805974826364972 0.586363891267749 0.8797109130806614 0.5850815908847418 0.8733452781411559 0.5834623361063633 0.8471093981078163 0.5821899177462372
5 0.3022550442120376 0.40979551824773736 0.2987955751037593 0.4096396075869449 0.2947828027184302 0.41079113038294607 0.2913648510130088 0.41301375013883196 0.2885870116997027 0.4189022273091606 0.2903865709768283 0.42298043834033383 0.2999916380263461 0.42865277107609917 0.30573603212048966 0.42768731862943427 0.3105863080400963 0.42500710572400235 0.31197334054207404 0.42195475211989814 0.31159855686043236 0.41698648786341896 0.3095185716354307 0.4133457635227626 0.30631310830957414 0.41123875590629433 0.3022550442120376 0.40979551824773736
5 0.2614094676677591 0.44619730702296 0.25684339200537903 0.4486562632757548 0.25374360934133994 0.4526036967199222 0.25296272044732176 0.45737583739755044 0.2556186548054781 0.4610065085086923 0.26146118094273785 0.46566303704690315 0.26869073958197537 0.46726721198100984 0.27268841472990196 0.4652507690334892 0.2788917543673307 0.4575721321830345 0.27885778558317514 0.45562606184211607 0.27795989309928765 0.45369507134546927 0.27184448963285307 0.44990848957353496 0.2614094676677591 0.44619730702296
5 0.18297549118003728 0.5405736222138167 0.17641623940771994 0.5443651449971916 0.17282354241623993 0.5530796925042298 0.17647927561075066 0.5644795651347742 0.17968851324595775 0.5668028027891223 0.18689920033844232 0.5673258275338297 0.19347732365751275 0.5646154549398541 0.20075330106488765 0.5523758808348938 0.2003898403112979 0.5480563066920541 0.19832495232369854 0.5452805025029172 0.18671916054554227 0.5405082762219721 0.18297549118003728 0.5405736222138167
5 0.7079498496201742 0.9107932020919524 0.7028002762059382 0.9128297514985022 0.6988252469141154 0.9161435746733015 0.6960209874353548 0.9205184415784714 0.6952287756132847 0.9246418921424603 0.6970132376530078 0.927855183022114 0.6990252853096984 0.9276037666809334 0.7083159576271846 0.9317675157662972 0.7201946267345158 0.9356697952809656 0.7248135427278044 0.9362380595584888 0.7291180639890614 0.93529774018561 0.731111240098999 0.93396517365503 0.7325058212196779 0.9313452801266855 0.732403914867211 0.9255070691039297 0.7221625097349287 0.9163851089916015 0.7140199613744012 0.9119850234093285 0.7079498496201742 0.9107932020919524
5 0.6545688741415557 0.9056686847614142 0.6508252047760508 0.9057340307532588 0.6456982772179188 0.9090679603870875 0.6411774932677463 0.9141216770944404 0.6380173216540973 0.9146094299325302 0.6363121201107371 0.915936969848353 0.6372854987816372 0.9221925611025965 0.64497287590823 0.9335220611265388 0.651918234290241 0.9353474927132825 0.6617131438632197 0.9353928178494147 0.6698405949863449 0.9389279832801684 0.6724210431574886 0.9382340536337133 0.6735427469489929 0.9364841068716453 0.671955676051432 0.9280762684681179 0.664791407727085 0.9137094946843434 0.6607220207014965 0.9116175669121468 0.6545688741415557 0.9056686847614142
5 0.6339936194822771 0.9646440211336476 0.627893313253245 0.9617223595132327 0.6247218187115442 0.9615614222376829 0.6198602198638856 0.9635929450294753 0.6184882845993103 0.9675102187850989 0.619495632054366 0.9757118803802612 0.6233525307003895 0.9821334355248117 0.6321200942156298 0.9893344583700078 0.635871312199836 0.9897015724539229 0.6478907578090702 0.9851658538765202 0.6498499651348519 0.9818872170050217 0.6486339036095821 0.9782314128200934 0.6386691501158251 0.9684557359793683 0.6354750097180204 0.9669974184765394 0.6339936194822771 0.9646440211336476
5 0.6969781418129224 0.942347622174821 0.6937953243431696 0.9415379947856316 0.6903509524722937 0.9422470042763585 0.6878233446320587 0.9459681544531314 0.687349301851371 0.9518164187054017 0.6836924416009303 0.9568550555684826 0.6854806779500041 0.9602845764860166 0.6922210965711515 0.966872095520874 0.7009395940648336 0.9712621278736323 0.7046681661929359 0.9703318617302685 0.7089273957419856 0.9667967819028316 0.7093448238824139 0.9577050670823637 0.7075301673678858 0.952761935899671 0.7010626260759134 0.9453044700985368 0.6969781418129224 0.942347622174821
5 0.6662478979948647 0.9476425307872066 0.6550546329918563 0.950000869141539 0.6487607099300126 0.9524899850828774 0.6465550454405103 0.9581521789858117 0.6466116600807696 0.9613956295540091 0.6483998964298434 0.9648251504715433 0.654003514022084 0.9722976961169492 0.6621611596200141 0.9775627018507415 0.6648170939781703 0.9811933729618832 0.6657451809368629 0.9848542037615686 0.6761273625710483 0.9855381657818258 0.6810116072748105 0.9848040232173126 0.6840623239172914 0.9780455992807073 0.6835780852644817 0.9668066639257127 0.6811610594513446 0.9603599757073757 0.6776336527747551 0.9563119243647463 0.6662478979948647 0.9476425307872066
5 0.7126018957457437 0.64921023462299 0.7112488320279214 0.6542086585680128 0.7116009698534594 0.6578795425972128 0.7162840491057088 0.662123717518693 0.7200616872553693 0.6640044418677671 0.7229225613743891 0.662873025530795 0.7295422020963165 0.6625411833534977 0.733801431645366 0.659006103526061 0.7379096888203907 0.6468218221834305 0.7335485529188743 0.6445186909881115 0.7266145174649155 0.6433419495150072 0.7162889504709893 0.6459014380629476 0.7126018957457437 0.64921023462299
4 0.8760280258063275 0.6381383760014196 0.8717574733292259 0.6410247657152169 0.875621920593951 0.6478787809355272 0.8756860838529116 0.6515546915794845 0.8726315929010798 0.6580968854782099 0.8732603823651433 0.661114052779013 0.877325995081381 0.6629897505133298 0.8868706731812888 0.6652024026430177 0.8894020553308746 0.6616974825041246 0.887894244929677 0.6578304748960739 0.881673160801425 0.6479894520635041 0.8798018896466372 0.6398028703126137 0.8760280258063275 0.6381383760014196
4 0.238569679766859 0.5404684057171807 0.234867527804211 0.5429122821257035 0.23322648951981145 0.5479157326854835 0.23361637043885558 0.553748917093482 0.23486262643893047 0.5591345615814489 0.23749591494098293 0.5614678524653117 0.24239903119149836 0.5618148600901977 0.24986372406640442 0.5603867878792292 0.2538689478330324 0.5588028050074684 0.25926875272033917 0.554598928607363 0.25949256402795584 0.5509179913486484 0.2533129973025608 0.5434554989327569 0.24923228734892042 0.5407148810469209 0.2437418990371985 0.53972923653791 0.238569679766859 0.5404684057171807
4 0.2842938133664975 0.4204912367956786 0.2753741504213023 0.42107952192891396 0.2708043004495718 0.42332224814382896 0.26771206640423395 0.427702141663756 0.26411182079405277 0.4359842290950346 0.2642325986932727 0.4429035903071895 0.26805930286449137 0.44759530514870144 0.2776681442233597 0.45348386792234674 0.2857465293249266 0.45420804286066224 0.28975552740090516 0.4528402900267812 0.2965687849556442 0.4470976702877305 0.29960440436072266 0.43947432619960586 0.2992220720603798 0.4340736018673672 0.2973809953803972 0.42761686041951547 0.28862852910255954 0.42128075772583873 0.2842938133664975 0.4204912367956786
3 0.8242533335448312 0.5270008207326712 0.8223016748377507 0.5307119176799294 0.8238925200446621 0.5393359861213367 0.8268779463722528 0.5453401610343995 0.8354131702937428 0.5502380108175745 0.8423632826525365 0.5578313226871743 0.8452656741744132 0.5590784367668805 0.8550681323660934 0.5595562219787724 0.8619493274891437 0.557705742921559 0.862468661982039 0.5544522391238467 0.852731494105249 0.5412118550622868 0.851227458013402 0.5375610774921159 0.8522510297617899 0.5301891497451721 0.8579312605969729 0.5255477866545497 0.858753666893848 0.5231541763935996 0.853244407035373 0.5210873816951895 0.8322373609126326 0.5223192447239905 0.8242533335448312 0.5270008207326712