2 0.6636190129790264 0.5494876318290575 0.6601368980146444 0.5480343409409858 0.6339361138213904 0.5322694834281532 0.6272825043153075 0.5306552552645318 0.6134484021915452 0.5302478426592419 0.6071733506764545 0.5338181087899796 0.6032662589529427 0.5410240726466163 0.6008065886810189 0.5486373635052264 0.5984752449270163 0.563602475651751 0.5990964857723784 0.5661871828767946 0.6020441690064626 0.5700290574110589 0.6108306040684559 0.5783112304456544 0.6285593479317482 0.5873024985742934 0.6331820382343876 0.5880869928896961 0.6392747958447182 0.5905761944343514 0.6563143612943373 0.5930906146561096 0.6640859002825737 0.5927386660197832 0.6738317438339945 0.5899730006634776 0.6792428716493533 0.5864178143770117 0.6817591565615366 0.5820479740865994 0.6825589170023079 0.5783569835983701 0.6813277582396355 0.5738362592619224 0.6742276531742492 0.5631453961221051 0.6749330558812549 0.55404865468688 0.6728606192749543 0.5508403904219834 0.665919035202294 0.5492311888731193 0.6636190129790264 0.5494876318290575
3 0.4919133323653628 0.5648136329983059 0.4784313680671383 0.5680771044222159 0.4724480654279756 0.5718585739760762 0.4659869456987745 0.5812720777443269 0.4580595329712325 0.5891971043212051 0.45386069237179283 0.5961918647547193 0.4513470547130304 0.6172164445766369 0.4552115019777553 0.6240704597969471 0.4659458214374784 0.6284253058464044 0.47084516337864324 0.6285560834334104 0.4777339071203947 0.6271380644519566 0.49822274580617 0.6127211957272425 0.5078515857677214 0.6032523991966616 0.51441838615874 0.5998933364890466 0.5180827950278818 0.5952871597017252 0.5219823381326922 0.5876487357693287 0.5225054469349381 0.5846114620094964 0.521312031265772 0.5822530380518474 0.5123017848961618 0.5776518022759665 0.5075658653130039 0.5703804068241684 0.5020113137423216 0.5657188516712002 0.49998039453887777 0.5648891178229818 0.4919133323653628 0.5648136329983059
3 0.48095970982174246 0.49838568623306195 0.4775342094976199 0.5001758459131882 0.46051616284817476 0.5153973154123342 0.4554647214770551 0.5230558458037597 0.45386897490486316 0.5306540568180979 0.45842637489261195 0.5442011499831688 0.4607792374467885 0.5469719275575484 0.47501076910829615 0.5536449846465966 0.47875443847380117 0.5535796386547519 0.49191823373064336 0.5485913535425604 0.49731803861795026 0.5443874771424551 0.5047814078661459 0.534632035165734 0.510024015387437 0.529673866940428 0.516405874620275 0.5157195323767005 0.516034865247984 0.5109674981581012 0.5136895513125087 0.5086291806594813 0.5055545515706825 0.5046615551529682 0.49860919318867153 0.5028361235662243 0.49279308721686615 0.4996932052931723 0.4878710994195977 0.49826504747888717 0.48095970982174246 0.49838568623306195
4 0.5698151836033993 0.604982667516284 0.5608804234208018 0.604706032498 0.5487288769842957 0.6016736997496083 0.5456026741548022 0.6041075229286166 0.5459623605990414 0.6082108670335764 0.5496067708655002 0.6189620495504812 0.5594269735480035 0.6369594944453976 0.5623595595446853 0.6399364488281425 0.573972899941543 0.6451411351848473 0.5777278922350998 0.6457244793066421 0.584328661410274 0.6443114869399456 0.5919831968086411 0.6372564071293441 0.5961669401706782 0.6293967265443104 0.5977022977932602 0.6183388349238947 0.5977977825829558 0.6073060763772655 0.5939144637714777 0.599370910967556 0.5904172515696933 0.5970526999279653 0.5869653310801162 0.5973292493429325 0.5818459521406855 0.6010956390525208 0.5764159527785735 0.6035696751495875 0.5698151836033993 0.604982667516284
4 0.5585347163437655 0.5528359564806243 0.5441586338710043 0.5543846674457674 0.5424496580182935 0.5554959773237104 0.5365456158754939 0.5638182776730473 0.532179578608697 0.5777374259334737 0.5413747661364876 0.5929339335654669 0.5487062311281921 0.6003763195223293 0.5510402221356154 0.6020659469073097 0.5614714697913589 0.605560899420005 0.5767190245825533 0.6044295686863494 0.5835775738494998 0.601281709401857 0.5875073114291152 0.5953731257724992 0.5888528265282362 0.5899422417517168 0.5904146043162725 0.5803979603964601 0.5902560833235463 0.5713162988055067 0.5881459036237398 0.5659457341618117 0.584338070999274 0.562335169509699 0.5802535867362831 0.5593783215859831 0.5721336842318594 0.5562756162309893 0.5585347163437655 0.5528359564806243
5 0.5231576161694742 0.5229557415251976 0.5118537691393676 0.53548191827464 0.5082459749104851 0.543331545630159 0.5084497876154188 0.5550079676756704 0.5129279271068046 0.5640142300452646 0.5167093395658158 0.5661111844322184 0.5210327323738259 0.5662520152487389 0.5273606242198252 0.5657089696483191 0.5330936953859169 0.5640948270880145 0.5424421093995923 0.5550635172479508 0.5463718469792076 0.549154933618593 0.5488541631072353 0.542839022987262 0.5484340877133862 0.5352759982762249 0.5465967853427544 0.5290354868662531 0.5396099095578866 0.524831524862831 0.5323614793718959 0.5221461997393251 0.526590665112298 0.5215980419208313 0.5231576161694742 0.5229557415251976
5 0.6054722118465004 0.25482606716265266 0.586059785240022 0.2648982286707408 0.5846463325725898 0.2664369720096861 0.5844413928117261 0.27119905945779993 0.5876430818282321 0.27308983703638845 0.5945533443701574 0.28940770777583896 0.5975085762229428 0.293682042385863 0.6042338976066877 0.2994046412692013 0.6091596597133069 0.3010490291213662 0.6163703468057913 0.30157205386607366 0.6220958693531816 0.2995254512300094 0.6246046056466638 0.2947231508638374 0.6247529307672679 0.28671761284752595 0.6225974593552536 0.2787522877492728 0.6226212322672874 0.2636111584829265 0.6214089450513682 0.2601715843358781 0.6167258657991188 0.25592740941439784 0.6123647298976025 0.2536242782190788 0.6054722118465004 0.25482606716265266
5 0.6534794094617051 0.21613631263969965 0.6434644628904603 0.21998815480016187 0.6375264519635051 0.22636438480858018 0.6356012134218788 0.23158909202099737 0.6359646741754686 0.2359086661638369 0.642473732870298 0.2457446623816495 0.6497901006245999 0.2523221281869925 0.6579288746757768 0.2565059837313855 0.6637072375540759 0.2574866016256391 0.6677313328674569 0.25698376894327757 0.674574784897001 0.2529709895072655 0.6773375269729045 0.24621759218541758 0.6775311438057162 0.24080681462366416 0.6762962107336934 0.23606986024933688 0.6720494311686255 0.22381512069678783 0.6693859481917681 0.21975198950988634 0.6661804848659114 0.21764498189341794 0.6600952758742819 0.21558824042452246 0.6534794094617051 0.21613631263969965
5 0.673379849030344 0.21751931652448592 0.6744324881976071 0.22831573857420615 0.6772016518362821 0.2384333108217432 0.679550740081108 0.24098785835824305 0.6856321747633869 0.24282836978925876 0.6957414790683976 0.24438227857579262 0.7037594752203543 0.24164677290803063 0.7082915820985789 0.23724174631431727 0.7086901386922542 0.22706888130445005 0.7063221789006751 0.22343318357855096 0.7016617455045295 0.2204863888843497 0.6880401317603321 0.21574934890670558 0.6819775686248063 0.21498998766508923 0.6808067988117439 0.2139289439347191 0.673379849030344 0.21751931652448592
5 0.5795039146354943 0.21937422297323975 0.5752975254173535 0.2259365233309943 0.5751944920089567 0.2365368218018638 0.5793544624589602 0.24381827048317647 0.5878566972637268 0.252321700170409 0.5951051274497176 0.25500702529391484 0.598280396300769 0.2553841926073445 0.6086135119133963 0.25325716413516375 0.6120125920720646 0.24995339418987875 0.6119118127755276 0.2276766736734976 0.6100896076422982 0.22230108241504537 0.6019244134256669 0.2166036166054935 0.5978663493281303 0.21516037894693646 0.5918037861926045 0.21440101770532002 0.5872075160554195 0.2151301336550761 0.5795039146354943 0.21937422297323975
5 0.6763860078749865 0.1421958641209416 0.6692734528256183 0.14729482036111005 0.6682196866024254 0.15293690780501495 0.6691817423452735 0.15854380894561904 0.6747174223692028 0.16212421390918802 0.6796280872384194 0.16290368160983348 0.6845613979637397 0.16498052953775827 0.690479410288012 0.173961658833566 0.6980724296808393 0.1798854079105122 0.702119170850324 0.1806799554554297 0.7084281911495702 0.17905575966561044 0.7127025179360225 0.1763855999896932 0.7138242217275266 0.17463565322762528 0.7145862390747916 0.16878236236059765 0.7118548185296228 0.1608270904918591 0.7068422473079394 0.15420941176845776 0.6969227855263899 0.14702849538229076 0.6905420533494818 0.1445443204523928 0.6832596543793354 0.13991292498796834 0.6763860078749865 0.1421958641209416
5 0.5508906128528228 0.13140863926756863 0.542599739371691 0.13501409170160733 0.5372112574124361 0.13986665821535219 0.5355437989625823 0.14335649850997334 0.5358808395507177 0.14616246238765415 0.5391995321570929 0.1547563711405177 0.5438901600280435 0.15943300613775774 0.5457010422332209 0.16415990728257057 0.5486411768486039 0.16756932174107525 0.5556129553960691 0.17090836359297792 0.5668666093486878 0.17200970584472297 0.5700116837249343 0.1706570328551138 0.5736345751912192 0.1636723256511142 0.5740406804035958 0.15393192071700681 0.5730823989700984 0.14854124961428247 0.5715330711660437 0.1422957115895535 0.568862039570485 0.13780012032689223 0.562428467062668 0.1322887248666767 0.5580824283985542 0.1308505138228771 0.5508906128528228 0.13140863926756863
5 0.46217968988241964 0.016589889930155356 0.4587504152489463 0.018163819572401697 0.45687046841952766 0.025983287239377085 0.45735470707233744 0.03722222259437151 0.4612795432866723 0.04753591842075933 0.4683003878556956 0.053685950765099924 0.4758254696802117 0.05571755916020908 0.4838774346163242 0.05492812383336556 0.4952605421427939 0.046942777879400044 0.49632940560338934 0.04216561058701433 0.4950152120350033 0.03288782541721025 0.48933610825575025 0.021090679014207227 0.48838160113160345 0.01591623794936279 0.48631293883465354 0.01292420372234604 0.481993320335994 0.012999602943705302 0.4718306121721098 0.016637728373666328 0.46217968988241964 0.016589889930155356
5 0.5027965537538008 0.00009131786939278185 0.5019665988382246 0.002052468054583212 0.49650263069195716 0.002580433810731364 0.493080904677185 0.004586823528737316 0.4894127214986927 0.008976770278178758 0.48802946330606556 0.012245353920162749 0.48871864171973883 0.018722201827043695 0.49145383657425834 0.02689370373366211 0.49911479353539673 0.036709593492445514 0.5079087772160914 0.045424226602800565 0.5110689488297405 0.04493647376471079 0.5119140009827193 0.043840243731039584 0.5131953528228796 0.034733449066299917 0.52409799600589 0.015725397795219642 0.5242500954358449 0.007936089816787995 0.5230604540760295 0.005793895897018775 0.5181044974946054 0.0024196677418149904 0.5143495052010486 0.0018363236200200639 0.512660874957199 0 0.5080281509875151 0 0.5027965537538008 0.00009131786939278185