2 0.4197634586016317 0.613123704579942 0.425733500727997 0.6141860897175544 0.43217082858458766 0.6135579548628256 0.4379974965286958 0.6104736407251957 0.440937152455615 0.6073033436100048 0.441585283277999 0.6038921975011097 0.434175297598161 0.5972421128797746 0.4308584707606481 0.5929793245027584 0.4244657387242022 0.5766507179758065 0.4237420506291203 0.5752699300157518 0.42123190179607767 0.5743537401041267 0.4132719482030732 0.5756916573960674 0.40740006898592557 0.5792061280628358 0.40321679532396865 0.5859424373030651 0.40215433040753706 0.5960511157378204 0.402870585865928 0.6002580272614886 0.4046044026941584 0.6030497093058109 0.4197634586016317 0.613123704579942
2 0.343343269331296 0.5824763809061544 0.3545218868525958 0.5808243961868492 0.3655648705547767 0.5804628810549597 0.3747836148826479 0.5781699969370249 0.3866781801358913 0.5724616313151168 0.3912760956183432 0.5672910821752983 0.39171303534891055 0.560378471584869 0.38691848632157605 0.548132016689655 0.3825840981142237 0.5452844577919846 0.36996553703945106 0.541348743027567 0.3568496519612424 0.542144750083673 0.34521148907285537 0.5509244236579768 0.33221668026683154 0.5643455006801654 0.33017412489046194 0.5700020832024704 0.3299632415250927 0.5747639111472072 0.33473487718945993 0.5789621518807192 0.33937831167139904 0.5816247386380334 0.343343269331296 0.5824763809061544
2 0.44336989765727497 0.5538478448950535 0.4614834747650491 0.5550992959267668 0.46838808835186524 0.5527806410796968 0.4770562493136749 0.5419491740224955 0.4779679074111586 0.5305199198761115 0.47608328376398007 0.5264076621201605 0.46902012299507767 0.5219685723929441 0.4555874512791441 0.5175123827267488 0.44351173320729476 0.5166780820389401 0.43693877153158506 0.5185966864810844 0.4310216810413977 0.5225413136769912 0.42392135708904144 0.5322328417678421 0.42499187009505884 0.5358246246220155 0.42694431065179667 0.5392916475842588 0.43531921379174376 0.5477827828190001 0.44336989765727497 0.5538478448950535
2 0.22782474948289816 0.3672326605488454 0.2324982222380479 0.36685404547797695 0.23658364071723467 0.3638041728596381 0.2407294434692902 0.36293518901120503 0.24624706513881148 0.36003584701393143 0.24848563860716882 0.3552696836741166 0.24919384597597402 0.345776133908856 0.24681871550915538 0.32704288955727306 0.24442159485871184 0.3250513083228017 0.24105212411146854 0.32404480003853753 0.233227804337583 0.3240922477430626 0.23045382050299326 0.3229308734426553 0.2270091002094997 0.3253957235157123 0.22319494936855072 0.3258646569592198 0.2154461868673629 0.330704038732695 0.20276042433592578 0.3439401436145271 0.2003032271390611 0.34803096603642125 0.20018276631977122 0.35193248092288104 0.20250463742396452 0.3573954205146737 0.20567065744252946 0.3603376331800612 0.22782474948289816 0.3672326605488454
3 0.4131573813882367 0.5354505865875582 0.42386097281617274 0.5300519529979366 0.4277955844764116 0.525681504667969 0.42924265294012764 0.5201797881618073 0.43224269313991553 0.5191903798165222 0.4326043833242327 0.515749127583414 0.4241616632747262 0.5079032271423805 0.4138798385775285 0.5037782048425284 0.40023628349622564 0.50408384312107 0.3921633017206221 0.5064971517358571 0.3887411870636483 0.5087469235443447 0.38471615285733013 0.5139776849325892 0.3830430280284159 0.5216301840844436 0.38776201978305275 0.5290847049107077 0.39339297736162065 0.5333732640168589 0.4131573813882367 0.5354505865875582
4 0.4331199575919727 0.5962613753246454 0.4381102169848473 0.6011349569760782 0.44160788891451885 0.6036771192365403 0.44879151050271116 0.6042146940772969 0.4522740094325536 0.6041458110387148 0.4580102548305824 0.601921809959362 0.4652161743288469 0.5939810141092783 0.4663842347911869 0.5856230679152901 0.465200385876123 0.5748433839576919 0.4594938710248573 0.5657628907825908 0.4565238690982799 0.5637110972996933 0.4465436580389781 0.5622272264230986 0.4374153362571863 0.5636597974827564 0.4281739862927953 0.5661677598652607 0.42570161609610147 0.5676475369881104 0.4236890989929424 0.5702629176822327 0.4235912438101724 0.5739493543041232 0.42590568227767484 0.5822384174595293 0.4299613702100986 0.5904930390956442 0.4331199575919727 0.5962613753246454
5 0.26964477491421796 0.36336486225767733 0.2752453864931278 0.36243133076574013 0.2867479155623959 0.3549421267788518 0.2928833220546432 0.34340954807459456 0.3032626942081635 0.33558484132628497 0.30717470023188254 0.3314294712608868 0.3081544829653732 0.3276182747470661 0.3067297124117294 0.3246416205623875 0.3005936904665872 0.3196476144141025 0.29387735460862036 0.31741951958100484 0.28755305493462874 0.3169722631128874 0.27182916584060735 0.32053851687925883 0.26774374736142054 0.3235883894975976 0.2649700712532783 0.33069030762346135 0.2544024213709086 0.34306176405193856 0.25116889216923177 0.34902807860652985 0.2510936426229815 0.3524994369638511 0.253505936273254 0.35710206349736673 0.2613153907737581 0.3627068629200686 0.26964477491421796 0.36336486225767733
5 0.449262275627761 0.29113010718569804 0.46090074624259564 0.2906137260376652 0.4627776295266357 0.28928881493095865 0.46461673417432703 0.2855679367897771 0.46447335999206996 0.281421237514535 0.45949796587257674 0.2708954087358752 0.45003025181654 0.2672908613378009 0.44442964023763026 0.2682243928297381 0.43910803666009646 0.2720141540095018 0.4374045658315242 0.27444456256326777 0.437058048647036 0.2804968600954202 0.43999801230040275 0.2855898554065003 0.4436464910490222 0.289452593378591 0.449262275627761 0.29113010718569804
5 0.5136141794629382 0.3181170066080633 0.5200892859558779 0.3198848387878095 0.524694941801468 0.32015145851064875 0.527958817002803 0.31940723455414577 0.5299035171964027 0.31743708865373144 0.5309737224759725 0.31276557908163366 0.5295789901955393 0.30674772306877235 0.5223346766080309 0.295765967031839 0.5124448880948084 0.2934217830969672 0.5048165864129105 0.29435964998398245 0.5002034979306293 0.2969191538247566 0.49862079564779443 0.3037113399183339 0.5026160993073495 0.30978507278454337 0.5084430749779051 0.31496405107318454 0.5136141794629382 0.3181170066080633
5 0.5166647094873241 0.2560282711861284 0.5236523129835289 0.2556754268443949 0.5302026690227187 0.2539719006668198 0.5342654818653857 0.25113710631305025 0.5378306629781692 0.24477074135353347 0.5377325000689516 0.24019388554915283 0.5328326632221562 0.23445999083944286 0.5297496331129798 0.23348358867939173 0.5109727521829927 0.23303223845752932 0.507663665708618 0.2342066189431708 0.5053421023308722 0.23700697177764934 0.5046565005985867 0.24628544327834065 0.5053727560569777 0.25049235480200877 0.5069557660662601 0.2519634611347025 0.5166647094873241 0.2560282711861284
5 0.49322178843887815 0.25312941247152115 0.4961540117291065 0.25278523891994364 0.501249558941442 0.2511462603858726 0.5041213979588017 0.24862119806438954 0.5044827804166715 0.23691665340501017 0.4949320764512463 0.23134629550159946 0.49127616506593597 0.23030968109312222 0.48426595593321153 0.23087760369942495 0.48070820745711884 0.2344178450953284 0.48078376472981654 0.2392097791642782 0.48217849701024973 0.24522763517713955 0.48925683077898113 0.25227777020340014 0.49322178843887815 0.25312941247152115
5 0.4020036179924912 0.1924402564379518 0.406104209471507 0.19200142911865722 0.4110263442283747 0.18925695313752686 0.4146066983409872 0.18550163347705434 0.415812537439676 0.17953965431754093 0.4136640787909506 0.17518221217280766 0.4101890124977988 0.1724249716477763 0.4054099441967408 0.17105285447787755 0.4025003265430322 0.17118194976488574 0.3955957129562161 0.17350060461195568 0.3923847893910589 0.17925184090197782 0.39199306093353126 0.18573429496326876 0.393131390849108 0.18868084302373433 0.3963426221407126 0.1911928991599834 0.4020036179924912 0.1924402564379518
5 0.39387706912781467 0.17331996786667747 0.3986409644290436 0.17208103973753186 0.4026811716351908 0.16946132364833164 0.4047615056479093 0.16620070816050164 0.4054322421068132 0.16257448378703723 0.40458035282930327 0.1596580418507847 0.4016781678122854 0.15696101357417955 0.3986177433396288 0.15576953314955908 0.38828327473270063 0.15490079094245904 0.38380582006953856 0.15616982519581768 0.38279599906283734 0.1630222235378211 0.38368566697669615 0.16833463250854858 0.38548730071448606 0.1704810797591633 0.39387706912781467 0.17331996786667747
5 0.46055673807163844 0.16162722118586653 0.46483817464281285 0.15946776775001786 0.4674687842951454 0.1564824427751832 0.4684937783016757 0.1522410897322239 0.4663075410166012 0.1454876805530157 0.4622821990838356 0.1424551495149891 0.4583624526969784 0.14117335071772957 0.45018387537546634 0.14183592709174936 0.4462340907153985 0.14359533012267262 0.4442215736122395 0.14621071081679476 0.44407850715642977 0.1503273039678239 0.44967199382509626 0.16048318846577123 0.45471489712770136 0.1621004900244522 0.46055673807163844 0.16162722118586653
5 0.4344754670077216 0.15627651858343627 0.43780715911861606 0.15488705983322554 0.44202821141692183 0.1505467176274712 0.4435430967901973 0.1443997663276016 0.44282684133180633 0.14019285480393356 0.4410252075940164 0.13804640755331893 0.4289191435225089 0.13199001626742168 0.42162249375171756 0.13252783274951133 0.41948177546613036 0.13360755946743566 0.417092395178825 0.13705314709562186 0.4152232522579232 0.14381522706498626 0.42018347337758727 0.15173001054460192 0.4227540064834986 0.1548270892261326 0.4257466140465957 0.15666380444446082 0.4344754670077216 0.15627651858343627
5 0.40484295692506034 0.12685005653448256 0.4118983773308245 0.12585197739904125 0.4167753008146525 0.12353765794704943 0.4185691941893042 0.12024693633500635 0.4186670493720743 0.11656049971311586 0.41546325071716045 0.1112223200132533 0.4114605144209147 0.10797471071065745 0.4072995386690302 0.10623264926004641 0.4029803234615068 0.10599613566142016 0.3976661525206639 0.10695977327757045 0.3930078527653432 0.10994943364748307 0.39123656502721144 0.11302507699495687 0.3910482872983621 0.1175718266751244 0.393415369675595 0.12260460973777847 0.40083278799212374 0.12642857079550004 0.40484295692506034 0.12685005653448256