0 0.358708963616705 0.8145463254063611 0.3563510084525205 0.8189757002824415 0.35544876705246853 0.8234442230561726 0.3575633764881253 0.8288496455626102 0.36375117061269246 0.8296150894889269 0.3727105281151868 0.8245930513983735 0.3738803702918648 0.8246672999133644 0.37722771935271704 0.8212058781070206 0.3741277585284089 0.8172287639760526 0.3691057640725036 0.8141413071195203 0.36554352588874717 0.8134892596058452 0.358708963616705 0.8145463254063611
0 0.7865663554142918 0.19877395977250784 0.783320387152867 0.20069772407105063 0.780311621333191 0.2045533472287569 0.7805528662829562 0.2088814675331271 0.7847699576302206 0.21250352821038296 0.7883585516408381 0.2133702267084096 0.7952194697397411 0.21252781189224507 0.7988303770692031 0.21121289992941655 0.8022304377837773 0.2081807800917761 0.8036557532130324 0.20560901555986844 0.8029218325689417 0.2019950494432332 0.7960264736271447 0.19783029038463304 0.7933745618594729 0.1975022429876403 0.7865663554142918 0.19877395977250784
0 0.793200097816733 0.21735138811968818 0.7893073614078332 0.2210976621450635 0.7876833268877396 0.22914100313777913 0.7850881692818064 0.23163851915469605 0.783042441531937 0.23624744439778778 0.7845772227766525 0.2369305452484928 0.785483506684721 0.2348582839199685 0.7884963150124134 0.23339892220746897 0.7909069818303199 0.22939884930009152 0.7924154072481744 0.22986729916644505 0.7942137467614994 0.23269690986066505 0.7979827890521272 0.23266990380394556 0.801770102153583 0.22806502584116428 0.8073030431146423 0.22586045660389992 0.8091196534387954 0.22411219539205812 0.810025937346864 0.2220399340635338 0.8093183725296342 0.2186406189312501 0.8060643192521765 0.2157718603393796 0.8004219124756569 0.21472156419403127 0.793200097816733 0.21735138811968818
0 0.7362972645610076 0.2620326411406385 0.7376556400337291 0.2660057079912964 0.7467102350488719 0.2712126686346242 0.7484214220655814 0.2686058034853764 0.754055743826068 0.26486357674031147 0.7539422355025913 0.2592124499124921 0.7481112954300284 0.2542633354314766 0.7374367084028084 0.25949597722607104 0.7362972645610076 0.2620326411406385
0 0.7117771472177093 0.27266938053621803 0.7122251962743459 0.2763184472701935 0.7163368643141663 0.27908190401004346 0.7234876965085402 0.28060065002174533 0.7296370072821972 0.27396265862809027 0.7304378678828216 0.27103179336216 0.7296289222661642 0.2691701357376769 0.7253631617731943 0.2675150345369247 0.7170992415638806 0.2687476034241417 0.7117771472177093 0.27266938053621803
0 0.783966678151817 0.29104150480116886 0.7813492072270392 0.2957206312789408 0.7888163093437448 0.29981518910286076 0.7927921557412437 0.29910912947574647 0.799209067291527 0.29701390937081307 0.8002430878258838 0.29361864151883965 0.799174626448633 0.2920067354960483 0.7959732848248975 0.2895672788728808 0.7889805875916893 0.2893364387672879 0.783966678151817 0.29104150480116886
0 0.8184601200413926 0.2292840554180458 0.8151391268074015 0.2329601282087407 0.8146545361291088 0.23846680528688893 0.81601291160183 0.24243987213754675 0.8234982845293637 0.24195655805540478 0.8279404507943277 0.24032169325620417 0.833315256794221 0.23682921811283092 0.8324272436969806 0.23432360753529333 0.8281574406959942 0.2302722448893344 0.8219169349177052 0.22907749899431495 0.8184601200413926 0.2292840554180458
1 0.8582308705899424 0.19869014666354023 0.8566433776915048 0.19757774384413224 0.8531074953346096 0.19714034731480856 0.8391078725653818 0.2036528004548913 0.8321536586830838 0.2108253956692699 0.8308641648961503 0.21686667656814165 0.8348744521365434 0.2211677908157923 0.8426456966515312 0.2206493761163101 0.8527343122010309 0.22246106890766454 0.8590721562707311 0.21972189584967666 0.8641347348563091 0.21604987033929204 0.8636339741459507 0.21197150163661357 0.8596460002244022 0.2054887769281078 0.8600819217569894 0.20194905932646323 0.8582308705899424 0.19869014666354023
1 0.7899681988086116 0.24302311588594608 0.7671775392928506 0.24647511822621593 0.760338934512792 0.24513592258152545 0.7537111763476212 0.24551393481164685 0.7476632463733919 0.25061426869750114 0.7458243227303941 0.2545441403701982 0.7462460159601697 0.2579785561198221 0.7500170795048057 0.259149680785706 0.7522574043127428 0.2620339660460914 0.7520282868870269 0.26489463007734126 0.7535407548128977 0.26775934138890145 0.7642051560453225 0.2718970943907822 0.7688845247520352 0.27219408845074505 0.7714046573854019 0.2714488809259803 0.7798936525124152 0.2649593865623067 0.785911184151767 0.25724814024689435 0.7918577333265688 0.2536854638688405 0.7935729628512946 0.2534748601647994 0.800516990938797 0.255672659746896 0.8044664815094353 0.2547519491354303 0.8125114700878283 0.24700964948298787 0.8145571978376974 0.24240072423989617 0.8056951786266143 0.24348884337744217 0.7955538514233927 0.24124784861738474 0.7899681988086116 0.24302311588594608
1 0.811111238089367 0.4955728395511156 0.8075266865867661 0.4971024024982956 0.8025695313086318 0.5016330319460861 0.7964648471726641 0.5039078024180308 0.7854618626990629 0.4993758480647874 0.7809142731266553 0.500152108926582 0.7767539359411293 0.4993556116632356 0.77091895336055 0.49201023573701363 0.7665741253869973 0.48971118158320676 0.7566476873066799 0.491583656143168 0.7496853884083492 0.4939637284671334 0.7481810054985113 0.49589154004598635 0.7476923723122019 0.49900195567892797 0.7497765834129814 0.5017964657558077 0.7562279358061581 0.5047084195256392 0.7552729827523842 0.5087476403306671 0.7534300166013701 0.5102812505581574 0.7517228720926772 0.5152843771526119 0.751678245454988 0.5196475980743223 0.7530366209277094 0.5236206649249799 0.7559520909639907 0.5260952221654879 0.7605564346981369 0.5281445247176029 0.7642727653350427 0.5276882166921804 0.7690494723331665 0.5240512917991359 0.774063381773039 0.522346225765255 0.7787771913226456 0.5276503936999827 0.7818994654657982 0.5294458973700957 0.7853258820072333 0.5266284285168068 0.7858287434963543 0.5165438795325968 0.7898005473858372 0.513441558460276 0.7924788149803697 0.5139842568416203 0.7970344895688104 0.5180005188702389 0.8021315089972821 0.5193356672346192 0.8092782986836398 0.5184581518011144 0.8159547259945159 0.5161131800944893 0.820106978164009 0.5121171544674222 0.8222054175676001 0.5079375311930336 0.8217756393217919 0.4997105925529962 0.819405556633558 0.4969511830934567 0.8131123392015469 0.49532713522973426 0.811111238089367 0.4955728395511156
1 0.2935607990615109 0.7944380817704995 0.2918114023186666 0.7920070779542202 0.29008377164511623 0.7826633309681971 0.28771368895688243 0.7799039215086575 0.2843318990531364 0.7783581694402362 0.28053650093564764 0.778170524512604 0.2733937537573067 0.7814443013913156 0.2635686964764166 0.781779118443476 0.2563205259906317 0.7841942913847817 0.25406395162587464 0.7870860087530613 0.25328944685211113 0.790231525003343 0.25364015761733666 0.7978145106903257 0.25578112287985444 0.8034345841811152 0.2519370556166602 0.8052138987299869 0.24543703407777784 0.8042689044366591 0.23896741087377288 0.8059348225728895 0.23554099433233774 0.8087522914261787 0.234119721411099 0.8137203174032928 0.23490635370891194 0.8177635854886312 0.23662562574165413 0.8199492432297966 0.24055684550146422 0.8236064045243927 0.24581199989110186 0.826229458794882 0.2461019139865726 0.8285906196227483 0.24475162352988405 0.8294100756625038 0.24382302630297104 0.8336639474518833 0.24526451176429181 0.8406772287008024 0.2524984539472651 0.8452361891107651 0.2535669153245158 0.8468480951335566 0.25918296627417425 0.8476837402945534 0.26674336417427436 0.8454481177202592 0.3077995660017414 0.8064166666216753 0.3094620838727452 0.8057767609489312 0.3185147371586342 0.7944245424601639 0.3190783953175099 0.7895618183350702 0.3165805760029877 0.7881254153989798 0.3130183378192313 0.7874733678853045 0.30592425978659576 0.7887801852875125 0.2935607990615109 0.7944380817704995
1 0.3350039351768428 0.815278066184742 0.32781656136081266 0.8229150639851637 0.3227499402672183 0.8241908280503416 0.32061706002073326 0.8233632774499655 0.31870925469194783 0.8172788013731329 0.31626010452313114 0.8138754389605387 0.31095223847977155 0.8108230827213466 0.30567477077128935 0.8103816389117127 0.2950224970629137 0.813432670245452 0.29016672258420717 0.8164256421854418 0.27731252789405064 0.8393568719882589 0.27513906351789297 0.8452888037547999 0.2709604555215388 0.8490701783975153 0.2652207104536083 0.8519538012051744 0.26309591522315623 0.8559187734952115 0.26466109480274896 0.8592127867754746 0.2719700619582887 0.8620194386932853 0.28070434454308346 0.8622543260791886 0.2901604202479199 0.8589143952461071 0.297145032465095 0.8543527124612869 0.3060030091681618 0.8508683318785341 0.31188261838643005 0.853850486883046 0.31641597965602614 0.8600483593725198 0.31922602638486364 0.8616643126756216 0.32572604792374593 0.8626093069689492 0.33121031973909953 0.8623716972081887 0.33934246081410835 0.8600658733992141 0.34703059534049696 0.8565072443014706 0.3503515885744882 0.8528311715107758 0.34831604661941434 0.8480697019573924 0.3449342567156683 0.8465239498889711 0.34147744183935574 0.8467305063127017 0.33575596758225335 0.8450362572142989 0.33699679222348167 0.8409619357919309 0.3447376384035922 0.8378326086628904 0.34811134329130533 0.8345858378408986 0.35077748336178877 0.8279397518866227 0.34990774107537664 0.8208562694030235 0.344670857496567 0.8136553432264725 0.3391075182006304 0.8132490000341785 0.3350039351768428 0.815278066184742
1 0.3820451695300219 0.7800873740280758 0.3779335014902014 0.7773239172882258 0.3728811086994187 0.7716255480021352 0.3702474677425752 0.7667196286990807 0.3663202904907815 0.7654587288496912 0.36234444409328237 0.7661647884768055 0.3567101223327958 0.7699070152218704 0.3527160051244684 0.7751909467550465 0.3421124005617985 0.7762750186122821 0.337595209324268 0.7796621919036347 0.33369843040735175 0.7810122044838035 0.3373397360716911 0.7823082049505331 0.33838184162208085 0.7837054599889731 0.3383939691461301 0.790894244324593 0.34118574506413946 0.7970880695337564 0.34061804439724724 0.7995545322136437 0.3357359140916797 0.802332853169282 0.3346491819036008 0.8052988190525525 0.341909479913435 0.810072430446867 0.3477100216511203 0.8124106324983243 0.35732827482513896 0.8127548690165585 0.36527996762013737 0.81134274976233 0.37410350348031035 0.8028511953048127 0.39187216854016593 0.7963117361080103 0.3924135133801971 0.7936306224437718 0.39098011293490925 0.791409864085266 0.38736516309743085 0.790328514602888 0.3869434698676552 0.7868940988532641 0.3945484944054445 0.7802952553572595 0.3952439316986252 0.7765057861539233 0.3899664639901429 0.7760643423442893 0.3852384261377247 0.7777343077608301 0.3820451695300219 0.7800873740280758
1 0.20426181683808883 0.7265274976731713 0.1869513866296653 0.7273456288074739 0.18355536842310743 0.732774010090321 0.18329989517053055 0.7354200231372193 0.18148328484637738 0.7371682843490611 0.17124866185976095 0.7412574699872178 0.1608376331011506 0.7486366216253271 0.14930543131156765 0.7539745652719422 0.14821869912348884 0.7569405311552124 0.14905804307502363 0.7614131012092538 0.16112948892587542 0.7675569615852886 0.16760315463789674 0.768287304894265 0.17100725786048726 0.7676514465018311 0.17653615631352998 0.7630506158193601 0.17909283056855302 0.7531496644824717 0.18184612313565202 0.7519400543716639 0.18389080049614012 0.7544125879720164 0.1843824258010846 0.7607798926277258 0.18680522014304018 0.7639686040559684 0.19509953868723123 0.7653469475983095 0.20546998331616892 0.7647272783271171 0.2148206357135613 0.7605287435566297 0.2186343046418783 0.7561385165781996 0.22129235969632877 0.7446999077335107 0.22295083505931618 0.74166374061556 0.22315359665817108 0.7385884255999585 0.22132890131798502 0.735544163921387 0.21935011352464956 0.7336082577819133 0.20962239453517045 0.7300091558810664 0.20426181683808883 0.7265274976731713