3 0.5901497695852534 0.35921280276816614 0.5987903225806452 0.36764705882352944 0.6103110599078342 0.3713235294117647 0.6160714285714286 0.3717560553633218 0.6339285714285714 0.3698096885813149 0.6382488479262673 0.36613321799307963 0.6394009216589862 0.3628892733564014 0.6474654377880185 0.35921280276816614 0.6503456221198156 0.35596885813148793 0.652073732718894 0.3477508650519031 0.6480414746543779 0.33391003460207613 0.6442972350230415 0.3276384083044983 0.6396889400921659 0.3243944636678201 0.633352534562212 0.32179930795847755 0.6241359447004609 0.3205017301038063 0.6163594470046083 0.32093425605536335 0.6022465437788018 0.32482698961937717 0.5941820276497696 0.3321799307958478 0.5872695852534562 0.3423442906574395 0.5866935483870968 0.3531574394463668 0.5901497695852534 0.35921280276816614
3 0.5705645161290323 0.44247404844290666 0.570852534562212 0.4459342560553633 0.5763248847926268 0.45112456747404844 0.5797811059907835 0.456098615916955 0.5866935483870968 0.46064013840830453 0.5987903225806452 0.4649653979238755 0.6097350230414746 0.4647491349480969 0.6201036866359447 0.46128892733564014 0.6304723502304148 0.45350346020761245 0.6324884792626728 0.4463667820069205 0.6379608294930875 0.43966262975778553 0.6385368663594471 0.435121107266436 0.6373847926267281 0.43187716262975784 0.6307603686635945 0.4225778546712803 0.625 0.4180363321799308 0.6212557603686636 0.41673875432525953 0.6111751152073733 0.4154411764705882 0.5918778801843319 0.4158737024221454 0.5881336405529953 0.4169550173010381 0.5774769585253456 0.42474048442906576 0.5766129032258065 0.4262543252595156 0.5743087557603687 0.43490484429065746 0.5705645161290323 0.44247404844290666
3 0.39717741935483875 0.5579584775086506 0.40264976958525345 0.5629325259515572 0.407258064516129 0.5713667820069205 0.41445852534562216 0.5795847750865052 0.41849078341013823 0.580233564013841 0.4360599078341014 0.5793685121107267 0.4395161290322581 0.580233564013841 0.4513248847926268 0.5806660899653979 0.45622119815668205 0.5793685121107267 0.4576612903225807 0.5780709342560554 0.4614055299539171 0.5711505190311419 0.45852534562211983 0.5631487889273357 0.4533410138248848 0.555363321799308 0.4415322580645161 0.5430363321799309 0.4395161290322581 0.5423875432525952 0.4216589861751152 0.5430363321799309 0.408410138248848 0.5421712802768167 0.40034562211981567 0.5445501730103807 0.39746543778801846 0.5462802768166091 0.3957373271889401 0.5493079584775087 0.39544930875576034 0.5542820069204153 0.39717741935483875 0.5579584775086506
5 0.46716589861751157 0.5224913494809689 0.4841589861751152 0.5313581314878892 0.4879032258064516 0.5354671280276817 0.49107142857142855 0.53719723183391 0.4933755760368664 0.5365484429065744 0.4982718894009217 0.5374134948096886 0.5014400921658987 0.5352508650519032 0.5025921658986175 0.5330882352941176 0.5017281105990784 0.5255190311418685 0.49913594470046085 0.5222750865051904 0.4873271889400922 0.5144896193771626 0.4807027649769585 0.5118944636678201 0.4740783410138249 0.5118944636678201 0.4683179723502304 0.513840830449827 0.46716589861751157 0.515787197231834 0.4663018433179723 0.518598615916955 0.46716589861751157 0.5224913494809689
5 0.44441244239631333 0.5447664359861591 0.445852534562212 0.5473615916955017 0.4599654377880184 0.5618512110726643 0.47033410138248855 0.5618512110726643 0.47350230414746547 0.5605536332179931 0.47667050691244245 0.5573096885813149 0.47955069124423966 0.5564446366782008 0.4841589861751152 0.5566608996539792 0.4876152073732719 0.555363321799308 0.48963133640552997 0.5508217993079585 0.4899193548387097 0.5397923875432526 0.48502304147465436 0.5324394463667821 0.478110599078341 0.5274653979238755 0.47004608294930883 0.5240051903114187 0.46284562211981567 0.5227076124567475 0.4533410138248848 0.5240051903114187 0.4498847926267281 0.52530276816609 0.445852534562212 0.5278979238754326 0.44470046082949305 0.530060553633218 0.4438364055299539 0.5328719723183392 0.44441244239631333 0.5447664359861591
5 0.5460829493087558 0.5637975778546713 0.5624040898617512 0.5618512110726643 0.5691244239631337 0.5650951557093425 0.5780529953917051 0.573961937716263 0.5884216589861752 0.5683391003460209 0.5970622119815668 0.5605536332179931 0.599078341013825 0.5536332179930796 0.6022465437788018 0.5475778546712803 0.6059907834101382 0.5432525951557093 0.6059907834101382 0.5361159169550174 0.6019585253456221 0.5324394463667821 0.595910138248848 0.5307093425605537 0.5884216589861752 0.5307093425605537 0.5783410138248848 0.5328719723183392 0.5691244239631337 0.5363321799307958 0.5584677419354839 0.5419550173010381 0.5506912442396313 0.548226643598616 0.5446428571428572 0.5575259515570934 0.5443548387096774 0.5616349480968859 0.5460829493087558 0.5637975778546713
5 0.5331221198156683 0.5798010380622838 0.5400345622119815 0.5806660899653979 0.5420506912442397 0.5819636678200693 0.5498271889400922 0.5839100346020761 0.5540754608294931 0.5868836505190311 0.5532834101382489 0.5906141868512111 0.5504032258064516 0.5929930795847751 0.5472350230414746 0.5936418685121108 0.5443548387096774 0.5958044982698962 0.5357142857142858 0.6057525951557093 0.5380184331797235 0.6079152249134949 0.5432027649769585 0.6100778546712803 0.5538594470046083 0.6098615916955017 0.5642281105990784 0.6022923875432526 0.5714285714285714 0.5932093425605537 0.5751728110599078 0.5795847750865052 0.5757488479262672 0.5735294117647058 0.5748847926267281 0.5713667820069205 0.5671082949308757 0.5629325259515572 0.563652073732719 0.5616349480968859 0.5576036866359447 0.5614186851211074 0.5434907834101382 0.5657439446366783 0.5354262672811061 0.5709342560553634 0.5322580645161291 0.5743944636678201 0.5311059907834101 0.5780709342560554 0.5331221198156683 0.5798010380622838
5 0.3585829493087558 0.6946366782006921 0.3591589861751152 0.7030709342560554 0.3620391705069125 0.7065311418685122 0.3660714285714286 0.7065311418685122 0.369815668202765 0.7045847750865052 0.37327188940092165 0.7043685121107267 0.37989631336405527 0.7099913494809689 0.38392857142857145 0.7089100346020761 0.391705069124424 0.6996107266435987 0.3896889400921659 0.6959342560553634 0.39026497695852536 0.6922577854671281 0.3876728110599078 0.6816608996539794 0.38479262672811065 0.6751730103806228 0.37989631336405527 0.6714965397923877 0.371831797235023 0.6714965397923877 0.3660714285714286 0.6743079584775087 0.36059907834101385 0.6818771626297578 0.35743087557603687 0.6929065743944637 0.3585829493087558 0.6946366782006921
5 0.435483870967742 0.7262110726643599 0.4423963133640553 0.7309688581314879 0.4513248847926268 0.7318339100346021 0.45650921658986177 0.7290224913494809 0.4596774193548387 0.723832179930796 0.4660138248847926 0.7169117647058825 0.4674539170506913 0.7132352941176471 0.46284562211981567 0.7045847750865052 0.4599654377880184 0.7022058823529412 0.4521889400921659 0.7019896193771626 0.4435483870967742 0.7043685121107267 0.4389400921658987 0.7073961937716263 0.435483870967742 0.7115051903114187 0.4337557603686636 0.7177768166089966 0.4337557603686636 0.7240484429065744 0.435483870967742 0.7262110726643599
5 0.3747119815668203 0.7564878892733564 0.3870967741935484 0.7655709342560554 0.39400921658986177 0.765787197231834 0.407258064516129 0.7575692041522493 0.4118663594470046 0.7478373702422145 0.41273041474654376 0.7402681660899655 0.4115783410138249 0.7378892733564014 0.408410138248848 0.7352941176470589 0.39660138248847926 0.7329152249134949 0.383352534562212 0.7357266435986161 0.37989631336405527 0.73810553633218 0.3752880184331797 0.7445934256055364 0.37327188940092165 0.7517301038062285 0.3747119815668203 0.7564878892733564
5 0.31048387096774194 0.7493512110726643 0.31048387096774194 0.7525951557093427 0.3136520737327189 0.7549740484429066 0.3188364055299539 0.7556228373702423 0.33842165898617516 0.7642733564013842 0.3467741935483871 0.759515570934256 0.35339861751152074 0.7525951557093427 0.3554147465437788 0.7469723183391004 0.3551267281105991 0.7422145328719724 0.3528225806451613 0.7348615916955018 0.3461981566820277 0.7292387543252595 0.3418778801843318 0.7229671280276817 0.3346774193548387 0.7184256055363323 0.3254608294930876 0.7173442906574394 0.31768433179723504 0.7182093425605537 0.3145161290322581 0.7205882352941176 0.3125 0.7272923875432526 0.3127880184331797 0.742430795847751 0.31048387096774194 0.7493512110726643
5 0.3369815668202765 0.8021193771626299 0.3392857142857143 0.8044982698961938 0.345910138248848 0.807742214532872 0.3487903225806452 0.8112024221453288 0.3597350230414747 0.8122837370242214 0.369815668202765 0.8107698961937716 0.3695276497695853 0.8070934256055364 0.3724078341013825 0.8001730103806229 0.3715437788018433 0.7947664359861593 0.37039170506912444 0.7900086505190311 0.3643433179723502 0.7824394463667821 0.3629032258064516 0.7817906574394464 0.3418778801843318 0.7817906574394464 0.33870967741935487 0.7826557093425606 0.334389400921659 0.786764705882353 0.33352534562211983 0.7941176470588236 0.3369815668202765 0.8021193771626299
5 0.32805299539170507 0.8269896193771628 0.3297811059907834 0.8300173010380624 0.33496543778801846 0.8332612456747406 0.33842165898617516 0.8339100346020762 0.3415898617511521 0.8328287197231834 0.3487903225806452 0.833044982698962 0.3525345622119816 0.8298010380622838 0.35656682027649766 0.828287197231834 0.35944700460829493 0.8287197231833912 0.3591589861751152 0.8256920415224915 0.35455069124423966 0.8226643598615917 0.34965437788018433 0.8159602076124568 0.3482142857142857 0.8105536332179932 0.3418778801843318 0.8057958477508651 0.33813364055299544 0.8042820069204153 0.33150921658986177 0.8060121107266436 0.3289170506912443 0.8086072664359862 0.32690092165898615 0.8137975778546714 0.32661290322580644 0.8198529411764707 0.32805299539170507 0.8269896193771628