2 0.647205373437604 0.5165667515493293 0.6312441082336162 0.5120767662517667 0.6257263243758008 0.5089948328739334 0.6216747546709749 0.5082219340939285 0.6135358766422009 0.5089138828760602 0.608366454718163 0.5084196959573453 0.6065148508326387 0.5093271197969019 0.6014640681773537 0.5188331134525013 0.6010517848778123 0.5481336549414904 0.6078086385828625 0.5538041399236242 0.6259162616774685 0.5633310673539607 0.6321856665111574 0.5646654155824564 0.6459661243850396 0.5627897465350247 0.661299564600447 0.5647616633387915 0.6719025805530345 0.559666315273246 0.6777713047038975 0.5582030780014737 0.6836757674738827 0.55450209438756 0.6863862081926471 0.5451338463722413 0.6852351957135829 0.540517387466949 0.6771167653536401 0.532957545969286 0.6715313717964855 0.52365172961265 0.6647732289118002 0.5215477031848781 0.6605991523993164 0.5214739994936446 0.6555356571530104 0.5178330321028671 0.647205373437604 0.5165667515493293
3 0.4961306325190316 0.5749620870261938 0.485684572813589 0.5806869522151883 0.48093241170230294 0.5854379361800324 0.4690289828959869 0.6127001034806611 0.47068531355597354 0.6205338259685209 0.4708549823941396 0.6343103041383467 0.47370064251158295 0.6373898220806334 0.47860718151074383 0.640401272347962 0.48409051592907204 0.6421544935135749 0.49458760520392786 0.6402059259200918 0.49801134992017326 0.6384607562063009 0.506222994366827 0.6297268561855244 0.5114651827087445 0.6221790918655945 0.5166014443729302 0.6177781080177273 0.522595253690721 0.6084827585484597 0.5292692067461406 0.6019153166141378 0.5306499418902295 0.5991193414042342 0.5317882417782729 0.5905888392631496 0.5309166923540116 0.5859027023925348 0.5292233338952675 0.5838731848011787 0.5200559501950872 0.5792494795892463 0.5167036827170863 0.5765191566187544 0.5063482587390845 0.5730831973980333 0.5027331083362068 0.5728701377761547 0.4961306325190316 0.5749620870261938
3 0.45400078932808335 0.5393293376243339 0.45350947291781685 0.5456925765337814 0.4546081666478326 0.5500991963979242 0.46225314990707 0.5629034036339641 0.47889584802832175 0.5665548379121101 0.48286064954461205 0.5657891854387451 0.4917868871683818 0.5611119051651344 0.4986356657805076 0.5540551071831906 0.504124156917376 0.541542494131356 0.5088418685891747 0.5354627979542913 0.5105722548466761 0.5316881106491442 0.5105046451473366 0.5254642276703414 0.5117462933538415 0.5209198621659181 0.5103158178199745 0.5163730812259483 0.49863326662656704 0.5123764777019185 0.49257313678907194 0.5118814856380214 0.47903898171014037 0.5087923059535482 0.47147560992089826 0.5117924841883261 0.46113160935428243 0.5250699445683437 0.45400078932808335 0.5393293376243339
4 0.5773342738129856 0.5970636236873942 0.572478764383238 0.5978284710155771 0.5621922392842107 0.5970499362192967 0.5605499103948799 0.5987967162234521 0.5599552456661516 0.6011738184962385 0.5614559092586283 0.6048115653062873 0.5706028452899774 0.617687060798014 0.5803967647991033 0.6283952930581039 0.5852509850492158 0.6311969042842829 0.5926905608511648 0.6324623796926385 0.599309616798266 0.6328180158258906 0.606296193168341 0.6310760666928286 0.6144223586060941 0.61723715686432 0.6147056891998022 0.6064681032359117 0.6103109142797389 0.5888416237793409 0.6050560133468006 0.583242427052894 0.6010223129515357 0.5813506551018183 0.5980528568467995 0.582536790802665 0.5943828093356034 0.5892468092483606 0.5893167357300271 0.5927387589663069 0.5773342738129856 0.5970636236873942
4 0.5605692480894056 0.5452998379080235 0.5505953463050334 0.549346795913003 0.5465424874205724 0.55214035568736 0.543816755751517 0.5554945597650256 0.5407924025384624 0.5636037735334465 0.5396885520899064 0.5734629878867514 0.540507782765119 0.5779392857162166 0.561965094978456 0.5973294532257689 0.575273394931268 0.5971316913623522 0.5838844308811125 0.5947618353962055 0.592635842948176 0.5905739111702166 0.5957635444796923 0.5864508340384571 0.5979660886582641 0.5809982395492949 0.5980056948162915 0.5680611175440677 0.5962970454072563 0.5600175560150584 0.5929460671088905 0.5537207744902044 0.5906414637914921 0.5516207737883434 0.5831151198010074 0.5488167471266179 0.5767232081596607 0.5481815939868936 0.5634685161355323 0.545022736337098 0.5605692480894056 0.5452998379080235
5 0.5095717527165818 0.5455334616391103 0.5088354226909994 0.553295090726101 0.5100043044796247 0.5567926764603225 0.5180168081618358 0.567499298430048 0.5223299716119035 0.5693213924158013 0.526451729375339 0.569185257065885 0.5332634801887076 0.5679326639804447 0.5370368760183655 0.5652087821714102 0.5419115439373093 0.5597586031177946 0.5470503839607652 0.5482247021612034 0.548713160518927 0.5382261318772535 0.5455025583377803 0.5301112820925573 0.5419933346126343 0.5267514419986163 0.5370166075548638 0.5246490258612089 0.5224156298261337 0.5256148556335373 0.5158297341388846 0.5301543902668674 0.5122298746862979 0.535955374582642 0.5095717527165818 0.5455334616391103
5 0.5299544724599812 0.25226302235602593 0.524050009689996 0.2559640059699397 0.5201375269227542 0.25693949748445444 0.5176733889989406 0.2613428967678683 0.5189813577251499 0.2665888727966097 0.5239925342224075 0.2700200011462376 0.5278322505717699 0.2770864608703677 0.5328076884499053 0.2827553355621372 0.545257151569477 0.29101839787448236 0.5489246207214031 0.29144129653751055 0.5605051127759839 0.2878853048705173 0.5653619113853665 0.2835539989879724 0.5657473011179014 0.28033754055058735 0.5637591886540633 0.2723636569869005 0.5546671497310325 0.25256508342759965 0.5494824368567037 0.24605685257123158 0.5458149677047774 0.24563395390820347 0.5357019789828212 0.24793252161866333 0.5325053785723304 0.24939817432598205 0.5299544724599812 0.25226302235602593
5 0.506320220455444 0.2158078248383936 0.5008343076778459 0.22118752078150447 0.49891122655407705 0.22657043730534418 0.5006377452726734 0.23349512566328273 0.5095409568683417 0.24420255277819045 0.5182017332079644 0.24917545296191718 0.5256413090099135 0.25044092837027276 0.5324530598232821 0.2491883352848324 0.5356496602337729 0.24772268257751368 0.5380780595384642 0.24555702963624126 0.5394766639921142 0.24164218125526687 0.538588534437927 0.2345084590013608 0.5348904833854188 0.22205747246302673 0.5304918409264504 0.21513036866954152 0.5239085235984715 0.21253698619414774 0.5184417693100695 0.213231350411826 0.5126611025273773 0.21266668038260642 0.506320220455444 0.2158078248383936
5 0.5615122400095829 0.20739611451874568 0.5583845384780665 0.2115191916505052 0.5596044498361051 0.21879307498023842 0.5631123843816159 0.2257193736285414 0.5699738755847629 0.2318095366929745 0.5793160848416495 0.23594388585728493 0.5904231297955247 0.23763225992866852 0.5978639947771088 0.23533127678266202 0.6027386626960527 0.2298810977290465 0.6038590932745348 0.22246946875903265 0.6030921813483705 0.21820300997071723 0.5958823282114459 0.2095251004471658 0.5928631317169316 0.20336847999813887 0.5872585796705806 0.19874799536693555 0.5812507685821336 0.19846284234418804 0.570788128746765 0.20174012214989148 0.5615122400095829 0.20739611451874568
5 0.5944199815973616 0.19651669018625167 0.5939465344966562 0.20176105592462862 0.5963187475133942 0.21008493960529223 0.6012239973329201 0.21666284842698272 0.6059735800849358 0.21904478157086243 0.6127853308983044 0.21779218848542206 0.6175706522694426 0.21793637528716028 0.6267061648894059 0.21409845117814813 0.6316854703064465 0.20906795020683183 0.6322801350351748 0.20669084793404538 0.6318271356033005 0.20368342339262777 0.6276198988309646 0.19871454893481197 0.6132652238971852 0.19471552997523572 0.6109261711402996 0.19128681706115427 0.6085679598942176 0.19254343587250555 0.6023853232490646 0.1927476388973798 0.5944199815973616 0.19651669018625167
5 0.5748157416545137 0.12384109369278473 0.5706403759623948 0.1273338485559133 0.5694689158144994 0.13096917993041543 0.5695888442628873 0.1374029019503677 0.5754549900544801 0.14307258178731944 0.5895136218035303 0.14469369332892712 0.6020154036721503 0.15316659468242197 0.6056305540750282 0.1533796543043006 0.6152369354364267 0.1514302815656353 0.6208096164025604 0.1475891368758945 0.6225221333505008 0.14493332274181808 0.6220168151695782 0.14171605915925078 0.6188227931183574 0.1360487947578458 0.6137427177421253 0.12996024198377695 0.6090633230487189 0.1266692747099762 0.5943245475620398 0.122320255633423 0.5797937578919191 0.12237705127583029 0.5748157416545137 0.12384109369278473
5 0.44782087550520144 0.14547470937487864 0.44420443592268855 0.14882810830736207 0.4424383110460649 0.15484054195465066 0.4444442928194642 0.16169555234726687 0.4516018272073401 0.17016362282966863 0.4605063279826436 0.17730459139021443 0.4649943169894176 0.1786373293283458 0.46916839350190137 0.17871103301957936 0.47966548277675736 0.17676246542609625 0.48284550305732205 0.17284922733548633 0.4830407762828595 0.16410808100807003 0.4819599518624048 0.1585825879728565 0.47754472927351044 0.14920789879608018 0.4732328550030777 0.14381934625596515 0.4687104165568165 0.1411578961056133 0.46231850491546983 0.14052274296588893 0.4537074689656254 0.14289259893203562 0.44782087550520144 0.14547470937487864
5 0.36463961438981923 0.038056074125100106 0.36524828088920336 0.0452594743443286 0.3684959108691076 0.047570119232521434 0.3725104527751761 0.054147222909029756 0.39416174903441537 0.06836270264552775 0.3968172926448613 0.06591753269778308 0.3944272103185624 0.05871252218819025 0.3982210538170516 0.04773685009936113 0.40074137802881876 0.032843914194011156 0.4007426672084538 0.02927745563964921 0.3988923525025646 0.026618420924844077 0.3938454373861846 0.0254250389173575 0.3847112139458565 0.02569650447200784 0.3801874863199602 0.026601512876017884 0.37059768508848767 0.030998470997974082 0.36463961438981923 0.038056074125100106
5 0.35869812382107663 0.0475612626355173 0.3454587227472392 0.05041644892337471 0.3406376627569787 0.05251000846377805 0.3394304639899611 0.05838308618042172 0.34057889810975517 0.07013246219443792 0.3537774038459302 0.08378085646616969 0.36086732853446674 0.0860250439697686 0.36745193504208074 0.08505196789080047 0.371277649620787 0.08253792512291573 0.3745099886504001 0.07883452607345527 0.37540198574349254 0.07526887266427558 0.3735886988363607 0.06680563305296712 0.37418465274472396 0.06086207222581867 0.37329523401090164 0.057294808526274554 0.3684078535009369 0.049598026533513286 0.36456684797193956 0.04609802536374508 0.36357150256038545 0.045677542136263495 0.35869812382107663 0.0475612626355173
5 0.2834510848408266 0.07078012799154872 0.291503194681065 0.06854962795604695 0.2967262245337864 0.06568719536154966 0.3072437614774734 0.05548683748827212 0.31019792663191864 0.048286657849772395 0.31299642471885375 0.03689050253346178 0.3125791639061018 0.03164533164990271 0.2726159470692736 0.04160928069101803 0.2692916831325847 0.058039962704555935 0.27089569504352307 0.06566384615126601 0.2725367347532188 0.06748352470147267 0.27861344472064004 0.07042610214866088 0.2834510848408266 0.07078012799154872
5 0.32257333415397565 0.06815812995512464 0.32416205511462304 0.06976796946418151 0.3310248354974049 0.07229167397425273 0.3382028175541122 0.07250795417685998 0.3415040554626997 0.07146197955184048 0.3383687980587027 0.04817226141977553 0.34032632862195855 0.04411805710815635 0.3439950869535199 0.04097449721682258 0.3449917215447089 0.037828521889942124 0.34310824657896755 0.030274316408554647 0.3388486910575833 0.02509560290958914 0.3162121836185407 0.030739518100710406 0.3165784148618793 0.032208391388758084 0.3134494241507279 0.039897927074879644 0.31501640826290894 0.05332601541809297 0.32257333415397565 0.06815812995512464