0 0.3819124423963134 0.45263840830449825 0.38997695852534564 0.4554498269896194 0.3942972350230415 0.4558823529411765 0.4006336405529954 0.4539359861591696 0.405241935483871 0.45025951557093424 0.40812211981566826 0.4459342560553633 0.408410138248848 0.44269031141868515 0.4009216589861751 0.4355536332179931 0.3925691244239632 0.4342560553633218 0.3824884792626728 0.4372837370242215 0.38018433179723504 0.43944636678200694 0.3790322580645161 0.4431228373702423 0.3790322580645161 0.4493944636678201 0.3819124423963134 0.45263840830449825
1 0.3361175115207373 0.4599913494809689 0.3418778801843318 0.46237024221453293 0.34994239631336405 0.46366782006920415 0.3580069124423963 0.46020761245674746 0.3695276497695853 0.4586937716262976 0.37442396313364057 0.4554498269896194 0.37759216589861755 0.4498269896193772 0.3747119815668203 0.4431228373702423 0.37413594470046085 0.4359861591695502 0.37298387096774194 0.43490484429065746 0.3660714285714286 0.4344723183391004 0.3588709677419355 0.43144463667820077 0.3525345622119816 0.43187716262975784 0.3487903225806452 0.43490484429065746 0.34735023041474655 0.4377162629757786 0.33813364055299544 0.4444204152249135 0.3355414746543779 0.4498269896193772 0.3346774193548387 0.45415224913494817 0.3361175115207373 0.4599913494809689
1 0.2793778801843318 0.5045415224913495 0.2929147465437788 0.5058391003460209 0.3067396313364056 0.5108131487889274 0.3133640552995392 0.5092993079584776 0.3185483870967742 0.5099480968858132 0.32258064516129037 0.5092993079584776 0.3254608294930876 0.5062716262975779 0.3271889400921659 0.5 0.33496543778801846 0.497188581314879 0.33813364055299544 0.4945934256055364 0.33726958525345624 0.4913494809688582 0.33093317972350234 0.4889705882352942 0.32805299539170507 0.48551038062283747 0.3289170506912443 0.4805363321799308 0.3323732718894009 0.4759948096885814 0.3317972350230415 0.47037197231833916 0.3257488479262673 0.4664792387543253 0.32430875576036866 0.4662629757785467 0.320852534562212 0.4682093425605537 0.31768433179723504 0.467560553633218 0.31422811059907835 0.46518166089965407 0.3084677419354839 0.47188581314878897 0.29435483870967744 0.47361591695501737 0.290610599078341 0.4749134948096886 0.2793778801843318 0.48421280276816614 0.27736175115207373 0.4898356401384083 0.2767857142857143 0.5015138408304499 0.2793778801843318 0.5045415224913495
1 0.39746543778801846 0.6163494809688582 0.40610599078341014 0.6146193771626298 0.4130184331797235 0.617430795847751 0.41618663594470046 0.6198096885813149 0.41877880184331795 0.6256487889273357 0.41676267281105994 0.6334342560553634 0.4182027649769585 0.6358131487889274 0.4210829493087558 0.636461937716263 0.440668202764977 0.6468425605536333 0.4415322580645161 0.6490051903114187 0.4452764976958526 0.6522491349480969 0.4495967741935484 0.6483564013840831 0.45074884792626724 0.6405709342560554 0.45593317972350234 0.636029411764706 0.46514976958525345 0.6301903114186851 0.4740783410138249 0.6163494809688582 0.47235023041474655 0.6126730103806228 0.46543778801843316 0.6068339100346021 0.4602534562211981 0.597318339100346 0.4547811059907835 0.5955882352941176 0.44930875576036866 0.5960207612456748 0.44297235023041476 0.5986159169550174 0.4392281105990784 0.601643598615917 0.4357718894009217 0.6068339100346021 0.4308755760368664 0.6089965397923877 0.42021889400921664 0.6096453287197232 0.4038018433179723 0.6076989619377163 0.3989055299539171 0.6089965397923877 0.39631336405529954 0.6115916955017301 0.39602534562211983 0.6135380622837371 0.39746543778801846 0.6163494809688582
2 0.7027649769585254 0.2822231833910035 0.7027649769585254 0.28654844290657444 0.7036290322580645 0.2897923875432526 0.709389400921659 0.2977941176470588 0.7235023041474655 0.30384948096885817 0.7304147465437788 0.30514705882352944 0.747983870967742 0.3040657439446367 0.7534562211981567 0.30125432525951557 0.7629608294930875 0.29368512110726647 0.7658410138248848 0.2902249134948097 0.7690092165898618 0.28027681660899656 0.7704493087557605 0.2549740484429066 0.7649769585253456 0.24978373702422146 0.7586405529953917 0.247621107266436 0.7548963133640554 0.2448096885813149 0.7497119815668203 0.24351211072664364 0.7410714285714286 0.23897058823529416 0.7237903225806452 0.23961937716262977 0.7203341013824885 0.24178200692041524 0.7125576036866359 0.25151384083044986 0.7056451612903226 0.27184256055363326 0.7050691244239632 0.277681660899654 0.7027649769585254 0.2822231833910035
2 0.5282258064516129 0.2350778546712803 0.5362903225806452 0.24199826989619377 0.5512672811059909 0.23767301038062288 0.556163594470046 0.24243079584775087 0.563652073732719 0.24653979238754328 0.5702764976958525 0.24826989619377166 0.5745967741935484 0.247621107266436 0.5780529953917051 0.24589100346020762 0.584389400921659 0.2342128027681661 0.5794930875576038 0.21020761245674743 0.5745967741935484 0.20307093425605535 0.570852534562212 0.19982698961937717 0.5613479262672811 0.19550173010380625 0.5547235023041475 0.19636678200692043 0.5475230414746544 0.20198961937716264 0.5434907834101382 0.20307093425605535 0.540610599078341 0.20242214532871974 0.5374423963133641 0.20307093425605535 0.5322580645161291 0.21496539792387542 0.5282258064516129 0.21864186851211076 0.5262096774193549 0.2277249134948097 0.5259216589861752 0.23096885813148788 0.5282258064516129 0.2350778546712803
4 0.13392857142857145 0.432742214532872 0.1543778801843318 0.44182525951557095 0.16474654377880185 0.4446366782006921 0.17223502304147467 0.4446366782006921 0.17857142857142858 0.44269031141868515 0.18980414746543778 0.44160899653979246 0.20046082949308755 0.4355536332179931 0.2105414746543779 0.4238754325259516 0.21284562211981567 0.4158737024221454 0.21284562211981567 0.4078719723183391 0.20996543778801846 0.4033304498269897 0.19974078341013826 0.39738321799307963 0.19239631336405533 0.3916522491349481 0.18692396313364057 0.39035467128027684 0.17799539170506912 0.3905709342560554 0.1679147465437788 0.39273356401384085 0.16100230414746544 0.39814013840830453 0.14026497695852536 0.4059256055363322 0.13565668202764977 0.40981833910034604 0.12932027649769587 0.42041522491349487 0.1298963133640553 0.42776816608996543 0.13392857142857145 0.432742214532872
4 0.43836405529953915 0.39987024221453293 0.44902073732718895 0.40895328719723184 0.4599654377880184 0.4152249134948097 0.4634216589861751 0.416522491349481 0.47004608294930883 0.416522491349481 0.4714861751152074 0.414143598615917 0.46889400921658986 0.4072231833910035 0.4694700460829493 0.40138408304498274 0.47465437788018433 0.3918685121107267 0.48127880184331795 0.38862456747404844 0.48300691244239635 0.3868944636678201 0.48127880184331795 0.3819204152249135 0.4660138248847926 0.3734861591695502 0.45593317972350234 0.370242214532872 0.4441244239631336 0.36916089965397925 0.4392281105990784 0.37002595155709345 0.43519585253456217 0.3730536332179931 0.4311635944700461 0.3767301038062284 0.4297235023041475 0.3806228373702422 0.43029953917050695 0.3905709342560554 0.43836405529953915 0.39987024221453293
4 0.7505760368663594 0.24264705882352944 0.7597926267281105 0.24675605536332182 0.7684331797235023 0.2489186851211073 0.7756336405529954 0.25432525951557095 0.7793778801843319 0.254757785467128 0.7842741935483871 0.25259515570934254 0.7883064516129032 0.2489186851211073 0.7903225806451613 0.24545847750865052 0.7917626728110599 0.23983564013840836 0.7908986175115207 0.23053633217993083 0.7877304147465438 0.2236159169550173 0.7831221198156683 0.22037197231833913 0.7710253456221199 0.21820934256055366 0.766705069124424 0.21864186851211076 0.7528801843317973 0.2272923875432526 0.7482718894009217 0.23096885813148788 0.7462557603686636 0.2342128027681661 0.7459677419354839 0.2378892733564014 0.7505760368663594 0.24264705882352944
5 0.47235023041474655 0.4154411764705882 0.4772465437788019 0.42149653979238755 0.48156682027649766 0.4251730103806229 0.4902073732718894 0.4273356401384083 0.5020161290322581 0.4271193771626298 0.5057603686635945 0.4256055363321799 0.5089285714285714 0.42149653979238755 0.5135368663594471 0.41111591695501737 0.5161290322580645 0.4078719723183391 0.5169930875576038 0.4044117647058824 0.5106566820276498 0.40116782006920415 0.508352534562212 0.39641003460207613 0.5034562211981567 0.3923010380622838 0.4985599078341014 0.3905709342560554 0.4879032258064516 0.38948961937716264 0.4807027649769585 0.38948961937716264 0.47638248847926273 0.39121972318339104 0.47263824884792627 0.3948961937716263 0.4694700460829493 0.40268166089965407 0.4691820276497696 0.40808823529411764 0.47235023041474655 0.4154411764705882
5 0.3983294930875576 0.4210640138408305 0.402073732718894 0.4258217993079585 0.40812211981566826 0.42928200692041524 0.4112903225806452 0.42993079584775085 0.4254032258064516 0.4290657439446367 0.434331797235023 0.4251730103806229 0.435483870967742 0.41846885813148793 0.43461981566820274 0.41133217993079585 0.42885944700460826 0.4044117647058824 0.4254032258064516 0.4031141868512111 0.4182027649769585 0.40181660899653987 0.40437788018433185 0.4024653979238755 0.40034562211981567 0.4052768166089966 0.39631336405529954 0.41133217993079585 0.39660138248847926 0.4178200692041523 0.3983294930875576 0.4210640138408305
5 0.21284562211981567 0.4256055363321799 0.2266705069124424 0.432742214532872 0.23099078341013826 0.43403979238754326 0.23761520737327188 0.4357698961937716 0.24481566820276499 0.4355536332179931 0.2524000576036866 0.43245393598615917 0.25921658986175117 0.42474048442906576 0.2606566820276498 0.418901384083045 0.2603686635944701 0.4152249134948097 0.2563364055299539 0.4087370242214533 0.253168202764977 0.4059256055363322 0.24452764976958527 0.4031141868512111 0.23502304147465441 0.40203287197231835 0.22494239631336405 0.4039792387543253 0.2154377880184332 0.40830449826989623 0.21370967741935484 0.4126297577854672 0.21198156682027652 0.42149653979238755 0.21284562211981567 0.4256055363321799
5 0.1016705069124424 0.4061418685121107 0.10570276497695852 0.40960207612456745 0.10915898617511521 0.41025086505190317 0.11319124423963134 0.4126297577854672 0.13047235023041476 0.4124134948096886 0.133352534562212 0.41133217993079585 0.14084101382488481 0.4052768166089966 0.1529377880184332 0.40095155709342567 0.15697004608294932 0.3985726643598616 0.15898617511520738 0.39532871972318345 0.1581221198156682 0.39035467128027684 0.1543778801843318 0.3855968858131488 0.13421658986175117 0.38408304498269896 0.12788018433179724 0.38256920415224915 0.1088709677419355 0.3827854671280277 0.09850230414746544 0.38624567474048443 0.09475806451612903 0.38970588235294124 0.09533410138248848 0.3970588235294118 0.1016705069124424 0.4061418685121107