5 0.4984907009047303 0.45374107317862944 0.4885637492080539 0.4655275070618249 0.4890994673007339 0.47971833712831835 0.49231069859233834 0.48223039326456735 0.4941275053299572 0.48698788581422614 0.5021781891954886 0.49305294789027937 0.5082386538679331 0.4932550199696147 0.5125730420752854 0.4961025788672851 0.5203747562126512 0.49627020942732913 0.5241059171442116 0.49383546547848517 0.5258545992458237 0.49097490039558067 0.5262841063397004 0.48688841336876465 0.5161605210981413 0.48125784321692794 0.5070544972264217 0.4742120435857454 0.5040767549367061 0.46672308124019024 0.5020787953804811 0.4554229223808144 0.5002319503696515 0.4537066316593383 0.4984907009047303 0.45374107317862944
5 0.5079054633245891 0.45233860824318467 0.5042724653022462 0.45935020799640924 0.5050642780333349 0.4683490535890272 0.5072127366820605 0.4727064957337605 0.5196581930278128 0.48380000547738994 0.5240603981447245 0.4860023295813526 0.5288846777188222 0.48694429022211266 0.5417141221589639 0.4861181770417936 0.546726679461911 0.4825133880023861 0.5487240235652411 0.4772869620092197 0.549703498572284 0.4652124730691279 0.538546871234609 0.45012279467132155 0.5352452173969252 0.44847105159334966 0.5281294127182924 0.44728824195888517 0.5186016221158345 0.44976609821717634 0.5139733606337245 0.44971455675890626 0.5079054633245891 0.45233860824318467
5 0.4226433929105283 0.4231539617532678 0.41909307707112636 0.42386807958555767 0.40638440117672203 0.4290559703056881 0.4017034957848815 0.43226070894017016 0.3992915098610565 0.4359213748329257 0.39148297853989494 0.45510645268903716 0.39250828027287266 0.4591283920723491 0.3976341734848662 0.4627115041363665 0.4043279037063132 0.46515467723403336 0.4080064207281432 0.4659762133779413 0.4138708673086001 0.4652878662747864 0.43670282071811606 0.45746725328022164 0.44506967576847745 0.4522579272260342 0.45278065963331643 0.44502257841808424 0.45282556317990846 0.43632912946267466 0.450993891168908 0.4372238840402426 0.4425288732093291 0.4378563542900496 0.4362271791718574 0.43719401955736287 0.42911880712991535 0.433185086359285 0.4257567690193628 0.42935245451140724 0.4226433929105283 0.4231539617532678
5 0.46590987135266915 0.39725786210339564 0.46483935834665174 0.3936660792492222 0.46098742886935395 0.39173904565825496 0.45162531035922554 0.3898852305009478 0.44697444324059565 0.3900487673072471 0.43818551373304865 0.39651845682463704 0.42755004694111953 0.40953514804682206 0.42386440500904615 0.41980302789279866 0.4236761272801968 0.42434977757296616 0.42549293401781574 0.429107270122625 0.43202099214693324 0.43588211463589027 0.4350588109830699 0.4372886733250799 0.44834810851674645 0.4375981637160332 0.4562024665638426 0.43450951418332534 0.4668682793554299 0.42671491355922864 0.46799886890786835 0.42422429275703666 0.4665740983542247 0.421247638572358 0.4564430804759749 0.4184431919841346 0.45146799408292937 0.4161806556317459 0.44832457970088413 0.41302336470178913 0.4507817768977489 0.4089325422798951 0.46590987135266915 0.39725786210339564
5 0.5500212555913025 0.2941094052761226 0.549207452676589 0.3018522228006161 0.550187543136527 0.3063043187130666 0.5535721868835994 0.30992187229637497 0.5565647944466966 0.31175858751470314 0.5599568708304596 0.31255001753439815 0.5641704904920747 0.3110357988922572 0.5734644843661961 0.30527155641700104 0.5792985849469949 0.2993611187157577 0.5827507378771792 0.2940701450790873 0.581393784233095 0.2904482561007008 0.573169687912096 0.28327769657758817 0.5670940502398223 0.28046457919920875 0.563325110671913 0.2805033561135779 0.5579809014578595 0.28450819555791085 0.5500212555913025 0.2941094052761226
5 0.6375293321104115 0.31570176486261115 0.6291395636970828 0.31286287675509683 0.6221219219276675 0.31625692292501306 0.6189109983625104 0.3220081592150351 0.6200722416410546 0.33300292143720245 0.6250250301240279 0.34374382848043156 0.6273543338649119 0.3463806445086107 0.6328796958975715 0.34891847137399484 0.6408170438540562 0.34779563234662336 0.6483245769902167 0.34249598791979674 0.6519049311028293 0.33874066825932414 0.6530881645649982 0.33299376736438013 0.6519724402859411 0.32983214103934533 0.6544445027561874 0.32008907149022425 0.6538338428437048 0.3176328922073234 0.6515045391028208 0.31499607617914416 0.6463486076176166 0.3144541659433095 0.6375293321104115 0.31570176486261115
5 0.6034868765477001 0.2786358098470372 0.6044291883712893 0.28069193872501275 0.6092912465817358 0.28402986640024763 0.6255505460419896 0.28639115027409834 0.6372642662030744 0.2824034107687445 0.6416887692300586 0.2761273641818667 0.6422235641433961 0.2655283169695467 0.6315345302623939 0.25701141100567043 0.6217729429315996 0.2562028810469965 0.6132778866988102 0.25987655312498614 0.6049714159213175 0.26726676794907916 0.6037277981862799 0.2708327800741176 0.6034868765477001 0.2786358098470372
5 0.6888756095119517 0.26803964818179626 0.6839305613921166 0.2627359100012248 0.6793022999100067 0.26268436854295485 0.6771011973515506 0.2615832064909735 0.6716287869550689 0.26405239195910857 0.6596137608825358 0.27366227246747654 0.6586113725125254 0.27768854724586645 0.6608202154341195 0.28422687816050535 0.6650189698223531 0.28836490664559145 0.6704768226719006 0.2998112607309543 0.674962017698201 0.3039793953402534 0.6833517861115295 0.30681828344776785 0.6904901964266821 0.3077860148176629 0.6960908080055919 0.3068524833257257 0.6984575826563774 0.3036219739621087 0.6993165968441305 0.29544899990847673 0.7021203112254835 0.28530587995443024 0.6991990830270673 0.27727922194745197 0.6997454884851122 0.2748359280291185 0.6965568628300275 0.27210879362830026 0.6937150620858783 0.2715926541216006 0.6888756095119517 0.26803964818179626
5 0.6474683795424421 0.22389345201574878 0.6475665424516596 0.22847030782012928 0.6489913130053033 0.231446962004808 0.6618136325352018 0.24171026481437335 0.6691706665788618 0.2433533371021893 0.6755853887989327 0.2429402805120297 0.6800628434620947 0.24167124625867112 0.683552775028628 0.23877623965647565 0.6858139541335051 0.23379499805209153 0.6859793184993872 0.22120003421022214 0.6751998620723058 0.2135434413046228 0.6685513431238984 0.21067011167781727 0.6648050091925088 0.2104938103276171 0.6597772788897329 0.21148755406798037 0.6518324982965573 0.21543651665896535 0.6474683795424421 0.22389345201574878
5 0.6808147234717021 0.1904310778329165 0.6701637759534965 0.19257343132978616 0.6665004319314954 0.19436294048492245 0.6666512387504435 0.19568351619655105 0.6698398644055282 0.19841065059736937 0.6710082325943156 0.19831599682965223 0.6732923250621601 0.20138296938696998 0.6732774597887785 0.20703521651419682 0.675124304799608 0.20875150723567298 0.6789387633670045 0.21654586621843647 0.681335884017448 0.21853744745290787 0.6848787672201593 0.2206494531842314 0.6886024955150288 0.22104083279900083 0.6919115819894035 0.21986645231335938 0.6972557912034569 0.21586161286902636 0.6993813364892152 0.2121708408520578 0.6998634874928222 0.20482807373248996 0.6970291193853637 0.20148581066217686 0.6967953226570273 0.1981994244452117 0.6945112301891829 0.19513245188789402 0.687953133786855 0.1913988092028116 0.6808147234717021 0.1904310778329165
3 0.3285480576932721 0.6268041803828128 0.3244174279410457 0.6302842095302901 0.32015890473283853 0.6404918771278407 0.3237020956619972 0.6508671752854353 0.3239132867538138 0.6543686397669696 0.326370791677126 0.6585411097713467 0.3340672179950309 0.6652213005168947 0.3447485115128947 0.6683010376181133 0.3617841429779607 0.6687868293592668 0.368952591566324 0.6667133589009792 0.3806811770007903 0.6570733722683982 0.38670355531043843 0.6466161848869875 0.38769077068061986 0.6399788648095533 0.38046906272963116 0.6287820305080507 0.3671568518329873 0.6204243259553957 0.35979981778932724 0.6187812536675796 0.3516890573773749 0.6187985952478918 0.3425607355955829 0.6202311663075497 0.3285480576932721 0.6268041803828128
3 0.3549272496777151 0.5356365252932471 0.3544373583109698 0.5375421235501574 0.3454601510745734 0.5485585627477149 0.345686515166219 0.5546710725282933 0.3476993399958256 0.5603189842604424 0.3521318911123955 0.5677433989624934 0.3558029754975348 0.5713910586700148 0.35798147241947087 0.5727072989865654 0.36811249029772064 0.5755117455747887 0.3760876168905542 0.5767848735818922 0.3921735038953402 0.5780406600086835 0.40078158831072874 0.5732915966078476 0.40586196252323525 0.5690415727747323 0.4121556084711212 0.5560034462184904 0.4128941618395845 0.5517319870513182 0.4068634277139031 0.5402254207175291 0.3952472550091409 0.5322634311747215 0.38045019701243227 0.5270114760937533 0.36600770428979734 0.5294076847695612 0.35929910879496885 0.5326167587991213 0.3549272496777151 0.5356365252932471
3 0.5519334084981605 0.43021926358784207 0.5464910363748895 0.42964724722779446 0.5432723724465942 0.42996131465515885 0.5405135616118335 0.43141098565379565 0.5359082134926908 0.4394076583572274 0.53495103639572 0.4430037766064789 0.5355843019447225 0.44524487762481063 0.5402881206995302 0.4500883531520305 0.5472233880124521 0.46125508132932 0.5521910417688068 0.4663437412453223 0.5670333110385551 0.47116553979715203 0.5833830330448883 0.4726665106127256 0.5924661435536405 0.4716640960822063 0.5974334895835478 0.4684894635719375 0.5991143547756004 0.4662741332827406 0.6000489262360513 0.46289309329805856 0.5992422482315811 0.4595464948326674 0.590852172091805 0.4484443142988819 0.5858163936994432 0.4357375967503165 0.5827333635902667 0.43476119459026535 0.5575039818038598 0.4323269339240875 0.5519334084981605 0.43021926358784207