2 0.6733980867286629 0.8148324194363681 0.6779811369377332 0.8153141174237767 0.6807399477724939 0.8138644464251401 0.6876817245427639 0.7974151737600028 0.6880660203636009 0.7937588432623253 0.6857215436228878 0.7885109819351019 0.6777913205766464 0.7785444049725889 0.6622327958485071 0.7695156948970909 0.6513706572384848 0.7681565839124265 0.6441796030136017 0.7704451326352834 0.6398833011690457 0.7782568331983588 0.6382779932496908 0.7852640975565055 0.6402304338064287 0.7887311205187487 0.6472332103024624 0.7909893214760594 0.6512811578717479 0.7938067742495167 0.6550578378027955 0.7992051661978054 0.6733980867286629 0.8148324194363681
0 0.6301032030494509 0.48279589945753865 0.6267563379387273 0.4815743129087052 0.6216004064535232 0.4810324026728706 0.6195048994409758 0.4816819728616564 0.6141606902269221 0.4856868123059893 0.6120125393046442 0.4895926625875272 0.6108593441156858 0.4922983616542885 0.615495345960934 0.4977870719752161 0.6300963858656552 0.5021486078736943 0.6409130054761903 0.4956745829612263 0.6404153737463067 0.49214301235547897 0.6301032030494509 0.48279589945753865
0 0.5982020812252218 0.46117680257658256 0.6021366928854606 0.45680635424661514 0.6031691195286817 0.4497388776400425 0.6013900914274115 0.44737735212485863 0.5981110432262475 0.44551053078231745 0.5882664659860646 0.4427361903183071 0.5842336914166082 0.4425297828438938 0.5774195003758714 0.4439881246326868 0.5733114762601648 0.44725307551559484 0.5723468665265032 0.45367531732845967 0.5740806833547335 0.456466999372782 0.578678906563633 0.45955974265923477 0.5853500311485602 0.4622179940214709 0.5942296909286341 0.4631512838720749 0.5982020812252218 0.46117680257658256
0 0.37906909909959075 0.4822882032485807 0.379543817466507 0.4777715596926262 0.3776365881828088 0.47387438020124434 0.3723598881518672 0.4689706924255984 0.36753560857776957 0.4680287317848383 0.3617163732703522 0.4682869223588547 0.35862591052448506 0.470136643762417 0.3562365302371798 0.47358223139060324 0.3553397374130777 0.4793592384097603 0.35671929669368185 0.48276604912357746 0.35909381170760557 0.4849727086226182 0.3735892560664183 0.48758351228032915 0.3763706725376988 0.4859187630171231 0.37906909909959075 0.4822882032485807
0 0.37390635043059073 0.5010990014289016 0.37643879717370565 0.49353682064968646 0.37389830234100496 0.48739854013997297 0.368568958400333 0.48575113245707896 0.3584531135219122 0.4855577311678999 0.3563576065093647 0.48620730135668566 0.35282246366979186 0.4895324644880198 0.35212912157436815 0.4933737671260535 0.3531770289438657 0.4971806282447962 0.3580164815177924 0.5007336341846004 0.36134074099199603 0.5021702989980031 0.3684565456706289 0.5033531086324675 0.37390635043059073 0.5010990014289016
0 0.3241031503168517 0.4899932104240376 0.32227891094254196 0.48806184143799236 0.31556257508457514 0.48583374660489465 0.30921566977406373 0.4856015684013464 0.30290654309990117 0.4877653572322731 0.30001209844602156 0.49050549781832553 0.3013164081803754 0.4973836668894639 0.30439200565286106 0.5011861926131285 0.3159100154484057 0.5045713263515555 0.3199880012909017 0.5043475772968302 0.3247063775926436 0.495275513270552 0.3241031503168517 0.4899932104240376
0 0.3397465113130645 0.5505674855624985 0.3423845536020878 0.5447560370240503 0.3422185737833107 0.5408244160133776 0.3378916182126491 0.5351507335520937 0.327504197969543 0.5292749790114748 0.3240443046762205 0.5291287837854874 0.3177577836385777 0.5310774943518449 0.3133407132482844 0.5345274173751091 0.3125495159700906 0.5420551566350335 0.31313757024605343 0.5447264141825038 0.3147205802553359 0.5461975205151975 0.3213464935672235 0.5492859284065721 0.33560070856100893 0.5514364694109317 0.3397465113130645 0.5505674855624985
5 0.5057266586762055 0.4427590755003631 0.510241584249269 0.43562271585520823 0.510588101433757 0.42957041832305587 0.5065927977742021 0.4234966854568464 0.5023187938397183 0.4228300153290817 0.49409500524516686 0.42392274823224 0.4884039711201778 0.4257165927824542 0.479969299160257 0.43157115363034954 0.4789743434269373 0.432771304845126 0.47942676388378136 0.4367330319800119 0.4893094274867605 0.45016663190476824 0.4930105501451103 0.45077308978410696 0.5009553307382858 0.446824127193122 0.5057266586762055 0.4427590755003631
5 0.4869503931991134 0.45883431013104287 0.4885783067549879 0.451611967508327 0.4843944176401361 0.4418216918960141 0.4790799389728456 0.4345220370858932 0.4738410175782531 0.4320143163447222 0.46586589098541953 0.43074118833761865 0.4607251325000442 0.43281032340082826 0.4566774926572063 0.438256163053642 0.45493685864518013 0.4548171894254753 0.45642201347169253 0.4599747323800595 0.4723196227476292 0.4657772684870184 0.48076203507068815 0.46535987650178096 0.4838072865435158 0.4639403116273571 0.4869503931991134 0.45883431013104287
5 0.45488359928255473 0.44154688466568504 0.4559838428353352 0.4338341732654046 0.4538502494599913 0.42382448399344436 0.45086507453358493 0.4191616452115026 0.4405606441998673 0.41525170117621996 0.43352782943062296 0.4160347020470921 0.42767855584999503 0.41933409444929104 0.4272112701197696 0.4210246144416322 0.42920892194954724 0.42406148087473683 0.4374556239070661 0.43101696213328033 0.4478659575131395 0.44494093083560127 0.45174049262695715 0.4466528861619993 0.45488359928255473 0.44154688466568504
5 0.37088749171555496 0.19917271356576954 0.37394760846176406 0.19210090156411877 0.37746727057506035 0.17790140070746938 0.3687833211605266 0.16959523761308432 0.3655420515957114 0.17012438330501803 0.36100421265968075 0.16921252878847087 0.35547141799033033 0.1695008254867003 0.3503758707779948 0.1711398040207714 0.34472261528935466 0.1753296156054606 0.3398682974420464 0.17742885679288317 0.33582065759920837 0.18287469644569695 0.3375925607902352 0.19632563795076532 0.34311792282289477 0.19886346481614936 0.3519149004200276 0.20609423658768816 0.3541386086150034 0.20698032037510022 0.36050811956203466 0.20699742031407914 0.37088749171555496 0.19917271356576954
5 0.32615103144673074 0.22252231556010155 0.32067118841355835 0.22781762459185004 0.3232494618826079 0.23635187213603842 0.3267245281757595 0.23910911266106982 0.33870208333839136 0.23536655754449803 0.3466316909317378 0.22880654965446895 0.34946575131274865 0.22388552029851091 0.3512896829606109 0.21755359685828518 0.35010583404554696 0.206773912900687 0.3486584578553834 0.2040123369805776 0.3449421621972045 0.20079483380219476 0.3410902327199067 0.1988678002112274 0.3362207418727694 0.19835599609960583 0.3296025689240202 0.2007047570708888 0.31977316468366623 0.20054146190592265 0.31714255503133376 0.20352678688075737 0.31623058920740266 0.20669274860087028 0.31696201766562265 0.21351070542358258 0.3184772107653457 0.21562704654998416 0.3237009591601093 0.21552372199211103 0.32679163459215366 0.21918279051330786 0.32615103144673074 0.22252231556010155