5 0.4538955796048077 0.23196544069468938 0.4526930909214329 0.22754828482499295 0.44805225231498325 0.22143047436492327 0.44105659138808895 0.22132170881160335 0.43463279225147167 0.2252819513262095 0.42984575632552235 0.2305408799839709 0.42837667836680027 0.23664382995464744 0.4292495200466968 0.24285442121621864 0.43201281153078297 0.24596027897821685 0.44429284063905045 0.24641831659573224 0.4531044218352811 0.24496154130351 0.454334146757411 0.24129450168280187 0.4538955796048077 0.23196544069468938
5 0.40429673229265745 0.2784643892661701 0.40806472921921044 0.2783716084646684 0.41758146684339187 0.27572378832018574 0.4182378991001414 0.26383856372666703 0.42062281940954804 0.25804367713928184 0.4181877440538366 0.24899520708052422 0.40958398703013293 0.243652736798529 0.40317452145044497 0.24564547002037518 0.3990625439634845 0.24949919550651156 0.39736844652509945 0.25607054653439637 0.395058055750546 0.2603262404677506 0.3971161908066812 0.2646231430820093 0.39938644266065343 0.2745683308367042 0.4018344206981908 0.2775001146978172 0.40429673229265745 0.2784643892661701
5 0.44925614706756567 0.27345608548110995 0.4453935635488168 0.26045886060986434 0.4386960207613352 0.2541933244404206 0.4345668479672387 0.25171620540954787 0.43165449741344625 0.25168873295561156 0.42835230387825174 0.25302637925482113 0.4200681529264069 0.26030551358836485 0.41801287962047845 0.26430696478387533 0.4172489580897071 0.2692188699022913 0.41839411254536457 0.281506062943028 0.4207675610480487 0.2859770394581718 0.4244466948828193 0.2893909606034612 0.42971672950726314 0.29170774196041677 0.4439775023866061 0.2897035210364527 0.44925614706756567 0.27345608548110995
5 0.47701377129548017 0.27435954875159785 0.48053812256013095 0.2642551475854109 0.48370415970744496 0.25987920039661877 0.48266649452580934 0.2545653268309849 0.4773663619124034 0.25203438715466475 0.4693803290999713 0.2531567508720846 0.4641117253506308 0.25498914642001363 0.45707306375294865 0.2607829087449738 0.45414781051733016 0.2668721224886822 0.45485582869548774 0.27397943144619075 0.45773951213542163 0.2779419224856471 0.4614630775160835 0.279602492657541 0.46874395390056467 0.2796711737923816 0.4738477341481662 0.27873549594038993 0.47701377129548017 0.27435954875159785
5 0.8132082414496369 0.27209849036016154 0.8196306097111506 0.2639890709406709 0.8236179026169532 0.24683118146242272 0.8230747079405347 0.23882715480897665 0.818914006282373 0.23198670055385479 0.8077590745724201 0.22918665765029772 0.8007189820996345 0.23083124307037334 0.7943854769299031 0.235433960543073 0.788278422114938 0.24371745386344892 0.7864037367427813 0.24900385497514663 0.77848076165848 0.25885288914106463 0.7765014487625078 0.26546432458742875 0.778004917335502 0.2720230636507706 0.7817585807051259 0.273897792142029 0.7893246725471939 0.27392638885839016 0.7926426305144211 0.27477041017130527 0.8036313078475313 0.27431799386591527 0.8132082414496369 0.27209849036016154
4 0.6154106185785471 0.2760928069522982 0.6213385163348437 0.27067354062061966 0.6236790050983592 0.2666320050066299 0.6235414178353753 0.2594445272121627 0.6216337727240498 0.25621841619472663 0.6191413631406213 0.2550399833070093 0.6069516279992395 0.2552244206475874 0.5913722671059842 0.26440238313905057 0.5881761319697083 0.2685641720084781 0.5878923473872248 0.272753433331842 0.5893341891071918 0.27473467885157005 0.6012989047689105 0.2750186425682003 0.6074403501981477 0.2793968382818426 0.6105476222426411 0.278741751359206 0.6154106185785471 0.2760928069522982
4 0.6027779988533564 0.2979599309317158 0.6057175856459038 0.2899032078952474 0.6061647628550231 0.28066805197106165 0.6047372546919855 0.2767192971585735 0.5997524355251284 0.27436243138313865 0.5898745220334035 0.27444035169524705 0.5793072165457605 0.2778909844717405 0.5718930455236056 0.2830823562570864 0.5674213230442051 0.28851535881573304 0.5659966766313741 0.29286495781301397 0.5660884014733634 0.29765660967599217 0.5678154586509172 0.2995977707772409 0.5890288917863666 0.30360484328487686 0.5931122021594685 0.3036861363842605 0.5972700420674235 0.3022282368296132 0.6027779988533564 0.2979599309317158
4 0.6461020812927002 0.29580211790838506 0.6465205913879607 0.2905019805697194 0.6436068099590647 0.28632533121089854 0.6395679311318542 0.28449068713811937 0.6261771381822012 0.28440714551388563 0.6184763208273559 0.28548942481282624 0.6123520707052549 0.287442073616193 0.6083146227531475 0.2897566064482984 0.6039188606837037 0.2977995932577987 0.6038299975919211 0.3013062952045897 0.6114892451510818 0.3102757206888137 0.6200012773327963 0.31082653910783076 0.6293230934662768 0.30886127833992083 0.6385087532118767 0.30385771668242845 0.6461020812927002 0.29580211790838506
4 0.7472761774509747 0.274812988192502 0.7517650952375112 0.27571083015086445 0.7580713641684873 0.2791923081685693 0.7622134396444098 0.2755527410017974 0.7617304409459151 0.2679770309870804 0.7593268944542693 0.26329189615257204 0.7436644187755406 0.24911398986875882 0.7395954419593679 0.24706518747661513 0.7288934109589478 0.2516266962684105 0.7243012965236995 0.25620306554959904 0.7207009848490922 0.2636974824649324 0.7186629068502997 0.2740297781774519 0.7188305921022453 0.28143141429128365 0.7217286090991086 0.28342639603798 0.7280191135980522 0.28472620644356034 0.7369955182960217 0.2823727134554007 0.7413024172736834 0.2778364285926914 0.7472761774509747 0.274812988192502
4 0.7312266957351551 0.31375783281320924 0.7370198679786747 0.30944944249683265 0.7462786263840245 0.2987575112804246 0.746367489475807 0.29525080933363357 0.7390092218062658 0.2884229670430548 0.7340244026394088 0.2860661012676199 0.7203326298001363 0.28384097644974093 0.7095073450936618 0.279247498154309 0.7036224480081528 0.2787642366077075 0.6946761412991451 0.2813318879152316 0.6900539288749348 0.28569409887705566 0.6887195764289896 0.2906861728324302 0.6910055927149947 0.3028130281992497 0.6984541543514217 0.310283345447922 0.7033042480055016 0.31375108723865874 0.7085441846409835 0.31585371027624987 0.7156000415458018 0.31639079246829876 0.7312266957351551 0.31375783281320924
4 0.767507799145611 0.3484055297417906 0.7823991989180514 0.3467494566195971 0.788027547659832 0.3433377839991579 0.7917339177333579 0.33866750965404263 0.797508463794638 0.32387909791577235 0.7961253871774917 0.3181769921298886 0.7890064725445429 0.3089132394893416 0.7840216533776857 0.3065563737139067 0.7764698950925469 0.3045602677047854 0.7724467806973689 0.30490729124413074 0.7642815908262687 0.3088938819502481 0.7594343589223954 0.31372449396928037 0.7555488317902013 0.32125899530309304 0.7558354781228915 0.32536808778949833 0.7617074725265744 0.33196803553374443 0.7612903933064172 0.3414173497772948 0.7618622550966944 0.34548635784522086 0.7632439008387375 0.34703928672621986 0.767507799145611 0.3484055297417906
3 0.6975440355011506 0.32657198968416906 0.7033974037225943 0.3226919160065215 0.7057378924861097 0.31865038039253174 0.706081873046517 0.31488943570789696 0.6980485469379871 0.3094667965889432 0.6923571404680757 0.3041517987608843 0.6906444168474513 0.30024312836687533 0.6896497523366034 0.28902672692296144 0.6885834200411092 0.2876478719428476 0.6813469752025193 0.2858258398346115 0.668076574208714 0.2865989314878358 0.6612471676586621 0.28974262514346305 0.6588464829172228 0.29335584411872384 0.6591030312609512 0.29725077828576457 0.6707409616693984 0.30762653120403866 0.6769898963726575 0.3189780463927837 0.6800685013032923 0.322257978055667 0.6913595894011257 0.3280963218488068 0.6975440355011506 0.32657198968416906