3 0.5773006970678016 0.5800343748538805 0.583781476124132 0.5760967017316045 0.5874932834038079 0.5716885382126567 0.5902321189951454 0.5630659712993091 0.5875677018193193 0.5528054730332438 0.5838145033872212 0.5467914681736381 0.5743512769983559 0.5416518239788773 0.5685475805887522 0.5369990201998657 0.5643903097982165 0.5330758670183824 0.5659056733471359 0.5293967440708686 0.5621974947834575 0.5286991834853997 0.558268583231904 0.5296062441883992 0.5553387820188964 0.5322802063184501 0.5521544829166991 0.5325714565313667 0.5488580029625659 0.5362178794407261 0.5479264224266495 0.5424256444248797 0.5446898460240379 0.5476118985724934 0.5447722595097695 0.5518099519478159 0.5487501884648525 0.5677598947963208 0.5491956519757124 0.5760912114967518 0.5519384851021598 0.5790092038607719 0.5632089665464461 0.5817340461263388 0.573420434100665 0.5811521557266001 0.5773006970678016 0.5800343748538805
3 0.5285222165131953 0.5864128396564627 0.5392350535946857 0.5841615379180414 0.5447766258639923 0.579996794606968 0.5463032443800167 0.5776467827279884 0.5477510781263069 0.5659929933692694 0.5466582993349247 0.5586989274983611 0.5418722256629664 0.5469306880061016 0.5328130716325388 0.5397001921332181 0.5246408470887207 0.5375917703838288 0.5113162389509314 0.5413338533032725 0.504700769108455 0.5459684769849228 0.5053408269569825 0.5551426743642336 0.504001545346631 0.5685470151309268 0.5069952476462707 0.5789534435164978 0.5096407836038843 0.5814499955410779 0.5196540281044381 0.5851309485668761 0.5285222165131953 0.5864128396564627
2 0.5269216078759024 0.7958607580189014 0.5365794286024353 0.8018432828925421 0.5426412516172261 0.8037730744842712 0.5499603115757492 0.8047467553157691 0.5555617873965776 0.8021218432429501 0.5633371970139528 0.7961096684616287 0.5662183496425436 0.7932249861618578 0.5673557794832325 0.7891892129251181 0.5653012839706166 0.7790098547283444 0.5586480516917155 0.7681165859270245 0.5485037451210133 0.7600268593561837 0.5272349028592755 0.7498444510289362 0.523354639892139 0.7509622319016558 0.5216334270384471 0.7524693631017554 0.5173639753959751 0.7519013826167148 0.51316568227213 0.7542023444384627 0.5096520980461192 0.7543476645318737 0.5036352948997481 0.7577343172142814 0.5035082303647098 0.7648661029466066 0.5089677579673976 0.7731495896419952 0.5114452070566634 0.7890020424021313 0.5122123294402293 0.791044454049117 0.5143339859363618 0.7925521952753115 0.5269216078759024 0.7958607580189014
2 0.5905926467616144 0.6222438088741876 0.5998649075288094 0.6214348482856517 0.6075281362942484 0.6187778462007728 0.6155467888337082 0.6138192722680513 0.618465335079611 0.6098161990694663 0.6188991748042532 0.6001721213195784 0.6158081753357797 0.5893442525945675 0.6041408789650504 0.5784988137982896 0.5903820622835061 0.5752386910858369 0.5838787732929659 0.5765181420710445 0.5787038797647848 0.5797104246028094 0.5755907391812143 0.5828706171225144 0.5733420181500436 0.5884946616286452 0.5720924074574185 0.5958856075618273 0.5742442001388681 0.606486406098041 0.5802987657216641 0.6186276458986038 0.5869331167823528 0.6217569684584386 0.5905926467616144 0.6222438088741876
4 0.5122347798993091 0.622134118263924 0.5219971552266707 0.6183266352681711 0.5305095510422946 0.605263814823816 0.5280135895539291 0.5982936992039789 0.5242081138214167 0.59717469827907 0.5083203832117452 0.6026182825492563 0.4964737450055634 0.6037996334200004 0.4940079197025152 0.6059225751101829 0.4911717869423439 0.6141237016840904 0.4914375397986383 0.6178355246697589 0.49294927463156035 0.6192621258266617 0.49722998124113726 0.6211592173802363 0.5053049086161213 0.6228461987901859 0.5122347798993091 0.622134118263924
4 0.2274417073503297 0.7162935820602565 0.23812840578161293 0.7164897822891836 0.24504702209769577 0.7144485906943874 0.24852684142239193 0.7103159373953739 0.2503602351280201 0.7054536334988316 0.25087648833839393 0.7000076091242664 0.24789404100585916 0.6909302918072294 0.2431791258525275 0.6820309946217582 0.24011826256937127 0.6802961832067664 0.23673936912950633 0.6797445527408033 0.23363748351304076 0.6842338563290425 0.2315383369511182 0.6853843372399167 0.22376655604974038 0.6862907879168212 0.20926312691883991 0.683646475694451 0.2056635004911002 0.6846994665169562 0.20407734724266674 0.7021559305394662 0.20517012603404888 0.7094499964103743 0.2085602744410187 0.7113307379448719 0.21803838451298624 0.71269376910375 0.2274417073503297 0.7162935820602565
5 0.8403223918953033 0.25585450600136783 0.8539875401240111 0.253587464269964 0.8597124517638806 0.24893649056923645 0.8629490281664921 0.243750236421623 0.8647410307196981 0.22846576414652714 0.8672104847387436 0.221237098351928 0.866286161634822 0.2172334151272482 0.8678087826157362 0.20334284397090086 0.8618965340701941 0.19693948878391487 0.8561153475948 0.1949449071419714 0.851894544536745 0.19458764682665097 0.8440367214336384 0.1964017682326499 0.8351162557244669 0.20001488107776 0.8317224786014996 0.20323986364767924 0.8258853861096938 0.21124601004484952 0.8207667674170374 0.22108384791928531 0.8212721344794189 0.23095499585797033 0.8228924214482799 0.2341321484228474 0.8233527686422419 0.2386868520873957 0.8256541357929397 0.24481408702835267 0.8347245447904722 0.2533736939697703 0.8403223918953033 0.25585450600136783
5 0.8742144056183303 0.18499566926446867 0.8817654535318331 0.18569383987603238 0.8888300156011668 0.18428480879039627 0.8941395999154936 0.18039557569925715 0.898266734520712 0.17522567157072086 0.9048633231449761 0.16282710164758546 0.907186831410771 0.1549662753438264 0.9103743904098527 0.13292301764470835 0.9072946459084843 0.12342425998823155 0.9005067228434372 0.11322794174628577 0.891750715286616 0.10859087796025646 0.88509022557572 0.10790905736776998 0.8816739385185433 0.10847581780062092 0.8777076333496776 0.11050126940243463 0.874789087103775 0.11450434260101967 0.8684762592831732 0.13274131321947813 0.863317122708939 0.13779435124719078 0.8572516709781507 0.14097028375987844 0.8536033959659939 0.1418125544126636 0.8484771510222299 0.14521555711414852 0.8477063999226665 0.14827886957157962 0.8496149496820318 0.15782606725919343 0.8529528207885871 0.16460181272838761 0.8611664364848275 0.17713240285633058 0.868665207097916 0.18272557740259104 0.8742144056183303 0.18499566926446867
5 0.8434256933130897 0.14638177801800495 0.8476352414040399 0.1454099272647913 0.8639644379894612 0.13675710041766811 0.87036280356006 0.12862137392006953 0.8752566917297319 0.10884759805673445 0.8697710254768367 0.10301161332869416 0.8664966866378003 0.09266997499333751 0.8636079077581021 0.08911982212015732 0.85957044407061 0.08827633141518265 0.8536284281588629 0.08942620229996176 0.8381222599734196 0.09012071275495703 0.8316302259499843 0.09272927480869883 0.8265751395248466 0.09900121981697207 0.8201916576373499 0.10336033327868818 0.8171271656381964 0.10673124596811326 0.814683850269358 0.1115124097953641 0.8147662637550896 0.11571046317068653 0.8186392692902311 0.12480413050680066 0.8315939387900103 0.14378651585286656 0.8369111493554445 0.1463321179346785 0.8434256933130897 0.14638177801800495
5 0.80615767722797 0.17829069342095524 0.8132596329146159 0.17576327143650486 0.8212071269354488 0.16793575519699494 0.8312984185675114 0.14762791893896346 0.8304227440480068 0.14383495588400358 0.8197356767976107 0.12699247227329202 0.8159599684313029 0.11832024527661802 0.8124238742710824 0.11580734323296063 0.8051759728311859 0.11770260470825109 0.7986465451904383 0.12142955766080701 0.7903922759800015 0.13176936591787963 0.7858313016501407 0.14658334779630372 0.7845069037228918 0.15621107552711416 0.7874483287221169 0.17151250784738198 0.7936786074243682 0.17673268208533952 0.7979106654495279 0.17841905346919415 0.80615767722797 0.17829069342095524
5 0.7848641121173461 0.06557236266593236 0.7908587741486203 0.07617377122824087 0.7944435168932575 0.07889739344161821 0.7991395508283771 0.08003274438560441 0.8179273152848514 0.07946842405713257 0.822649487870178 0.07815627303377029 0.8362133413949417 0.06392723168555867 0.837960692898841 0.05997259851811063 0.8371485506468556 0.052613742596988276 0.8249835134648519 0.03833199103497646 0.8234267587635105 0.03158894560393675 0.8209384235262525 0.03105366515705068 0.8090656466698635 0.034682517995143325 0.8044218900351586 0.02865216311646037 0.7952131615354826 0.025895230838833737 0.7877931756921284 0.02960583377231263 0.7848408645449109 0.02962157376529504 0.772403185893731 0.03848573080823292 0.7680778282348475 0.047918478362305984 0.7696084442859821 0.05710902576069397 0.7720332472557208 0.06121019907374255 0.7752887048765448 0.06378789116761427 0.7848641121173461 0.06557236266593236
5 0.49505647573883327 0.8127613213927848 0.49796013830163377 0.8125348612300825 0.5024016743475637 0.8112875002569343 0.5054774213138221 0.8092456986360436 0.5094473551986848 0.8021145229298131 0.5122609780246462 0.791255174218837 0.511474974422868 0.7814488163303662 0.5092970430912112 0.7732955197615009 0.5056523967950518 0.7690320663098693 0.5030181158045431 0.7678646253538234 0.49595355373520944 0.7692736564394596 0.4891060959377532 0.774183790341044 0.48455237903988735 0.7787863240106347 0.47996126852470944 0.7845072485790393 0.47844590497579 0.7881863715265531 0.4802495313152136 0.7908772937017761 0.4806612299247588 0.7952212771966043 0.4857653337534259 0.8058063357398357 0.49036044180371396 0.8116259704487987 0.49505647573883327 0.8127613213927848
5 0.4872585561872483 0.8161152740370378 0.4889946527240426 0.8108315298010556 0.484059004582836 0.8035368539040528 0.47905582663900026 0.7882675115958447 0.4755309874458845 0.7870837206207215 0.47212595535581253 0.7889795921221067 0.4682420636726786 0.7952030970992429 0.4673856391904991 0.8158203636675527 0.4695185506537364 0.8186572159622812 0.47436053034210646 0.8204247274154277 0.4829255722772573 0.81911318641816 0.4872585561872483 0.8161152740370378
5 0.11216441903917333 0.9442175245179799 0.1331486272264044 0.9429241636180741 0.1404451772507177 0.9412396223125036 0.14669396835206855 0.9375774594101619 0.1501625327096598 0.9321156950426139 0.15048419158236587 0.9258267899891688 0.1463904530593494 0.9183377439415233 0.13677002595012838 0.9112368281690684 0.12476981573958823 0.9053511833577016 0.11782868948929563 0.9047341528154291 0.1104722359134603 0.9048788628827455 0.10776316768832753 0.9059482037243282 0.1041036377090659 0.9054613633085792 0.09695303343800335 0.9077780651233095 0.09091009164142512 0.9136122197730654 0.08778569609074975 0.9154433012242362 0.08580635663187078 0.9196734446116187 0.08393919802492797 0.9205484153025584 0.0859337899860219 0.9291879422610778 0.08832482805444607 0.929301782368524 0.09077576967439191 0.9309554537142242 0.09635873309612082 0.9372128787817043 0.10088268262778217 0.9401635711838789 0.11216441903917333 0.9442175245179799
5 0.26522130094761776 0.805674074164066 0.26919886108358804 0.8049777336307866 0.27246920238751426 0.8037788126887756 0.2757170337572306 0.7999216696096964 0.27634183910354315 0.7962261966431052 0.27438101204376386 0.7915740028901881 0.265306974330234 0.7881201200531873 0.251020649471211 0.7889769106467655 0.23998215598190442 0.7859765581612643 0.23641992317147667 0.7859111580849554 0.23446672236280489 0.7876937995049892 0.2365847501429399 0.7943072648356004 0.2441321693404454 0.8001111595515811 0.25649905829211117 0.8050243435836393 0.26522130094761776 0.805674074164066
5 0.14852152042702288 0.8379431793273294 0.1515486188088645 0.8356906575367187 0.1622160672028225 0.8114766281423759 0.16016157169020678 0.8012972699456021 0.1531380319541825 0.7964821860280074 0.14924651401994118 0.7962708558321927 0.13937195784064355 0.803433511524388 0.13372183343539806 0.8058477034274871 0.13018211055918005 0.8084405254882465 0.12476434292802722 0.8272254905531959 0.12712561363024671 0.834892556732407 0.1333932859498099 0.8389943400715503 0.13715011309790529 0.8399026208267394 0.14852152042702288 0.8379431793273294
5 0.2789234739745249 0.7856423581520634 0.2835930004403243 0.7725789276816135 0.2814898563432916 0.7621888493151199 0.27705194901335917 0.758330486183851 0.2718806842011755 0.7564170446111989 0.26757383894139164 0.7569674550249728 0.2584213852772403 0.760856078090017 0.2558096142209413 0.7623468592710395 0.2535383832555608 0.7653126816401019 0.25436540919064854 0.7688949245253417 0.25820464982447555 0.7740012586558531 0.2627362256072444 0.7833867862309788 0.2644312998107293 0.7843271569982274 0.2640871310038134 0.7879578399146043 0.27191881545671304 0.7885912204759539 0.27584772700826643 0.7876841597729544 0.2789234739745249 0.7856423581520634
5 0.19187928279757413 0.7171794125354207 0.19841996540542653 0.7147815706513988 0.20366964616823163 0.7093525063220056 0.2053643515526038 0.6936465937074698 0.20523691819845274 0.6841320960580106 0.20000574983474725 0.6806788232471045 0.19366329028056 0.6788138217055895 0.18986906951515248 0.6790239318492148 0.18384101140167655 0.6810814734630882 0.17816474834622392 0.6859431673335357 0.17492817194361246 0.6911294214811492 0.17199474201460738 0.6989091077156169 0.1735402417488441 0.7043230420781224 0.17782857460952833 0.712654968804648 0.18348632526588132 0.7166756120744997 0.19187928279757413 0.7171794125354207
5 0.2578059908024689 0.68264924521622 0.27563203853770984 0.6791996325618823 0.28157768316545423 0.6729440375726863 0.2818804608199479 0.6588911862777559 0.27934347699827305 0.65814518566115 0.2774051598727035 0.6561512140453014 0.2738429270622758 0.6560858139689925 0.2665126121366477 0.6537830220689602 0.25669033325776425 0.6560506738264589 0.24641533343602626 0.6601984570923601 0.2444359939771473 0.6644286004797425 0.24365035919448172 0.6712685259730561 0.24139038319620615 0.6755634594106527 0.24221740913129386 0.6791457022958926 0.24386383475036183 0.6798753528934213 0.251220288326197 0.6797306428261051 0.25541495273404474 0.682535405108774 0.2578059908024689 0.68264924521622
5 0.15835136608188385 0.6705418048205202 0.16624658280230262 0.667609292515707 0.1700818259010195 0.6611750673688508 0.1759639382612447 0.6584853652458175 0.17835497632966874 0.6585992053532634 0.17793565146901616 0.6478203866854843 0.17526760557719273 0.6426656125238357 0.17645368400229858 0.6388405594568162 0.17914024229322162 0.6351129964781653 0.17843665217717491 0.629504691965017 0.16955720880131275 0.6268936898068962 0.16693418277790886 0.6270553599193844 0.15187347810332522 0.6360811870748104 0.149235568396819 0.6400194702231813 0.1436867386955176 0.6543956617430882 0.1426952546080794 0.6590635954889876 0.14380291708256382 0.6625810483240133 0.14887325600991633 0.669178773661642 0.15277602891126252 0.6707192149259908 0.15835136608188385 0.6705418048205202
5 0.24551241380897623 0.6089141458593954 0.24808679124796318 0.608541755577187 0.25186975704626574 0.6070025343650276 0.2532616847761442 0.6053494730454222 0.2548554642756852 0.5943278441958632 0.254395117081723 0.5897731405313149 0.24910404516649579 0.5847800364821547 0.2468887202175269 0.5777451308121033 0.24486436089022842 0.576658829925349 0.23412901387452828 0.576251909526702 0.22735634331169624 0.5789252616306582 0.222278746952349 0.5825389845018629 0.21745564848219137 0.588535419290202 0.2195961861965361 0.5978071067578815 0.22488725811176336 0.6028002108070418 0.23786406872663948 0.6077945349083915 0.24551241380897623 0.6089141458593954
5 0.18660414154765742 0.5867799876734698 0.19120287831394284 0.587493898278016 0.20036658694519907 0.5849343862815057 0.20389505485431214 0.5810124531522123 0.20795103094090392 0.5729736067168877 0.20706010391918422 0.556310973316026 0.20357628705937794 0.5489030673376718 0.19460317523067933 0.5407649007356942 0.1897125469578923 0.538786669112828 0.18708952093448844 0.5389483392253162 0.17100719598714928 0.5435490428166225 0.16836928628064318 0.5474873259649933 0.16760979014818478 0.5518797494909585 0.1674228220616245 0.5574717039850297 0.16912552251621693 0.5648469099252292 0.17294987946694174 0.5737298570916234 0.18227478635366373 0.5846721759501751 0.18660414154765742 0.5867799876734698