3 0.5322580645161291 0.42301038062283747 0.5319700460829493 0.43944636678200694 0.5328341013824885 0.44355536332179935 0.5371543778801844 0.4478806228373703 0.5394585253456221 0.45371972318339104 0.5434907834101382 0.4565311418685122 0.5466589861751152 0.456098615916955 0.5501152073732719 0.458044982698962 0.554147465437788 0.458044982698962 0.5576036866359447 0.4565311418685122 0.5552995391705069 0.45328719723183397 0.5584677419354839 0.4485294117647059 0.5630760368663594 0.44269031141868515 0.5711405529953917 0.4355536332179931 0.5734447004608295 0.4288494809688582 0.5737327188940092 0.41825259515570934 0.5691244239631337 0.41046712802768165 0.5645161290322581 0.4070069204152249 0.557315668202765 0.4046280276816609 0.5532834101382489 0.4044117647058824 0.5432027649769585 0.4061418685121107 0.5328341013824885 0.41133217993079585 0.5308179723502304 0.4147923875432526 0.5322580645161291 0.42301038062283747
3 0.49279953917050695 0.44506920415224915 0.4942396313364055 0.45415224913494817 0.5017281105990784 0.4571799307958478 0.5155529953917051 0.4578287197231834 0.5230414746543779 0.4539359861591696 0.530241935483871 0.4448529411764707 0.5322580645161291 0.43230968858131497 0.5316820276497696 0.4249567474048443 0.5276497695852534 0.4139273356401384 0.5256336405529953 0.41198096885813157 0.5192972350230415 0.40916955017301043 0.508352534562212 0.40938581314878897 0.5 0.4126297577854672 0.49107142857142855 0.41846885813148793 0.48905529953917054 0.42149653979238755 0.4884792626728111 0.43230968858131497 0.49279953917050695 0.44506920415224915
2 0.4438364055299539 0.24113321799307957 0.4455645161290323 0.2480536332179931 0.4521889400921659 0.25 0.4556451612903226 0.2493512110726644 0.4602534562211981 0.25064878892733566 0.4642857142857143 0.2491349480968858 0.4663018433179723 0.2502162629757786 0.47033410138248855 0.2504325259515571 0.4887672811059908 0.23572664359861592 0.496831797235023 0.22556228373702422 0.5008640552995391 0.21345155709342561 0.5005760368663594 0.20307093425605535 0.4985599078341014 0.19939446366782007 0.49510368663594473 0.19723183391003463 0.48617511520737333 0.19312283737024222 0.4801267281105991 0.19182525951557095 0.47321428571428575 0.19442041522491352 0.467741935483871 0.19766435986159173 0.4596774193548387 0.20566608996539792 0.4481566820276498 0.21172145328719724 0.44642857142857145 0.21366782006920415 0.44614055299539174 0.21583044982698962 0.4472926267281106 0.23183391003460208 0.4438364055299539 0.24113321799307957
2 0.5515552995391706 0.39727508650519033 0.5550115207373272 0.4022491349480969 0.5587557603686636 0.4046280276816609 0.5645161290322581 0.40657439446366783 0.5711405529953917 0.4063581314878893 0.5838133640552996 0.40008650519031147 0.592741935483871 0.3868944636678201 0.5933179723502304 0.37564878892733566 0.5907258064516129 0.36634948096885817 0.5869815668202765 0.36310553633217996 0.5780529953917051 0.3600778546712803 0.5699884792626728 0.35921280276816614 0.5607718894009217 0.3605103806228374 0.557315668202765 0.3618079584775087 0.5515552995391706 0.36634948096885817 0.5483870967741936 0.37954152249134954 0.5486751152073733 0.39035467128027684 0.5515552995391706 0.39727508650519033
4 0.4657258064516129 0.3907871972318339 0.47033410138248855 0.39814013840830453 0.47321428571428575 0.39965397923875434 0.48502304147465436 0.39814013840830453 0.5017281105990784 0.39987024221453293 0.5051843317972351 0.39792387543252594 0.5060483870967742 0.3905709342560554 0.494815668202765 0.379757785467128 0.48444700460829493 0.3782439446366782 0.4775345622119816 0.3791089965397924 0.47004608294930883 0.38256920415224915 0.4663018433179723 0.3853806228373703 0.46514976958525345 0.38711072664359863 0.4657258064516129 0.3907871972318339
4 0.1716589861751152 0.38624567474048443 0.17540322580645162 0.386461937716263 0.18894009216589863 0.3806228373702422 0.19671658986175117 0.379757785467128 0.19902073732718895 0.3804065743944637 0.20305299539170507 0.38408304498269896 0.20622119815668202 0.3827854671280277 0.20881336405529954 0.3804065743944637 0.21140552995391704 0.3706747404844291 0.21226958525345624 0.361159169550173 0.2105414746543779 0.35596885813148793 0.20766129032258066 0.351643598615917 0.2033410138248848 0.3483996539792388 0.1961405529953917 0.3479671280276817 0.18577188940092165 0.35056228373702425 0.1774193548387097 0.35618512110726647 0.16849078341013826 0.3596453287197232 0.16561059907834103 0.36224048442906576 0.16618663594470046 0.3695934256055363 0.1716589861751152 0.38624567474048443
5 0.8735599078341014 0.6898788927335641 0.8752880184331797 0.6996107266435987 0.8824884792626728 0.708044982698962 0.8899769585253458 0.7145328719723184 0.8940092165898618 0.7169117647058825 0.9035138248847927 0.7184256055363323 0.911578341013825 0.7184256055363323 0.9156105990783411 0.717128027681661 0.9207949308755762 0.7138840830449827 0.9251152073732719 0.7063148788927336 0.9205069124423962 0.6931228373702423 0.9205069124423962 0.6890138408304499 0.9164746543778802 0.6825259515570935 0.9112903225806452 0.6680363321799309 0.9069700460829493 0.6637110726643599 0.9003456221198156 0.6604671280276817 0.886520737327189 0.661332179930796 0.8816244239631337 0.6650086505190311 0.8747119815668203 0.6753892733564014 0.8738479262672811 0.6818771626297578 0.8744239631336406 0.6864186851211074 0.8735599078341014 0.6898788927335641
5 0.9179147465437788 0.7644896193771628 0.9193548387096774 0.7673010380622838 0.9251152073732719 0.7694636678200693 0.9288594470046083 0.7694636678200693 0.935483870967742 0.7711937716262977 0.9416474654377881 0.7749567474048444 0.9519009216589863 0.7913062283737025 0.9556451612903226 0.7945501730103807 0.9599654377880185 0.7956314878892734 0.963421658986175 0.7954152249134949 0.969758064516129 0.7932525951557095 0.9772465437788019 0.786764705882353 0.9815668202764977 0.77530276816609 0.9824308755760368 0.7653546712802769 0.9743663594470047 0.7445934256055364 0.9703341013824884 0.7374567474048443 0.9611175115207373 0.7268598615916956 0.9559331797235023 0.7227508650519032 0.9498847926267281 0.7201557093425606 0.9426843317972351 0.7203719723183392 0.935483870967742 0.7227508650519032 0.9305875576036866 0.7262110726643599 0.9245391705069125 0.7333477508650519 0.9193548387096774 0.7474048442906576 0.9176267281105991 0.7547577854671281 0.9179147465437788 0.7644896193771628
5 0.8940092165898618 0.807742214532872 0.8974654377880185 0.8118512110726644 0.9012096774193548 0.814446366782007 0.9084101382488481 0.8172577854671281 0.9147465437788019 0.8222318339100347 0.9216589861751153 0.8233131487889274 0.9369239631336406 0.8205017301038063 0.9429723502304148 0.8202854671280277 0.9467165898617512 0.8185553633217995 0.9487327188940092 0.814446366782007 0.9495967741935484 0.8036332179930797 0.9536290322580646 0.7967128027681661 0.9444124423963134 0.7785467128027682 0.9363479262672811 0.7720588235294119 0.9184907834101382 0.7673010380622838 0.9141705069124424 0.7673010380622838 0.9078341013824884 0.7688148788927336 0.903225806451613 0.7724913494809689 0.8948732718894009 0.7939013840830451 0.8931451612903226 0.8036332179930797 0.8940092165898618 0.807742214532872
5 0.8580069124423962 0.780060553633218 0.8657834101382489 0.7934688581314879 0.8761520737327189 0.8016868512110727 0.8833525345622121 0.8038494809688581 0.8908410138248849 0.8040657439446367 0.893721198156682 0.8008217993079585 0.8954493087557603 0.791522491349481 0.9020737327188941 0.7727076124567475 0.9020737327188941 0.7688148788927336 0.8876728110599078 0.7512975778546713 0.8781682027649771 0.7454584775086506 0.870679723502304 0.7445934256055364 0.8626152073732719 0.7463235294117647 0.8588709677419356 0.7489186851211074 0.8539746543778802 0.7554065743944637 0.8545506912442397 0.7709775086505191 0.8580069124423962 0.780060553633218
5 0.8692396313364055 0.8884083044982699 0.8833525345622121 0.8942474048442908 0.8862327188940092 0.893598615916955 0.8942972350230415 0.895544982698962 0.9026497695852536 0.890787197231834 0.9058179723502304 0.8838667820069205 0.9182027649769585 0.8847318339100347 0.9205069124423962 0.8836505190311419 0.9205069124423962 0.8767301038062284 0.929147465437788 0.8600778546712803 0.9282834101382489 0.8527249134948098 0.9256912442396313 0.849264705882353 0.9092741935483872 0.8384515570934257 0.9043778801843319 0.8382352941176471 0.8859447004608295 0.8419117647058825 0.8816244239631337 0.8440743944636679 0.8787442396313365 0.8475346020761247 0.8752880184331797 0.8592128027681663 0.8663594470046083 0.8631055363321799 0.8637672811059908 0.8663494809688583 0.8623271889400922 0.8708910034602078 0.8629032258064516 0.8801903114186851 0.8692396313364055 0.8884083044982699
5 0.41417050691244245 0.2240484429065744 0.41647465437788017 0.2272923875432526 0.42223502304147464 0.23183391003460208 0.4277073732718894 0.23529411764705882 0.435483870967742 0.23853806228373706 0.44268433179723504 0.2383217993079585 0.4449884792626729 0.23659169550173012 0.4475806451612903 0.23161764705882354 0.4478686635944701 0.22318339100346024 0.44642857142857145 0.21345155709342561 0.4412442396313364 0.20350346020761245 0.4357718894009217 0.19744809688581316 0.432315668202765 0.1961505190311419 0.4277073732718894 0.19593425605536335 0.4248271889400922 0.19636678200692043 0.42050691244239635 0.1985294117647059 0.4173387096774194 0.20523356401384082 0.4147465437788019 0.21669550173010382 0.4153225806451613 0.22102076124567477 0.41417050691244245 0.2240484429065744
5 0.40264976958525345 0.21950692041522496 0.40783410138248855 0.22469723183391005 0.4115783410138249 0.22577854671280279 0.4147465437788019 0.22383217993079585 0.41618663594470046 0.2078287197231834 0.4193548387096774 0.19961072664359863 0.41647465437788017 0.19485294117647062 0.4115783410138249 0.19290657439446368 0.40293778801843316 0.19355536332179932 0.3986175115207373 0.19636678200692043 0.39717741935483875 0.19961072664359863 0.40264976958525345 0.21950692041522496
5 0.002304147465437788 0.17430795847750866 0 0.1749567474048443 0 0.18382352941176472 0.0020161290322580645 0.18425605536332182 0.0048963133640553 0.18793252595155713 0.008352534562211982 0.18901384083044986 0.015552995391705068 0.19333910034602078 0.02304147465437788 0.19398788927335642 0.026497695852534565 0.19269031141868515 0.029377880184331802 0.19312283737024222 0.036578341013824886 0.1916089965397924 0.043202764976958526 0.18944636678200694 0.05357142857142857 0.1810121107266436 0.061347926267281104 0.17192906574394465 0.06365207373271889 0.16371107266435986 0.061923963133640555 0.15765570934256057 0.05731566820276498 0.1531141868512111 0.05040322580645161 0.15095155709342561 0.0429147465437788 0.15095155709342561 0.02217741935483871 0.15441176470588236 0.012096774193548387 0.16089965397923878 0.008352534562211982 0.1647923875432526 0.004320276497695853 0.17214532871972318 0.002304147465437788 0.17430795847750866
5 0.1788594470046083 0.2807093425605537 0.18231566820276499 0.2798442906574395 0.19239631336405533 0.2744377162629758 0.20650921658986174 0.2720588235294118 0.21457373271889404 0.2666522491349481 0.2154377880184332 0.26167820069204156 0.21399769585253456 0.2582179930795848 0.20996543778801846 0.25519031141868515 0.20650921658986174 0.254757785467128 0.20247695852534564 0.2549740484429066 0.19412442396313365 0.25756920415224915 0.18317972350230416 0.2651384083044983 0.17713133640552997 0.27249134948096887 0.1765552995391705 0.27941176470588236 0.1788594470046083 0.2807093425605537
5 0.07027649769585254 0.28265570934256057 0.07430875576036866 0.28438581314878897 0.08035714285714286 0.2854671280276817 0.09158986175115208 0.2902249134948097 0.09533410138248848 0.289143598615917 0.10109447004608296 0.28287197231833916 0.10080645161290322 0.27249134948096887 0.08496543778801843 0.2512975778546713 0.08150921658986175 0.24978373702422146 0.0699884792626728 0.2504325259515571 0.06653225806451614 0.2521626297577855 0.061347926267281104 0.25756920415224915 0.060771889400921666 0.2655709342560554 0.07027649769585254 0.28265570934256057
5 0.20506912442396313 0.2772491349480969 0.20276497695852536 0.2874134948096886 0.20017281105990783 0.29325259515570934 0.20017281105990783 0.2969290657439446 0.20305299539170507 0.2993079584775087 0.2059331797235023 0.3001730103806229 0.2157258064516129 0.30190311418685123 0.22004608294930877 0.30147058823529416 0.22465437788018433 0.2984429065743945 0.22811059907834103 0.29368512110726647 0.2278225806451613 0.28308823529411764 0.2203341013824885 0.27141003460207613 0.2168778801843318 0.27011245674740486 0.21284562211981567 0.27011245674740486 0.20535714285714288 0.27249134948096887 0.20650921658986174 0.2759515570934256 0.20506912442396313 0.2772491349480969
5 0.14026497695852536 0.3868944636678201 0.1445852534562212 0.39121972318339104 0.15120967741935484 0.3946799307958478 0.15754608294930877 0.39532871972318345 0.16129032258064518 0.3946799307958478 0.16705069124423963 0.3914359861591696 0.1713709677419355 0.3868944636678201 0.16935483870967744 0.3775951557093426 0.1641705069124424 0.3626730103806229 0.1578341013824885 0.3585640138408305 0.1509216589861751 0.35769896193771633 0.14285714285714285 0.3600778546712803 0.1382488479262673 0.36526816608996543 0.1359447004608295 0.3743512110726644 0.13565668202764977 0.3799740484429066 0.14026497695852536 0.3868944636678201
5 0.20852534562211983 0.38711072664359863 0.2116935483870968 0.3907871972318339 0.21399769585253456 0.39727508650519033 0.2168778801843318 0.40095155709342567 0.2278225806451613 0.40268166089965407 0.2379032258064516 0.40268166089965407 0.24452764976958527 0.39878892733564014 0.24798387096774194 0.39792387543252594 0.24942396313364057 0.395544982698962 0.25172811059907835 0.39424740484429066 0.24827188940092165 0.3806228373702422 0.24107142857142855 0.37586505190311426 0.222926267281106 0.37651384083044986 0.2206221198156682 0.37716262975778553 0.2171658986175115 0.3808391003460208 0.20996543778801846 0.3823529411764706 0.20852534562211983 0.38343425605536335 0.20852534562211983 0.38711072664359863
5 0.11808755760368664 0.42971453287197237 0.12672811059907835 0.44247404844290666 0.13018433179723504 0.4457179930795848 0.14688940092165897 0.45112456747404844 0.14948156682027652 0.4506920415224914 0.15754608294930877 0.4461505190311419 0.15697004608294932 0.44052768166089973 0.15351382488479265 0.4375 0.15149769585253456 0.43403979238754326 0.1529377880184332 0.42841695501730104 0.1509216589861751 0.4178200692041523 0.14861751152073732 0.41846885813148793 0.14228110599078342 0.4171712802768166 0.1370967741935484 0.411764705882353 0.1287442396313364 0.41068339100346024 0.12327188940092167 0.411764705882353 0.11981566820276499 0.414143598615917 0.11635944700460829 0.42171280276816614 0.11607142857142858 0.4253892733564014 0.11808755760368664 0.42971453287197237
5 0.2108294930875576 0.48205017301038067 0.21658986175115208 0.4844290657439447 0.22379032258064516 0.48551038062283747 0.2341589861751152 0.48269896193771633 0.23588709677419356 0.4811851211072665 0.23646313364055302 0.47383217993079585 0.24049539170506912 0.4677768166089966 0.2399193548387097 0.4632352941176471 0.23588709677419356 0.45285467128027684 0.2341589861751152 0.45155709342560557 0.23012672811059906 0.45090830449826996 0.2275345622119816 0.45112456747404844 0.2203341013824885 0.4539359861591696 0.20881336405529954 0.46172145328719727 0.20478110599078342 0.4677768166089966 0.20478110599078342 0.4772923875432526 0.2108294930875576 0.48205017301038067
5 0.16445852534562214 0.5242214532871973 0.16618663594470046 0.5283304498269896 0.16964285714285715 0.5315743944636678 0.1863479262672811 0.5324394463667821 0.18894009216589863 0.532006920415225 0.19326036866359447 0.5289792387543253 0.20017281105990783 0.5190311418685122 0.20190092165898615 0.5110294117647058 0.19902073732718895 0.4945934256055364 0.19326036866359447 0.4876730103806229 0.18894009216589863 0.48464532871972327 0.17943548387096775 0.48421280276816614 0.17511520737327188 0.4859429065743945 0.1713709677419355 0.4889705882352942 0.16474654377880185 0.5017301038062284 0.1630184331797235 0.5112456747404844 0.1630184331797235 0.5188148788927336 0.16445852534562214 0.5242214532871973