5 0.2180299539170507 0.25367647058823534 0.22724654377880188 0.2549740484429066 0.2341589861751152 0.25756920415224915 0.24107142857142855 0.2571366782006921 0.24481566820276499 0.2556228373702422 0.2537442396313364 0.24286332179930797 0.2560483870967742 0.2378892733564014 0.2537442396313364 0.23118512110726647 0.24855990783410137 0.22621107266435989 0.2436635944700461 0.22339965397923875 0.23819124423963137 0.22166955017301038 0.2275345622119816 0.22318339100346024 0.22148617511520738 0.22642733564013842 0.21745391705069123 0.23118512110726647 0.21514976958525348 0.2374567474048443 0.21514976958525348 0.25151384083044986 0.2180299539170507 0.25367647058823534
5 0.25518433179723504 0.3073096885813149 0.26180875576036866 0.3064446366782007 0.2692972350230415 0.30666089965397925 0.2733294930875576 0.3055795847750865 0.28456221198156684 0.29563148788927335 0.2865783410138249 0.2897923875432526 0.2839861751152074 0.2858996539792388 0.2836981566820277 0.28308823529411764 0.28168202764976963 0.28092560553633217 0.27592165898617516 0.2781141868512111 0.26555299539170507 0.27789792387543255 0.2620967741935484 0.2791955017301038 0.25806451612903225 0.28265570934256057 0.25259216589861755 0.2897923875432526 0.2511520737327189 0.29368512110726647 0.2508640552995392 0.3010380622837371 0.25518433179723504 0.3073096885813149
5 0.29809907834101385 0.3345588235294118 0.30414746543778803 0.3421280276816609 0.3101958525345622 0.34515570934256057 0.3125 0.34515570934256057 0.3289170506912443 0.33888408304498274 0.33122119815668205 0.33499134948096887 0.33294930875576034 0.32158304498269896 0.3326612903225806 0.317257785467128 0.3300691244239632 0.31358131487889274 0.32258064516129037 0.3090397923875433 0.31682027649769584 0.3081747404844291 0.3064516129032258 0.3105536332179931 0.3024193548387097 0.3127162629757786 0.29838709677419356 0.31769031141868515 0.29723502304147464 0.3207179930795848 0.29809907834101385 0.3345588235294118
5 0.3418778801843318 0.30363321799307963 0.3588709677419355 0.3073096885813149 0.3652073732718894 0.30601211072664364 0.3689516129032258 0.3025519031141869 0.3709677419354839 0.29649653979238755 0.3695276497695853 0.2902249134948097 0.36031105990783413 0.2789792387543253 0.3557027649769585 0.2768166089965398 0.3487903225806452 0.27551903114186854 0.33813364055299544 0.2791955017301038 0.3366935483870968 0.28287197231833916 0.33496543778801846 0.29325259515570934 0.3418778801843318 0.30363321799307963
5 0.3303571428571429 0.3406141868512111 0.3358294930875576 0.34515570934256057 0.3418778801843318 0.3522923875432526 0.3482142857142857 0.35380622837370246 0.35195852534562216 0.3527249134948097 0.36146313364055305 0.34537197231833916 0.36146313364055305 0.3416955017301038 0.3597350230414747 0.3382352941176471 0.35627880184331795 0.33477508650519033 0.35599078341013823 0.333044982698962 0.35599078341013823 0.3282871972318339 0.3591589861751152 0.3213667820069205 0.3580069124423963 0.31444636678200694 0.3490783410138249 0.3120674740484429 0.3418778801843318 0.31250000000000006 0.3392857142857143 0.31401384083044986 0.3389976958525346 0.31653698096885813 0.334389400921659 0.32396193771626297 0.3300691244239632 0.33542387543252594 0.3294930875576037 0.3386678200692042 0.3303571428571429 0.3406141868512111
5 0.31394009216589863 0.36613321799307963 0.31797235023041476 0.3698096885813149 0.32776497695852536 0.37326989619377166 0.33381336405529954 0.3728373702422146 0.3418778801843318 0.36613321799307963 0.34389400921658986 0.3624567474048443 0.34389400921658986 0.35748269896193774 0.3358294930875576 0.3462370242214533 0.33150921658986177 0.342560553633218 0.320852534562212 0.3447231833910035 0.31710829493087556 0.34666955017301043 0.3122119815668203 0.35575259515570934 0.31192396313364057 0.3605103806228374 0.31394009216589863 0.36613321799307963
5 0.4006336405529954 0.3280709342560554 0.4115783410138249 0.34602076124567477 0.42194700460829493 0.3423442906574395 0.4262672811059908 0.3393166089965398 0.4291474654377881 0.33434256055363326 0.4291474654377881 0.3282871972318339 0.4254032258064516 0.3222318339100346 0.42252304147465436 0.3202854671280277 0.41071428571428575 0.319204152249135 0.4055299539170507 0.3211505190311419 0.40264976958525345 0.3267733564013841 0.4006336405529954 0.3280709342560554
5 0.5777649769585254 0.34558823529411764 0.5826612903225807 0.3503460207612457 0.5887096774193549 0.354022491349481 0.5953341013824885 0.35661764705882354 0.6123271889400922 0.3527249134948097 0.6169354838709677 0.3496972318339101 0.6177995391705069 0.34537197231833916 0.616647465437788 0.34191176470588236 0.6022465437788018 0.32158304498269896 0.5982142857142858 0.3179065743944637 0.5924539170506913 0.3155276816608997 0.5815092165898618 0.31617647058823534 0.5760368663594471 0.3183391003460208 0.5743087557603687 0.32006920415224915 0.5734447004608295 0.32309688581314877 0.574020737327189 0.33628892733564014 0.5777649769585254 0.34558823529411764
5 0.646889400921659 0.3282871972318339 0.6454493087557605 0.33196366782006925 0.6419930875576038 0.33499134948096887 0.6425691244239632 0.3386678200692042 0.6471774193548387 0.34364186851211076 0.6546658986175116 0.34429065743944637 0.6595622119815668 0.34558823529411764 0.6610023041474655 0.34688581314878897 0.6633064516129032 0.34666955017301043 0.6682027649769585 0.3507785467128028 0.6716589861751152 0.3486159169550173 0.6690668202764977 0.34602076124567477 0.6690668202764977 0.33801903114186854 0.6702188940092166 0.33499134948096887 0.665610599078341 0.3198529411764706 0.6630184331797235 0.31401384083044986 0.6549539170506913 0.30384948096885817 0.6509216589861752 0.3040657439446367 0.6491935483870968 0.3073096885813149 0.6466013824884793 0.319204152249135 0.646889400921659 0.3282871972318339
1 0.5512672811059909 0.40008650519031147 0.55213133640553 0.4044117647058824 0.5504032258064516 0.40830449826989623 0.5518433179723503 0.41306228373702425 0.5532834101382489 0.4152249134948097 0.560483870967742 0.41955017301038067 0.5570276497695852 0.4225778546712803 0.5492511520737328 0.42301038062283747 0.5432027649769585 0.4249567474048443 0.5423387096774194 0.4288494809688582 0.5449308755760369 0.4329584775086506 0.5567396313364055 0.4372837370242215 0.5599078341013825 0.4392301038062284 0.574020737327189 0.4431228373702423 0.5783410138248848 0.4431228373702423 0.5855414746543779 0.43944636678200694 0.5913018433179723 0.43944636678200694 0.6016705069124424 0.4320934256055364 0.6048387096774194 0.4249567474048443 0.6126152073732719 0.4227941176470589 0.6206797235023042 0.41825259515570934 0.6209677419354839 0.4150086505190312 0.6177995391705069 0.4108996539792388 0.6189516129032258 0.4072231833910035 0.6244239631336406 0.405060553633218 0.6267281105990784 0.40030276816608995 0.6201036866359447 0.393166089965398 0.616647465437788 0.3925173010380623 0.6126152073732719 0.39035467128027684 0.611463133640553 0.38862456747404844 0.6059907834101382 0.38667820069204156 0.6039746543778802 0.3832179930795848 0.6051267281105991 0.38019031141868515 0.603110599078341 0.3782439446366782 0.6028225806451613 0.37651384083044986 0.6002304147465438 0.3752162629757786 0.5953341013824885 0.37413494809688586 0.5855414746543779 0.38019031141868515 0.5889976958525346 0.38667820069204156 0.5892857142857143 0.38948961937716264 0.5797811059907835 0.3925173010380623 0.5760368663594471 0.38862456747404844 0.5601958525345622 0.3821366782006921 0.55213133640553 0.3827854671280277 0.5480990783410139 0.3853806228373703 0.5455069124423964 0.38905709342560557 0.5463709677419355 0.393166089965398 0.5512672811059909 0.40008650519031147
1 0.5152649769585254 0.47058823529411764 0.518721198156682 0.47318339100346024 0.5267857142857143 0.474264705882353 0.5432027649769585 0.4796712802768167 0.5581797235023042 0.4781574394463668 0.5642281105990784 0.4759948096885814 0.5665322580645162 0.474264705882353 0.5673963133640554 0.47037197231833916 0.5639400921658987 0.46388408304498274 0.5610599078341014 0.45328719723183397 0.5564516129032258 0.4455017301038063 0.5552995391705069 0.43944636678200694 0.5535714285714286 0.4381487889273357 0.5432027649769585 0.4362024221453288 0.5290898617511521 0.4375 0.5201612903225807 0.44031141868512114 0.516705069124424 0.44420415224913495 0.5149769585253456 0.4530709342560554 0.5135368663594471 0.467560553633218 0.5152649769585254 0.47058823529411764
1 0.4533410138248848 0.5015138408304499 0.4539170506912442 0.5049740484429066 0.46687788018433185 0.5099480968858132 0.4838709677419355 0.5108131487889274 0.4884792626728111 0.5101643598615917 0.4919354838709678 0.5077854671280277 0.4962557603686636 0.5017301038062284 0.4962557603686636 0.4945934256055364 0.4936635944700461 0.4868079584775087 0.49567972350230416 0.4775086505190312 0.494815668202765 0.47275086505190317 0.49078341013824883 0.47080449826989623 0.4804147465437788 0.47296712802768165 0.45910138248847926 0.4883217993079585 0.4570852534562212 0.49113321799307963 0.4556451612903226 0.4978373702422146 0.4533410138248848 0.5015138408304499
1 0.4130184331797235 0.5086505190311419 0.41589861751152074 0.5112456747404844 0.42194700460829493 0.5121107266435987 0.42828341013824883 0.5105968858131489 0.4360599078341014 0.5064878892733564 0.4421082949308756 0.5015138408304499 0.4438364055299539 0.4980536332179931 0.4412442396313364 0.49437716262975784 0.4216589861751152 0.48291522491349487 0.41676267281105994 0.48183391003460213 0.4115783410138249 0.48269896193771633 0.4089861751152074 0.4887543252595156 0.40812211981566826 0.4989186851211073 0.4130184331797235 0.5086505190311419
1 0.44930875576036866 0.576340830449827 0.4599654377880184 0.578719723183391 0.46370967741935487 0.578719723183391 0.4737903225806452 0.5707179930795848 0.4755184331797235 0.5679065743944637 0.476094470046083 0.5637975778546713 0.470910138248848 0.5590397923875433 0.46658986175115214 0.557742214532872 0.4599654377880184 0.557742214532872 0.4501728110599078 0.5603373702422145 0.4475806451612903 0.5631487889273357 0.44614055299539174 0.5672577854671281 0.445852534562212 0.5713667820069205 0.44930875576036866 0.576340830449827
0 0.43634792626728114 0.4567474048442907 0.4392281105990784 0.4608564013840831 0.4536290322580645 0.4649653979238755 0.45650921658986177 0.46539792387543255 0.4582373271889401 0.46431660899653987 0.4619815668202765 0.4554498269896194 0.4619815668202765 0.45263840830449825 0.4582373271889401 0.4480968858131488 0.45305299539170507 0.4459342560553633 0.44902073732718895 0.4461505190311419 0.4418202764976959 0.4483131487889274 0.4377880184331797 0.45090830449826996 0.43634792626728114 0.4530709342560554 0.43634792626728114 0.4567474048442907
4 0.6215437788018433 0.37478373702422146 0.6324884792626728 0.3812716262975779 0.6414170506912443 0.38905709342560557 0.6451612903225807 0.3940311418685122 0.6477534562211982 0.395544982698962 0.652073732718894 0.3966262975778547 0.6581221198156683 0.3966262975778547 0.6661866359447004 0.39424740484429066 0.6730990783410139 0.38884083044982704 0.6768433179723503 0.38408304498269896 0.6782834101382489 0.37932525951557095 0.6779953917050692 0.3730536332179931 0.673963133640553 0.36526816608996543 0.6653225806451613 0.35705017301038067 0.6540898617511521 0.35207612456747406 0.6503456221198156 0.3509948096885813 0.6394009216589862 0.3501297577854672 0.6301843317972351 0.35207612456747406 0.6232718894009217 0.35661764705882354 0.6212557603686636 0.3605103806228374 0.6201036866359447 0.36678200692041524 0.6201036866359447 0.3719723183391004 0.6215437788018433 0.37478373702422146