2 0.16898059616898836 0.614072015743943 0.1666328267995992 0.6091309958235482 0.1625252012677951 0.6087638005289049 0.15251161069086192 0.6051997992453984 0.14330696573058593 0.6034974555863749 0.1385971986889958 0.6005895490968538 0.13326701932679177 0.5997188033185168 0.1288512088886888 0.6015683191020689 0.12337502208936806 0.6065984517532428 0.1193099224164906 0.6160309532237777 0.12160902264017423 0.6229389326206761 0.12543886160055692 0.6281337514230729 0.1295768854672383 0.6311118591472744 0.13758937493199164 0.6349215647521622 0.15100302622349904 0.6354534461980285 0.15817617173671744 0.6347905817488751 0.1766220032789255 0.6290395252547986 0.1824894849731445 0.6248328959236903 0.18764535934211707 0.6148306900150917 0.18763727432608424 0.6100381671246783 0.18633565301510122 0.6088906636879302 0.18230709496388 0.6091674213463414 0.17932064246304869 0.6108414340431925 0.1759915642130245 0.609724983943474 0.17321595832708095 0.6131162045151373 0.16898059616898836 0.614072015743943
2 0.10135514293837115 0.5430644827600571 0.0960290060841834 0.5445899984269268 0.09390016834571475 0.5461587092717572 0.08840571073556584 0.5557667138289931 0.08791707754925665 0.5588771294619346 0.08896322560766279 0.5626706459455811 0.09484283482593103 0.565652800950093 0.0993761960955272 0.571850673439567 0.10533487279437836 0.5754767813971331 0.11428000199406085 0.5774288766578484 0.11969329134486442 0.5813398368344466 0.13989687827072494 0.5851778734015068 0.14735589537139762 0.5844799083350134 0.1542127709622843 0.5812412320736421 0.16621937763536485 0.579767006145354 0.17180503025014593 0.5779917388767928 0.17569776665904582 0.5742454648514175 0.1768818371385356 0.5673455800151397 0.17689606544134734 0.5603714466638712 0.17342308053296915 0.5509929573067753 0.1643684855178263 0.5457859966634475 0.15040136186223838 0.5407464445461999 0.13360996317500123 0.541065072477119 0.1221710571688129 0.54007283572552 0.10135514293837115 0.5430644827600571
3 0.26089704931718816 0.6773034733634993 0.25391243710001293 0.6818651561483198 0.23845710056665276 0.6883384613907519 0.234511652504031 0.6916554334474243 0.22823460510408572 0.6996164313645284 0.22905163573677595 0.7062706118794247 0.23366002197893848 0.7107161758767465 0.2379257824719084 0.7123712770774989 0.2628533647421707 0.7121430867828117 0.2751458430027055 0.7106337602371835 0.2795616534408084 0.7087842444536314 0.28640025822086707 0.7101234400983221 0.2900902330309119 0.7094524810885481 0.29162097176761087 0.7077393204940464 0.293843105289474 0.6998404292510018 0.2935227928591259 0.6948683559935772 0.30083386079342805 0.6835120902244997 0.2977115866502753 0.6817165865543867 0.28356805722269346 0.6799670004370919 0.2720196854010447 0.6757198983028803 0.26089704931718816 0.6773034733634993
3 0.3027436078514675 0.7061557454334274 0.29629629796630713 0.7056400531088027 0.2889507891891111 0.7119891450031155 0.2865137665443437 0.7157745669261414 0.2846302162636569 0.7240676595205487 0.28513097697401546 0.728146028223227 0.28882903680009314 0.7322675921038664 0.29288799318619174 0.7346017468750133 0.3000388253805656 0.7361204928867153 0.3173492555889893 0.7353023617524126 0.33672772686612673 0.7276936949141632 0.34014201588351256 0.7176874417252543 0.339065469490229 0.7112830128120495 0.3338326284194359 0.7064783480807053 0.3324174987849761 0.6996797178161378 0.3302582627116302 0.6986375162314101 0.31420482717650045 0.7049663717241712 0.3103830732321507 0.7045640758121877 0.3027436078514675 0.7061557454334274
3 0.6432037126027919 0.42554826898065834 0.6366590644262204 0.4289664956090409 0.6292121748495971 0.43685324501115436 0.6269413721820284 0.4467190957307025 0.6310164986001926 0.45863829628267616 0.6324620265695298 0.4680478389768018 0.6404866435583323 0.4790463289173098 0.6469116401246481 0.4817436317027896 0.6524222677668627 0.48172067292638043 0.6638307754381735 0.48010199724842134 0.669623232159826 0.4776476764094652 0.6726847096332239 0.47422135522046205 0.6752981380499853 0.46714596729748326 0.6808980189675782 0.45839656667765344 0.6817617770167199 0.4465246085839511 0.6814901337320772 0.4395855758500228 0.6796613958838748 0.4341450527262446 0.6708318757864313 0.4236811666064604 0.6673487050832578 0.42367307204583965 0.6607432602369315 0.42186947381510587 0.6578845443623886 0.42222047998850776 0.6432037126027919 0.42554826898065834
3 0.7102642021433131 0.3619709596816085 0.6971627782661209 0.3616186286027537 0.690948628314693 0.36063853369208576 0.6869464260903326 0.3611299423348485 0.6774639945586354 0.36425522218357836 0.6673651932143404 0.37181392418869913 0.6644618507021083 0.3765281512838114 0.6650680347199107 0.38146512392389587 0.6716065396097033 0.38981355353719505 0.6742969347282851 0.3975450362541593 0.6766933732433797 0.4005190966980504 0.6825202708079262 0.4030719497338592 0.7012073472998994 0.40164901354415267 0.7081960020250909 0.3994835922045389 0.7194910013729252 0.39221378969876036 0.7366919657658886 0.38814079318184525 0.7437029338099247 0.3837937613813763 0.747226688642771 0.3770423735750799 0.7479748375896735 0.3736822063404467 0.7472409169455826 0.37006824022381146 0.7418012717679181 0.3659426290628618 0.7372232838606328 0.36410797749509827 0.7250585422263864 0.36429429751727727 0.7191789330081184 0.36131214251276556 0.7102642021433131 0.3619709596816085
5 0.8759268036406551 0.534242322412916 0.8777189998672015 0.5488385893488179 0.8824104960979634 0.5563243677444007 0.8867289682446552 0.558408770913856 0.8899526231872354 0.5586666170761684 0.89702034539301 0.5571451486896091 0.900446761934445 0.5543276798363201 0.9066893684914966 0.5413595080444511 0.9085992745990445 0.5332810664343953 0.908143140526375 0.5248394768100065 0.9030947902436088 0.5215373689691227 0.8917876633717254 0.5216183871392813 0.8862547224106663 0.5238229563765455 0.8833473373904177 0.5261409220264511 0.8776116348305034 0.5314208062793168 0.8759268036406551 0.534242322412916
5 0.9275539518676439 0.5364009015334105 0.9282655591928902 0.5421964781109009 0.930274745321103 0.5467432966799329 0.9371741467709166 0.5533043171837397 0.9426888169211477 0.5556776198525372 0.94918883846003 0.556622614145865 0.9564370089458147 0.5542074412045594 0.9606034894181196 0.5432372822262239 0.9609866992969849 0.5392682626558765 0.9581158558983928 0.5324304844936584 0.9561370681050574 0.5304945783541846 0.9470338039442089 0.5272545771873605 0.9394206943903868 0.5290608977929516 0.9286933957094445 0.533864237618843 0.9275539518676439 0.5364009015334105
5 0.9569823962938624 0.5539225889855276 0.9603155170519031 0.5574353005304526 0.9640886018505472 0.5598045559189397 0.9713408148443486 0.559785644422841 0.9787430777832828 0.5562621159424378 0.9822708751241457 0.5519069895813481 0.9814842428263327 0.5478637214960098 0.9733765158489309 0.5338250171572408 0.9681477172861543 0.5314166138711032 0.9606887001854816 0.5321145789375966 0.9597824162774129 0.534186840266121 0.960110813723794 0.5439514364139588 0.9569823962938624 0.5539225889855276
5 0.9725171184068223 0.4866490430581828 0.9667773733388918 0.48953266586584177 0.9618465738876185 0.49427794629798383 0.958555978988505 0.500564931518237 0.9614227798790808 0.5050064482352483 0.9735205815567936 0.5113649595956347 0.9848844625904155 0.5141095048393859 0.9898010337388765 0.5163383577585122 0.9936491435100875 0.5169553046548472 1 0.5161755175293758 1 0.495380521313323 0.995553065380365 0.4899214224674896 0.9898802602689679 0.48626021389258317 0.9862916662583506 0.48539351539455655 0.9725171184068223 0.4866490430581828
5 0.9284626546534916 0.4587215288800306 0.9253221096995106 0.4615038971159794 0.9235703385531288 0.47087024463214416 0.9297135060400068 0.475998909480171 0.9436015622150118 0.48039450864436406 0.9539760493519657 0.4821711008183782 0.960810611624008 0.4811140350178621 0.9646810347140631 0.479549371453342 0.9687501768949571 0.4725131314280137 0.9676736305016733 0.46610870251480907 0.9623840352691421 0.458478474369555 0.957072126717766 0.45302985668515616 0.9506471301514502 0.4503325538996763 0.9435003404650926 0.4512100693331811 0.9371624963953925 0.45394924239116907 0.9284626546534916 0.4587215288800306
5 0.8968285648364922 0.39723958481381744 0.8951964453003661 0.40049040291611976 0.8966906424154087 0.4079329861337417 0.8994520199985405 0.4115158989133472 0.9077807793856255 0.417901416330453 0.9155297105817691 0.41956461209182605 0.9192987528723966 0.4195376060351066 0.9233496242424625 0.41707923791584023 0.9275241897308002 0.410901601827918 0.9285582102651571 0.40750633397594455 0.9280310937279376 0.4032133142889146 0.9227638118142508 0.39340147568280553 0.9188325920544406 0.38974431438820933 0.913321964412226 0.38976727316461846 0.9026960465307114 0.3930329554827093 0.8968285648364922 0.39723958481381744
5 0.9173568247997343 0.34700176244554193 0.9135087150285237 0.34638481554920686 0.8996327863775677 0.3491780007206339 0.8963604622892822 0.35088711403482514 0.8911701470774158 0.3558821460686589 0.8902638631693472 0.3579544073971831 0.8898583399716375 0.36410503742838585 0.8931691474108334 0.36979935943416603 0.9069598652944272 0.37812887755136637 0.9171802599782322 0.3810138252644783 0.9212088180294533 0.3807370676060672 0.9275203062722921 0.3777832435637277 0.9409522283746277 0.373737253103532 0.9454957754390192 0.37056473079653085 0.9467893117339694 0.36691971134286566 0.9464689993036213 0.36194763808544106 0.942793252796388 0.35564446374394665 0.9356343355859813 0.3493331948418315 0.9316017350267437 0.34721369105503597 0.9274413978412177 0.34641719379168967 0.9204487006080097 0.3461863536860969 0.9173568247997343 0.34700176244554193
5 0.812814817238569 0.3960071610545037 0.8110813169030147 0.40079563666460666 0.8112556218962462 0.4116685883515422 0.8132648080244593 0.41621540692057424 0.8155031115783883 0.4179015614583562 0.8202615477656836 0.4188425084713738 0.8251213647524066 0.4182457979765905 0.8301089183654182 0.4163260809583581 0.8396542473456329 0.40425970828185587 0.841752686749224 0.40008008500746717 0.8425535473498484 0.39714921974153705 0.8415337551183034 0.39357035424224196 0.8397881272587002 0.39117004551672496 0.8366922089424085 0.38958919283096344 0.8309707346853061 0.38789494373256045 0.8169670694080619 0.39201113542743665 0.812814817238569 0.3960071610545037
5 0.8602331181838343 0.36861410556917185 0.8577433838853448 0.3719702255234947 0.8577514689013779 0.3767627484139081 0.8603627965393768 0.38385027817781775 0.8678035428292213 0.38773018501738604 0.8724565557090731 0.38781252809299754 0.8840982233141164 0.3857294498289951 0.8880436713767381 0.38241247777232285 0.8893108518448273 0.3785528073343062 0.8887796927995915 0.3718635262020696 0.886871887470806 0.365779050125237 0.8849194555043315 0.36405779497011465 0.8763615786915306 0.3605329415842586 0.8699183113143866 0.3624135107048405 0.864389412861344 0.3670143413873115 0.8602331181838343 0.36861410556917185
5 0.8268938255873962 0.32869446722950835 0.8279136178189412 0.33227333272880333 0.8334059746503278 0.336828245858456 0.8429005337060745 0.3408917503453459 0.8642131661388583 0.3395822105682807 0.8694865913393242 0.33762739293270805 0.8714572941166269 0.3347707761817686 0.870068520309028 0.32818679690155256 0.8610585519315743 0.31861661533651436 0.8572854671329301 0.3162473599480273 0.8497960516973798 0.3143344125849626 0.8362850621144613 0.3177364500921038 0.8293044924053026 0.3246943943221309 0.8268938255873962 0.32869446722950835
5 0.8974093473244844 0.21762932555564896 0.8913573748422386 0.2203333979962967 0.8800502479703554 0.22041441616645513 0.8537702744646418 0.23562498018778616 0.8511751168587087 0.238122496204703 0.8539060961069632 0.23909449655475026 0.8581678140919167 0.23835333631029587 0.8717801844742625 0.23341364129535402 0.8739657763744697 0.23467049386443314 0.8796203106750383 0.24290957434540145 0.8847740842652486 0.2470702861236913 0.8942646008129789 0.24873752916537467 0.9112851169259317 0.2455582372032056 0.9120636642077116 0.2448089823981306 0.9078952420061528 0.23921996224437098 0.9054684051561809 0.23363498937092167 0.902743569194705 0.22089633277919257 0.9040898171433772 0.21768061529423047 0.9022691643112074 0.21703261506086569 0.8974093473244844 0.21762932555564896
5 0.8391909825539813 0.20669301485315233 0.8401884614666818 0.2124534908133026 0.8438114963201929 0.2183273631860941 0.851361708425498 0.225462135408275 0.856770955268285 0.2269768341396666 0.8630337743654186 0.22598996957383086 0.8716809044535976 0.22078838111626625 0.8737002763766057 0.21596480488882305 0.8729846265433432 0.20777296686612604 0.8709713979071138 0.20082988685188732 0.8669347548398596 0.1963141216198852 0.8584559455076419 0.19343322118708373 0.8543746758026988 0.19328067687679193 0.8411576428232672 0.20144013665700627 0.8391909825539813 0.20669301485315233
5 0.6696985752314093 0.414451174279346 0.6710873490390082 0.42103515355956206 0.682805983345872 0.43375894593550257 0.689772324752219 0.4337751350567439 0.6956438489544544 0.4319647671708425 0.7045241389763659 0.4262987761272347 0.7072206773817264 0.4222636026025171 0.7068618816004681 0.40988809402512105 0.7040173940287368 0.4032649668472545 0.6901110670429037 0.4034472395891232 0.678988430959047 0.40503081464974217 0.6730682376111061 0.4088081420121473 0.6707853074194883 0.41148520839607555 0.6696985752314093 0.414451174279346