3 0.714573732718894 0.3386678200692042 0.7165898617511521 0.34537197231833916 0.7194700460829494 0.3488321799307959 0.7243663594470047 0.3527249134948097 0.7304147465437788 0.35575259515570934 0.7379032258064516 0.35532006920415227 0.7445276497695853 0.3525086505190312 0.7494239631336406 0.3488321799307959 0.746831797235023 0.34558823529411764 0.7422235023041475 0.342560553633218 0.7330069124423964 0.33391003460207613 0.7318548387096774 0.3304498269896194 0.7327188940092166 0.3183391003460208 0.7318548387096774 0.31596020761245674 0.728110599078341 0.31401384083044986 0.7194700460829494 0.3118512110726644 0.7099654377880185 0.31228373702422146 0.7053571428571429 0.3137975778546713 0.7027649769585254 0.31596020761245674 0.7019009216589862 0.3211505190311419 0.714573732718894 0.3386678200692042
4 0.6356566820276498 0.2884948096885813 0.6474654377880185 0.2906574394463668 0.6509216589861752 0.2947664359861592 0.6543778801843319 0.296280276816609 0.6612903225806452 0.29368512110726647 0.6690668202764977 0.2869809688581315 0.6716589861751152 0.28287197231833916 0.6719470046082949 0.2789792387543253 0.6710829493087558 0.2761678200692042 0.668778801843318 0.27400519031141873 0.6598502304147466 0.27184256055363326 0.6540898617511521 0.27184256055363326 0.6379608294930875 0.27941176470588236 0.6347926267281105 0.28287197231833916 0.6339285714285714 0.2867647058823529 0.6356566820276498 0.2884948096885813
4 0.6129032258064516 0.31163494809688586 0.6316244239631337 0.31769031141868515 0.6385368663594471 0.317257785467128 0.6440092165898618 0.31509515570934254 0.6474654377880185 0.3112024221453288 0.6509216589861752 0.3001730103806229 0.6500576036866359 0.29260380622837373 0.646889400921659 0.29044117647058826 0.6370967741935484 0.28806228373702425 0.6232718894009217 0.2908737024221454 0.6163594470046083 0.2947664359861592 0.6126152073732719 0.29822664359861595 0.6088709677419355 0.30601211072664364 0.6091589861751152 0.3086072664359862 0.6129032258064516 0.31163494809688586
4 0.6494815668202765 0.32461072664359863 0.6523617511520737 0.32785467128027684 0.6555299539170507 0.3291522491349481 0.6641705069124424 0.3293685121107267 0.6699308755760369 0.3285034602076125 0.679147465437788 0.32504325259515576 0.688652073732719 0.31769031141868515 0.6898041474654378 0.31314878892733566 0.6892281105990784 0.310121107266436 0.685483870967742 0.3062283737024222 0.6751152073732719 0.30363321799307963 0.6653225806451613 0.30341695501730104 0.6526497695852534 0.30579584775086505 0.6506336405529953 0.3073096885813149 0.6466013824884793 0.31487889273356406 0.6463133640552996 0.3179065743944637 0.6494815668202765 0.32461072664359863
4 0.7638248847926268 0.31509515570934254 0.7690092165898618 0.3179065743944637 0.7750576036866359 0.319204152249135 0.7796658986175116 0.319204152249135 0.7828341013824885 0.31596020761245674 0.7897465437788018 0.3120674740484429 0.7914746543778802 0.3120674740484429 0.8018433179723502 0.3166089965397924 0.8058755760368663 0.3157439446366782 0.8078917050691243 0.31336505190311426 0.808467741935484 0.3062283737024222 0.8038594470046083 0.2975778546712803 0.7940668202764977 0.28633217993079585 0.7897465437788018 0.28308823529411764 0.786578341013825 0.28243944636678203 0.7762096774193549 0.2858996539792388 0.7721774193548387 0.28957612456747406 0.7638248847926268 0.3073096885813149 0.7629608294930875 0.31076989619377166 0.7638248847926268 0.31509515570934254
4 0.7332949308755761 0.3336937716262976 0.7413594470046083 0.3416955017301038 0.7514400921658987 0.34753460207612463 0.7644009216589862 0.34818339100346024 0.771889400921659 0.34731833910034604 0.783410138248848 0.3393166089965398 0.7883064516129032 0.33477508650519033 0.7883064516129032 0.330666089965398 0.7822580645161291 0.32331314878892736 0.7759216589861752 0.3202854671280277 0.7684331797235023 0.3183391003460208 0.7595046082949308 0.31293252595155713 0.7520161290322581 0.310121107266436 0.7445276497695853 0.3094723183391004 0.73963133640553 0.31076989619377166 0.7335829493087558 0.3142301038062284 0.7315668202764977 0.3202854671280277 0.7318548387096774 0.3315311418685122 0.7332949308755761 0.3336937716262976
4 0.7986751152073733 0.3695934256055363 0.7966589861751152 0.3799740484429066 0.7975230414746545 0.3853806228373703 0.8001152073732719 0.3868944636678201 0.8110599078341014 0.38819204152249137 0.8214285714285715 0.38711072664359863 0.8251728110599078 0.3847318339100346 0.8283410138248849 0.38105536332179935 0.8361175115207373 0.3665657439446367 0.8358294930875576 0.3626730103806229 0.8297811059907835 0.351643598615917 0.8251728110599078 0.34818339100346024 0.8205645161290323 0.3462370242214533 0.8159562211981568 0.34493944636678203 0.8107718894009217 0.34493944636678203 0.80213133640553 0.3488321799307959 0.7949308755760369 0.3572664359861592 0.7940668202764977 0.3628892733564014 0.7986751152073733 0.3695934256055363
5 0.8225806451612904 0.31076989619377166 0.8245967741935484 0.31487889273356406 0.8280529953917052 0.317257785467128 0.8453341013824884 0.3202854671280277 0.8528225806451614 0.3202854671280277 0.861463133640553 0.3174740484429066 0.86463133640553 0.3142301038062284 0.8698156682027649 0.3040657439446367 0.8732718894009217 0.29325259515570934 0.8732718894009217 0.2846020761245675 0.8701036866359446 0.2783304498269896 0.8582949308755762 0.27422145328719727 0.8528225806451614 0.2744377162629758 0.8496543778801844 0.27551903114186854 0.8479262672811061 0.2774653979238754 0.8418778801843319 0.28092560553633217 0.834389400921659 0.291522491349481 0.8277649769585255 0.2971453287197232 0.8237327188940092 0.30384948096885817 0.8222926267281107 0.3073096885813149 0.8225806451612904 0.31076989619377166
5 0.4838709677419355 0.2378892733564014 0.5014400921658987 0.24091695501730107 0.5054723502304148 0.2402681660899654 0.508352534562212 0.2342128027681661 0.5077764976958525 0.2272923875432526 0.504320276497696 0.2188581314878893 0.5017281105990784 0.2156141868512111 0.49769585253456217 0.21474913494809691 0.49078341013824883 0.2169117647058824 0.4858870967741936 0.22123702422145333 0.48127880184331795 0.2277249134948097 0.48099078341013823 0.2346453287197232 0.4838709677419355 0.2378892733564014
5 0.44930875576036866 0.2668685121107267 0.45593317972350234 0.2670847750865052 0.4602534562211981 0.2668685121107267 0.46284562211981567 0.2657871972318339 0.464573732718894 0.2571366782006921 0.47062211981566826 0.2456747404844291 0.47004608294930883 0.24113321799307957 0.4674539170506913 0.23680795847750868 0.4602534562211981 0.23313148788927335 0.45305299539170507 0.2346453287197232 0.44902073732718895 0.23940311418685126 0.44614055299539174 0.24870242214532876 0.44614055299539174 0.2655709342560554 0.44930875576036866 0.2668685121107267
5 0.504320276497696 0.27378892733564014 0.5089285714285714 0.27551903114186854 0.5190092165898618 0.2768166089965398 0.5236175115207373 0.27335640138408307 0.5267857142857143 0.2675173010380623 0.5316820276497696 0.26232698961937717 0.5339861751152074 0.2584342560553633 0.5336981566820277 0.254757785467128 0.530241935483871 0.25151384083044986 0.5259216589861752 0.25064878892733566 0.5118087557603687 0.25151384083044986 0.5077764976958525 0.2541089965397924 0.5020161290322581 0.26232698961937717 0.5014400921658987 0.2694636678200692 0.504320276497696 0.27378892733564014
5 0.467741935483871 0.28027681660899656 0.4737903225806452 0.28265570934256057 0.4870391705069125 0.2837370242214533 0.4899193548387097 0.28308823529411764 0.49107142857142855 0.2791955017301038 0.4965437788018433 0.270544982698962 0.49567972350230416 0.2586505190311419 0.4936635944700461 0.2517301038062284 0.4841589861751152 0.2443771626297578 0.4804147465437788 0.24416089965397925 0.47235023041474655 0.24783737024221458 0.4663018433179723 0.25519031141868515 0.4639976958525346 0.26297577854671284 0.4657258064516129 0.2766003460207613 0.467741935483871 0.28027681660899656