5 0.20535714285714288 0.32461072664359863 0.20996543778801846 0.3308823529411765 0.21342165898617513 0.33261245674740486 0.22235023041474652 0.33391003460207613 0.23358294930875578 0.33326124567474047 0.23761520737327188 0.33261245674740486 0.2399193548387097 0.3313148788927336 0.24279953917050695 0.3280709342560554 0.2439516129032258 0.31769031141868515 0.23819124423963137 0.30839100346020765 0.23329493087557607 0.30276816608996543 0.22926267281105991 0.2999567474048443 0.2220622119815668 0.2960640138408305 0.21284562211981567 0.29649653979238755 0.20535714285714288 0.2999567474048443 0.20161290322580644 0.3064446366782007 0.20132488479262672 0.31141868512110726 0.20535714285714288 0.32461072664359863
5 0.34101382488479265 0.4180363321799308 0.3433179723502304 0.42019896193771633 0.35195852534562216 0.4234429065743945 0.3726958525345622 0.4234429065743945 0.38047235023041476 0.4169550173010381 0.38479262672811065 0.40938581314878897 0.38680875576036866 0.40116782006920415 0.3859447004608295 0.3905709342560554 0.375 0.381704152249135 0.3695276497695853 0.3806228373702422 0.3626152073732719 0.381704152249135 0.3580069124423963 0.3838667820069205 0.35426267281105994 0.38884083044982704 0.3467741935483871 0.3957612456747405 0.3430299539170507 0.40138408304498274 0.34014976958525345 0.41219723183391005 0.34101382488479265 0.4180363321799308
5 0.3643433179723502 0.4368512110726644 0.36376728110599077 0.4422577854671281 0.36578341013824883 0.4461505190311419 0.3755760368663595 0.4474480968858132 0.3824884792626728 0.4493944636678201 0.39026497695852536 0.44874567474048443 0.39400921658986177 0.4467993079584775 0.4069700460829493 0.4357698961937716 0.4133064516129032 0.42236159169550175 0.4130184331797235 0.40938581314878897 0.41100230414746547 0.4024653979238755 0.41071428571428575 0.3940311418685122 0.40783410138248855 0.39273356401384085 0.4035138248847926 0.3925173010380623 0.391705069124424 0.3948961937716263 0.37730414746543783 0.4245242214532873 0.37298387096774194 0.4258217993079585 0.3629032258064516 0.4251730103806229 0.3620391705069125 0.42690311418685123 0.3629032258064516 0.4355536332179931 0.3643433179723502 0.4368512110726644
5 0.3070276497695853 0.45415224913494817 0.3145161290322581 0.46107266435986166 0.3245967741935484 0.4647491349480969 0.33150921658986177 0.46539792387543255 0.3361175115207373 0.46453287197231835 0.3433179723502304 0.46020761245674746 0.3487903225806452 0.4539359861591696 0.34994239631336405 0.45047577854671284 0.34994239631336405 0.4439878892733565 0.3485023041474654 0.4390138408304499 0.34389400921658986 0.435121107266436 0.329205069124424 0.4273356401384083 0.3245967741935484 0.4262543252595156 0.3101958525345622 0.4273356401384083 0.307315668202765 0.42863321799307963 0.3035714285714286 0.4320934256055364 0.30126728110599077 0.4390138408304499 0.3015552995391705 0.4461505190311419 0.3070276497695853 0.45415224913494817
5 0.24452764976958527 0.4370674740484429 0.2563364055299539 0.44420415224913495 0.2603686635944701 0.4476643598615917 0.2658410138248848 0.45025951557093424 0.28168202764976963 0.45328719723183397 0.2894585253456221 0.45285467128027684 0.29493087557603687 0.45090830449826996 0.29896313364055305 0.4467993079584775 0.3004032258064516 0.4431228373702423 0.30097926267281105 0.43230968858131497 0.2966589861751152 0.42949826989619383 0.2793778801843318 0.4219290657439447 0.26843317972350234 0.42041522491349487 0.258352534562212 0.4243079584775087 0.25518433179723504 0.4243079584775087 0.24308755760368667 0.427984429065744 0.24222350230414746 0.43101211072664364 0.24452764976958527 0.4370674740484429
5 0.3332373271889401 0.4945934256055364 0.33813364055299544 0.5006487889273357 0.3415898617511521 0.5028114186851211 0.3536866359447005 0.5023788927335641 0.36693548387096775 0.504325259515571 0.3695276497695853 0.5032439446366783 0.37298387096774194 0.4987024221453288 0.3747119815668203 0.4913494809688582 0.37413594470046085 0.48421280276816614 0.37039170506912444 0.4762110726643599 0.3654953917050691 0.47275086505190317 0.36059907834101385 0.47166955017301043 0.3418778801843318 0.47275086505190317 0.33842165898617516 0.47404844290657444 0.334389400921659 0.4772923875432526 0.3306451612903226 0.48378027681660907 0.3303571428571429 0.4878892733564014 0.3332373271889401 0.4945934256055364
4 0.3876728110599078 0.3916522491349481 0.396889400921659 0.39273356401384085 0.404089861751152 0.3916522491349481 0.4112903225806452 0.3923010380622838 0.4213709677419355 0.3899221453287197 0.42396313364055305 0.38711072664359863 0.4245391705069125 0.38494809688581316 0.42425115207373276 0.379757785467128 0.42050691244239635 0.3737024221453288 0.42021889400921664 0.3695934256055363 0.4230990783410139 0.3633217993079585 0.4213709677419355 0.3589965397923876 0.4176267281105991 0.35532006920415227 0.41445852534562216 0.354022491349481 0.40034562211981567 0.35358996539792387 0.39400921658986177 0.3548875432525952 0.38997695852534564 0.3581314878892734 0.37989631336405527 0.3695934256055363 0.375 0.37737889273356406 0.3747119815668203 0.38019031141868515 0.3876728110599078 0.3916522491349481
4 0.5241935483870968 0.37802768166089973 0.5328341013824885 0.3838667820069205 0.5443548387096774 0.38581314878892736 0.5570276497695852 0.38343425605536335 0.5613479262672811 0.3806228373702422 0.5694124423963134 0.3730536332179931 0.5722926267281105 0.36699826989619383 0.5725806451612903 0.36224048442906576 0.5694124423963134 0.35596885813148793 0.5659562211981567 0.3518598615916955 0.560483870967742 0.3488321799307959 0.5547235023041475 0.3483996539792388 0.5466589861751152 0.3503460207612457 0.5328341013824885 0.35575259515570934 0.5230414746543779 0.3628892733564014 0.5207373271889402 0.36570069204152256 0.5210253456221199 0.37326989619377166 0.5241935483870968 0.37802768166089973
4 0.574020737327189 0.38970588235294124 0.5803571428571429 0.39532871972318345 0.5846774193548387 0.39770761245674746 0.5904377880184332 0.3994377162629758 0.6097350230414746 0.39965397923875434 0.6160714285714286 0.39835640138408307 0.6206797235023042 0.3940311418685122 0.6270161290322581 0.3821366782006921 0.6273041474654378 0.37781141868512114 0.625 0.37240484429065746 0.625 0.3620242214532872 0.6235599078341014 0.3572664359861592 0.6157834101382489 0.3483996539792388 0.606278801843318 0.3447231833910035 0.6019585253456221 0.34493944636678203 0.5985023041474655 0.3462370242214533 0.586405529953917 0.3548875432525952 0.5771889400921659 0.36461937716262977 0.5728686635944701 0.3730536332179931 0.5725806451612903 0.38429930795847755 0.574020737327189 0.38970588235294124
4 0.4997119815668203 0.4599913494809689 0.5028801843317973 0.4658304498269897 0.5057603686635945 0.4673442906574395 0.5195852534562212 0.4671280276816609 0.5250576036866359 0.4682093425605537 0.5296658986175116 0.4682093425605537 0.5328341013824885 0.4666955017301039 0.5368663594470047 0.46280276816608995 0.5388824884792627 0.456098615916955 0.5293778801843319 0.4422577854671281 0.5172811059907835 0.43403979238754326 0.5060483870967742 0.43166089965397925 0.5008640552995391 0.43317474048442917 0.497983870967742 0.43879757785467133 0.49769585253456217 0.4467993079584775 0.4997119815668203 0.4599913494809689
3 0.4939516129032258 0.5131920415224914 0.49740783410138245 0.5166522491349481 0.5048963133640554 0.5203287197231834 0.5106566820276498 0.5216262975778547 0.5181451612903226 0.5201124567474049 0.5362903225806452 0.5183823529411765 0.5426267281105991 0.5160034602076126 0.5515552995391706 0.5080017301038062 0.5581797235023042 0.49394463667820077 0.5581797235023042 0.49091695501730104 0.5538594470046083 0.48291522491349487 0.5466589861751152 0.4788062283737025 0.5400345622119815 0.47275086505190317 0.5328341013824885 0.46993944636678203 0.5144009216589862 0.4682093425605537 0.5051843317972351 0.4686418685121108 0.4904953917050691 0.4798875432525952 0.4876152073732719 0.48378027681660907 0.4870391705069125 0.4863754325259516 0.4876152073732719 0.5008650519031141 0.4939516129032258 0.5131920415224914
3 0.5452188940092166 0.4712370242214533 0.5587557603686636 0.48096885813148793 0.5815092165898618 0.4889705882352942 0.5852534562211982 0.49178200692041524 0.5907258064516129 0.49221453287197237 0.595910138248848 0.4907006920415225 0.6157834101382489 0.4876730103806229 0.6215437788018433 0.48421280276816614 0.6255760368663594 0.4794550173010381 0.6270161290322581 0.47296712802768165 0.6244239631336406 0.4664792387543253 0.6143433179723503 0.4569636678200692 0.6094470046082949 0.4457179930795848 0.5982142857142858 0.4392301038062284 0.5815092165898618 0.4368512110726644 0.5745967741935484 0.4329584775086506 0.5676843317972351 0.432742214532872 0.5570276497695852 0.43966262975778553 0.5466589861751152 0.4446366782006921 0.5420506912442397 0.4498269896193772 0.5411866359447004 0.46215397923875434 0.5452188940092166 0.4712370242214533
2 0.4449884792626729 0.41046712802768165 0.45305299539170507 0.4147923875432526 0.4599654377880184 0.4150086505190312 0.46226958525345624 0.41219723183391005 0.46860599078341014 0.41046712802768165 0.4807027649769585 0.40960207612456745 0.48617511520737333 0.4048442906574395 0.4982718894009217 0.39987024221453293 0.5028801843317973 0.3938148788927336 0.5020161290322581 0.3905709342560554 0.4982718894009217 0.38624567474048443 0.48473502304147464 0.37651384083044986 0.47350230414746547 0.3737024221453288 0.45881336405529954 0.372621107266436 0.4516129032258065 0.37478373702422146 0.4452764976958526 0.3808391003460208 0.4418202764976959 0.38819204152249137 0.44009216589861755 0.3957612456747405 0.4395161290322581 0.40095155709342567 0.4449884792626729 0.41046712802768165