4 0.6404417700610904 0.4276654954616729 0.6453391645236818 0.4270249182929892 0.6556244267099665 0.41867169290802864 0.6584558023519864 0.4136590818482458 0.6593890781040808 0.4049011188780874 0.6573707300536185 0.39514290586195966 0.6519069640567885 0.38921848460001457 0.6430504322077637 0.3850987198383854 0.6395983724959777 0.38445645309768556 0.6259087213680166 0.3867812326169177 0.6140661784771622 0.39599951392411264 0.6137419637053518 0.4025792523287093 0.6162607476650434 0.41197948203956747 0.6189951213254903 0.416620214606121 0.6304757413225522 0.426081938570875 0.6404417700610904 0.4276654954616729
4 0.2973746627688356 0.5294412937415517 0.3045453635459811 0.5228181802010595 0.3164915501838267 0.5084226137624107 0.31648490841840843 0.5039465552675282 0.30973708483600076 0.4954556014008079 0.3059508477042773 0.49467898532238097 0.2925360801366624 0.4946911909383244 0.2817980528112578 0.49801622050352623 0.2687290857530625 0.5059958778232414 0.2630037197267225 0.5113361474543499 0.25783974391055736 0.5198843716449254 0.2579040190942122 0.5256883387571032 0.2601972507050209 0.5331339778699422 0.2626517594810576 0.5367302404686225 0.270836615607498 0.5383432773073562 0.2973746627688356 0.5294412937415517
4 0.8278388690222955 0.18893560799239556 0.8313435808282541 0.1875487394792288 0.8380664977903436 0.17925447399013966 0.8442247036595487 0.16551422469414234 0.8437159655435467 0.16027713488080889 0.839811140692641 0.15460667232035002 0.8344643019736386 0.152457082916716 0.821770541340072 0.15070885195424716 0.817597474694238 0.15182702179195964 0.8101452485913276 0.15628665074085807 0.8057549318033835 0.1610453030991546 0.8030947959747191 0.16892262538710257 0.8043311827901876 0.17687533711690628 0.806173309703231 0.18041179503370697 0.8090196293174419 0.1854703155874097 0.8134215691948677 0.18854476559515762 0.8278388690222955 0.18893560799239556
4 0.5739819212058624 0.16628014960394483 0.5872287698428311 0.16564126200727736 0.5920668704458315 0.1625537615975779 0.5972851587975241 0.15309541677685642 0.5982250763150367 0.14881351230158063 0.5972735357080422 0.14526231441081214 0.592588410063497 0.13890536518774982 0.5843969121716385 0.1328162698541337 0.5748160525058563 0.12821891242347574 0.5653521201179019 0.1273963868511289 0.5571179327799979 0.13005051451370292 0.5535045959029841 0.13325762428716179 0.550505301330318 0.1376435533662208 0.5492378481582861 0.1462671669986519 0.5528694498901999 0.15536921808612014 0.5555478505737648 0.159801056659099 0.5635664482109136 0.16190642614082926 0.5739819212058624 0.16628014960394483
4 0.450821553412138 0.2185355747412127 0.45471475517356197 0.2163729349356271 0.4574951391627634 0.21450847375343152 0.4656600699929491 0.2026933351075176 0.4695976216417731 0.1929064869294622 0.4695333464581183 0.18710251981728435 0.4683052618494227 0.18474488120608398 0.46719078363584565 0.1839240452057532 0.44839312966860134 0.1950059429091357 0.43209101348208456 0.19982186559128748 0.4308152581032797 0.20285040610511543 0.43138162963751825 0.20941540453574428 0.4397986798782595 0.21745909046737957 0.4431404540776359 0.21880258384465073 0.450821553412138 0.2185355747412127
4 0.20666592777585963 0.09409653987411311 0.21635043118863292 0.09351661217331708 0.22675594153545447 0.0911762478941088 0.2298145299677116 0.08923724205606573 0.23247964712044 0.08471696363927964 0.2329701203815418 0.07764489259168617 0.2307904951658517 0.07173605608971716 0.22532506872766705 0.06469262020405128 0.21947281277537192 0.059543970234524936 0.21902502896031567 0.05787281828592796 0.18647510912280968 0.06659454302008552 0.18877332205768219 0.0773972260040865 0.19659127396626663 0.0943332242436071 0.1990424618595942 0.09569145759484625 0.20666592777585963 0.09409653987411311
5 0.5067790509713056 0.11689564024638015 0.513008173789584 0.1134354165574432 0.5165655376897156 0.11001941279040972 0.5186692646322691 0.10229117981415667 0.5164336664396969 0.09617344931861291 0.5101336266723455 0.08935364740048972 0.5062354435868579 0.08815924333491343 0.4994465909997592 0.08953052708810408 0.4929935762739529 0.09215517480274267 0.48687639940943866 0.096033186478829 0.48393141737230005 0.09950899492774194 0.4827116349703773 0.10274642943514452 0.481549485986691 0.10731177255984252 0.4829471499673873 0.11141510777548738 0.488913012314801 0.11810056035588365 0.495985050669019 0.1200117758180074 0.5067790509713056 0.11689564024638015
5 0.6434104803063655 0.4776934949577754 0.648860962772359 0.47466579922995555 0.6534718505851222 0.4685046935985162 0.6546849912216267 0.46079120059623113 0.6497610296973624 0.4435275437853846 0.6478086172719095 0.4406923125051552 0.6395118151917051 0.43866148767927243 0.6326653291863698 0.4387048628151679 0.6233742970531252 0.4418660630947068 0.6174233786779026 0.4452517421277963 0.6155912144129865 0.44842937195331933 0.6147632428492379 0.4531290644157443 0.6161099151771158 0.4603805495089766 0.6190681807450907 0.46585685804982857 0.6249237575800951 0.47324353726679613 0.6327810780520159 0.4791982832626852 0.6434104803063655 0.4776934949577754
5 0.593023927727564 0.469924799815481 0.600589760225593 0.46700197347745237 0.604647560034954 0.46322798640514956 0.6067019557660436 0.4597669179302043 0.6138593730123525 0.4441916873999471 0.613963016759344 0.43901440226849325 0.6125110402431201 0.43582118768299427 0.6056579124723667 0.43138850432400727 0.5949099224988348 0.4279994461468853 0.5902347595024169 0.42835658466614673 0.5837817447766105 0.43098123238078523 0.5719408623271107 0.4413185283117008 0.569389351569501 0.4473756093393567 0.5726967385296047 0.4630573988314216 0.5771019992897397 0.46836987808661074 0.5834513702685548 0.4709225155034261 0.593023927727564 0.469924799815481
5 0.7817598788390472 0.27068892753375945 0.7872663342819228 0.26787012579951425 0.7999401696192348 0.2561901812773355 0.8030497497043102 0.25110302556170516 0.8036521689191762 0.24444874250126108 0.8015878105399592 0.2411957232338824 0.798188402922346 0.2385243212393159 0.7907278746126631 0.23738887706961123 0.7874453942728779 0.23849230693335577 0.7818846262944749 0.24222122929774703 0.767434599669129 0.25728769763902337 0.7637686106979422 0.2625239426663487 0.7617701879437345 0.26619390513486846 0.7638378672056606 0.2716849536496884 0.769352624855309 0.2744612250340463 0.7736376374549072 0.2737608431834829 0.7817598788390472 0.27068892753375945
5 0.818615432955415 0.2001388046315534 0.826625728385791 0.1966491009946807 0.8279031442059503 0.19473957510457324 0.8277302439512404 0.19075584925268757 0.8247209867304471 0.18842769058942274 0.815424973273139 0.1882318469977997 0.8091315752712059 0.18588810357455898 0.80479225013608 0.18749860605526822 0.8028464794760455 0.18913943326992136 0.8002373353001992 0.19386860568028216 0.7920657627045953 0.2012076858313136 0.788450765386227 0.20329578098105167 0.7857329961393257 0.2098451946517045 0.7856820044865073 0.2129933445292917 0.7874138458871414 0.21723102908266392 0.7896971148498227 0.217962580453179 0.8003215357801086 0.2131007482771074 0.818615432955415 0.2001388046315534
5 0.365225962547013 0.5656663262899231 0.3708986764791802 0.5623551919126811 0.37200485248598436 0.5575809547944086 0.37158979546884635 0.5404524921072975 0.3704703359312057 0.5362746122358051 0.36890973434392693 0.5349016389105979 0.3642872234416821 0.5332296421759928 0.3565518115716525 0.5344067719095769 0.35098772271054035 0.5358976650265268 0.3379154347696359 0.5416392930988007 0.33574909308478224 0.5446825735865964 0.33464291707797805 0.549456810704869 0.33520928861221655 0.5560218091354978 0.33677321108220437 0.5596328117081459 0.34123278437786697 0.5640351703331892 0.35454224775713594 0.5680812352249789 0.365225962547013 0.5656663262899231
3 0.3300121039689603 0.5421897408516607 0.34386635314485864 0.538253614065711 0.355215101891902 0.5338693745586682 0.3661770211248347 0.5313799209677651 0.37111212370940805 0.5186390769317292 0.37405544530519197 0.5140442538590955 0.3734874133295988 0.5063602408047461 0.3687479751495262 0.5009134122118298 0.36016798730220245 0.4956000881706325 0.35665995461353456 0.49474892743635807 0.3455284560086011 0.49549268442281685 0.3435267123716844 0.49692461764389534 0.3390194683059126 0.4979084381438807 0.33345870032750957 0.501637360508272 0.32572494889883463 0.5039335048655766 0.31460341294202865 0.5113913495943592 0.29970892338433547 0.5270246952344797 0.29938470861252514 0.5336044336390764 0.3011741834313956 0.5391700268097438 0.3034591128354317 0.5410205928039795 0.3080256507607946 0.5424836955450101 0.3300121039689603 0.5421897408516607
3 0.32533431647284206 0.46575265832134816 0.3430967113823553 0.4697250233432985 0.352391064398309 0.4688018523112009 0.3656262899457958 0.4603298623484891 0.36807083607370517 0.4572120372048457 0.369952331550085 0.4497672428780148 0.3697761104126661 0.44354548777868785 0.36759648519697596 0.4376366512767187 0.36274842194584833 0.4340100639440944 0.33891818138328456 0.42964854609692243 0.3193352452983372 0.43668691326653947 0.3064851888236063 0.44214510268939106 0.302982137459002 0.44465098582627843 0.2999252094680995 0.44770900628804233 0.2988173730199407 0.4513642287825942 0.2985441499009488 0.4547958173096035 0.29999778685852707 0.4591080465188232 0.3058500428108222 0.46425669648834944 0.31297805414192215 0.46637680594404757 0.32533431647284206 0.46575265832134816