2 0.10341866420901458 0.03518236216454147 0.10164881824721625 0.03877477893706729 0.10089109249008255 0.048583362340176885 0.10190183724372795 0.06303768573278248 0.10856909196237763 0.07167669071870533 0.11422216329983434 0.08645676421707682 0.12556191608747874 0.0958529916488434 0.13511811262175208 0.10038774292107515 0.1470023275937175 0.10931231571222008 0.1531264955790652 0.11018481857674285 0.15826802711942234 0.10939170553177054 0.16147376952947223 0.10981791138889596 0.16865600267276903 0.11343471101310873 0.17302609816441977 0.11399628843918527 0.18577432681717046 0.11050335263648199 0.19235313025679837 0.10549070545913919 0.19545327246870628 0.10440675812599239 0.20250110937969668 0.09784377545783345 0.2065852634876141 0.09018728727216034 0.20756927538362374 0.08361474641963404 0.20501497080705594 0.07598888235013757 0.20598389696047376 0.06920060532757236 0.2000880782905306 0.05920690987060029 0.20253884584548487 0.05296538560679211 0.20192033039922425 0.04412020263519763 0.1964174287621753 0.03561656921822598 0.19428621270368535 0.029912239528807484 0.1914891607946309 0.027072753500710433 0.18610625737280617 0.024414087825060625 0.18412589874023344 0.020867119836031022 0.13758057151036826 0.024121886180082975 0.13765531249781737 0.02931964541128824 0.1354472922753497 0.030774791633696987 0.12117265271879696 0.02895468778651571 0.11627318078541689 0.029080501171099636 0.10341866420901458 0.03518236216454147
2 0.5639373021360639 0.39450443064471197 0.5534272651909642 0.3969736925650844 0.5310144889037599 0.41089803742932707 0.5266437056865997 0.41445553838426114 0.5229833278222695 0.41991448256900143 0.5235271022810811 0.42356190630939067 0.528456057974135 0.42798664364589534 0.5316618003841851 0.4284128495030209 0.53500400220307 0.4266616025094855 0.5425798401047707 0.42764938579268774 0.5471158787649302 0.43058406108919217 0.5536775332854378 0.437712912884843 0.5562626970726987 0.44165117091340644 0.557471619656565 0.44655282937348506 0.5610099361291423 0.44760615259045533 0.5673165084766097 0.4428293327334232 0.5740310835995631 0.43975831108643026 0.5790677026672878 0.4333359664701749 0.5812318411129993 0.4229954549756279 0.5861477742399901 0.41484722099906124 0.5859825187969907 0.4083550447476226 0.5846069653191058 0.4051993667981269 0.5789223470454467 0.3982259777216993 0.5726774931193652 0.3956275854968654 0.5639373021360639 0.39450443064471197
2 0.5144701107033535 0.4179082918864207 0.5110236841373454 0.40991122892766213 0.5050970062567093 0.4036051395116232 0.4999561624418617 0.40027917417558473 0.49026350649875317 0.39792187575401383 0.4865133019043822 0.39796732453751 0.48004078638840586 0.40037104652411426 0.47347775641687917 0.40148035149048517 0.4670806696138614 0.4049627543272839 0.4624979982749077 0.40961902728268446 0.46051626419131575 0.4143102160556766 0.4593052784309209 0.42176579273863035 0.45933269901406615 0.4386735786027514 0.46332358776439514 0.44619898692088833 0.4670429331480732 0.44984114417832527 0.47213851973514565 0.452519901004247 0.4811509418106076 0.4534072285360895 0.48473451551096014 0.45510776026317634 0.4952287789879585 0.4565418405537759 0.5092771324056355 0.4551259018503739 0.5149329546451302 0.4534296618247019 0.5294661150022708 0.4465600454195119 0.5311152750233352 0.44124173928667504 0.5294229209510243 0.43355560176636265 0.5234660715852046 0.426818040010246 0.5217277725596088 0.4226037723608277 0.5144701107033535 0.4179082918864207
4 0.7925544267708549 0.35662206610297187 0.7873978094879062 0.35719944297790546 0.780365746045017 0.35985908343509243 0.7722742419931596 0.3680125838946114 0.7707766271235219 0.37136917334682623 0.7718038330707783 0.37780107614744907 0.7869527579721415 0.39625295623789664 0.7903402170188015 0.3951489177544779 0.7892382700840963 0.38351925572264994 0.7913564635765232 0.376650614098997 0.797587607211032 0.3707951133917705 0.8048315587757147 0.3670367009341171 0.8056029948244211 0.365682010463068 0.8049988773952427 0.36117164204252317 0.8039558979798853 0.3586430814528723 0.8018541656810692 0.35748930248454247 0.7925544267708549 0.35662206610297187
4 0.9189059261108747 0.39222887749428814 0.9118443789083118 0.39033796723038655 0.9084116626338765 0.3907947972036886 0.9037686483245556 0.3945881254789336 0.8958746343774099 0.3973080393869363 0.8944380502036486 0.39740849513829596 0.8913838529450254 0.39502057260054857 0.888313882218301 0.3965359922737731 0.883186748695026 0.40166391986979527 0.8784820159643193 0.41283246022690623 0.8700586255754443 0.4162397649455697 0.8654457827513069 0.4204645655608923 0.8653998377980221 0.4239364354317865 0.8690588402113335 0.4267156480090678 0.8867051653464451 0.4313350555838024 0.8980003486318238 0.4359649961244413 0.9082072952740698 0.43741916756531296 0.91498221336739 0.4352110905984755 0.9210618118504723 0.43131730657187106 0.9282310224277059 0.4223611348830124 0.9324968931722337 0.41317440235679503 0.9328006712005965 0.4051318906145404 0.9313949462375282 0.401544740324967 0.9263603903463323 0.39560984979819 0.9189059261108747 0.39222887749428814
4 0.4241270361346099 0.6329954934831239 0.4201196861906699 0.6334925057569697 0.413027279777414 0.6352892015340013 0.41057719994796915 0.6374116474167986 0.40971387399269343 0.645710077629636 0.4065520133593995 0.6541692370446488 0.409560265664738 0.6600290294532905 0.41026998329205855 0.6660495510641073 0.4082882492084667 0.6707407398370995 0.40801533039079657 0.675095645538421 0.4203528053660232 0.6863732250497219 0.42375535015527516 0.685484922736342 0.42842853594977937 0.6821230668011748 0.4346288203735951 0.6799551721348813 0.4384551414064342 0.6768693258205689 0.44019550360855864 0.6687263583269546 0.44160466719917446 0.6517181167114738 0.4411068376936476 0.6445988231001906 0.4354825623903554 0.6384883787039185 0.42763518112200377 0.6336173443600164 0.4241270361346099 0.6329954934831239
5 0.2947214721918201 0.3224943778972292 0.28775043944480744 0.32189788465356095 0.2806731187741432 0.3239103166006313 0.2784952700368589 0.32579693516311786 0.2761507904055561 0.32942953423618737 0.27500014761552816 0.33774805559929677 0.27540746266550464 0.34357293219034674 0.2773425640703022 0.34647269166925965 0.2790047466574298 0.3537273568494942 0.293912987402835 0.36460837983830874 0.3012015084697834 0.3656162542717829 0.307356535665824 0.3628011510953727 0.3124980672061811 0.3620080380504003 0.31525054961296994 0.36008123718736995 0.3180647504411446 0.35077922424247343 0.3161152510192648 0.34354465021251085 0.3025386819749884 0.3269339399010536 0.2980026433148287 0.3239992646045492 0.2947214721918201 0.3224943778972292
5 0.4097352819207242 0.33634772671374646 0.39945221884001 0.3379339528036913 0.38122850913335565 0.349831041053544 0.3755719991683514 0.3556463594602266 0.37476970390895203 0.3606886559722088 0.3780193280957581 0.37000022710147257 0.3783210429475926 0.3743149505022504 0.38867884701575595 0.37792648364351084 0.39265533774900274 0.38111707741059797 0.3963753708581903 0.38064015628702413 0.39964145623860714 0.3819293068243051 0.40575260165789173 0.37022883837575665 0.42520169514202316 0.35521098799399986 0.4268810266482711 0.35032415420124086 0.42608010683989067 0.34712829395120137 0.42127252481308003 0.34031036759399697 0.41525464475138396 0.33682893953873544 0.4097352819207242 0.33634772671374646
5 0.25425024164096083 0.3548079872627631 0.24818641662598012 0.3547984290783958 0.2407305769395037 0.3596556135365156 0.23979250999677887 0.3627562845181478 0.2405927420796497 0.37007122314919794 0.2469267350102624 0.382202189156287 0.25732910858069136 0.3905800091886749 0.26330173141461233 0.3934142287338197 0.2686092061234783 0.39499421355927505 0.2726316418100098 0.3947129374554681 0.27833272127727976 0.39366390593991296 0.28421551738115985 0.3910846300838136 0.2897965986332055 0.38419063082693655 0.2892377384318022 0.3803274709165084 0.27676449177325013 0.3671082658748577 0.26274837301728515 0.3565984417753051 0.25425024164096083 0.3548079872627631
5 0.388275525662983 0.6198935184232268 0.3851602977084835 0.6207617295863346 0.380804600233915 0.6245349667113077 0.3752536904670528 0.6318604383082626 0.3704879270404696 0.6462851123662289 0.3710317014992812 0.6499325361066182 0.375174135401037 0.6554962277441331 0.38430724341723266 0.6581094446362867 0.39029563971925485 0.6570403219704597 0.39755467702652936 0.6534976456828451 0.40478285512311085 0.6536425754361637 0.4087607213073768 0.6485950124412293 0.4098805048867119 0.643964097119053 0.4099271375655061 0.636373148867148 0.4075086046722638 0.6306889103280015 0.4049837838553699 0.6276135969795934 0.39320516908154657 0.6201991773787208 0.388275525662983 0.6198935184232268
5 0.3756376670683233 0.6868985193014037 0.36818182738184685 0.6917557037595234 0.36261583187239294 0.6988654391864394 0.358971227476164 0.7004210411602079 0.34985114202603146 0.7103807955811254 0.347460717441444 0.7174852645250891 0.34900083863681874 0.7312521971070343 0.35656090307041827 0.7361433226012084 0.36186837777928427 0.7377233074266636 0.371137945204315 0.7381590714681565 0.3828726782013822 0.7366881257968909 0.3836893714778638 0.7359806438359586 0.38211701562077705 0.7341394740569681 0.3822233035444286 0.7315305488662295 0.39043549353701973 0.7251029377670217 0.3942474165527766 0.7176822769016595 0.395246514191378 0.7113254722191721 0.3948700583520945 0.701812989587189 0.39453817201507657 0.6970667938463334 0.3932380472501503 0.6949897967470322 0.38585969945316106 0.6885684269123139 0.37962993126967143 0.686185770857519 0.3756376670683233 0.6868985193014037
5 0.7225908592111272 0.7805715296319592 0.7164214339980044 0.7790518182573197 0.712398998311473 0.7793330943611266 0.7093290275847484 0.7808485140343512 0.7042622370318403 0.786839386310529 0.7029305653307116 0.7925690736331715 0.7035339950343806 0.8011985204347271 0.7080083152731544 0.8115084078130976 0.7119546345212175 0.8142675292401071 0.7224639837408078 0.8159173457007457 0.7325509321678296 0.8115265494002951 0.7399162573987557 0.805374947921942 0.7391009395732933 0.7978442731208528 0.734959193397047 0.7881615031023269 0.731829567425465 0.7846948997143851 0.7225908592111272 0.7805715296319592
5 0.7647221649539677 0.8587052811419694 0.7561636906072766 0.856051881949272 0.7509618160965525 0.8559820503140887 0.7461226871335394 0.856970808378828 0.7424931684799023 0.8587421465226355 0.735324645628178 0.8635792398304833 0.731603924793481 0.8681752393350679 0.7315113471614021 0.8792380574578671 0.7373461351354689 0.8924878866156944 0.7398709559523627 0.8955631999641025 0.7488525188171316 0.900138133536878 0.7529051259888467 0.9002883297731488 0.7623262385653041 0.8987623771340196 0.7699932786480647 0.8969254990564444 0.7730330778896056 0.894978607043142 0.7816388726406005 0.8859219796029236 0.7808996712536062 0.875350907271018 0.7772564423083963 0.8686683524827649 0.7714051931407186 0.8634409439169204 0.7647221649539677 0.8587052811419694
5 0.9083294008844405 0.3400714396113253 0.8913619341659563 0.34516015968834096 0.8816980742570122 0.3514724903688694 0.8635340197952154 0.3683516016798885 0.861128509468036 0.3752403344538132 0.8622921748241271 0.3794947844037754 0.865981348722622 0.3827054693211345 0.8774280771594274 0.38537369318115156 0.8822212611691558 0.3878568049873063 0.890432075710728 0.38966735065012015 0.904511288339098 0.38456380590578504 0.9064169059842214 0.3829130146636093 0.9196670904955562 0.3618249021861244 0.9228138653862583 0.3531500066010727 0.9227843816265844 0.3485994558799841 0.921136597056539 0.34567960525079927 0.9174625089006361 0.34268465650347907 0.9083294008844405 0.3400714396113253
5 0.8340645103840144 0.3515514876131538 0.8243869401834976 0.34940992536162174 0.818912834580613 0.34957592104674945 0.8123498046090868 0.3506852260131204 0.8084329691206971 0.35247665530719957 0.8062702061260044 0.354579010039725 0.805557737596646 0.36503480195295135 0.8068276908763888 0.36668032671217465 0.8110009839888376 0.3685564123087567 0.8192117985304094 0.37036695797157054 0.8263940316737065 0.37398375759578323 0.8429041120358722 0.3912565010846767 0.8458979663241285 0.3927814789422686 0.8494822277499907 0.39036293228834473 0.8533092365083392 0.3831580075930214 0.8542322177084726 0.37984160044135035 0.8537796454307209 0.3733695153401836 0.8485037176580572 0.3639828460927844 0.8379957438894863 0.35409487287012437 0.8340645103840144 0.3515514876131538
5 0.8245645304670507 0.3725941513071425 0.8162632014699284 0.3694891886240953 0.805466535415586 0.36785946331372876 0.7992511652491785 0.3698116218099834 0.7922033283381882 0.3763746044781423 0.7905692540597156 0.3819086467810181 0.7904609029595353 0.39687480711478906 0.794359901803295 0.41134395517471434 0.7972022109401246 0.41483064971292805 0.8048075326014992 0.4203689837172189 0.8177505004569234 0.4279187748870427 0.8241921567622065 0.4292026589413715 0.8279272756139859 0.42894147398783655 0.8310274178258938 0.42785752665468973 0.8390126339540995 0.4223129513859095 0.8459699564095395 0.41445555169751724 0.8469231090948561 0.4115706168859239 0.8460172768138433 0.4027455250646014 0.8438565769956794 0.3924906446540943 0.8272710679205548 0.37413922031500635 0.8245645304670507 0.3725941513071425
5 0.9438955250419901 0.613342652335293 0.9380278146807018 0.616137664361431 0.9325982785800828 0.6210699469376862 0.9255188947328898 0.635439614027789 0.9252459759152198 0.6397945197291106 0.9312775662684885 0.6517298407164327 0.9387622019891293 0.6555422853604125 0.9410298774564547 0.65906916219917 0.9445078509586649 0.6592595407359847 0.9484096007044627 0.6572523752718666 0.9617009160905153 0.6615259415905633 0.9656780945492718 0.6605974569766397 0.9681130886361249 0.6582592749238035 0.9710027181772583 0.6500359428291016 0.9719887932497965 0.6311061668335427 0.9735926960430856 0.6251406521905893 0.9721417138522422 0.6209062933908992 0.9677270488583257 0.615578429073695 0.9524697728567825 0.6120927093170184 0.9438955250419901 0.613342652335293