5 0.12183179723502305 0.34191176470588236 0.12644009216589863 0.34537197231833916 0.13738479262672812 0.34645328719723184 0.14516129032258066 0.3429930795847751 0.14631336405529954 0.3386678200692042 0.14544930875576037 0.3345588235294118 0.14228110599078342 0.3285034602076125 0.13652073732718895 0.3211505190311419 0.13392857142857145 0.3198529411764706 0.12327188940092167 0.3205017301038063 0.1189516129032258 0.32331314878892736 0.11607142857142858 0.3276384083044983 0.11635944700460829 0.33347750865051906 0.12183179723502305 0.34191176470588236
5 0.18029953917050692 0.3698096885813149 0.18404377880184333 0.3782439446366782 0.18605990783410137 0.3804065743944637 0.19239631336405533 0.38256920415224915 0.20996543778801846 0.3855968858131488 0.2168778801843318 0.38516435986159175 0.2217741935483871 0.38343425605536335 0.2240783410138249 0.38019031141868515 0.22436635944700462 0.3628892733564014 0.2203341013824885 0.3514273356401384 0.21630184331797236 0.3479671280276817 0.20650921658986174 0.3429930795847751 0.19930875576036866 0.342560553633218 0.19556451612903228 0.3432093425605537 0.18922811059907835 0.34558823529411764 0.1846198156682028 0.34904844290657444 0.1811635944700461 0.3522923875432526 0.17857142857142858 0.3572664359861592 0.17828341013824883 0.3613754325259516 0.18029953917050692 0.3698096885813149
5 0.1546658986175115 0.41284602076124577 0.16129032258064518 0.4145761245674741 0.17194700460829493 0.4152249134948097 0.1800115207373272 0.4134948096885814 0.18317972350230416 0.4108996539792388 0.18433179723502305 0.4085207612456748 0.18433179723502305 0.4039792387543253 0.1826036866359447 0.39835640138408307 0.1788594470046083 0.3933823529411765 0.1725230414746544 0.38905709342560557 0.16705069124423963 0.38711072664359863 0.1581221198156682 0.3884083044982699 0.1517857142857143 0.3923010380622838 0.14890552995391707 0.39619377162629765 0.14919354838709678 0.4070069204152249 0.1546658986175115 0.41284602076124577
5 0.27880184331797236 0.35575259515570934 0.27880184331797236 0.3596453287197232 0.28110599078341014 0.36570069204152256 0.2790898617511521 0.36937716262975784 0.2790898617511521 0.3734861591695502 0.2894585253456221 0.370242214532872 0.29377880184331795 0.370242214532872 0.30328341013824883 0.3734861591695502 0.3070276497695853 0.3730536332179931 0.3165322580645161 0.35661764705882354 0.3199884792626728 0.3525086505190312 0.3188364055299539 0.34493944636678203 0.3162442396313364 0.3423442906574395 0.3133640552995392 0.3410467128027682 0.3024193548387097 0.340181660899654 0.2960829493087558 0.3414792387543253 0.28773041474654376 0.34537197231833916 0.283410138248848 0.3531574394463668 0.27880184331797236 0.35575259515570934
5 0.3263248847926267 0.6474913494809689 0.33150921658986177 0.6528979238754327 0.3378456221198157 0.6548442906574394 0.34475806451612906 0.6544117647058825 0.35080645161290325 0.6526816608996541 0.3600230414746544 0.6483564013840831 0.3649193548387097 0.6438148788927336 0.3712557603686636 0.626946366782007 0.37067972350230416 0.6234861591695502 0.3654953917050691 0.6120242214532873 0.3611751152073733 0.6061851211072665 0.3588709677419355 0.6046712802768167 0.3487903225806452 0.6029411764705883 0.3418778801843318 0.603589965397924 0.33813364055299544 0.6051038062283738 0.33150921658986177 0.6118079584775087 0.32776497695852536 0.6182958477508651 0.3251728110599078 0.6237024221453288 0.3231566820276498 0.6325692041522493 0.3234447004608295 0.6423010380622838 0.3263248847926267 0.6474913494809689
5 0.3591589861751152 0.5084342560553633 0.3597350230414747 0.5071366782006921 0.36376728110599077 0.5060553633217993 0.3663594470046083 0.5071366782006921 0.36779953917050695 0.5190311418685122 0.3689516129032258 0.5207612456747406 0.3724078341013825 0.5242214532871973 0.37644009216589863 0.5261678200692042 0.38018433179723504 0.5263840830449827 0.38680875576036866 0.5235726643598617 0.391705069124424 0.5196799307958477 0.3994815668202765 0.5092993079584776 0.405241935483871 0.4978373702422146 0.405241935483871 0.4876730103806229 0.4017857142857143 0.4844290657439447 0.3983294930875576 0.48334775086505194 0.391705069124424 0.4835640138408305 0.38364055299539174 0.4850778546712803 0.3787442396313364 0.48940311418685123 0.3715437788018433 0.49264705882352944 0.36376728110599077 0.49480968858131497 0.36031105990783413 0.4980536332179931 0.3588709677419355 0.5012975778546713 0.3591589861751152 0.5084342560553633
5 0.42050691244239635 0.5817474048442908 0.42194700460829493 0.5845588235294118 0.42857142857142855 0.5884515570934257 0.432315668202765 0.5893166089965398 0.4409562211981567 0.5897491349480969 0.445852534562212 0.5886678200692043 0.4498847926267281 0.5856401384083045 0.45420506912442404 0.5776384083044983 0.45305299539170507 0.572015570934256 0.44671658986175117 0.5605536332179931 0.4435483870967742 0.5570934256055364 0.4389400921658987 0.5544982698961938 0.43289170506912444 0.5551470588235294 0.4248271889400922 0.5603373702422145 0.4216589861751152 0.5650951557093425 0.42050691244239635 0.5676903114186851 0.42050691244239635 0.5817474048442908
5 0.2606566820276498 0.7275086505190311 0.26497695852534564 0.7316176470588236 0.27246543778801846 0.7335640138408305 0.28629032258064513 0.7335640138408305 0.29377880184331795 0.7322664359861593 0.307315668202765 0.7272923875432526 0.31163594470046085 0.7244809688581315 0.315668202764977 0.7099913494809689 0.3099078341013825 0.7056660899653979 0.3038594470046083 0.7030709342560554 0.3001152073732719 0.7019896193771626 0.2960829493087558 0.7019896193771626 0.27620967741935487 0.7063148788927336 0.26900921658986177 0.7102076124567475 0.263536866359447 0.7169117647058825 0.2606566820276498 0.7236159169550174 0.2606566820276498 0.7275086505190311
5 0.5884216589861752 0.7225346020761246 0.5982142857142858 0.7283737024221454 0.6045506912442397 0.7272923875432526 0.6131912442396313 0.7214532871972319 0.616647465437788 0.717128027681661 0.6232718894009217 0.6972318339100346 0.6206797235023042 0.6918252595155711 0.6126152073732719 0.6862024221453288 0.6085829493087558 0.6857698961937717 0.6051267281105991 0.6868512110726643 0.592741935483871 0.6950692041522493 0.5841013824884793 0.7067474048442908 0.582373271889401 0.7119377162629759 0.5820852534562213 0.7169117647058825 0.5884216589861752 0.7225346020761246
5 0.39976958525345624 0.7102076124567475 0.40783410138248855 0.7149653979238755 0.4147465437788019 0.7158304498269896 0.42569124423963134 0.7151816608996541 0.4277073732718894 0.7134515570934257 0.435483870967742 0.7112889273356402 0.44268433179723504 0.7112889273356402 0.4455645161290323 0.7121539792387543 0.4519009216589862 0.7115051903114187 0.45593317972350234 0.7097750865051904 0.46370967741935487 0.6998269896193772 0.4634216589861751 0.6920415224913495 0.4602534562211981 0.6870674740484429 0.45622119815668205 0.6844723183391004 0.44268433179723504 0.680363321799308 0.43519585253456217 0.6807958477508651 0.42655529953917054 0.6833910034602076 0.40783410138248855 0.685121107266436 0.40034562211981567 0.6877162629757786 0.3948732718894009 0.6929065743944637 0.3931451612903226 0.6961505190311419 0.39976958525345624 0.7102076124567475
5 0.22724654377880188 0.8419117647058825 0.23099078341013826 0.8440743944636679 0.2379032258064516 0.8455882352941178 0.24481566820276499 0.8455882352941178 0.2505760368663595 0.8442906574394465 0.25432027649769584 0.8406141868512111 0.2563364055299539 0.8345588235294118 0.2534562211981567 0.8248269896193772 0.24942396313364057 0.8189878892733565 0.24107142857142855 0.8131487889273357 0.23329493087557607 0.8122837370242214 0.2275345622119816 0.8155276816608998 0.22436635944700462 0.8211505190311419 0.22465437788018433 0.8358564013840832 0.22724654377880188 0.8419117647058825
5 0.5095046082949308 0.7030709342560554 0.5118087557603687 0.7058823529411765 0.5158410138248848 0.708044982698962 0.5311059907834101 0.7073961937716263 0.5414746543778801 0.7030709342560554 0.5423387096774194 0.6996107266435987 0.5388824884792627 0.6857698961937717 0.5328341013824885 0.6777681660899655 0.5259216589861752 0.6738754325259516 0.5201612903225807 0.6831747404844292 0.5144009216589862 0.6890138408304499 0.5080645161290323 0.6983131487889274 0.5077764976958525 0.6998269896193772 0.5095046082949308 0.7030709342560554
4 0.24654377880184333 0.7523788927335641 0.25144009216589863 0.7564878892733564 0.26497695852534564 0.761029411764706 0.2727534562211982 0.7605968858131489 0.2868663594470046 0.7571366782006921 0.2911866359447005 0.7545415224913495 0.29464285714285715 0.747188581314879 0.2955069124423963 0.7359429065743945 0.29349078341013823 0.7331314878892734 0.271889400921659 0.7335640138408305 0.26497695852534564 0.7311851211072665 0.2595046082949309 0.726643598615917 0.25547235023041476 0.726643598615917 0.2502880184331797 0.7311851211072665 0.2439516129032258 0.7448096885813149 0.2436635944700461 0.7482698961937717 0.24654377880184333 0.7523788927335641
3 0.48127880184331795 0.5875865051903115 0.48444700460829493 0.5906141868512111 0.5089285714285714 0.5949394463667821 0.5190092165898618 0.592560553633218 0.5279377880184332 0.5884515570934257 0.5313940092165899 0.5839100346020761 0.5308179723502304 0.5741782006920416 0.5336981566820277 0.5573096885813149 0.5331221198156683 0.55060553633218 0.5293778801843319 0.5356833910034602 0.5253456221198156 0.5326557093425606 0.519873271889401 0.5311418685121108 0.506336405529954 0.5322231833910035 0.5017281105990784 0.5335207612456748 0.4982718894009217 0.5356833910034602 0.49107142857142855 0.5449826989619377 0.4870391705069125 0.5540657439446367 0.48156682027649766 0.5605536332179931 0.4772465437788019 0.5687716262975779 0.47695852534562216 0.578287197231834 0.48127880184331795 0.5875865051903115
2 0.25777649769585254 0.8522923875432526 0.26526497695852536 0.8596453287197232 0.28168202764976963 0.8639705882352942 0.2900345622119816 0.8646193771626299 0.29694700460829493 0.8624567474048443 0.30817972350230416 0.8525086505190312 0.31163594470046085 0.8475346020761247 0.32027649769585254 0.8246107266435987 0.32027649769585254 0.8183391003460209 0.3188364055299539 0.8133650519031143 0.31105990783410137 0.8066608996539794 0.3038594470046083 0.8038494809688581 0.29896313364055305 0.8036332179930797 0.2932027649769585 0.8053633217993081 0.28629032258064513 0.8105536332179932 0.2831221198156682 0.8163927335640139 0.27620967741935487 0.8228806228373703 0.26152073732718895 0.8334775086505191 0.25777649769585254 0.83780276816609 0.2560483870967742 0.8419117647058825 0.25518433179723504 0.8453719723183392 0.25777649769585254 0.8522923875432526