5 0.44297883407458727 0.6989060737590851 0.4361580279011469 0.704216233422376 0.4311481039328842 0.7142532942304799 0.43185992820266134 0.7220275223646395 0.43544772382886066 0.7295352543133468 0.43982773127713015 0.732919535698065 0.4470837100818222 0.7360373208973305 0.4505545021181522 0.7368419216717624 0.4566019680162755 0.7367363627618595 0.4611680436786555 0.7342774065090648 0.46820133823166066 0.7246376194734196 0.47233224126278894 0.7137507183580685 0.463713002868153 0.6985441574965607 0.4599164931717393 0.6955822829580875 0.45331572399656517 0.6969952753247841 0.4501744239296691 0.6985641783522732 0.44584348250295774 0.6979908874599927 0.44297883407458727 0.6989060737590851
5 0.494328497208201 0.6536690987226492 0.4871140358063659 0.6529298439400619 0.4843210992556573 0.6579534009588711 0.4835930506925479 0.6657527621668173 0.4811182831832214 0.672501132873908 0.4735807513747236 0.6862593438587846 0.4756758338371278 0.6907649883509602 0.4916616330635537 0.6989214960166237 0.5022940461708101 0.6974381310433252 0.5108728942185191 0.6938276519945292 0.5213958523546075 0.6860736159227153 0.5247760609665227 0.6816886957880312 0.5258713445925726 0.6784251387608042 0.523256927637273 0.6771729980663409 0.5223552608440349 0.6750257775318143 0.5194490950128074 0.6735624334142282 0.5182632279623427 0.6716364695323387 0.5019026450542752 0.6585116976101963 0.494328497208201 0.6536690987226492
5 0.4319538927948659 0.67790151479288 0.434321852586445 0.681537212518779 0.43811458797350794 0.6842828570193722 0.4453630181594986 0.6869681821428781 0.449413533638334 0.6879789597256754 0.4574768215024984 0.6878382145124715 0.4635054158538686 0.6866515054131694 0.46747667083634087 0.68312145220049 0.4710353990436653 0.672460834352533 0.4709146211444454 0.665541473140378 0.4682549124769384 0.6616945719913564 0.45599391106926424 0.6523915681444492 0.4513674464572743 0.6513908437911666 0.44273198376930595 0.6517578722717647 0.43080689589383736 0.6616993417961636 0.4319538927948659 0.67790151479288
4 0.20555162767421287 0.9757995345364405 0.206191740066328 0.9794653919508832 0.21117789112255725 0.9845694604091257 0.2152510524574963 0.9868776182192022 0.22301504282703152 0.986093209507116 0.22700139504690636 0.983428076445956 0.22895682806333745 0.9799332095365774 0.22943087084402514 0.974084945284307 0.22757847123599081 0.966979513722816 0.2252142857537624 0.9635600460347966 0.22322865826252633 0.9653250726411364 0.21435051272018807 0.9682918881910503 0.20780635818527324 0.9729483311259444 0.20555162767421287 0.9757995345364405
4 0.3637113643972411 0.34945771246633023 0.36554866676787307 0.35569822387630196 0.3696557968869677 0.3599524520272969 0.37428603580830827 0.36116940641845946 0.38291772418692605 0.36058614789998134 0.39209894153324415 0.3584792258868297 0.3968548597190852 0.35039326203440174 0.3973439997371755 0.34540991793365083 0.39553311753199794 0.340683016788838 0.3896943657040888 0.33624271828850694 0.3813129087985421 0.3346586498134294 0.3747159139327185 0.3362878722180057 0.36644391199833987 0.34097447484144355 0.3637113643972411 0.34945771246633023
4 0.3210647083783461 0.3486880411852491 0.3217010464611107 0.35213766856181206 0.32553152494168 0.3570456134412037 0.3293129374006912 0.35914256782815757 0.3347920027843611 0.35947952222352886 0.3399717706734019 0.3591728131200179 0.34741004338285364 0.35623113064389067 0.3536058344015812 0.34812003371767625 0.3540534570168146 0.34075815920024705 0.3496168349282858 0.33413042724733116 0.3447401388432248 0.33529702988760424 0.3392535248408535 0.3345276154164732 0.32868527499255773 0.33968689103372907 0.323012592776076 0.344760714200111 0.3210647083783461 0.3486880411852491
4 0.3846678243009327 0.3123216099199609 0.3847433104879452 0.3166462106775577 0.39150637496519625 0.3245311099396944 0.4018923309087322 0.32543130199783143 0.41164949738820483 0.3233143267551653 0.41621179874123426 0.3206391404644907 0.4210318801860359 0.3162290872560201 0.4232639648409924 0.3120805036182447 0.42284388944714335 0.30451747890720754 0.418422364596017 0.298754667105811 0.41552752169284146 0.29794001310186446 0.40228446593963624 0.29838746741857936 0.39454689573555524 0.3006854863958243 0.3868923603371881 0.3077405662064259 0.3846678243009327 0.3123216099199609
4 0.3277820880018288 0.3044464214740719 0.3249740542137176 0.3086050583413618 0.32389764213442085 0.3129497655579877 0.3251023807316388 0.31595687962927643 0.3303916035918476 0.3219208416242809 0.33562798612114786 0.3248575830889676 0.3462641735377549 0.3235904481535489 0.35256941952765053 0.32175002232585 0.3614173705951837 0.3170533664728976 0.3648202250632028 0.3139658265654924 0.36536975403090294 0.31244216307081896 0.3641725640523862 0.3098675090752899 0.3595536480590975 0.309299244797767 0.35229766925440564 0.3061814595985014 0.3352467808767349 0.30301834926310356 0.3317910860778072 0.30307866864019095 0.3277820880018288 0.3044464214740719
4 0.3826440605746295 0.26239257762874646 0.3804308474664261 0.2676223114559209 0.380551625365646 0.2745416726680759 0.3834691141249253 0.27665370689930147 0.38859226737370667 0.2731035472275929 0.39745154136929184 0.26905558148827996 0.41790150990563096 0.26891492187839283 0.4227631087532894 0.2668833990866005 0.42269894549432874 0.26320748844264313 0.4119080113943462 0.2556091918249882 0.4072702238543043 0.2539597773580661 0.40381830336472735 0.2542363267730332 0.3966717795312035 0.2573892126722831 0.3866266384851536 0.25951121452970655 0.3826440605746295 0.26239257762874646
5 0.06627431587387089 0.09293143383987683 0.06980172255046022 0.09697948518250658 0.08145658035017478 0.10456270195588946 0.08522289557178356 0.10579473619132385 0.08868613898941229 0.10616687688999624 0.09584398575098795 0.10366268110438588 0.10751129353468425 0.0954560784977831 0.10646620298612244 0.08509211652382254 0.10096826605569935 0.08367401193905204 0.09891470099615204 0.08154689786355451 0.08306855121569916 0.08139090159944544 0.07757061428527602 0.07997279701467494 0.06672571279845486 0.08578578936032741 0.06627431587387089 0.09293143383987683
5 0.08052319888464086 0.06759239209319379 0.08175435764731316 0.07211311642964127 0.08470958950009874 0.07638745103966542 0.09139716779033721 0.07994774954420514 0.0991838040159762 0.08046072105939803 0.1029161504534292 0.07974668495391386 0.10802043215545756 0.07511537509280605 0.10871073762506074 0.06515371350606154 0.10659300930655284 0.059350688786606744 0.10220922754893265 0.05575017736400874 0.09814738914204559 0.05409070966757188 0.08724964732431555 0.056876481482906624 0.08272131475544178 0.06149773811449979 0.08052319888464086 0.06759239209319379
5 0.09713626737763933 0.04567281803452996 0.0971777847804962 0.048051348451208044 0.09986391361345745 0.053411859865388676 0.10306560262996345 0.05530263744397708 0.10798381611788119 0.05651456522038236 0.11945750706876582 0.05371874017553306 0.12401603411244458 0.05082732384697843 0.12541061523312355 0.04820743031863399 0.1256608467061946 0.04604010332507826 0.12269429192535737 0.04111707860141474 0.11948127998079945 0.03857761090918679 0.11193355230017968 0.03524862228679861 0.10449150528137736 0.03797407472504606 0.0976744734172877 0.04350046442621691 0.09713626737763933 0.04567281803452996
5 0.05390233929753785 0.04426450986932382 0.05684624822227139 0.047890154365708336 0.06035100904275716 0.05064082548105882 0.0705056050599751 0.05478949472215087 0.07394242831214973 0.053648025155664227 0.07674291348155957 0.04905692821261472 0.07953207572291772 0.04381714115592565 0.07416359236634566 0.03331234836544441 0.07007910810335463 0.030355500441728633 0.06311865248394136 0.027665148703465547 0.0596818292317669 0.02880661826995201 0.053546427162649346 0.040377395802243844 0.05390233929753785 0.04426450986932382
4 0.4492848139788519 0.6310953799190051 0.44652207190294824 0.637848777240853 0.44284256579640385 0.6415900338766549 0.4415385681001398 0.6493994483141157 0.4435732616129341 0.6504454122002138 0.45135989783857305 0.6509583837154068 0.4554179619361097 0.6524016213739638 0.4664930962933189 0.6597786613389816 0.4696721394537211 0.6603720586902908 0.47651559148326517 0.6563592792542791 0.4808163384351715 0.6552027298435206 0.4812639610504049 0.6478408553260915 0.4802830337608038 0.6411528039960881 0.4746945134059657 0.6345451785022014 0.4691701563100882 0.6316134636522719 0.4622210236187268 0.6295718020276483 0.45588180884467544 0.6294661575144287 0.4492848139788519 0.6310953799190051
5 0.6686429594975144 0.7217877857159909 0.6612613014283221 0.7279729187603158 0.6584947850430678 0.7345100860442839 0.6598995620358687 0.7489773921232041 0.6623279107770577 0.7560727704551808 0.6655635685777194 0.7599096183746876 0.669629181293957 0.7617853161090044 0.6730735531648329 0.7610763066182775 0.677920054775089 0.7581798636749657 0.6842177521462833 0.7559069777715072 0.6899055316001674 0.7516980747566444 0.6921602621112277 0.7488468713461482 0.6908951345643999 0.742380076668782 0.6930026670107858 0.7310959017809721 0.6906347072192068 0.727460204055073 0.6862433768428854 0.7234272325567153 0.6830530107544315 0.7221851450917663 0.6761189753004724 0.721008403618662 0.6686429594975144 0.7217877857159909