3 0.699855191080814 0.6797193591532014 0.6987823913242489 0.6843692781669117 0.7029878920803998 0.7013840193497659 0.7058472929415313 0.7065246898362103 0.7133161565683327 0.709801211088819 0.7236050737225953 0.7069509509772871 0.7298268994562951 0.7029753280603652 0.7329497552567945 0.699658411537163 0.7347089519613399 0.6968524441219917 0.7351613961045362 0.6934398578609953 0.7324668767681083 0.6890748939601674 0.7340998288825413 0.6759779473953064 0.7317350276319191 0.6731641851286009 0.7186555590847795 0.6684271017350916 0.711477554797367 0.6692895503881625 0.7056842873395647 0.6725107971735703 0.699855191080814 0.6797193591532014
4 0.4600738435377929 0.6196970594485807 0.4561957413210588 0.6236166973918407 0.45134390134967733 0.6368081808756904 0.4511731817458628 0.6401608847372577 0.4538646711368221 0.6431263017154196 0.4645013541650783 0.6432974435557114 0.4735586948926107 0.647120701254716 0.47627407015086903 0.6474279081033957 0.47998145276378856 0.646860974021703 0.49217640035911214 0.6405102527629146 0.493788763327142 0.6383987790798283 0.49240683463117413 0.6305120235776417 0.48950247016908727 0.6251598159803121 0.48569602555424984 0.6211048235351254 0.48149404333082096 0.6193448493970795 0.4740132367703701 0.6173974332092118 0.46693710261851773 0.6173538510193123 0.4600738435377929 0.6196970594485807
4 0.2850616687272265 0.35598754090298235 0.28616468101745496 0.3584062214347482 0.2914816184647619 0.36125577103981904 0.2985458096829648 0.3626284582944598 0.3079445896181262 0.3597463082703297 0.3119006761031217 0.35757884961358155 0.31558698098238486 0.3541421682915213 0.3187126449165266 0.3452972943984694 0.3173187732869093 0.33873964396102385 0.3140638348171862 0.3358939917817202 0.3035739855254457 0.3350283562093432 0.2965758356418547 0.3367369533059555 0.29346492277500486 0.3387247647644165 0.2892032258833285 0.34361031595007596 0.2850616687272265 0.35598754090298235
4 0.3279737259151795 0.34730849041153317 0.32990996888990404 0.35087662880975296 0.3361500642236178 0.35529871050304834 0.33989046750384333 0.356272418596982 0.344398060133953 0.35531430020611676 0.35240016030585475 0.35140245711439116 0.356670991997538 0.3507157582338403 0.3606179436825264 0.3443494472719834 0.3613310346314483 0.3380072313711904 0.3589690415144687 0.32966551173463493 0.351590105089578 0.326812064703797 0.34366879731958005 0.3269481297121847 0.3357566243495892 0.3312830470256812 0.3318335585318996 0.3349911478580559 0.3283151651228087 0.34060308268839856 0.3279737259151795 0.34730849041153317
4 0.2836003349648382 0.304783157284968 0.2814547354517082 0.31408299531238854 0.2827825657467137 0.31755936139858115 0.2893823698880706 0.32367373997895926 0.294237728392174 0.32573702353991785 0.2974715891282406 0.325712928478854 0.30442477541087626 0.32379279427135643 0.3113899046271614 0.3205435549991177 0.32364175875708984 0.3130752657864735 0.3251192309222535 0.31032918077073124 0.325514768530845 0.30803416246359067 0.3239951408983685 0.30504075299859773 0.3223617001966822 0.3042824794413165 0.2941140701238777 0.30299058272786267 0.28948352962455126 0.30198498472133084 0.2860578715510137 0.3024920364035945 0.2836003349648382 0.304783157284968
4 0.3416658026111642 0.2995159825480541 0.3404911327190388 0.30507193240473485 0.34223557835629237 0.3091230274241543 0.34811596488236296 0.3118528122303671 0.3558784959821957 0.31374034601880557 0.3720056441952158 0.30788037623275116 0.3761085644167269 0.30501842384391786 0.38260297988980163 0.29678406622245823 0.382030396011031 0.29270497871620765 0.3780321540587226 0.2891329428922208 0.3757242593427053 0.28520161267165944 0.3715222771192764 0.2834416385336133 0.366226417405626 0.28346183616891013 0.3500212849243445 0.28756962666845254 0.3416658026111642 0.2995159825480541
4 0.33057806277519486 0.2556640207695927 0.3304284209050367 0.26188647187152764 0.3312616515895328 0.2630359297379815 0.3343486785890838 0.2637063284090028 0.34327674478103487 0.2558390600356518 0.3523488365758592 0.25280525530006553 0.37140423511826504 0.24963928298185872 0.3732983226256768 0.24746792689934338 0.37262386861134583 0.2442948702360633 0.3618881235811718 0.23950180186889197 0.35463213502549784 0.23861207123545114 0.35068799147415186 0.23945042482745826 0.3380644856029308 0.2465555222177608 0.3321124414749634 0.25180036779999476 0.33057806277519486 0.2556640207695927
5 0.005955439948246377 0.1192679737839077 0.009983184035138625 0.10912588473871274 0.008544348804565893 0.10235669719038185 0.0030833857543859367 0.09467368394754638 0 0.09532907782180097 0 0.12269525157583228 0.002697693344880947 0.12195027897445376 0.005955439948246377 0.1192679737839077
5 0.44646817551099705 0.6526578744890221 0.4424671254250462 0.6546137960348851 0.44176597740977386 0.659626906870937 0.44315984903939115 0.6661845573083823 0.4470983763234521 0.6764021184560749 0.45133337921418704 0.6797027347697474 0.46023475140519665 0.6800216338957285 0.46963072320671573 0.6826674412414483 0.4725498387360946 0.6811625864041869 0.4765839094893513 0.6807473070339506 0.4798866196936723 0.6782765389542897 0.48321321576529225 0.673147560745147 0.48555061261589333 0.6633647660965265 0.48518176900824317 0.6574736169043351 0.4801044006330053 0.6488246904191002 0.466653280344573 0.6437244152032493 0.45527329383373144 0.6428268897182742 0.451092389343959 0.6439366628205956 0.4474840687329572 0.6491255234291676 0.44646817551099705 0.6526578744890221
5 0.4995012383830404 0.6389533103777586 0.49877339636682655 0.6521525887131425 0.49432342067040136 0.6727758635648099 0.4966313153864186 0.6767071937853715 0.5012948765530509 0.6792534339675298 0.508910573916368 0.6818354614880533 0.5159298015336156 0.6829966116318085 0.5258920305475407 0.6799946968088204 0.5310768853256239 0.6766816777113854 0.5465113099242991 0.6592509466518337 0.5456120379051912 0.6550202044341269 0.5430884599844038 0.6542300409642474 0.5374118137294539 0.6496881944720939 0.5286361975413034 0.6458050543736602 0.5146124933741004 0.6366256916515589 0.5059598250551667 0.6347062679505222 0.4995012383830404 0.6389533103777586
5 0.4400348955043289 0.6958121556160923 0.4465749849774384 0.708572059520176 0.45640864985486196 0.7146623430394902 0.46086566261673145 0.7245486022774392 0.4690209231915133 0.7296690751285869 0.4730880146120759 0.7307944379339768 0.47871056246606364 0.7309258950101365 0.48659884956875554 0.7292491878261222 0.4899254456403755 0.7241202096169792 0.4944414626714126 0.7065782191165647 0.49614375284135326 0.7048898196552491 0.4945580838742648 0.6988151258390033 0.49209141248808247 0.6969073944152682 0.4843675183228406 0.6855045880627565 0.45173805162278563 0.6816065687677155 0.4437478943845334 0.6841893067947 0.43963303122937275 0.6883803642482744 0.4400348955043289 0.6958121556160923