2 0.6988950692756097 0.531830970596104 0.6950248035607197 0.5353745294991246 0.6930335842645745 0.5428788125065631 0.6937924877965804 0.5541578434792795 0.6967096941007032 0.5614007428903875 0.7011717798716276 0.5656680635142536 0.7169427640268198 0.5679499567977349 0.7213132410118737 0.5665878136336014 0.7231006786447474 0.5649190739500202 0.7237971241091727 0.5614810775992672 0.7229864274518464 0.5599380038646717 0.7162517877159044 0.5547257447170659 0.713501664887753 0.5509509967517878 0.7136526142679541 0.5466283720674492 0.7180220520952578 0.5370431903047136 0.7132041961231106 0.5347109990904408 0.700622127156403 0.5318912807862579 0.6988950692756097 0.531830970596104
3 0.6665541084079096 0.5584001334547386 0.6625167592170483 0.5584755409119293 0.656404129413181 0.5602096363543424 0.6531020021895456 0.5639894298882979 0.6512239949285511 0.5682517443824826 0.6507776550992077 0.5727804486026791 0.6521640377167985 0.5743436257339927 0.6558682591134671 0.5755549539837446 0.6557022147952458 0.5803098411365171 0.658156947174255 0.584290668637653 0.669391410026172 0.5926895922380401 0.674822689303634 0.593961230677946 0.6892450281862856 0.5935992906590292 0.6946979107130277 0.5859994967976817 0.6946515867412174 0.5790732456043809 0.6892721005890756 0.568065649926354 0.6805376549302279 0.5623507664218013 0.6665541084079096 0.5584001334547386
3 0.7639949459150539 0.5492519442171446 0.7578898635801965 0.5507699084253408 0.751997149535371 0.5544592366740652 0.7445520085547335 0.5613402749442487 0.7440981212563799 0.566085110398662 0.7454165766528802 0.5695934686379281 0.7523409422718239 0.5776254855287131 0.7562877218345645 0.5801436528821255 0.7643171354022267 0.5812896253730457 0.7718387902307148 0.5804703133592954 0.7777390517445505 0.5765648538763539 0.7813894017003985 0.5710660621670219 0.7813581726666083 0.5637075485052871 0.7756757485963143 0.5531221635973351 0.7677444521257828 0.5491664850615948 0.7639949459150539 0.5492519442171446
5 0.2755641851334631 0.5393365945294135 0.2709511499823375 0.5393918985898861 0.2680349828359649 0.5403720377773807 0.2632408084285978 0.5456144914590597 0.26311250145542686 0.5492887224407476 0.26501419028120166 0.5526010528425147 0.2736882561879689 0.560044986220803 0.2782031742419638 0.5627993882051504 0.2856418069113414 0.5643575197677865 0.29458003423346063 0.564236859948482 0.29813226709217805 0.5615477742839701 0.30157779622700465 0.5536614872998927 0.30141826022004337 0.5499772046198459 0.2998119618434109 0.5464587946822208 0.2930395847624184 0.5423271917056998 0.2755641851334631 0.5393365945294135
5 0.31397353014872026 0.5205531622322697 0.30933030512155435 0.5214729912296102 0.30256651466732204 0.5253482956174745 0.30043085430223554 0.5287360334764324 0.2981593394949681 0.536014133551295 0.2980008426457569 0.5405528894698506 0.29906164493816506 0.5431866710738898 0.30495539814074074 0.5477203814237678 0.31237138840308815 0.5499269066890546 0.3158330516336849 0.5498313958351458 0.3228394002539892 0.547262930550942 0.32763357466135623 0.542020476869263 0.32982206730951313 0.5371198203707868 0.33051851277393846 0.5336818240200338 0.3283289809680315 0.5303594419199076 0.3247681614825539 0.5250416202200341 0.3219652063713322 0.5227797908942746 0.31397353014872026 0.5205531622322697
5 0.3264389962422672 0.5597231346783336 0.32265930015549793 0.5606731187707508 0.31794814790724146 0.5635381288760437 0.31349464876307703 0.5672777156165633 0.31160154656406236 0.5719722925791817 0.31735944532445703 0.5803963651449644 0.3218819108474621 0.5829346358950949 0.3290477954747275 0.5840504532909381 0.33575120617687937 0.5819041987768092 0.3395761870777089 0.5796574272790902 0.342938694053425 0.574148583871399 0.3434303186968287 0.5683230922459008 0.34154372480907413 0.5645784993756999 0.3364757632018448 0.5611556002919836 0.3264389962422672 0.5597231346783336
5 0.3646294646562326 0.5472075081734807 0.3576080210979083 0.5502082359261184 0.35048091297344325 0.5562348009577931 0.34739870150884944 0.56196982729806 0.34861903980821884 0.5682878915821461 0.35219495423171654 0.573173450813586 0.35331613627620534 0.5740781825438898 0.36137573971990766 0.5743596300979421 0.36686739874945024 0.5739022186641127 0.37356326198259204 0.5719720953842007 0.3759339330447403 0.5701073278631204 0.37662283104015565 0.5668854627465845 0.37963711528365895 0.5630956175142698 0.3796134337188787 0.5555209726183181 0.37662075272465545 0.5504393855493797 0.3723710352437625 0.5483434289660419 0.3646294646562326 0.5472075081734807
5 0.483809475053495 0.5344905716284744 0.47275068230430933 0.5375667068383027 0.4671231688325859 0.5419144804880369 0.46557074189677394 0.5451061905094959 0.46822274762779453 0.551690644519594 0.4752603252818891 0.556480692897125 0.479002284023608 0.5566113649757922 0.48689480399133905 0.5534246610840146 0.49078016464424906 0.5494488397125601 0.4930139421064664 0.5432513958087821 0.4922787201392406 0.5395470097320172 0.4903921262514859 0.5358024168618164 0.48755143379521393 0.5346212437071415 0.483809475053495 0.5344905716284744
5 0.5407128546493054 0.5472974213127649 0.537153074321578 0.5502026382114938 0.5340029356358936 0.5578828456597132 0.5334433837713994 0.5656535183931639 0.5376100790931818 0.5701269185528877 0.5410566473857584 0.5704636701674127 0.542828990080612 0.5692271929522652 0.5462141394633583 0.5630699558419234 0.5510234088087455 0.5573952396918106 0.5628853507462473 0.5560783094507947 0.5591886768185886 0.5546508499668258 0.558976308528557 0.5524794859262976 0.5565140286805378 0.5487147896593785 0.5520293005025831 0.5450958627381632 0.5483099841678942 0.5443167969568454 0.5407128546493054 0.5472974213127649
5 0.5558251306851225 0.5519366547759145 0.554590736605483 0.5542738915588648 0.5477741138681803 0.5596621145862476 0.5415719535939425 0.5722128234378664 0.542292080623148 0.5763494719830651 0.5456027944735437 0.580576585813495 0.5526781094726885 0.5842859780199412 0.5590182025046075 0.5842909841496227 0.5648354418593325 0.5827629682430675 0.5708262730012889 0.5762639339495229 0.571620835562845 0.5700162315539499 0.5704004972634754 0.5636981672698638 0.5657486856095494 0.5566110889028187 0.5589687610595468 0.5526956171605145 0.5558251306851225 0.5519366547759145
5 0.5402037833876221 0.5948864996339261 0.5338410479486728 0.5955298872068956 0.529084610886356 0.59969168471749 0.526615822727077 0.6043661582833904 0.5283665621726505 0.612001113369496 0.531647086147006 0.6170927521367938 0.5453654320962222 0.6203849397028466 0.5482589568355647 0.6200531942180028 0.5492130554040819 0.6174897745024768 0.5482881075538547 0.6109656306825327 0.546779926274353 0.6046375147000876 0.5435446871140579 0.5982490885274883 0.5402037833876221 0.5948864996339261
5 0.7264827105542433 0.5340927210438708 0.7170830484647607 0.5391743475518058 0.713379866225842 0.5461860579006564 0.7132213693766308 0.5507248138192119 0.7162442402468943 0.5549418759512827 0.7289707502825429 0.5618781394039465 0.7322653300371683 0.5583144771042078 0.7390064780843704 0.5550875664189943 0.7412327080775777 0.5491062537494331 0.740777781621474 0.5456280506052442 0.7388987352027295 0.5416673265008264 0.7330653617522344 0.535404566277213 0.7264827105542433 0.5340927210438708
5 0.7287916893418017 0.5835113662223577 0.7248071724340107 0.58207385504003 0.7218910052876383 0.5830539942275244 0.7178838459728172 0.5822648767478474 0.7166871892382278 0.5835214573597131 0.7105519170273304 0.5859039465047768 0.7068713771954421 0.5922672631509766 0.7070233657333932 0.5961676770652404 0.7091902551322702 0.6001384528680174 0.7145083223745814 0.6046520598211773 0.7238863812147838 0.6084418656144956 0.7346573309838372 0.6053556787063084 0.7374215095922586 0.60047512560455 0.7382085246848046 0.594443554443194 0.7350185703385699 0.5867583408652932 0.7317078564881743 0.5825312270348632 0.7287916893418017 0.5835113662223577
5 0.5917508116665522 0.7198152013850098 0.5851077807164808 0.7202324060254032 0.5787073079324812 0.7219564497694572 0.5757458559720484 0.7242333763622533 0.5699673931201238 0.7329037746963263 0.5701571190031252 0.7357235324395054 0.5748542154711116 0.7415138234012488 0.5799221770783409 0.7449367224849651 0.5836188510059994 0.746364181968934 0.5905421774671932 0.7461731602611165 0.5983969600898738 0.7440671125404237 0.6045548747078014 0.741036229692709 0.6066754401348678 0.738080754302185 0.6066442111010775 0.7307222406404502 0.6053182082355673 0.7274300136354013 0.5951671900830886 0.7210164779364027 0.5917508116665522 0.7198152013850098