5 0.5501152073732719 0.1916089965397924 0.5527073732718895 0.1985294117647059 0.5547235023041475 0.20047577854671284 0.5570276497695852 0.20090830449826994 0.5584677419354839 0.1961505190311419 0.5625 0.189878892733564 0.5686442972350231 0.18706747404844293 0.5783410138248848 0.1868512110726644 0.5797811059907835 0.18576989619377166 0.5783410138248848 0.1790657439446367 0.5685483870967742 0.1693339100346021 0.5625 0.16717128027681663 0.5570276497695852 0.16695501730103807 0.5524193548387097 0.16782006920415227 0.5501152073732719 0.1693339100346021 0.5480990783410139 0.17387543252595156 0.5478110599078342 0.17993079584775087 0.5501152073732719 0.1916089965397924
5 0.6612903225806452 0.21345155709342561 0.6768433179723503 0.21128892733564014 0.6826036866359447 0.2073961937716263 0.6889400921658987 0.19939446366782007 0.6898041474654378 0.1961505190311419 0.6898041474654378 0.19247404844290658 0.688652073732719 0.19052768166089967 0.691820276497696 0.18576989619377166 0.6941244239631337 0.17755190311418687 0.6941244239631337 0.1749567474048443 0.6921082949308757 0.1708477508650519 0.6857718894009217 0.1693339100346021 0.6785714285714286 0.17019896193771628 0.6702188940092166 0.17365916955017302 0.6667626728110599 0.17993079584775087 0.6607142857142858 0.18706747404844293 0.6563940092165899 0.2026384083044983 0.6569700460829494 0.21020761245674743 0.6612903225806452 0.21345155709342561
5 0.5676843317972351 0.22210207612456748 0.5711405529953917 0.22577854671280279 0.5780529953917051 0.2281574394463668 0.5884216589861752 0.22988754325259517 0.5918778801843319 0.2272923875432526 0.5938940092165899 0.22058823529411767 0.5973502304147466 0.2169117647058824 0.595910138248848 0.20566608996539792 0.5907258064516129 0.19593425605536335 0.5815092165898618 0.18793252595155713 0.5777649769585254 0.1864186851211073 0.5720046082949308 0.1855536332179931 0.5662442396313364 0.18728373702422146 0.5622119815668203 0.189878892733564 0.5590437788018433 0.19550173010380625 0.5596198156682027 0.20977508650519033 0.5676843317972351 0.22210207612456748
5 0.6206797235023042 0.2744377162629758 0.625 0.2772491349480969 0.6301843317972351 0.2781141868512111 0.6385368663594471 0.2766003460207613 0.6503456221198156 0.2711937716262976 0.6538018433179723 0.2655709342560554 0.6540898617511521 0.2584342560553633 0.6503456221198156 0.25346020761245674 0.643721198156682 0.2495674740484429 0.6368087557603687 0.247621107266436 0.6267281105990784 0.25108131487889274 0.621831797235023 0.2554065743944637 0.6175115207373272 0.2618944636678201 0.616647465437788 0.2660034602076125 0.6206797235023042 0.2744377162629758
5 0.1716589861751152 0.5981833910034602 0.17511520737327188 0.6020761245674742 0.18231566820276499 0.6025086505190311 0.1863479262672811 0.601643598615917 0.18922811059907835 0.6025086505190311 0.1995967741935484 0.5975346020761246 0.20132488479262672 0.5906141868512111 0.201036866359447 0.5856401384083045 0.19700460829493088 0.578287197231834 0.19210829493087558 0.5743944636678201 0.18721198156682028 0.5733131487889274 0.18289170506912442 0.5735294117647058 0.17511520737327188 0.576340830449827 0.17079493087557604 0.5806660899653979 0.1679147465437788 0.5871539792387543 0.16877880184331798 0.592560553633218 0.1716589861751152 0.5981833910034602
5 0.13565668202764977 0.6020761245674742 0.14372119815668202 0.6098615916955017 0.14688940092165897 0.6115916955017301 0.15581797235023043 0.6137543252595157 0.1615783410138249 0.6137543252595157 0.16820276497695855 0.6120242214532873 0.1716589861751152 0.6094290657439447 0.17338709677419356 0.6020761245674742 0.17223502304147467 0.5990484429065744 0.16935483870967744 0.5964532871972319 0.16589861751152074 0.5884515570934257 0.16186635944700462 0.5849913494809689 0.1543778801843318 0.5806660899653979 0.14688940092165897 0.5800173010380624 0.14112903225806453 0.5821799307958477 0.1359447004608295 0.5882352941176471 0.1347926267281106 0.5951557093425606 0.13450460829493088 0.5990484429065744 0.13565668202764977 0.6020761245674742
5 0.1028225806451613 0.5966695501730104 0.10944700460829493 0.5994809688581315 0.11952764976958526 0.6009948096885813 0.12384792626728111 0.5999134948096886 0.12557603686635946 0.5986159169550174 0.1284562211981567 0.5923442906574394 0.12932027649769587 0.5849913494809689 0.12298387096774195 0.5772058823529412 0.10915898617511521 0.5713667820069205 0.1016705069124424 0.5709342560553634 0.0967741935483871 0.5737456747404844 0.09389400921658987 0.5780709342560554 0.09389400921658987 0.5849913494809689 0.1028225806451613 0.5966695501730104
5 0.06710829493087558 0.622621107266436 0.07344470046082949 0.6267301038062285 0.08842165898617513 0.6327854671280277 0.09533410138248848 0.6332179930795848 0.09907834101382489 0.6319204152249135 0.10483870967741934 0.6265138408304499 0.10627880184331798 0.6230536332179931 0.10483870967741934 0.6163494809688582 0.1005184331797235 0.6120242214532873 0.0956221198156682 0.6102941176470589 0.08842165898617513 0.6094290657439447 0.08381336405529954 0.6079152249134949 0.0722926267281106 0.6085640138408305 0.06682027649769585 0.6105103806228375 0.06422811059907835 0.6146193771626298 0.06480414746543779 0.6195934256055364 0.06710829493087558 0.622621107266436
5 0.09130184331797235 0.6548442906574394 0.10627880184331798 0.6608996539792388 0.10944700460829493 0.661332179930796 0.11578341013824885 0.6600346020761246 0.11952764976958526 0.6567906574394464 0.12327188940092167 0.6511678200692043 0.12384792626728111 0.6470588235294118 0.12240783410138249 0.6440311418685122 0.11290322580645162 0.6392733564013842 0.09879032258064516 0.6377595155709342 0.09187788018433181 0.6397058823529412 0.08726958525345622 0.6433823529411765 0.08784562211981567 0.6507352941176471 0.09130184331797235 0.6548442906574394
5 0.24942396313364057 0.6669550173010381 0.25460829493087556 0.6693339100346021 0.26440092165898615 0.6682525951557093 0.2692972350230415 0.6647923875432526 0.2741935483870968 0.6591695501730104 0.27534562211981567 0.6524653979238755 0.2739055299539171 0.6474913494809689 0.2681451612903226 0.6444636678200693 0.26008064516129037 0.6451124567474049 0.25518433179723504 0.6481401384083045 0.2502880184331797 0.6554930795847751 0.24683179723502305 0.6611159169550174 0.24942396313364057 0.6669550173010381
5 0.33093317972350234 0.825475778546713 0.3352534562211982 0.8291522491349482 0.33870967741935487 0.8293685121107266 0.3415898617511521 0.8285034602076126 0.345910138248848 0.8246107266435987 0.35023041474654376 0.8172577854671281 0.34994239631336405 0.8107698961937716 0.34763824884792627 0.8062283737024222 0.3456221198156682 0.8047145328719724 0.3418778801843318 0.8044982698961938 0.33093317972350234 0.8146626297577855 0.329205069124424 0.8176903114186851 0.33093317972350234 0.825475778546713
5 0.38911290322580644 0.9396626297577855 0.3945852534562212 0.9424740484429066 0.4006336405529954 0.9442041522491349 0.4069700460829493 0.9426903114186851 0.41273041474654376 0.9357698961937716 0.41244239631336405 0.9320934256055364 0.4009216589861751 0.9249567474048443 0.3925691244239632 0.9253892733564015 0.3894009216589862 0.9282006920415226 0.3873847926267281 0.9333910034602078 0.3870967741935484 0.9355536332179932 0.38911290322580644 0.9396626297577855
5 0.6057027649769585 0.8948961937716264 0.6094470046082949 0.8966262975778548 0.6192396313364055 0.8966262975778548 0.6244239631336406 0.8938148788927336 0.6264400921658987 0.8836505190311419 0.6238479262672811 0.8795415224913496 0.6180875576036866 0.8758650519031143 0.6126152073732719 0.8741349480968859 0.6088709677419355 0.8741349480968859 0.6033986175115207 0.8762975778546714 0.5999423963133641 0.8804065743944637 0.5996543778801844 0.8910034602076126 0.6057027649769585 0.8948961937716264
5 0.6405529953917051 0.91219723183391 0.6474654377880185 0.9147923875432526 0.6543778801843319 0.9147923875432526 0.6581221198156683 0.9137110726643598 0.6621543778801844 0.9100346020761247 0.6647465437788018 0.9009515570934257 0.658410138248848 0.8961937716262977 0.6546658986175116 0.8948961937716264 0.6500576036866359 0.8948961937716264 0.641705069124424 0.8972750865051904 0.6370967741935484 0.9016003460207613 0.6368087557603687 0.9044117647058825 0.6405529953917051 0.91219723183391
5 0.6638824884792627 0.9130622837370244 0.6725230414746544 0.9139273356401384 0.6820276497695853 0.916522491349481 0.6837557603686636 0.9147923875432526 0.6846198156682027 0.91219723183391 0.6840437788018433 0.9041955017301039 0.6785714285714286 0.8987889273356402 0.6725230414746544 0.8987889273356402 0.6644585253456221 0.9009515570934257 0.6627304147465438 0.9078719723183392 0.6624423963133641 0.911764705882353 0.6638824884792627 0.9130622837370244
5 0.6612903225806452 0.9357698961937716 0.6707949308755761 0.9353373702422146 0.6754032258064516 0.9333910034602078 0.6828917050691244 0.9256055363321799 0.6826036866359447 0.9169550173010382 0.6788594470046083 0.9143598615916956 0.6748271889400922 0.9139273356401384 0.6719470046082949 0.9126297577854672 0.6676267281105991 0.9132785467128028 0.6647465437788018 0.9111159169550174 0.6638824884792627 0.9128460207612458 0.6612903225806452 0.9137110726643598 0.6589861751152074 0.916522491349481 0.6569700460829494 0.9238754325259515 0.6575460829493088 0.9320934256055364 0.6612903225806452 0.9357698961937716
5 0.6212557603686636 0.9526384083044983 0.6278801843317973 0.9608564013840832 0.6319124423963134 0.9612889273356402 0.6370967741935484 0.9595588235294118 0.6408410138248848 0.9569636678200693 0.6440092165898618 0.9530709342560554 0.6463133640552996 0.9470155709342561 0.6460253456221199 0.9444204152249135 0.6434331797235023 0.9413927335640139 0.6373847926267281 0.9392301038062284 0.6296082949308757 0.9387975778546714 0.6235599078341014 0.9407439446366783 0.6209677419354839 0.9442041522491349 0.6201036866359447 0.9496107266435987 0.6212557603686636 0.9526384083044983
3 0.6057027649769585 0.20761245674740486 0.6100230414746544 0.2058823529411765 0.61463133640553 0.20804498269896196 0.625 0.22318339100346024 0.6298963133640554 0.23486159169550175 0.6339285714285714 0.23615916955017302 0.6370967741935484 0.2350778546712803 0.6425691244239632 0.23053633217993083 0.644873271889401 0.22058823529411767 0.6546658986175116 0.20566608996539792 0.6563940092165899 0.19982698961937717 0.6561059907834101 0.1970155709342561 0.6529377880184332 0.19355536332179932 0.6379608294930875 0.18187716262975778 0.6336405529953917 0.18079584775086505 0.6267281105990784 0.1810121107266436 0.6163594470046083 0.185121107266436 0.6111751152073733 0.1887975778546713 0.6019585253456221 0.20566608996539792 0.6022465437788018 0.2078287197231834 0.6057027649769585 0.20761245674740486
3 0.3896889400921659 0.49091695501730104 0.39746543778801846 0.49589100346020765 0.4049539170506913 0.4980536332179931 0.4147465437788019 0.4995674740484429 0.42597926267281105 0.495242214532872 0.43001152073732724 0.4876730103806229 0.4317396313364055 0.4798875432525952 0.43001152073732724 0.47383217993079585 0.4248271889400922 0.46907439446366783 0.408410138248848 0.4647491349480969 0.3919930875576037 0.4666955017301039 0.39026497695852536 0.4682093425605537 0.3879608294930876 0.4770761245674741 0.3876728110599078 0.48183391003460213 0.3896889400921659 0.49091695501730104
3 0.31710829493087556 0.47383217993079585 0.32114055299539174 0.4850778546712803 0.32776497695852536 0.4889705882352942 0.33294930875576034 0.49026816608996543 0.33496543778801846 0.49286332179930803 0.3418778801843318 0.49221453287197237 0.34475806451612906 0.4907006920415225 0.35714285714285715 0.4772923875432526 0.3588709677419355 0.47058823529411764 0.35714285714285715 0.4660467128027682 0.34706221198156684 0.45977508650519033 0.3361175115207373 0.455666089965398 0.33122119815668205 0.4558823529411765 0.3231566820276498 0.4593425605536333 0.3191244239631337 0.46301903114186854 0.31739631336405527 0.4671280276816609 0.3165322580645161 0.47037197231833916 0.31710829493087556 0.47383217993079585
3 0.2741935483870968 0.7761678200692043 0.2793778801843318 0.7822231833910036 0.2828341013824885 0.784385813148789 0.2963709677419355 0.780060553633218 0.30213133640552997 0.772923875432526 0.3018433179723502 0.7681660899653979 0.2963709677419355 0.7653546712802769 0.290610599078341 0.7642733564013842 0.27592165898617516 0.7636245674740485 0.27246543778801846 0.7647058823529412 0.27131336405529954 0.7668685121107267 0.27102534562211983 0.7690311418685122 0.2741935483870968 0.7761678200692043
3 0.28139400921658986 0.8044982698961938 0.2897465437788019 0.8060121107266436 0.29349078341013823 0.8055795847750865 0.31048387096774194 0.7982266435986161 0.3127880184331797 0.7932525951557095 0.3122119815668203 0.7897923875432526 0.3101958525345622 0.7874134948096886 0.3029953917050691 0.784818339100346 0.2966589861751152 0.7807093425605537 0.2929147465437788 0.7811418685121108 0.2828341013824885 0.7854671280276817 0.2785138248847926 0.7967128027681661 0.2782258064516129 0.8006055363321799 0.28139400921658986 0.8044982698961938
2 0.3064516129032258 0.5341695501730104 0.30961981566820274 0.5358996539792388 0.3245967741935484 0.534818339100346 0.3407258064516129 0.530060553633218 0.35109447004608296 0.5242214532871973 0.353110599078341 0.5218425605536333 0.35339861751152074 0.5164359861591696 0.35023041474654376 0.5025951557093425 0.34706221198156684 0.4997837370242215 0.34101382488479265 0.4974048442906575 0.3352534562211982 0.4965397923875433 0.3245967741935484 0.4965397923875433 0.32114055299539174 0.4980536332179931 0.3087557603686636 0.5073529411764707 0.30097926267281105 0.5196799307958477 0.30097926267281105 0.5261678200692042 0.3064516129032258 0.5341695501730104
2 0.31192396313364057 0.8174740484429066 0.31768433179723504 0.8187716262975779 0.3248847926267281 0.8183391003460209 0.32862903225806456 0.8166089965397925 0.34130184331797236 0.804930795847751 0.34360599078341014 0.7995242214532873 0.3430299539170507 0.7926038062283738 0.33842165898617516 0.7887110726643599 0.3289170506912443 0.7889273356401385 0.32056451612903225 0.7878460207612458 0.31509216589861755 0.7906574394463669 0.31077188940092165 0.8001730103806229 0.31048387096774194 0.8142301038062284 0.31192396313364057 0.8174740484429066
2 0.38623271889400923 0.9284169550173011 0.39055299539170507 0.9286332179930797 0.39343317972350234 0.9262543252595157 0.3977534562211982 0.9251730103806229 0.4038018433179723 0.9269031141868513 0.407258064516129 0.9288494809688583 0.4112903225806452 0.9340397923875432 0.41618663594470046 0.9305795847750866 0.41877880184331795 0.9221453287197233 0.41676267281105994 0.9147923875432526 0.41273041474654376 0.9104671280276817 0.4009216589861751 0.9044117647058825 0.39631336405529954 0.9035467128027683 0.3882488479262673 0.9061418685121108 0.38364055299539174 0.9091695501730104 0.3813364055299539 0.9145761245674742 0.3813364055299539 0.9217128027681663 0.38623271889400923 0.9284169550173011