1 0.2722060780705464 0.559526548342095 0.27472876890171466 0.5499135676130209 0.2741035826823172 0.5453330479600588 0.2701627318514435 0.5379800445270678 0.2643376821220853 0.5335601311017897 0.2603449051160191 0.5327011992355057 0.25077409424896663 0.5337155326358805 0.2477280821651368 0.5368042943580156 0.24716216568327107 0.5476026241023341 0.25109169818450755 0.5551715941302113 0.25462707653208694 0.5592549511996747 0.2616931677542517 0.5620074267463262 0.26428178117959483 0.5621430902273707 0.2722060780705464 0.559526548342095
1 0.26716398046981193 0.5291604960902203 0.27401035795587364 0.5306020983474375 0.27620948270055384 0.5326663874623433 0.27717888428206483 0.5361821478609895 0.2847023741627163 0.5357101982044614 0.2836876992626561 0.5330583041853607 0.28604528062225876 0.5320990609718572 0.2877031129279969 0.533485302861872 0.28862257571796446 0.5324506910477882 0.28799738949856707 0.5278701713948262 0.29141491907677924 0.5286989558208781 0.293598060018828 0.5255649729383949 0.29191759105381526 0.5246106642381531 0.2890433412981942 0.5134154832575556 0.2786729037941904 0.5076745573359887 0.26460197847104167 0.5065040118605292 0.26138152596965797 0.5074180339136845 0.25911915672014796 0.5120637829603721 0.2561636912734167 0.5134248119234162 0.25685678747063795 0.5167095320070599 0.259585886324623 0.5196678349417432 0.26138420405900303 0.5238767162853966 0.26716398046981193 0.5291604960902203
1 0.36408781588452366 0.5013229750259064 0.36728096625363854 0.4954266475702487 0.3689747409319377 0.48512054589616715 0.3676111851967697 0.47811917253910685 0.3648934046724221 0.4749449030095372 0.3609572193145425 0.47300613816882153 0.3572181110334914 0.4728101798073128 0.353721353147818 0.47349316154546556 0.34955880119719207 0.4758737286024773 0.3408215719560028 0.48299542154013464 0.3377076498943491 0.48737998283158773 0.3347069111290686 0.4896048781741772 0.3331489564064173 0.4973193807096224 0.33272551273684237 0.4998959061281427 0.33425884341657014 0.5036577805619075 0.3442124901076423 0.506345026714833 0.3488144695304744 0.5065862062366898 0.35318541688756616 0.505732479063999 0.36408781588452366 0.5013229750259064
1 0.2940853541654895 0.4502277132765455 0.296189266800077 0.448605496558267 0.29749821827070744 0.44564225911032207 0.29329238038518135 0.43784224876744215 0.2896325004115915 0.4361345242417289 0.28531814470268635 0.43590841843998807 0.2809132423566827 0.4374100453973382 0.27394702871760473 0.4437583142761463 0.26885836112036804 0.45280369833440337 0.26846887243970524 0.45473232396826474 0.2709556208983125 0.45681168680328643 0.27391108634504374 0.45545065784024247 0.27820280539467424 0.4561086968317561 0.2884507286563166 0.45318081151763606 0.2940853541654895 0.4502277132765455
1 0.31276698388520174 0.5285186115401479 0.3157111310022957 0.5273735491719903 0.3180866835481789 0.5205681341764388 0.3182744296790191 0.5114824634710953 0.31798214049209794 0.5060531511587039 0.31587356238451625 0.502261129284707 0.30321345349873374 0.4961836470073254 0.30004959264553654 0.4960178360860488 0.2953570665856059 0.49750438932328284 0.2914368650303578 0.500763896479956 0.2889095087261954 0.504962638616755 0.290615292439828 0.5219436964989363 0.2916639223288002 0.5239476907333779 0.2947145998856241 0.5262731676035183 0.30153834071241115 0.5281467030505081 0.31276698388520174 0.5285186115401479
3 0.4321932942306049 0.40700721884268337 0.4365529232580593 0.4063694582648787 0.4474713060576483 0.4071582262241753 0.4501731027793645 0.405134223756356 0.4551146320913161 0.39889640543162175 0.4574788663075619 0.39230695703095675 0.45855877309610105 0.3772043691090269 0.45612861628568024 0.3740451732995732 0.4014774325502035 0.3547224841058105 0.3977270059395151 0.3547424923391881 0.39360972730743854 0.3562591930166542 0.3851488034505389 0.3636119262693141 0.38536186432999886 0.37055300474590996 0.3915131582351902 0.37975433069892045 0.39562844948361775 0.3892820738008912 0.4095389308081951 0.4045205953841968 0.4226903933413763 0.40672575267374 0.4321932942306049 0.40700721884268337
3 0.4210831905328776 0.4373930091476045 0.43177054126672615 0.43708687041235306 0.4365649322933927 0.4336566178211417 0.444011181250232 0.4236519905493812 0.45172708273471784 0.4195086087797849 0.45507203686211184 0.4162189541828796 0.4510293210645024 0.41080965010386594 0.4473807594205498 0.4088859589832662 0.44082200564841517 0.40745943044616506 0.42871917300420614 0.4072582673910635 0.42185015885886995 0.406248598323619 0.4073897448550582 0.4070066784820209 0.40296220584978004 0.4089402386291437 0.4005027595234415 0.4118431811966244 0.39820643528501953 0.4171368300279713 0.3986345444275885 0.4199745432017262 0.40104206457873454 0.42356567220095265 0.41120877214926665 0.4331939968304742 0.41794196633895514 0.4367952650365551 0.4210831905328776 0.4373930091476045
3 0.6018120571400788 0.41741247987536056 0.6045318250480755 0.4095423056254933 0.605487230210604 0.39681535024731357 0.6020197618408485 0.391436193608532 0.5941813461140012 0.38691076414244135 0.5881638847808087 0.38616228283023146 0.5841031977969185 0.3865991505332659 0.5817569347669532 0.3873424271518829 0.5772388491245765 0.3910037200580967 0.5727593839441057 0.39943135177192673 0.5723698952634428 0.401359977405788 0.5742134863163721 0.40470499236989593 0.5858296307861768 0.41419271900511134 0.59201487968028 0.42274614517346265 0.5959963383567088 0.423821043634633 0.6018120571400788 0.41741247987536056
3 0.4611860917167892 0.4756601936305723 0.4643159975810744 0.476473904336508 0.4858877761256 0.4776044333452122 0.4890855919677091 0.47712234448182966 0.49558308861866296 0.47421446740108736 0.49892804274605707 0.470924812804182 0.5011631098632984 0.46129675835499173 0.5034254791128083 0.456651009308304 0.5033189486730782 0.4531804700700059 0.5003588177533529 0.4491272604407747 0.4905070360290166 0.4444963149338717 0.46821952462799504 0.44051299903129665 0.4624670503494549 0.4402115246289755 0.44726161397322944 0.44417895627044074 0.4350455980326474 0.4461374591642029 0.43285113876096126 0.4494874086415724 0.4319137047847132 0.45636819223770414 0.43344703546444074 0.4601300666714687 0.4391315997651571 0.46172734064310805 0.44411641501200894 0.46567009971826534 0.4508722458609721 0.4688394347345734 0.4611860917167892 0.4756601936305723
2 0.5707846384085229 0.4040921745387306 0.5729564610209342 0.4011741582511337 0.578294131870192 0.38737750910537655 0.5748106796978049 0.37680008046920604 0.5711348159215835 0.3698940839461039 0.5642271813143411 0.3641180760710432 0.5553787561604279 0.36235499117812725 0.5443019167459163 0.36458975554724005 0.5386559729071061 0.36775882038321683 0.5343915559897445 0.3720830867942058 0.5212267877432769 0.38113833987898604 0.5187447047576638 0.38447321563623954 0.5179430907370633 0.38876240009373475 0.516847200145893 0.39866671601827564 0.5191415370006658 0.40441751096636586 0.5236642881160368 0.40617045665242735 0.5586638345780333 0.409737183265677 0.5621492741340693 0.40927016812241046 0.5707846384085229 0.4040921745387306
2 0.47623903362903935 0.4415829629792053 0.486604805660049 0.4419096503084969 0.5047883441422802 0.4361492565142148 0.5139150620641323 0.4270989379426962 0.5159803542368138 0.4207103824168015 0.5133144998876586 0.41104204132052463 0.5092378291011371 0.40628063702617007 0.5044500909311138 0.4040806844302197 0.48517930209800425 0.40307074518244407 0.4825567336837492 0.4035829814860586 0.4681236218122063 0.40932336704696304 0.4593977109006544 0.416229093389734 0.45720325162896824 0.4195790428671035 0.4599323504829533 0.4225373458017868 0.45953620894564723 0.43009617662280986 0.46154292208649317 0.4358318978507839 0.46546778911473546 0.4379866292863861 0.47623903362903935 0.4415829629792053