5 0.707412716648666 0.4397402629098474 0.7137452622115751 0.4395191255459491 0.718010074630488 0.4378554314310453 0.719691847697221 0.43649833383558967 0.7218360946890677 0.43187916433016194 0.7216926927778766 0.4277726708800402 0.7192314520876076 0.42331432854835677 0.7098091475910947 0.41758430833777105 0.7036814228492073 0.41541795042692425 0.6901301603759624 0.41524198654714717 0.6864410339173139 0.4168855772653329 0.6837588383102531 0.42260550633856314 0.6842353680156367 0.4279987354956275 0.6858481747035292 0.4329194953908219 0.6894607873143271 0.4373376309290693 0.707412716648666 0.4397402629098474
5 0.6741567070800084 0.46124269933260287 0.6784139720299114 0.4593628739834822 0.6851335168278334 0.4537183523674425 0.687777975089844 0.44691776712312753 0.6880744046967362 0.4389008080603829 0.6835227884554411 0.43235151527504323 0.6782284027779102 0.42929047733225156 0.6712673389716663 0.4280187994533494 0.6692448906417306 0.4278730301076455 0.6638513487093188 0.43022532471863606 0.6605557297969433 0.4348847010174999 0.6566833857665533 0.44778721931168414 0.6570768933128263 0.45080300489236225 0.6628176188197007 0.4583927470553505 0.6669228952316524 0.46041333562049347 0.6741567070800084 0.46124269933260287
5 0.6555200363812544 0.4227260478408789 0.6635192600728764 0.42071555041309117 0.667458492166607 0.4179812518254618 0.6721782310416234 0.41283935456636894 0.6729436428848895 0.40999949342647185 0.6782541626581906 0.4052697552390949 0.6775577171937652 0.401831758888342 0.6754975315187793 0.4006053333715536 0.6717404778390402 0.40030374298178684 0.6611668014219985 0.39461392956463737 0.654000916794733 0.39572974696048047 0.6444633219475692 0.4032038354338458 0.6422662426726521 0.40631008629975496 0.641371484698465 0.4136987550565667 0.642643616123155 0.41711664801060166 0.6462486812649428 0.42131865231463206 0.651194844210261 0.42266069208204726 0.6555200363812544 0.4227260478408789
5 0.6214770117200509 0.43819691310227843 0.624325251645333 0.4372318711818205 0.6321810734257637 0.43111488030391093 0.6357796302562917 0.42687771477512193 0.6372727165977732 0.42011733632424286 0.6348039284384942 0.4154428627583425 0.6312441481107667 0.4125376458596137 0.6274493570859773 0.4111553992987623 0.6168369041661351 0.4126079683091306 0.6131402302384765 0.4140354277930995 0.6083903014874198 0.41831280011532446 0.6051626097961347 0.42491735752214055 0.6050181687271936 0.42903390267062125 0.6062601102758431 0.4315872706877884 0.6113119377873022 0.4359551477342408 0.6151142762811016 0.437553525529309 0.6214770117200509 0.43819691310227843
5 0.5040274500415916 0.4585279519957445 0.5105874588325523 0.4565677130597517 0.5204959188189591 0.45146101646441367 0.5227231879699163 0.4492192905353723 0.522019195036481 0.44556516295040244 0.5195881442222522 0.44197134555558665 0.5151346450780878 0.43823175881506715 0.5090371102122406 0.43692992584108803 0.5030527873815442 0.43887006138036266 0.49714393924094846 0.44297150926180684 0.4935227400033904 0.44656028108794493 0.49397662730174385 0.4513051165423584 0.49640767811597264 0.4548989339371742 0.5008385348531069 0.45799012697504293 0.5040274500415916 0.4585279519957445
5 0.44644479823487593 0.4518829906005114 0.45236119384448176 0.4479976739532841 0.4520140102700192 0.4380556371793052 0.45079471112839975 0.4361506628647889 0.44731795295978277 0.4356228895424463 0.4438940270742363 0.43660803485962224 0.4411363567770749 0.44016665159068324 0.4334325235345953 0.44238322855432904 0.4277662335600715 0.4451778373321125 0.4322952073943364 0.45107873641480145 0.43699126470457283 0.4535114840516604 0.44102861389543396 0.4535868915088511 0.44644479823487593 0.4518829906005114
5 0.43031908303621125 0.4440067158757969 0.43542478198849077 0.4416644729631652 0.4407654916378321 0.43779925971265604 0.4457051462718905 0.430702129647252 0.4403816098760693 0.41855352816898994 0.43510231913655845 0.41592475269463225 0.4215284142562834 0.41510039511220426 0.4190057546561838 0.41713604150538786 0.41493717643153233 0.42441914770993183 0.4155722029861272 0.4343511327855517 0.4204343046145847 0.4415387675751831 0.42629682878337005 0.4443635708870398 0.43031908303621125 0.4440067158757969
5 0.4452770188538174 0.4019365720996818 0.4523900711980124 0.3993078360643203 0.45819325477246736 0.3921805509038391 0.45177872620819776 0.38180120609274865 0.44796129277637825 0.37977056582924656 0.4418713053795412 0.3786848640894843 0.43409954491597097 0.3789562599451776 0.4356962175080933 0.3916677959705406 0.43852077586859506 0.39827739894603437 0.442391041583485 0.40182095784905514 0.4452770188538174 0.4019365720996818
5 0.25595859429293133 0.47692847321933673 0.26145025332247374 0.4773858846531662 0.2645863362278881 0.4764107910343493 0.27244215800831895 0.47029380015643973 0.2751394485533999 0.46500613355164316 0.27557173260247325 0.4608795367048034 0.2740117581976512 0.4574716954491276 0.27105785370622837 0.4554109000905484 0.26665718684513434 0.4531842319895474 0.2591053421406059 0.45150039503892936 0.25140150889812624 0.4537169720025752 0.2485834588488844 0.4555465388599008 0.2466742225540996 0.4586427380274509 0.24659770870624897 0.4647044642838841 0.24911178167958833 0.47067572525508616 0.2521109709850715 0.4740333080189668 0.25595859429293133 0.47692847321933673
5 0.2553201769003267 0.4338882025150901 0.25940281090524836 0.4352603973775824 0.26371290813822174 0.4348934906679801 0.2665536005944937 0.43371231751330547 0.2732127656403353 0.4263387460235303 0.2773039862720171 0.41970403352163715 0.27847903975732624 0.41208918183224946 0.2707309608585363 0.40478593279199115 0.2616946164392864 0.40185556692786656 0.2514077438446267 0.40437874041096045 0.24715802636373385 0.40647469699429817 0.24696726132298225 0.4175174933360798 0.2521926806216726 0.42685638876952137 0.25260883057497585 0.43052056805285027 0.2553201769003267 0.4338882025150901
5 0.38257302642728314 0.28164678829977824 0.3923445928137588 0.2808727680871378 0.39911696989475115 0.27674116511061664 0.4046096680820438 0.2689755379458437 0.40505704706913725 0.26528120356743784 0.4026410911929286 0.262119648641056 0.3961425013117984 0.2575858988521817 0.38886340464938207 0.2554597477347709 0.38253085908647305 0.2556808850986692 0.3751224162931357 0.258103541598173 0.36953160100871235 0.2630594627181258 0.3670693211606932 0.26682415898504475 0.36846221208954394 0.2737001516865506 0.372340025273444 0.27745984182378813 0.37937656376978834 0.2808928320448597 0.38257302642728314 0.28164678829977824
3 0.31571983959853417 0.4469266356516002 0.3266729677815789 0.4469769335823914 0.3292409121957388 0.44623807459450954 0.33426358898890773 0.4415183881054917 0.33662020427078604 0.43472785455953555 0.3359614961514109 0.4323705143798674 0.33122770149612435 0.4288571105719239 0.329629989746252 0.4243686131451633 0.3260173771354541 0.41995047760691584 0.3171481161921755 0.4135519602969614 0.30185470090011707 0.4130040441389046 0.29786263652331624 0.41422542408701546 0.2914837669885968 0.4213728126442147 0.29047579697925896 0.4255195128877724 0.2914676328928266 0.42916358877438326 0.29819264684425856 0.44018127558976544 0.30175997464099613 0.4433026237227112 0.31571983959853417 0.4469266356516002
3 0.21889685539246453 0.46372424621839714 0.22466880993312924 0.46395547471965076 0.23010008921059127 0.46268383627974474 0.24244818663798698 0.453164049714837 0.24399410526253895 0.4479165899034765 0.23907162388200093 0.43899990524010946 0.23517871576008081 0.43480795263443817 0.22905853848720348 0.4328577259578081 0.22097629263647095 0.4324907798092097 0.21410579845834773 0.4338126767409108 0.21043176693771928 0.4358885299275303 0.2054845648346509 0.44276952875871745 0.20544578833185062 0.44991191118623525 0.20702085767469275 0.45375201491034495 0.2147991264495229 0.461919788887471 0.21889685539246453 0.46372424621839714
2 0.27479018666343713 0.4715101739748692 0.28269025410017823 0.47491300910086365 0.28819700806774085 0.47580268300312695 0.29248446289368407 0.474787382590874 0.2958565956539102 0.4640662800355771 0.29559243423855824 0.4565016868379844 0.2909200584931022 0.44649429430517384 0.28411853069381954 0.441538333746225 0.27832393374612474 0.4406587115423205 0.2636967740424515 0.4426842667981489 0.26201500097571845 0.44404136439360453 0.2629766470132459 0.44682091534334756 0.27371636774850894 0.4572656159132696 0.27497340423517863 0.4602512463988706 0.27479018666343713 0.4715101739748692