1 0.4112903225806452 0.3823529411764706 0.4133064516129032 0.38408304498269896 0.4182027649769585 0.38581314878892736 0.42367511520737333 0.38602941176470595 0.43202764976958524 0.38775951557093424 0.4357718894009217 0.38754325259515576 0.44038018433179726 0.38581314878892736 0.44642857142857145 0.38019031141868515 0.4475806451612903 0.37564878892733566 0.44642857142857145 0.3706747404844291 0.44297235023041476 0.36851211072664364 0.43461981566820274 0.36591695501730104 0.4147465437788019 0.36613321799307963 0.4118663594470046 0.3674307958477509 0.4086981566820277 0.3721885813148789 0.408410138248848 0.3767301038062284 0.4112903225806452 0.3823529411764706
1 0.5267857142857143 0.49567474048442917 0.5504032258064516 0.4967560553633218 0.5648041474654378 0.49221453287197237 0.568836405529954 0.4896193771626298 0.5697004608294931 0.4868079584775087 0.5676843317972351 0.48096885813148793 0.5639400921658987 0.479022491349481 0.560483870967742 0.4785899653979239 0.5527073732718895 0.4805363321799308 0.5466589861751152 0.48075259515570934 0.5397465437788018 0.48226643598615915 0.5290898617511521 0.4863754325259516 0.5259216589861752 0.48940311418685123 0.5253456221198156 0.49480968858131497 0.5267857142857143 0.49567474048442917
1 0.6350806451612903 0.5008650519031141 0.6347926267281105 0.5054065743944637 0.636520737327189 0.5086505190311419 0.6474654377880185 0.5168685121107266 0.6509216589861752 0.5177335640138409 0.6546658986175116 0.5149221453287198 0.6555299539170507 0.5049740484429066 0.6566820276497696 0.5028114186851211 0.6647465437788018 0.4945934256055364 0.6716589861751152 0.49243079584775085 0.6774193548387097 0.4870242214532873 0.6788594470046083 0.48399653979238755 0.67713133640553 0.4798875432525952 0.665610599078341 0.47037197231833916 0.6633064516129032 0.4673442906574395 0.6612903225806452 0.4660467128027682 0.6575460829493088 0.4660467128027682 0.6500576036866359 0.469506920415225 0.6474654377880185 0.47253460207612463 0.6324884792626728 0.48421280276816614 0.6316244239631337 0.4865916955017301 0.6316244239631337 0.49394463667820077 0.6350806451612903 0.5008650519031141
1 0.5501152073732719 0.4987024221453288 0.556163594470046 0.5084342560553633 0.5581797235023042 0.5222750865051904 0.5558755760368663 0.5291955017301039 0.5564516129032258 0.536764705882353 0.560483870967742 0.5382785467128028 0.5717165898617511 0.5387110726643599 0.5887096774193549 0.5350346020761246 0.5930299539170507 0.5333044982698962 0.5967741935483871 0.5294117647058825 0.5970622119815668 0.5255190311418685 0.5913018433179723 0.5123269896193772 0.5936059907834101 0.5108131487889274 0.5985023041474655 0.5101643598615917 0.6002304147465438 0.5086505190311419 0.6008064516129032 0.5049740484429066 0.5976382488479263 0.5010813148788927 0.5815092165898618 0.48940311418685123 0.5748847926267281 0.4900519031141869 0.5676843317972351 0.4891868512110727 0.5625 0.4896193771626298 0.5607718894009217 0.49178200692041524 0.5524193548387097 0.49437716262975784 0.5501152073732719 0.497188581314879 0.5501152073732719 0.4987024221453288
1 0.7036290322580645 0.7017733564013842 0.704205069124424 0.7043685121107267 0.7030529953917051 0.7069636678200693 0.7044930875576038 0.7097750865051904 0.706221198156682 0.7106401384083045 0.7102534562211982 0.7106401384083045 0.7137096774193549 0.7121539792387543 0.7168778801843319 0.7158304498269896 0.7203341013824885 0.7177768166089966 0.7235023041474655 0.7162629757785468 0.7286866359447004 0.7169117647058825 0.7381912442396314 0.7156141868512111 0.751152073732719 0.7201557093425606 0.761520737327189 0.7197231833910035 0.7658410138248848 0.7182093425605537 0.7724654377880185 0.7125865051903115 0.7773617511520737 0.7073961937716263 0.7790898617511521 0.703287197231834 0.777073732718894 0.6993944636678202 0.7692972350230415 0.6961505190311419 0.761520737327189 0.6955017301038062 0.7586405529953917 0.6965830449826991 0.7546082949308757 0.6961505190311419 0.7525921658986175 0.697015570934256 0.7505760368663594 0.6963667820069205 0.7525921658986175 0.6937716262975779 0.7528801843317973 0.6892301038062285 0.7520161290322581 0.685121107266436 0.75 0.6823096885813149 0.7508640552995393 0.6710640138408305 0.7494239631336406 0.6676038062283738 0.7474078341013825 0.6663062283737025 0.7344470046082949 0.6669550173010381 0.7269585253456221 0.6701989619377163 0.7203341013824885 0.6753892733564014 0.7160138248847926 0.6859861591695502 0.7027649769585254 0.6879325259515572 0.6995967741935484 0.6898788927335641 0.6993087557603687 0.6939878892733564 0.7036290322580645 0.7017733564013842
1 0.6088709677419355 0.7173442906574394 0.6163594470046083 0.7231833910034602 0.626152073732719 0.7281574394463669 0.6307603686635945 0.7277249134948097 0.633352534562212 0.7246972318339101 0.6391129032258065 0.7134515570934257 0.6394009216589862 0.7093425605536333 0.6362327188940092 0.7024221453287198 0.6376728110599078 0.6952854671280277 0.6336405529953917 0.694204152249135 0.6201036866359447 0.698529411764706 0.6120391705069125 0.705233564013841 0.6080069124423964 0.7119377162629759 0.6074308755760369 0.7136678200692043 0.6088709677419355 0.7173442906574394
0 0.6993087557603687 0.7536764705882353 0.7016129032258065 0.7575692041522493 0.7036290322580645 0.7588667820069205 0.7168778801843319 0.7625432525951558 0.7206221198156683 0.7603806228373703 0.728110599078341 0.7517301038062285 0.7272465437788018 0.747188581314879 0.7168778801843319 0.7407006920415226 0.711405529953917 0.7411332179930796 0.706221198156682 0.7439446366782008 0.7013248847926268 0.7480536332179931 0.6993087557603687 0.7515138408304499 0.6993087557603687 0.7536764705882353
0 0.616647465437788 0.7651384083044983 0.6247119815668203 0.766219723183391 0.6298963133640554 0.7660034602076126 0.6350806451612903 0.7631920415224914 0.6368087557603687 0.7590830449826991 0.6368087557603687 0.7549740484429066 0.6356566820276498 0.7512975778546713 0.633352534562212 0.7484861591695502 0.629320276497696 0.7469723183391004 0.619815668202765 0.7465397923875433 0.6160714285714286 0.747621107266436 0.6140552995391706 0.7500000000000001 0.6137672811059909 0.7590830449826991 0.616647465437788 0.7651384083044983
0 0.5676843317972351 0.3073096885813149 0.5774769585253456 0.3070934256055363 0.5815092165898618 0.3055795847750865 0.5835253456221199 0.30363321799307963 0.5855414746543779 0.296280276816609 0.5829493087557605 0.2908737024221454 0.5786290322580645 0.289143598615917 0.5720046082949308 0.2882785467128028 0.5639400921658987 0.2889273356401384 0.5596198156682027 0.291522491349481 0.5578917050691244 0.2947664359861592 0.5590437788018433 0.3003892733564014 0.5676843317972351 0.3073096885813149
0 0.2131336405529954 0.6141868512110726 0.21658986175115208 0.6163494809688582 0.22091013824884795 0.6148356401384084 0.23099078341013826 0.6157006920415226 0.23444700460829493 0.6144031141868512 0.23617511520737328 0.6115916955017301 0.2379032258064516 0.6022923875432526 0.23444700460829493 0.597318339100346 0.22350230414746544 0.5971020761245676 0.22004608294930877 0.5977508650519032 0.21370967741935484 0.6007785467128028 0.20996543778801846 0.6053200692041523 0.2096774193548387 0.6092128027681661 0.2131336405529954 0.6141868512110726
5 0.49452764976958524 0.358780276816609 0.4959677419354839 0.3594290657439447 0.5129608294930875 0.35921280276816614 0.5256336405529953 0.3613754325259516 0.5290898617511521 0.36072664359861595 0.5299539170506913 0.3594290657439447 0.5264976958525346 0.3518598615916955 0.5247695852534562 0.34191176470588236 0.5178571428571429 0.3382352941176471 0.5120967741935484 0.3382352941176471 0.5023041474654378 0.3421280276816609 0.4962557603686636 0.34645328719723184 0.4939516129032258 0.351643598615917 0.4936635944700461 0.35661764705882354 0.49452764976958524 0.358780276816609
5 0.6042626728110599 0.4913494809688582 0.6088709677419355 0.5006487889273357 0.6160714285714286 0.5023788927335641 0.6298963133640554 0.5032439446366783 0.6316244239631337 0.5017301038062284 0.6322004608294931 0.4987024221453288 0.6316244239631337 0.48572664359861595 0.6330645161290323 0.48334775086505194 0.6370967741935484 0.48075259515570934 0.6399769585253456 0.4772923875432526 0.6373847926267281 0.47296712802768165 0.6330645161290323 0.47166955017301043 0.6267281105990784 0.4712370242214533 0.6129032258064516 0.4764273356401384 0.6077188940092166 0.4803200692041523 0.6051267281105991 0.48421280276816614 0.6039746543778802 0.4874567474048443 0.6042626728110599 0.4913494809688582
5 0.24135944700460832 0.6094290657439447 0.25144009216589863 0.6169982698961938 0.2574884792626728 0.6163494809688582 0.26180875576036866 0.6148356401384084 0.2664170506912443 0.6094290657439447 0.26180875576036866 0.5994809688581315 0.25806451612903225 0.596885813148789 0.2511520737327189 0.5971020761245676 0.24078341013824883 0.6033737024221454 0.2402073732718894 0.6066176470588236 0.24135944700460832 0.6094290657439447
5 0.6382488479262673 0.7463235294117647 0.6440092165898618 0.7504325259515572 0.6514976958525346 0.7508650519031143 0.655241935483871 0.7495674740484429 0.663594470046083 0.742430795847751 0.6664746543778802 0.7372404844290659 0.6661866359447004 0.7311851211072665 0.6578341013824885 0.7255622837370244 0.6509216589861752 0.723832179930796 0.6428571428571429 0.7277249134948097 0.6411290322580645 0.7316176470588236 0.6385368663594471 0.7337802768166091 0.6368087557603687 0.7385380622837371 0.636520737327189 0.7432958477508651 0.6382488479262673 0.7463235294117647