5 0.05677628542417108 0.554365340951919 0.0605855381726509 0.555838305876582 0.06372947170680668 0.5562854751594166 0.0743542118014134 0.5547852282543836 0.088797339444507 0.550559093968905 0.09533110225125208 0.5475259997397798 0.10449944791435165 0.540409920578637 0.10991544736357628 0.5329384444466868 0.11090464658459505 0.5282846280072093 0.11051824377601047 0.52179075739496 0.10775509678315424 0.5167815439846752 0.10463224098265486 0.5134646274614731 0.09699265775203886 0.5133884448525146 0.09096262935581015 0.5098957785567922 0.07529073341962896 0.5129763524015841 0.06789071926108182 0.5186995466727897 0.048699719516730106 0.5369509101018968 0.04744073868997899 0.5428739492066862 0.04783627629857062 0.5451689675138269 0.051207835971145824 0.5500864086120845 0.05677628542417108 0.554365340951919
5 0.1317563112428232 0.5627120027358721 0.1369869867460964 0.5676560467058682 0.14235169592800115 0.5701229173597617 0.150521707570075 0.571859506943205 0.15638101636248908 0.5719994693773599 0.16170989674344544 0.5704790248370303 0.16434447959979992 0.5663960399050125 0.16511799561604862 0.5586010567148533 0.1532827568283682 0.5505580385689821 0.14845761085792825 0.5455527225844644 0.13884947438436124 0.5298025961346939 0.13507043416954484 0.5212610316645546 0.1307665818105557 0.5221149749596303 0.12251225923385604 0.5318573743376572 0.12102846040232791 0.5388380989968734 0.12190946282142187 0.543005061389384 0.1246515320806216 0.5508840220400363 0.12846359296274387 0.5578849443345492 0.1317563112428232 0.5627120027358721
5 0.1438333970249663 0.536831510916038 0.14746560350326704 0.544678581654092 0.15309095949089718 0.5500750819477822 0.1629421835692551 0.5563698182329089 0.16651467537930847 0.5575713636472575 0.17335404859273437 0.5572563619470435 0.18248937358852801 0.5516809249615271 0.18590028059477376 0.5453309142091999 0.18943132733659368 0.5314892296896256 0.18919808493088924 0.515963043134503 0.18871262012038686 0.5140910990491331 0.17866679057091536 0.501785448772957 0.1712941808123892 0.49491208612883675 0.16400236345576685 0.49181450156805406 0.1594048436237464 0.4912794573989596 0.15159734892295815 0.4933785282982835 0.14567199879593223 0.4963198502153815 0.1414369959051974 0.49962046652905395 0.13926399199204634 0.5029171854169593 0.13660833140203538 0.5098699175893445 0.13564301804831555 0.5171819441583041 0.136344166063588 0.522195054994356 0.1399883154755381 0.5313712307971514 0.1438333970249663 0.536831510916038
5 0.6465556978223819 0.7358848074984478 0.649543662820015 0.7398363353543058 0.6557205249527593 0.7440234953821132 0.6632371603141587 0.7460633943884689 0.6715631404927551 0.7442956253988886 0.6764276337968655 0.7380334895328214 0.6783041621033428 0.7278198258108961 0.6766861828680281 0.7146524373881101 0.670755216473717 0.7065378445655087 0.6638020301910814 0.7046177103580111 0.661152696267435 0.7018436328554378 0.657906892597719 0.7004904327296329 0.6457386390033367 0.7023258789701765 0.6397683252753554 0.7054787379981599 0.6373733114910699 0.7153610998103417 0.6386379085851059 0.7204939754452517 0.6454379344648614 0.7314464255956228 0.6465556978223819 0.7358848074984478
5 0.5403820856754499 0.6965137336932505 0.5490586398616826 0.6972525201216964 0.5511325817729158 0.6985777277606703 0.5553584498636437 0.6994759637521064 0.5613856701262299 0.6974406726779788 0.5696217231029156 0.6960959779101692 0.5737337781244337 0.6947590779938938 0.577315404734494 0.6917617711031337 0.5856926751804105 0.6800556553277097 0.5874581985513203 0.6731348130679226 0.5864872689303157 0.6693909248971828 0.5833644131298164 0.6660740083739807 0.5776161092729695 0.6626412244776875 0.5738490119918025 0.6554287650722893 0.5703214837827046 0.6540156825470553 0.566389283165008 0.6545064340197893 0.5567951873596535 0.6663960944192677 0.5403589102072305 0.6730727991491103 0.533555365794753 0.6773751160435475 0.5312474710787358 0.6813064462641091 0.531091502542213 0.6848108048371326 0.5339115560696742 0.6909375862012731 0.5382182165623057 0.6956116002760473 0.5403820856754499 0.6965137336932505
5 0.6978843727899217 0.7215902903638879 0.7047595748042959 0.7252626038578973 0.7120155633599698 0.7243728732244565 0.7214986542297572 0.7157760342871162 0.7212021786230833 0.7088590894530963 0.7182233484254572 0.7007087092921296 0.7129007947108654 0.6925023441575009 0.7102064971862636 0.689939803765813 0.7072965164568916 0.6842360966234431 0.70390387905066 0.682188402765553 0.7008049091174595 0.6815296963718331 0.697738959851565 0.6793303478024868 0.693794816300219 0.6784919942104797 0.6848934441092094 0.6788108933364608 0.6810181500261178 0.6804192127630506 0.6757131555124604 0.6845978674328626 0.6746670497568367 0.6881341159184842 0.6767199139344136 0.6923290707978257 0.6855847469253953 0.7088055808922794 0.6923608869378517 0.7170998209131682 0.6978843727899217 0.7215902903638879
5 0.642205594914981 0.4238803166197975 0.6484365554486878 0.4236570872316108 0.6552070791938593 0.4208954125128 0.657526916843526 0.4182931873569798 0.6618490388025291 0.4090415394516869 0.6658472807548376 0.4054695036276999 0.6683680505419822 0.3991513827879707 0.666495040768227 0.3941102794650878 0.6632822577658168 0.3912164371636565 0.6565089258870029 0.38845015451261744 0.6496126461389722 0.3876475882589755 0.6436423324109908 0.39080044728695895 0.6406452326133505 0.3910477717362094 0.6350107418257134 0.3898501237476279 0.6324991068385757 0.39196939228224836 0.6284917300862604 0.399740280411344 0.627739291803668 0.40466551636113585 0.6290846812996078 0.4135741700793839 0.6357139875755488 0.4211739163681877 0.642205594914981 0.4238803166197975
5 0.37017989653303324 0.18122453494709762 0.375328922510168 0.1805502388503092 0.3788206219183175 0.1779760061813199 0.38025032234888323 0.17540567093809778 0.3824535387956977 0.1650403525047161 0.382573678531272 0.15754867873746914 0.3773860156195464 0.14870770227018446 0.37460179089303364 0.14656823610026729 0.364843302150229 0.1453783829632199 0.35637048823511674 0.14645165822071524 0.3515151297310134 0.1485149417816738 0.3493301828842129 0.15048255560483792 0.34732789857487645 0.15713197835431064 0.3494404774207006 0.16797245855735782 0.35559626181978854 0.17502936582553258 0.36332858038595783 0.18021043158257033 0.37017989653303324 0.18122453494709762
5 0.10117856849804382 0.2803602920237482 0.10800599877782024 0.27871618525879316 0.11721930804187516 0.27138856898676494 0.12203883774503022 0.265337970231583 0.12336666804003568 0.2618616041453904 0.12229106014982812 0.25168372776183034 0.12347205670831789 0.24751286794355262 0.1273564855914166 0.24170569621185417 0.1212365299932771 0.23863610413790273 0.11391169196934887 0.2370791617527467 0.11110638950917973 0.23780944282319694 0.10250781959120836 0.23531847710823958 0.09778454375632861 0.23121919196669233 0.094583703687568 0.22965445473000204 0.09063956013622199 0.22881610113799492 0.08722584499633382 0.22963815452047243 0.07971482590221941 0.2386541702538163 0.08002324444254269 0.24690022015257732 0.0745981101933111 0.2585705485896361 0.0738007083097634 0.26370732165031335 0.07488545099997787 0.2696863457287649 0.08687946645782343 0.27975296267146205 0.10117856849804382 0.2803602920237482
5 0.2636367638420472 0.079868479720268 0.2745671143433348 0.08108632534414624 0.2822038894403084 0.07563455058325527 0.29024814507952296 0.0738068991942459 0.2974683048342485 0.06892985336658156 0.2967882345526326 0.06104699529016218 0.2929761736705103 0.05404607299564916 0.29155279990630906 0.04688959856391293 0.2871562122117666 0.04263865871090946 0.28320012572677117 0.04047120005416129 0.2779611725477256 0.041568570372720395 0.27194589521878887 0.04493296651158905 0.25924440507930635 0.03958004840779834 0.2549855163212726 0.04022245459198866 0.2535888365580128 0.041252147659584314 0.2562381704816592 0.044026225162157664 0.2579552117188918 0.05257168705806405 0.25248230573506225 0.05892559523615848 0.25087275090067496 0.062342078922921915 0.25220619746296535 0.0699216275764289 0.25765169904677393 0.07616427631366048 0.2636367638420472 0.079868479720268
5 0.34304725514678236 0.09276800116504473 0.34968569622273016 0.09616889514873979 0.3612244594037369 0.09729496846059082 0.3715885526926182 0.09286509191576124 0.3762401709256011 0.0889897466688617 0.378263532968594 0.07947057667902149 0.3764207357285022 0.0673608738106624 0.37246184110986424 0.05966545778406442 0.368865463432512 0.05580570224023353 0.3647175796100454 0.053155286962285594 0.3563557706305006 0.05093574075764255 0.3484794264614581 0.05058813863836935 0.3435671614227498 0.05153385424547219 0.3321899830455507 0.057959337100297104 0.3277301621500389 0.06231763896839633 0.32695383800014766 0.06458466478870588 0.327688006682726 0.06805713344913147 0.3314459691638859 0.07946844515963827 0.3368584500803885 0.08725173607249644 0.34304725514678236 0.09276800116504473
4 0.07165852694132821 0.5051292816635298 0.07470059033992374 0.504670420103394 0.07931918790560072 0.502335717032121 0.08658711939492417 0.5027750914634213 0.09242535045368183 0.5057848011379437 0.09616575373390727 0.5048110930440098 0.10031082942273131 0.5019335509521081 0.10874500640325255 0.49134500313053964 0.11797306673459951 0.4908744492931024 0.1216115998792647 0.4889947103561981 0.123221154713652 0.4855782266694348 0.11909434862484192 0.4800580641511192 0.11559984108304992 0.47710433945025865 0.11300741369400835 0.47544782990154133 0.11033700203670546 0.4755434996393356 0.10648278568727025 0.47428207182555787 0.10448682804429829 0.47120468490007206 0.09364359661127905 0.46403580768457325 0.0874786774121842 0.4611777527215071 0.0807741950016245 0.46085814308906503 0.0771686825242652 0.4611972398503427 0.07226836041920648 0.4634720605221867 0.05629647034362946 0.4748904565777668 0.05389864842570138 0.4792448610200989 0.05274153773451049 0.4860739309678587 0.054707282843818913 0.4962199174388207 0.06131270325246087 0.5011614535981421 0.07165852694132821 0.5051292816635298
4 0.17858948323905785 0.5714137586732926 0.18440382843051656 0.5717652582183329 0.19393469103490185 0.5684848395399571 0.20100801705311172 0.5629132999802079 0.20208714347604123 0.5578364093189598 0.1994441362187593 0.545335522141428 0.1929138919447362 0.533113849325745 0.19141534204591615 0.5332375115503702 0.18983880787883478 0.5351133530615074 0.1870721423532566 0.5453589066960308 0.18412281429021427 0.5509226514042458 0.1755959019741397 0.5564063160777349 0.16628985737453145 0.5586290492016841 0.16562734629385 0.5631312109297053 0.16739848593204493 0.5672662834096178 0.17135457241704044 0.569433742066366 0.17858948323905785 0.5714137586732926
4 0.6183974184031114 0.4029009342908617 0.6248862176089011 0.40007937717262176 0.6280364778094214 0.3907997367804978 0.6315492549512274 0.385355756871141 0.6311059456080379 0.37774431830503585 0.6327246352424323 0.37012898231316366 0.6290832939641245 0.3664807638802182 0.6228165046294694 0.3627166780741816 0.6193880384222892 0.3566816690220682 0.6173140965110558 0.35535646138309424 0.6107894685043178 0.3541907033071108 0.6076813637711104 0.35773084921849957 0.5980809412993913 0.3793473192929364 0.5973074252831425 0.3871423024830959 0.5992703622588086 0.3917603315842081 0.6079736104459826 0.4006852855119858 0.6183974184031114 0.4029009342908617
2 0.40375414193885256 0.5953957870512152 0.41094408915991465 0.5975873407690272 0.425468009204912 0.5971369845668867 0.43583210249379334 0.592707108022057 0.44828208062755737 0.5909315441809425 0.4568989201455427 0.5850248052856826 0.4554305827803861 0.5780798679648316 0.4523407476471927 0.5732223092660031 0.451819454035742 0.5673630499864097 0.44921508371305097 0.5643774353729513 0.4473357472729312 0.5690631417250269 0.4444524605445007 0.5715456020819889 0.43988796137978625 0.5694699157372678 0.4368100691802422 0.5659414621031804 0.4309451441205431 0.5547455849293261 0.43219499014728724 0.5530213981296452 0.43621711796689466 0.5521075724351406 0.4356297830208319 0.5493295975068001 0.4344459783286996 0.5479724999552281 0.4309184501196017 0.5465594174299941 0.4242708742436469 0.5473573757514077 0.4175453140994308 0.5499075133593332 0.4124862153242067 0.5501587352343509 0.40763085682010336 0.5522220187953094 0.4037344850033553 0.5567000854622668 0.398387335022385 0.5666182346128139 0.3935108987846251 0.57155126541414 0.3932080965115868 0.5743611302550784 0.3940019798624125 0.5844791242392096 0.39652836591684215 0.5892169181391799 0.40375414193885256 0.5953957870512152
2 0.4630308186773317 0.5894235024243752 0.4660335347422569 0.6002320927148241 0.46842502999382035 0.6056044979474506 0.4713111248558932 0.6086499949603382 0.4842613188674517 0.6156034376391846 0.4947750540264912 0.6173960121962897 0.5007692536217715 0.6169013632977884 0.5092301246032342 0.6144989829755524 0.5136569248314401 0.6116813232830796 0.5176312809164496 0.6054510773296103 0.5212431200601733 0.5953851708933742 0.5238840295828923 0.5815753762863981 0.522044040476443 0.5749936307878887 0.516113074082132 0.5668790379652872 0.5143391263102947 0.557216008115525 0.5120614441279409 0.5540787387906102 0.5024919445889647 0.5478438849049128 0.4863198327749892 0.5421954522297437 0.4812607339997652 0.5424466741047616 0.47182893339729776 0.5411051662562579 0.4592229867270111 0.546385088670396 0.45338123713553136 0.5586301460406818 0.4522002405770415 0.5628010058589595 0.4525177939173718 0.5668482034526121 0.4534676458047202 0.5734618388637195 0.4569199978791992 0.5821550580453151 0.4630308186773317 0.5894235024243752