1 0.2994679263999519 0.19273849185337863 0.2941391266726874 0.19414257076257857 0.2890367773001893 0.19922742551945474 0.28624481870224455 0.20005658634297668 0.28090025454294754 0.19927899764005202 0.2748806319446616 0.19990661210875235 0.26851702878596817 0.2042951712620876 0.26706228438417534 0.20843061194000403 0.2675438522075665 0.2118571450498364 0.27275512172918986 0.21789478667294757 0.27565170785094967 0.21574059151475927 0.28050037062992633 0.21505915640061146 0.2834127211837188 0.21508662885454766 0.2851397783612726 0.2170277899557965 0.28455644476427294 0.22322464499039962 0.2810005646355569 0.22896571093233753 0.28032693707167144 0.2345200910088471 0.28175444523470905 0.23846884582133526 0.2869499503242999 0.24232481983232185 0.29504061066054693 0.23987742178023558 0.3103204225392862 0.23270705300001165 0.3117006374062258 0.23011080497612615 0.31304789253399673 0.21900204482310706 0.31143693468698064 0.20546998628466256 0.30514356843783047 0.1958718220693131 0.30123941512339686 0.1929263019812321 0.2994679263999519 0.19273849185337863
1 0.36371738957284694 0.14287020360478825 0.33974495757862166 0.1482048040498079 0.3366978815120521 0.14928820761117353 0.3330359429844175 0.1522051309828933 0.33078574818778794 0.15688914155497669 0.3318836093473475 0.1626313317593396 0.3419765013871162 0.1765000503974366 0.34826843676116315 0.18194903770790152 0.351931806163901 0.18318129124106633 0.35323749149598743 0.1821242358712118 0.3558617648419864 0.17389343893385817 0.3619688196569515 0.1656099456134823 0.36707116902944964 0.1605250908566061 0.37101689213956757 0.15341890616152254 0.37353796883685464 0.15066232046371994 0.37919641556759726 0.14746480616264512 0.378580122231429 0.14514914906811466 0.37691326103179906 0.14363630460559484 0.36976711016009484 0.14245674745545248 0.36371738957284694 0.14287020360478825
1 0.38397908445054973 0.26013618181504716 0.3808875768380889 0.2629729363498083 0.3775423826321065 0.2702131105272979 0.3739693071962545 0.26962333195222665 0.3699146639370111 0.2656070202673229 0.36297919898804076 0.265926571352732 0.35020469937455606 0.2681586868230288 0.3458519379758999 0.270299145754249 0.3417098624999776 0.27393871292102095 0.34000000062955976 0.2783283963367812 0.34045147046398905 0.28154077112724907 0.34681936624799253 0.28959974268856753 0.35389098758484344 0.2923184924927411 0.3578854348661628 0.2959064875389157 0.3818463950536656 0.3008377501964251 0.38992272183298354 0.30035786143709886 0.3929697978995531 0.29927445787573315 0.393389738869917 0.298123497441952 0.3933137784599604 0.29551351319109836 0.3887632338203967 0.29003817768912227 0.39191493741078137 0.2876297397930902 0.39484019064639975 0.2815405260493818 0.3942052711279921 0.2687448475329577 0.38955009896461307 0.264594546365648 0.3876123558643257 0.26115427702884747 0.38397908445054973 0.26013618181504716
0 0.39609115544201995 0.7312446450763933 0.3901919247995818 0.7327288928225519 0.3876106521243708 0.7350571618816254 0.3844302814201274 0.7414006183631775 0.3848072217197035 0.7461521858076765 0.3863393574065564 0.7487759062854982 0.3894623938830825 0.750302486974986 0.3938610177027332 0.7505578539752549 0.40339208888384387 0.7459425245380122 0.40630300856253304 0.741820820087064 0.4070826945253371 0.7390905825807724 0.4064062052112448 0.7363466088475128 0.40295209085613726 0.7324642866450152 0.4004897792616706 0.7315000120766623 0.39609115544201995 0.7312446450763933
0 0.369702249468427 0.781470075226155 0.366371388819374 0.7867427401108845 0.36665803515206424 0.7908518325972896 0.36825036681684087 0.7939038697138405 0.37143359927129094 0.7958587670420574 0.37835473066333214 0.7975067252494084 0.38596525405129134 0.7957819709923741 0.3923288572099848 0.7913934118390389 0.3933192290955224 0.7901622825682992 0.3922070343790336 0.7863876016566962 0.38731107830395906 0.7805240339344703 0.37984961398570605 0.7791704028834425 0.369702249468427 0.781470075226155
0 0.725010646353378 0.441296664778415 0.7187817687074618 0.44457434791644823 0.7123909293100131 0.4570471025601881 0.7126775756427033 0.4611561950465933 0.7149005342005776 0.4645563799649146 0.7177383552195169 0.46612304507288177 0.7209961172088202 0.46653874974706777 0.7300929138626377 0.4650418900363663 0.7350462041654294 0.4630354205875521 0.7387224762499933 0.45815098792307224 0.7399221031831613 0.45426978998299966 0.7386579876467592 0.4452751405696895 0.7365253230557708 0.4425174306094618 0.7310603669406259 0.44088320862907915 0.725010646353378 0.441296664778415
0 0.8670535437025688 0.6552277237032994 0.8593383927907942 0.658277512295 0.8557968462190075 0.6620510689441779 0.8550773562341274 0.6652096230891984 0.8562196489395782 0.6691984623201659 0.8608905855349898 0.6755304310996 0.8668958745763463 0.6768703259236597 0.8695072452405196 0.6747562151839507 0.8769228471377778 0.6737140203034893 0.8801648446950484 0.6719480573655507 0.8829410388609604 0.6689372289299044 0.8839457443034273 0.6657385903664046 0.8827876871659438 0.6595680835233125 0.8781325150025647 0.6554177823560029 0.8745895375556747 0.6550421621002963 0.8670535437025688 0.6552277237032994
0 0.8104662146449364 0.6789045129042774 0.8063986687038673 0.6810048874170184 0.8023468871948307 0.6852869295418837 0.8003217118778639 0.6895025390567587 0.8001282212622666 0.6943342753382161 0.8026363952777278 0.6976943758380582 0.8058038633001452 0.6974676055541507 0.8138658565225336 0.6989552260875843 0.8218647920167917 0.6917161761725199 0.8233195364185845 0.6875807354946033 0.8226430471044923 0.6848367617613438 0.8209604214728298 0.6811422496866995 0.8180323064870045 0.6789331096206386 0.8104662146449364 0.6789045129042774
5 0.5124146802033579 0.6297249966270305 0.506304763638186 0.6297101361376374 0.5030025701029915 0.6310477824368469 0.4999712584684546 0.6343128536103371 0.49643114277177125 0.6422355871643995 0.49745447439647766 0.6495169700227935 0.49930192352987923 0.6523147644015005 0.5024550579953674 0.6540555034103528 0.516611203350895 0.6533763168210551 0.5198231029192036 0.6513961955637522 0.5243550213765281 0.6463915096438345 0.5228959843494251 0.6380794196070972 0.5197113210198717 0.6319753453739958 0.5175041268940301 0.630756828067799 0.5124146802033579 0.6297249966270305
4 0.7772740051556906 0.19852892421510876 0.7693495991962858 0.20422878147614232 0.7658682486024231 0.20843065476404926 0.7611285059725718 0.22023458625818426 0.7609493489139034 0.2230988132468817 0.7652146780958804 0.22861423316733695 0.7796273717951363 0.23182998074508018 0.7830800552751407 0.2315631260426933 0.7895038544117579 0.22760288352808722 0.7992570833223248 0.21422079922386694 0.7992384571400855 0.2037407778019733 0.7979915369108195 0.20107697290567228 0.792165404928131 0.1968728510929152 0.7825125109160693 0.19648237034781527 0.7772740051556906 0.19852892421510876
3 0.9498908598192889 0.39615173628678557 0.9489764483437078 0.3999928498083789 0.9505859753156205 0.40937573144193873 0.950184660527496 0.42100671329761363 0.9530984419563918 0.42518336265643447 0.9562515764218802 0.4269241016652868 0.9761578933501396 0.4278390526378927 0.984007769774691 0.42367838803089014 0.9905505299920527 0.4164256018888576 0.9929970771544866 0.415208208845086 0.989565906412824 0.3907941604375299 0.9818335601939137 0.38751310451222143 0.9734863515139383 0.386065568397267 0.959151049099742 0.389608981975262 0.9534324063910755 0.3923781796376077 0.9498908598192889 0.39615173628678557
2 0.3050130859385722 0.29634878548248006 0.3014400105027201 0.29575900690740886 0.2942795260740868 0.2965469590500263 0.2880506484281705 0.2998246421880596 0.28465816092609014 0.30051981352917545 0.2822173372640697 0.31833391419248536 0.28451625623190063 0.32434408336166026 0.28800046857597017 0.3284405638835225 0.29547769732625573 0.33197586254667477 0.3100537836521475 0.33014571552359595 0.31646324923183544 0.32815298230174983 0.31587705388462906 0.32605148352658386 0.31929820850056795 0.321421293599948 0.3187378185170135 0.3070864224294928 0.3148179007705473 0.30195923472928715 0.3096223956809565 0.2981032607183007 0.3050130859385722 0.29634878548248006