2 0.26497695852534564 0.8659169550173011 0.27880184331797236 0.8739186851211074 0.285426267281106 0.8754325259515572 0.3004032258064516 0.8747837370242216 0.315668202764977 0.8598615916955017 0.31768433179723504 0.856401384083045 0.3197004608294931 0.8479671280276817 0.32430875576036866 0.842128027681661 0.3257488479262673 0.8349913494809689 0.3257488479262673 0.8246107266435987 0.3245967741935484 0.8222318339100347 0.31048387096774194 0.8137975778546714 0.3029953917050691 0.8131487889273357 0.2998271889400922 0.8142301038062284 0.26526497695852536 0.8466695501730104 0.26152073732718895 0.854022491349481 0.26180875576036866 0.8609429065743945 0.26497695852534564 0.8659169550173011
3 0.48617511520737333 0.5914792387543253 0.49078341013824883 0.5994809688581315 0.49452764976958524 0.6025086505190311 0.5060483870967742 0.6040224913494809 0.5118087557603687 0.6061851211072665 0.5155529953917051 0.6061851211072665 0.5285138248847926 0.6027249134948097 0.5362903225806452 0.598832179930796 0.5400345622119815 0.594506920415225 0.5397465437788018 0.5813148788927336 0.5417626728110599 0.5711505190311419 0.5414746543778801 0.560121107266436 0.5374423963133641 0.5469290657439447 0.5322580645161291 0.5445501730103807 0.5233294930875576 0.5423875432525952 0.5129608294930875 0.5432525951557093 0.5077764976958525 0.5454152249134949 0.5028801843317973 0.5497404844290659 0.4855990783410139 0.5780709342560554 0.48473502304147464 0.5858564013840831 0.48617511520737333 0.5914792387543253
5 0.2540322580645161 0.765787197231834 0.26900921658986177 0.7709775086505191 0.2868663594470046 0.7711937716262977 0.2929147465437788 0.7698961937716263 0.29694700460829493 0.765787197231834 0.3004032258064516 0.7580017301038062 0.30126728110599077 0.7512975778546713 0.3001152073732719 0.7463235294117647 0.29781105990783413 0.7445934256055364 0.28744239631336405 0.745242214532872 0.2790898617511521 0.7445934256055364 0.2741935483870968 0.7432958477508651 0.26843317972350234 0.7389705882352942 0.26555299539170507 0.7378892733564014 0.2620967741935484 0.7378892733564014 0.2574884792626728 0.740916955017301 0.25460829493087556 0.7441608996539794 0.2508640552995392 0.7528114186851211 0.2505760368663595 0.7621107266435987 0.2540322580645161 0.765787197231834
5 0.5898617511520737 0.7307525951557093 0.5918778801843319 0.7335640138408305 0.6025345622119815 0.7402681660899655 0.6068548387096774 0.7407006920415226 0.6111751152073733 0.7398356401384084 0.6157834101382489 0.7344290657439447 0.619815668202765 0.7324826989619377 0.6241359447004609 0.7281574394463669 0.6307603686635945 0.7099913494809689 0.628168202764977 0.7035034602076126 0.6212557603686636 0.6993944636678202 0.6163594470046083 0.698961937716263 0.6126152073732719 0.6996107266435987 0.5967741935483871 0.7095588235294119 0.5904377880184332 0.7199394463667821 0.5887096774193549 0.7257785467128028 0.5898617511520737 0.7307525951557093
5 0.407258064516129 0.721885813148789 0.41244239631336405 0.7251297577854672 0.4251152073732719 0.7281574394463669 0.4389400921658987 0.7272923875432526 0.44297235023041476 0.7251297577854672 0.4582373271889401 0.7240484429065744 0.46514976958525345 0.7199394463667821 0.4691820276497696 0.7119377162629759 0.46860599078341014 0.7073961937716263 0.46658986175115214 0.703287197231834 0.46716589861751157 0.698961937716263 0.46543778801843316 0.6957179930795848 0.4602534562211981 0.6918252595155711 0.4495967741935484 0.6890138408304499 0.445852534562212 0.6913927335640139 0.438652073732719 0.6918252595155711 0.4291474654377881 0.6950692041522493 0.41273041474654376 0.6983131487889274 0.40639400921658986 0.703287197231834 0.40236175115207373 0.7091262975778547 0.404089861751152 0.717128027681661 0.407258064516129 0.721885813148789
5 0.3332373271889401 0.6537629757785468 0.3389976958525346 0.6615484429065744 0.3487903225806452 0.6652249134948097 0.3525345622119816 0.6652249134948097 0.36088709677419356 0.6626297577854672 0.369815668202765 0.6576557093425606 0.37730414746543783 0.6442474048442908 0.378168202764977 0.6379757785467128 0.37327188940092165 0.6232698961937717 0.3692396313364056 0.6185121107266436 0.3591589861751152 0.6137543252595157 0.3487903225806452 0.6139705882352942 0.3453341013824885 0.6157006920415226 0.34130184331797236 0.6195934256055364 0.3332373271889401 0.6340830449826991 0.3320852534562212 0.6401384083044983 0.3332373271889401 0.6537629757785468
5 0.2338709677419355 0.854022491349481 0.24078341013824883 0.856401384083045 0.24711981566820276 0.8570501730103807 0.25518433179723504 0.8553200692041523 0.25864055299539174 0.8527249134948098 0.26008064516129037 0.8499134948096886 0.2609447004608295 0.8412629757785467 0.25892857142857145 0.835423875432526 0.2534562211981567 0.8278546712802768 0.24711981566820276 0.8226643598615917 0.2451036866359447 0.8217993079584776 0.24078341013824883 0.8217993079584776 0.2330069124423963 0.8272058823529413 0.22983870967741934 0.8326124567474048 0.23012672811059906 0.8479671280276817 0.2338709677419355 0.854022491349481
5 0.27505760368663595 0.8278546712802768 0.2793778801843318 0.830233564013841 0.28629032258064513 0.8278546712802768 0.2897465437788019 0.8252595155709344 0.2986751152073733 0.8140138408304498 0.2995391705069125 0.8103373702422146 0.29809907834101385 0.8038494809688581 0.2932027649769585 0.7993079584775087 0.2900345622119816 0.7980103806228375 0.28485023041474655 0.7980103806228375 0.27736175115207373 0.8012543252595157 0.2744815668202765 0.8057958477508651 0.2739055299539171 0.8248269896193772 0.27505760368663595 0.8278546712802768
5 0.27102534562211983 0.7411332179930796 0.2767857142857143 0.7439446366782008 0.28225806451612906 0.7448096885813149 0.29925115207373276 0.7441608996539794 0.30472350230414746 0.740484429065744 0.31394009216589863 0.7378892733564014 0.3188364055299539 0.7355103806228375 0.32171658986175117 0.7309688581314879 0.3234447004608295 0.7236159169550174 0.3199884792626728 0.7192906574394464 0.31422811059907835 0.7156141868512111 0.3064516129032258 0.7132352941176471 0.29925115207373276 0.7132352941176471 0.2894585253456221 0.7160467128027682 0.28110599078341014 0.7199394463667821 0.2744815668202765 0.7262110726643599 0.2701612903225806 0.7342128027681661 0.2698732718894009 0.7383217993079585 0.27102534562211983 0.7411332179930796
5 0.43029953917050695 0.5962370242214534 0.43519585253456217 0.598832179930796 0.4392281105990784 0.5999134948096886 0.44671658986175117 0.6003460207612458 0.45074884792626724 0.599264705882353 0.4576612903225807 0.5949394463667821 0.46082949308755766 0.5888840830449827 0.4602534562211981 0.5854238754325259 0.4550691244239632 0.5713667820069205 0.44930875576036866 0.5661764705882353 0.44268433179723504 0.5650951557093425 0.4377880184331797 0.566825259515571 0.4317396313364055 0.572015570934256 0.4274193548387097 0.5815311418685122 0.4274193548387097 0.5927768166089966 0.43029953917050695 0.5962370242214534
5 0.3660714285714286 0.5173010380622838 0.3683755760368664 0.5194636678200693 0.3712557603686636 0.5248702422145329 0.3758640552995392 0.5294117647058825 0.3770161290322581 0.5328719723183392 0.38018433179723504 0.5350346020761246 0.38364055299539174 0.5358996539792388 0.3873847926267281 0.5356833910034602 0.391705069124424 0.5346020761245676 0.39602534562211983 0.5322231833910035 0.40437788018433185 0.5246539792387543 0.41215437788018433 0.5121107266435987 0.4150345622119816 0.5049740484429066 0.4150345622119816 0.5008650519031141 0.41273041474654376 0.49589100346020765 0.40812211981566826 0.49286332179930803 0.39400921658986177 0.4945934256055364 0.383352534562212 0.5006487889273357 0.37010368663594473 0.5056228373702423 0.36808755760368667 0.5075692041522492 0.3660714285714286 0.5080017301038062 0.3652073732718894 0.509515570934256 0.36463133640552997 0.5125432525951558 0.3660714285714286 0.5173010380622838
5 0.28830645161290325 0.36851211072664364 0.29089861751152074 0.3730536332179931 0.2911866359447005 0.37954152249134954 0.2926267281105991 0.3823529411764706 0.3038594470046083 0.3812716262975779 0.3090437788018433 0.3823529411764706 0.31422811059907835 0.38516435986159175 0.31768433179723504 0.38494809688581316 0.3194124423963134 0.38343425605536335 0.32056451612903225 0.3767301038062284 0.3231566820276498 0.3745674740484429 0.3294930875576037 0.3594290657439447 0.3289170506912443 0.3525086505190312 0.32430875576036866 0.3499134948096886 0.31077188940092165 0.3503460207612457 0.3018433179723502 0.35380622837370246 0.29377880184331795 0.361159169550173 0.28830645161290325 0.3628892733564014 0.2860023041474654 0.36483564013840836 0.2857142857142857 0.36634948096885817 0.28830645161290325 0.36851211072664364
5 0.13018433179723504 0.3488321799307959 0.13277649769585254 0.3522923875432526 0.1370967741935484 0.35553633217993086 0.14026497695852536 0.35661764705882354 0.14948156682027652 0.35661764705882354 0.15351382488479265 0.35510380622837373 0.1578341013824885 0.3488321799307959 0.15754608294930877 0.34277681660899656 0.15207373271889402 0.3345588235294118 0.14717741935483872 0.33023356401384085 0.14400921658986177 0.3289359861591696 0.133352534562212 0.3300173010380623 0.1298963133640553 0.3323961937716263 0.12644009216589863 0.33780276816609 0.12672811059907835 0.34191176470588236 0.13018433179723504 0.3488321799307959
5 0.19066820276497695 0.3804065743944637 0.19556451612903228 0.38862456747404844 0.1995967741935484 0.3916522491349481 0.20794930875576037 0.3918685121107267 0.21658986175115208 0.3946799307958478 0.2226382488479263 0.39532871972318345 0.2269585253456221 0.3946799307958478 0.22983870967741934 0.393166089965398 0.23531105990783413 0.38516435986159175 0.23617511520737328 0.3799740484429066 0.2315668202764977 0.3626730103806229 0.22379032258064516 0.3548875432525952 0.2168778801843318 0.3512110726643599 0.21025345622119818 0.3514273356401384 0.1995967741935484 0.35423875432525953 0.19268433179723504 0.35986159169550175 0.18951612903225806 0.3674307958477509 0.18922811059907835 0.3734861591695502 0.19066820276497695 0.3804065743944637
5 0.16100230414746544 0.41760380622837373 0.16359447004608296 0.42041522491349487 0.17194700460829493 0.4251730103806229 0.1788594470046083 0.4256055363321799 0.1846198156682028 0.4245242214532873 0.18951612903225806 0.42301038062283747 0.1938364055299539 0.41911764705882354 0.19527649769585254 0.4145761245674741 0.1935483870967742 0.40916955017301043 0.18605990783410137 0.40008650519031147 0.17857142857142858 0.39619377162629765 0.17453917050691245 0.395544982698962 0.16474654377880185 0.39792387543252594 0.15869815668202764 0.40657439446366783 0.15841013824884792 0.41133217993079585 0.16100230414746544 0.41760380622837373