5 0.8016933414941836 0.33798877039643427 0.7949384644789849 0.3363842693948379 0.7907648601389972 0.3371080374523151 0.7791584585946152 0.3431204551463401 0.7713945835116393 0.35076484629589777 0.7684650376507107 0.35712316326684307 0.7693479202622265 0.36532761201268554 0.7724093298857254 0.3683785248668112 0.7794035599375164 0.37241893621837596 0.7898963358903062 0.3743303763408384 0.7964419578578747 0.37328480867310176 0.8033487556929865 0.3696693411729909 0.8057365377525999 0.36716587395060707 0.8111441596400276 0.35766161479918435 0.8122721187885492 0.3517052662754568 0.811357707312968 0.34786415275386345 0.8089570225715287 0.3442509337786028 0.8016933414941836 0.33798877039643427
5 0.6389414232227976 0.39919498155775773 0.6288986862293335 0.3982203435497119 0.6184632445042608 0.4041789405982895 0.6157443845660661 0.40903814933368315 0.6154993080290603 0.42319894660325313 0.6206890896182375 0.4359396802118048 0.6253414000314097 0.44008773285426434 0.6435048953500828 0.443295610595032 0.653969004189014 0.4412720321319744 0.6584894508396159 0.43601085494936276 0.6593622925195125 0.4298002636877915 0.6553434707496446 0.4170057094337924 0.6435794000790404 0.4013755249074572 0.6389414232227976 0.39919498155775773
5 0.6212122272373134 0.44256485188513706 0.6194722673779336 0.4383893267887412 0.6190093257367817 0.43133583847668 0.6149303079889898 0.41896960086140994 0.6151280912298976 0.41135380642821373 0.6141678173333219 0.4099085188381094 0.6101303693812148 0.407593986006004 0.5997880833732346 0.4046117542867188 0.5941282057673887 0.40556341689052877 0.5892007208282488 0.4157903198370037 0.5858469413716463 0.4334452070888216 0.5900477819503892 0.4408056345217489 0.5913663699643015 0.447979376089248 0.5952074655506046 0.45376052644966514 0.5995444625172278 0.45808265299301 0.6043171648862479 0.4613740723580113 0.6135486870528425 0.4639818080840147 0.6200943090204108 0.4629362404162782 0.6286522036231201 0.45998959606577217 0.630513986313451 0.4591593109798252 0.6360563337136558 0.4507659278437043 0.6361638229876776 0.44379260836860157 0.6302344943562775 0.4425225189418075 0.6228031280269866 0.4436619916734708 0.6212122272373134 0.44256485188513706
5 0.6772950448581091 0.44913644799088903 0.6701646584184376 0.44813433752890697 0.6662461715470749 0.449112348324228 0.650301342160966 0.4549518163797929 0.6453910525289622 0.4588478748092587 0.6440065450367124 0.4686991575000269 0.6469160338402982 0.4769700388558598 0.6514780502865845 0.48176056645641296 0.6552302827811048 0.4840350148700391 0.6618948658294177 0.486281990829729 0.6678542924497798 0.4873379219371584 0.6752856587790708 0.4861984492054951 0.6895808222726858 0.47554098109544096 0.6929002111150162 0.4705477828776414 0.6936684252710977 0.4630121572814037 0.6909982895041041 0.45717718627553916 0.6842147453750469 0.4516376666884227 0.6772950448581091 0.44913644799088903
5 0.726638749895739 0.4519218754829201 0.7226457334895229 0.4513606936242103 0.7158148960643677 0.4523661768734676 0.6958612858400101 0.4598261306824469 0.6944194441200432 0.46180737620217505 0.6933359165174129 0.469517075699298 0.6938146225905973 0.47438889639923465 0.6970408557158353 0.4783365269492978 0.7011084016569045 0.4804369014620387 0.7064672993731309 0.4816268220518741 0.7317024160286547 0.4821159499884683 0.7374984500223812 0.47812598649507565 0.7480385192712691 0.4734924237811645 0.7531738283829359 0.470064766408907 0.755517178896658 0.4658079482131277 0.7550227083914408 0.46311779512531553 0.7523511417493439 0.46143200102433557 0.7358846056192627 0.4564971205016836 0.726638749895739 0.4519218754829201
5 0.6332959287856721 0.4890327101375389 0.6259849544122289 0.48931554959174406 0.6203394103633122 0.492234721488314 0.615367493878281 0.5007082734613935 0.613998750818064 0.5083778885400371 0.6150622213633514 0.5152973873696923 0.6183185524775514 0.519030859600391 0.6208252956179091 0.5198199360054334 0.6251938214485979 0.5197787273245292 0.6285719753937491 0.5185063893728851 0.6387938694458812 0.5223452543696282 0.6461349418082862 0.5218482565960586 0.6499488011558341 0.5195452114660711 0.655790697570555 0.5131594220411896 0.657834499069761 0.5068950101341708 0.6577757339669403 0.5031741498680155 0.655045402222023 0.49776749550087995 0.6471510942515802 0.4918534799204818 0.6332959287856721 0.4890327101375389
4 0.6048001139729513 0.36687980566008294 0.5944721615219006 0.3658650832335579 0.5908388901081246 0.3668831784473582 0.5863041099005933 0.37017684633720965 0.5846816802468549 0.37344304177312504 0.5861220910917184 0.37561097315828146 0.5870508361242287 0.38141959597263475 0.5863442488211745 0.3843777280252589 0.5828600364771049 0.3884742085471211 0.581535724962779 0.3978971745991603 0.5858727219294025 0.402219301142505 0.5920270700404656 0.4039577916265073 0.6131029159129311 0.40713819691333875 0.6167963833046308 0.4056917850608093 0.6217668689145588 0.40136740999261444 0.6307905669086263 0.39717590014440046 0.6310772132413165 0.3930668076579952 0.6180088881137293 0.37223039085692095 0.6143168515971327 0.3695276258045657 0.6048001139729513 0.36687980566008294
4 0.4608881307225392 0.34163136414570305 0.4578109566670078 0.3407621189037019 0.453247509345618 0.34012076820803344 0.4474973377728862 0.3417149057699369 0.44101048090813827 0.34648133370382894 0.43728548465237316 0.3522910807806074 0.4395342485738992 0.3611242682575752 0.449048124447874 0.3720704422118272 0.4630079174375975 0.37621624632943657 0.47402669275966974 0.37645450431546207 0.4802870992696514 0.3753688522292462 0.48790048440781736 0.36879525267651125 0.48911730664812125 0.3663456060995748 0.4886830321208281 0.3632271363730336 0.48404648613968854 0.3568974161184496 0.4781486863723538 0.35126399146740644 0.4608881307225392 0.34163136414570305
4 0.42332998428795987 0.3356977459483444 0.4112319739885675 0.33072165674478804 0.404071489559934 0.3299337046021706 0.398666729422713 0.3311396099438243 0.39479267409724145 0.33387097171254076 0.3871635245270428 0.3426262388774003 0.3823836677825059 0.36008070403682174 0.3828767074126197 0.3669200340295184 0.38856239038211743 0.37820174382099775 0.39492599354081076 0.3825903029743329 0.4017410665339334 0.38376648733720015 0.41637734883774896 0.38516831772154997 0.42567049785737093 0.3831985599039398 0.4317517473086842 0.3792486808290266 0.4339446078775965 0.3760626542300699 0.43683258394284047 0.35965263247595985 0.4333225662351191 0.35151574060253293 0.4271553154422302 0.343660563920886 0.42332998428795987 0.3356977459483444
4 0.49092752822293984 0.42796713290626087 0.4789470481291883 0.4304327642350156 0.46687484319344774 0.4376900474267485 0.45825532173771133 0.44521418532086826 0.4560767947257284 0.4503677212125849 0.4579514800978851 0.4556541223242826 0.4612379092010469 0.4591734362356166 0.46838262919764767 0.46214305599035876 0.489578867025961 0.464466827999732 0.49229629608905245 0.46375679616922294 0.49644123331518164 0.4590980095262257 0.5014747766532401 0.4460469640095326 0.5019276773627728 0.4386854123141801 0.4984477576440132 0.43033436212138865 0.4946955251494928 0.4280599137077624 0.49092752822293984 0.42796713290626087
3 0.4894283770811512 0.46553761959655465 0.4790860910731712 0.46255538787726946 0.46441971078039357 0.4613677158122843 0.4580546767465969 0.4611283335638337 0.4535356609710983 0.4622403338415606 0.4467936866377255 0.46675251903760895 0.44098331908706995 0.46877497323824135 0.4337153453844147 0.47496034057072656 0.4306353095786763 0.4823894491384945 0.43469856289443554 0.49693735436588915 0.4412413231117971 0.5041901405079218 0.450937217794647 0.5097021876411019 0.4656179316443537 0.5128573689988472 0.4761250411540729 0.5167363184140696 0.4869345614285149 0.5143245077307623 0.4942326331201321 0.5079249820789127 0.4995040986196795 0.5014590238170724 0.5028091539050806 0.49449831630651275 0.503922779496673 0.4865744584900253 0.5019735645896629 0.47974886472429673 0.4965716662026486 0.47265641625618127 0.4894283770811512 0.46553761959655465
3 0.4314221251111016 0.4209145237787575 0.4274291087048856 0.42035334192004753 0.410389279909424 0.4236366463702062 0.40051136641769913 0.4235587260580978 0.387298299651611 0.4306556715759135 0.383093166447558 0.43574277485763985 0.3728368817811537 0.44456559889491487 0.3684511606433289 0.4509376520928283 0.3685084948710461 0.4588076892638684 0.3739103932580603 0.4659001377319839 0.3799142514243136 0.46870941981280884 0.3922387120784724 0.47000473316868885 0.40100443085370846 0.4738573343924002 0.41805859320609945 0.47254153923500153 0.43307181580949117 0.46919180217485257 0.4479961753211003 0.4623353631679124 0.453628816688191 0.453299505073698 0.45480263825770706 0.44494733061848146 0.4519074830110507 0.43864395855540855 0.44893636735443765 0.4349505707431892 0.4314221251111016 0.4209145237787575
2 0.5514433354717628 0.37816239463612006 0.5478559264789814 0.3767846639184313 0.5361764262748496 0.3771087120535408 0.518881480010763 0.3801377737658556 0.5054433937650119 0.38676631822646307 0.5024249848123009 0.3896179332506174 0.5019133189999477 0.3932586246798144 0.5054992971176258 0.3987855323023878 0.5161110341511601 0.40398951605227673 0.5235395387302442 0.4111483971303825 0.5361936463878811 0.4142371458781374 0.541446485705189 0.4182512090381909 0.5449894631520791 0.4178755887824842 0.5532621422972015 0.41488886001349884 0.560484253578862 0.4110993186125027 0.5622414087453779 0.40894399919188923 0.5627846034217963 0.40093997253844327 0.5616021717957643 0.3907279300813614 0.5576865466746084 0.38340758706691347 0.5514433354717628 0.37816239463612006