1 0.4354120355441746 0.43121889394312857 0.43408420524916924 0.43469526002932124 0.43618203302770137 0.43867867779777747 0.4441511125322973 0.4441311630651296 0.4492790607757754 0.4463266142087088 0.45965790513194876 0.44875380009847 0.46471700390717274 0.4485025782234523 0.47191608592824164 0.44649527963615576 0.4876870438663407 0.4387927792644845 0.48925163509977276 0.4355878326886063 0.4888441545575316 0.4319637093167247 0.46948033747480233 0.42055168709975665 0.46126536223177306 0.41902663462719864 0.4512040712159301 0.4206466463310898 0.4426652159662061 0.4248012059398379 0.4354120355441746 0.43121889394312857
0 0.5086161625815815 0.42621713049091625 0.5095421286016308 0.43017255577254154 0.5118739091849471 0.4288994356814624 0.5154913645959558 0.4298894439849256 0.516066756608369 0.4313383138485249 0.5196961549530272 0.4336574272167294 0.5338814439240378 0.432029620661304 0.5374181069331427 0.42924385088142936 0.5386890306935432 0.4246499168413809 0.5381136386811302 0.4232010469777817 0.5364113485111895 0.4215126475164661 0.5296380166323755 0.41874636486542716 0.52659595323378 0.4192052264255631 0.5229335342218159 0.41842675523298506 0.5086161625815815 0.42621713049091625
0 0.5431994314572954 0.43113599260209606 0.546930699937514 0.4343611368132708 0.5509767136244202 0.4361055212482484 0.554402371697958 0.43661257293051203 0.561793251056498 0.4350882309644152 0.5642929431099863 0.43163985736505345 0.5653271059319604 0.42677450381469073 0.5644699893801655 0.4252657515516624 0.5563779620063529 0.4217769826817074 0.5541241656912981 0.4212979234862747 0.5462148008549497 0.42249096354262816 0.5417430370257883 0.4255201603459861 0.5431994314572954 0.43113599260209606
0 0.14140268829043506 0.18809113742006917 0.1432756980641904 0.19313224074295215 0.14701890947805835 0.19768649001886823 0.15186513318215464 0.19982205876301812 0.1653879110724839 0.2026964139356139 0.1687566626114166 0.20208589766402177 0.17000650863816075 0.20036171086434096 0.17151138520334533 0.19051123896475727 0.16487013599375508 0.18158238761121245 0.1541196398962891 0.17951839354379281 0.14769688202511128 0.1792586663107798 0.1438665515429749 0.18065544862648425 0.14104017134914942 0.1842554769373022 0.14140268829043506 0.18809113742006917
0 0.1668077997666388 0.13644880038367665 0.16773376578668814 0.14040422566530192 0.17233409375235115 0.1464672272042462 0.17587356489509842 0.14920941479422142 0.18184668675672228 0.15158451313608773 0.18885397144032026 0.14909425792759143 0.19136560642745817 0.1469749893929709 0.19281638459168032 0.1415349069093812 0.19160869403224895 0.13751959922832685 0.18919612104702913 0.135016941236068 0.17907511536293863 0.12999142761625376 0.17359940124546663 0.13081737842449823 0.16893584007883442 0.13336361860665663 0.1668077997666388 0.13644880038367665
0 0.13775995967664403 0.13734951278795782 0.14019641852916306 0.14251038090969895 0.142800788851854 0.14549599552315748 0.15061109168628456 0.14892488199368342 0.15632356674218306 0.14837035069575327 0.15794506451022 0.14628297207373092 0.1595848318782706 0.13579788884149102 0.15564982312693174 0.13076068294437532 0.15084856302379074 0.1284135770893399 0.1458793914504775 0.12824172474258694 0.14181230002991468 0.12936708754797688 0.1379608918141221 0.13363361710404886 0.13775995967664403 0.13734951278795782
5 0.15929306136374816 0.6926727133327194 0.15081111264862904 0.6979448408953232 0.14044701935974763 0.702374717440153 0.13916415266569757 0.7056395464154603 0.13841452251674768 0.7160927397351017 0.13638835234011232 0.7200839523550924 0.1362562696708886 0.726246521057598 0.13810820171098742 0.7341573716208487 0.14537894133395332 0.7401247034219984 0.151633787734959 0.7425596841632942 0.15603951022950846 0.742611771711189 0.16550152336563936 0.7368846800142163 0.17148378002727022 0.7350609260509738 0.1803914788846444 0.7250152172500345 0.1816743455786945 0.7217503882747273 0.1748293560979836 0.7110094752352417 0.1724139749791212 0.7029788598731329 0.17149714375907876 0.6948245822863992 0.16960305625166705 0.6926532262038838 0.16594063723970293 0.6918747550113059 0.15929306136374816 0.6926727133327194
5 0.36097200276020897 0.7315611961297162 0.35994064807187726 0.7419545070499286 0.3618825073138868 0.7494422833914085 0.3659524068680921 0.7538448779558682 0.3749015507936996 0.7588423990888515 0.3874892278639724 0.7619601812849306 0.39723577367312757 0.761820929357237 0.40719519455341036 0.7592948868103753 0.41763727211055307 0.7531128309790338 0.41969646295449425 0.7475809761834171 0.41821899078933067 0.7448348911676747 0.3841907465914529 0.7234519217458036 0.3765511633608369 0.723375739136845 0.36869870505909336 0.7256863471470542 0.364035143892461 0.7282325873292126 0.36097200276020897 0.7315611961297162
5 0.5150514064721099 0.8503175135164213 0.5111009362543993 0.8592059695993726 0.5111276302553408 0.8673921370987048 0.5159766620930796 0.8750556632127047 0.5203163432530172 0.8781890351118523 0.5294664193161028 0.8794706605609267 0.531381584557171 0.8787722694030746 0.5338812766106593 0.8753238958037131 0.5378949800293392 0.8578261979996589 0.5380390056322123 0.8529927343618942 0.5345775187577263 0.8484983674854073 0.5282088592875108 0.8438282508364002 0.5249630556177947 0.8424750507105954 0.5209978343327922 0.8445064443589558 0.5150514064721099 0.8503175135164213
5 0.6584478096819915 0.8337042486266564 0.6596583083750651 0.8432475136775605 0.6593337179692909 0.8697098501735244 0.6670210729345047 0.8751024530414476 0.6705816218109086 0.8749748933910553 0.6747836040343376 0.8732149192530091 0.6840748975666539 0.8641351236944692 0.685076039721322 0.8608104123197329 0.6827266999370714 0.8496985126063713 0.6788577325203443 0.8415800223580024 0.671958644638671 0.835249498734511 0.6650384790233413 0.8317887223513869 0.6602941254548053 0.8305591844502072 0.6584478096819915 0.8337042486266564
5 0.5509541147045776 0.7465172824033773 0.5428051807961601 0.7419109455795665 0.5423674877202556 0.745355421753161 0.5474532804964211 0.7532903673774753 0.5592344208831391 0.7657437749393404 0.5646110729986933 0.7695397506579751 0.5792937697138557 0.7711129932526608 0.5838793466122268 0.7703189323570142 0.5890613932566675 0.7681039940845993 0.5909526726304367 0.764747392797265 0.5932577592128114 0.7552881052068537 0.5935247326849014 0.7484909251716919 0.5892721705932321 0.7394065216809238 0.5858914761206497 0.7386879328877748 0.5714125196766078 0.73892675197903 0.5640005625844113 0.7433208411854946 0.5509541147045776 0.7465172824033773
5 0.4667726092930405 0.6355432005296071 0.456330531735898 0.6417252563609488 0.4529645883306076 0.6478637300023906 0.4518313635067156 0.6573510100796327 0.4528711425959748 0.6635415712689694 0.45575723745804764 0.6665870682818571 0.4680990187898869 0.6736322832727306 0.47748585579139896 0.6751853282321195 0.49002576112707386 0.6729866901692343 0.49580427751758416 0.669350874520051 0.5007017914890006 0.6615480964783574 0.5029858003377188 0.6549585561283138 0.5019699071157586 0.6514262050684593 0.49589210698493214 0.6426171185137728 0.49032365753190676 0.6383381861739382 0.48707785386219066 0.6369849860481333 0.4748737714668601 0.6348331170944536 0.4667726092930405 0.6355432005296071
3 0.46207741479458564 0.6867234890865578 0.4527025207267231 0.6864995491919099 0.44664227979683097 0.690075482441664 0.4409354210082174 0.7016859284792938 0.43992514405354227 0.7092094921591388 0.4466415693977514 0.710858206856322 0.45057377001544785 0.710367455383588 0.45794357164033156 0.7117128606578587 0.4673634293091496 0.7117252634416211 0.48167447428301935 0.7136616978586484 0.49784658609699495 0.7193101305338173 0.506358036946698 0.7277521278403952 0.5098406015548405 0.7293767474765145 0.5133533786966465 0.7239327675671579 0.5142498425821119 0.7141740679796011 0.5097036130174114 0.7037006770246628 0.5049683942488823 0.6982722868183746 0.48304797857805976 0.6891910702469123 0.4765893919059335 0.684944027819676 0.4697949822934631 0.6850474924090046 0.46207741479458564 0.6867234890865578