2 0.077415259131601 0.7490673909177955 0.06681797755668943 0.7502116219850052 0.06297070049402607 0.7525020167003454 0.06415189332709266 0.7560891898266291 0.07005578505952008 0.7607828037944613 0.07563086320345117 0.7683273430714647 0.08258400784696558 0.7751000499565317 0.08673286187415385 0.7762566957190173 0.09394361989687776 0.7760600142670258 0.09840243895227953 0.7741502946904761 0.10378276502863308 0.7695548849136817 0.1078269157578133 0.7629054846801211 0.10890340529287171 0.7586866118103588 0.10977256066481941 0.7520978986120908 0.10554831239649995 0.7500794927301485 0.10344141851063733 0.7524347127125403 0.09808413502641097 0.753988859610768 0.09194567250690117 0.7532233711014278 0.08800834667466824 0.7511798627590167 0.077415259131601 0.7490673909177955
2 0.3229202076572367 0.8057405545588452 0.3200802923532503 0.8129358650401229 0.3213138368353209 0.82042606116443 0.32813504155685574 0.8256906878404479 0.3360704329340146 0.8271673217064317 0.3527496313475876 0.82614225905897 0.3618180579406534 0.8240463401447837 0.36650725375129306 0.8214651980181727 0.37388138235181245 0.8132219280798019 0.3764050661628357 0.7991074341824032 0.3752846130424619 0.7929098782372808 0.36876917931729614 0.7878355891306581 0.35942221835183263 0.7834432046884517 0.3503914888793324 0.7859700036623662 0.33575005657524076 0.7937636349631363 0.32944822347793556 0.8010447349401755 0.3229202076572367 0.8057405545588452
2 0.5569902973899301 0.7713683750631283 0.5553588115429817 0.7758528928836924 0.551949245398667 0.779841705377477 0.5511177871472849 0.7868612986354733 0.5534278211644139 0.7901326218900179 0.5583578542268857 0.7936089030600716 0.5697321208052363 0.7980410103088607 0.5764297736684802 0.7952841509589682 0.5799335826142089 0.7923725386145041 0.5832489059571097 0.7873065259713989 0.5843253954921682 0.7830876531016365 0.582195508180212 0.7587429297269896 0.5782100247308193 0.7495396954781246 0.5714453656901328 0.7449213888916989 0.5644084387417985 0.7438003277040369 0.558420764704551 0.7447583594336098 0.5555096491912779 0.7478352068870004 0.5569902973899301 0.7713683750631283
2 0.4477064014957923 0.7548787892342932 0.44445181786558435 0.7573344190585601 0.43906729775738657 0.7651865317437853 0.43915734652695615 0.7695204348015368 0.44194278858299957 0.7749210558942539 0.44115322148402736 0.7791148263035474 0.44519944464611283 0.7857076777335742 0.45123947033236445 0.7886526690020242 0.4571098589760706 0.7896587000016974 0.47134288941869046 0.7871109367990728 0.4878566448215625 0.7808902109744029 0.5007011482680049 0.772385434316989 0.5028080421538677 0.7700302143345974 0.5041756481568569 0.7625295360959352 0.503863610695738 0.7523536497713836 0.4967324409459897 0.7501553884344009 0.4830020551662556 0.7485344836882005 0.4690559471597222 0.7510571444303564 0.4592628872122212 0.7514797480265673 0.45386790660742937 0.7526030148650666 0.4477064014957923 0.7548787892342932
2 0.518419237428138 0.7072282062688261 0.513508052925949 0.7039673651286366 0.5096838184554129 0.7032164969654102 0.4925627150916469 0.7057998447428586 0.48532891447679577 0.7090377890734167 0.48020827421255713 0.7199060621767399 0.4805433542658032 0.7270406856227251 0.4866692346897799 0.7375762828573574 0.49530621682924664 0.7437674949198833 0.5094931620876122 0.747302257474392 0.520052746541958 0.7457271463474543 0.5268069450860505 0.7436166070871543 0.5328930559565562 0.7404790725984711 0.5349057070410048 0.7370466524667588 0.5353664605514807 0.7357038073666364 0.5340114366440247 0.733434376880006 0.5258519595593942 0.7277441112014374 0.5237325081610154 0.7249988367913188 0.5226162490724859 0.7155445779377657 0.5211481338033331 0.7119825072719508 0.518419237428138 0.7072282062688261
2 0.5835341984545935 0.5063683157268959 0.5764407258254108 0.5046009344496415 0.5605845975995314 0.5051198096559688 0.5552838597961534 0.507320276643789 0.5502093047161691 0.5121060239899787 0.5470070727349652 0.5184646768122688 0.5463117484374069 0.5237356473708832 0.548137986351933 0.5313910786041167 0.5564419608710593 0.5436899188842447 0.5676193537828931 0.5524810316512541 0.5731567348062586 0.5595946908685291 0.5770375149576434 0.5609918791213478 0.5908286404500701 0.5600024010487097 0.5981001381854868 0.5571953367778797 0.6036124041838198 0.5541080072101343 0.605451224193879 0.5519933297180755 0.6062973369736995 0.5484458793983741 0.6056753344843672 0.5413363584128578 0.6007117983331742 0.5341724942746452 0.5981085754152092 0.520940724725413 0.595398527600297 0.5164018637521524 0.5874903728471095 0.5086272640991711 0.5835341984545935 0.5063683157268959
2 0.4753125308953453 0.24425806420516177 0.47348836541372447 0.24984488463551532 0.47351767447060145 0.2567891705121052 0.4680996512736823 0.26095370022917136 0.4669666160577754 0.26452625300934135 0.4715070958190581 0.27346384230740467 0.4968609734926634 0.2790608717821971 0.5064466992770534 0.27626842785748085 0.5130920004912934 0.26960854550956526 0.5177623477416503 0.26681196335309026 0.5197561502658161 0.2631641031915138 0.5197456897692221 0.2564352573447882 0.5182147623544712 0.24224131783422415 0.514319327674648 0.23737198664311068 0.510057382285763 0.23492270070144006 0.49978891429934774 0.2332160064594783 0.4917362375286477 0.23370343532274038 0.48174630391463 0.23848504443717147 0.4753125308953453 0.24425806420516177
3 0.4460942558694635 0.46216668472866934 0.43608547369516293 0.46673285381323615 0.42932708111922635 0.4721000959819671 0.4259468240317884 0.4830331943523413 0.427180368513859 0.4905233904766485 0.4318423277005271 0.49424021413703495 0.43539848829525984 0.49523162479059424 0.44519154824276075 0.49480902119438347 0.45648415411523047 0.48839381956855954 0.4691590205191278 0.47795008264236855 0.4701936189017763 0.47655703262130855 0.4695066826679069 0.47531459736306136 0.4638897133715657 0.47059588093476046 0.4605869721241981 0.4658917848525734 0.4527500175802975 0.4622356482274794 0.44980539897830296 0.4616249127127109 0.4460942558694635 0.46216668472866934
4 0.2917755787789344 0.7670013450598002 0.2869690975747536 0.7715465499156572 0.2832830694909466 0.7822893107166362 0.28593237759316603 0.789438554508735 0.2927954734671109 0.7918773583360507 0.300617773482573 0.7920613520228497 0.3091689008843146 0.7906619581191934 0.32873617221903356 0.7896013108969078 0.3315300023387657 0.7884885261727632 0.3355699590361015 0.7850958288476334 0.3385041171415019 0.7789777185156764 0.3390067618043878 0.7748090505668515 0.338747075992273 0.7685361872403229 0.33716586936142323 0.763681476395323 0.32895194361186675 0.7557165391729465 0.32275274137966425 0.7575614334824448 0.3081008485789784 0.7586262189364892 0.3016335724709724 0.7607116557363203 0.2917755787789344 0.7670013450598002
4 0.4335612490577695 0.8080006163022924 0.4209701649586921 0.8127927075310784 0.4143248637444522 0.819452589878994 0.41495106026562895 0.8233054079560796 0.4204318956081461 0.8297727470837624 0.42475038667787945 0.8328683531150253 0.4337161824058426 0.8362086398683799 0.4458046218420342 0.8355852165884189 0.45229074651032297 0.8337152198184518 0.45772761826752495 0.8297661301312498 0.45941564979532173 0.825927932400278 0.456680486955377 0.8111880826419968 0.4538384992184851 0.8051411414596872 0.44848960379794756 0.8001818825410535 0.44070919493489547 0.7971720660055521 0.4373603685032733 0.7985504956804981 0.43609119933354246 0.8038716711600502 0.4335612490577695 0.8080006163022924
4 0.4420202552570361 0.7890250676772975 0.4449418312669035 0.7926770660706327 0.4491660795352229 0.7946954719525751 0.4511514939957001 0.7975610176078601 0.4724926515959411 0.8002527786207848 0.47939763862229584 0.7998657595993979 0.4824783911781143 0.7987278724147846 0.4862502739996466 0.7955757175799876 0.48841790759820203 0.7906101147787576 0.48762207403448016 0.7848183364328948 0.48481358938630964 0.7824589782187445 0.4777913169664137 0.7848100599693775 0.45879369647202306 0.7890772051791564 0.45330447306581706 0.7891232718683352 0.44448946582011634 0.7875065053538937 0.4420202552570361 0.7890250676772975
4 0.5243565830832531 0.7453506094404223 0.5161489237984462 0.7473712209732021 0.5097381933712886 0.7501029778626258 0.5063851729078223 0.7547381104460028 0.505059458057243 0.7594129658359623 0.504816499206472 0.7698544971113158 0.5099161693114888 0.7752697385501466 0.5177970874407047 0.7893423039901253 0.524769080644502 0.7963304509050564 0.5277325478067793 0.7971566264496891 0.5334898450887887 0.7968700172701773 0.5431132679937444 0.7945084534051894 0.5505439422751122 0.7869115035564109 0.5533503544903773 0.776028610106974 0.5557818679328921 0.774079167723842 0.5571075827834713 0.7694043123338823 0.5560939545600446 0.7545138478127884 0.5544185051277808 0.748581936818468 0.5500811654977646 0.7452708907573409 0.5441542311732099 0.7436185396680755 0.537173849905724 0.7431437985700058 0.5329872987579702 0.7415562727477919 0.5243565830832531 0.7453506094404223
4 0.6050761287569937 0.679891605726801 0.5950715406145377 0.681201071902937 0.5835339034583916 0.6848155531405273 0.5810793474237499 0.6898062584022261 0.580794497420569 0.7030736125262822 0.5788383920169686 0.7071523527475869 0.5789095922262555 0.7112708157754742 0.5824050131082955 0.7148726092478718 0.5900115908969581 0.719200168423027 0.5964558244128371 0.7201559945017624 0.6093861825970048 0.7192418238105308 0.6222181039479142 0.7205071558784091 0.6291042424139862 0.7199046968271581 0.6398565065030043 0.7172272830904307 0.6429414530906673 0.7128326929973866 0.6443237136220948 0.7088041576970194 0.6437205596930453 0.7019100767413674 0.638216681758401 0.6984840004922515 0.6292320374701551 0.6949282737090325 0.6215542594722057 0.6864822515059901 0.616069230097844 0.6832716152867382 0.6050761287569937 0.679891605726801
4 0.5387635920983634 0.6522614848913284 0.5327947666213988 0.6534349566507657 0.5265725217970691 0.6583211138388305 0.5235441208902547 0.6633620240214669 0.5235692359152873 0.6735630128064874 0.5257996816594408 0.6792292788500063 0.5292197083003496 0.6819693122029474 0.53965781332931 0.6856149667136864 0.5463659266891481 0.6895869532105197 0.5519116957762022 0.6901872066109331 0.5636943642160248 0.6893734457615767 0.5689385563385543 0.6865266586841641 0.5725973477983899 0.6820818636701824 0.57357540050019 0.6800424935595302 0.5721114792628814 0.6732237199852843 0.5682725902639066 0.6690007088837632 0.5614597736060605 0.6572226763908835 0.5571224339760443 0.6539116303297563 0.5470843427448672 0.6515335135377334 0.5387635920983634 0.6522614848913284
4 0.49613589764392535 0.5450584125846686 0.48810206943350815 0.5457612814777949 0.484983619757124 0.5464682886026798 0.48174788468719887 0.5491393584568109 0.4800221560388366 0.5525466761280545 0.4803048844430785 0.5557782765760164 0.4905377277418334 0.5702963424218371 0.4976688974915818 0.5724946037588197 0.510331181799946 0.5718209755579211 0.513680008231568 0.5704425458829747 0.5151942086849751 0.5679220907916566 0.5153303426387992 0.5661734680922748 0.5099667926898231 0.5577420662353461 0.5067394456835866 0.5538997302726154 0.5027644227307879 0.5514253418704762 0.5012397617807867 0.5472169511150687 0.4996732096783753 0.5458343832083637 0.49613589764392535 0.5450584125846686
4 0.10883935653694041 0.22921198529673398 0.10740055032466445 0.23259420050750873 0.10596381654529381 0.2492186673818706 0.10701306945638075 0.25129776029910544 0.11503850960310932 0.2571082972228409 0.1254577660717868 0.2605385117037156 0.1331397381015808 0.2657278309983272 0.1438459170063446 0.2691329430187333 0.15038858735548183 0.26790926633835854 0.15492699468385918 0.26360460397283475 0.15751768467232496 0.2568652760117539 0.15596371466544684 0.24571259937975673 0.15209132257775076 0.2378020053100764 0.13992122243567826 0.22757811971542466 0.13569697416735896 0.22555971383348225 0.12255928182008044 0.22410404419620855 0.11211278872743127 0.2269717955023312 0.10883935653694041 0.22921198529673398
4 0.36415453446572366 0.034506083823007835 0.36567500138388076 0.04197117748684605 0.3693442533403103 0.044255228319590056 0.3814096501843747 0.04667306791819561 0.3853888671690177 0.04589075341190405 0.3990899438918748 0.040567372281514746 0.40343567158557975 0.0373650125257801 0.41359316980923727 0.02128011201653912 0.4135450121920775 0.014120386110085282 0.40995954254046785 0.006184689579936098 0.376389617518367 0.009121677454785182 0.375717335812936 0.011351385134832892 0.36892124611643357 0.016287747243835506 0.36525826062475375 0.02398924516624783 0.36415453446572366 0.034506083823007835
5 0.03946403089416859 0.7382769039166328 0.03967555908912367 0.7373900413367075 0.03814670410727811 0.7364383534897307 0.03389941324683144 0.7374612104863552 0.03251715271540386 0.7414897457867223 0.03501986636720522 0.7436587664314773 0.03697177773896132 0.7428367291186033 0.03946403089416859 0.7382769039166328
5 0.026512702550779043 0.7554745891500183 0.025092744898785692 0.7590722443906572 0.024472814842358744 0.7652049750687281 0.02574825047683931 0.7698693483443326 0.03128982553204927 0.7737263046531769 0.035057514321737294 0.7738308527268108 0.04100749123841903 0.7724419409375096 0.047267433183314306 0.7679866638091729 0.051828883103818765 0.7606407385650824 0.054974569404174264 0.7536357656531999 0.05333262306063184 0.7513914376270385 0.050388004458637406 0.75078070211227 0.04637109035342871 0.751132136558833 0.04416995366615211 0.7524101563919041 0.02917459274853158 0.752853724216825 0.026512702550779043 0.7554745891500183
5 0.04166936161328959 0.733742181175131 0.04183480462399036 0.7389378443523389 0.04406525036814403 0.7446041103958577 0.049014131990898366 0.7482958315957756 0.052551444025348414 0.7490718022194706 0.05918835717589967 0.7489253256884166 0.06798870989316191 0.7470699492645634 0.07507172202575071 0.742108484695092 0.0772770527448717 0.73757376195359 0.0772435496561504 0.7338861789854312 0.0732119810225035 0.7307654704936994 0.06545042071973386 0.727971093988062 0.054589259300863405 0.7260991646371736 0.05110849294726168 0.725969514103071 0.04749159263983612 0.7275884862683502 0.04166936161328959 0.733742181175131
5 0.07999548862347272 0.735599217109989 0.07708437311019932 0.7386760645633796 0.0761209749368377 0.744187577612327 0.07747599884429376 0.7464570080989571 0.08315370785332762 0.7485653417084197 0.08479565419687006 0.7508096697345812 0.09544528742078562 0.7535684616653946 0.10346026707092013 0.7526501527424042 0.10644677682532463 0.7504350654084704 0.10922595241661828 0.745850137746031 0.11087628682384934 0.7415810599553309 0.10786046801256813 0.7368518614126749 0.10421006461642128 0.7347832506097951 0.09749356319289446 0.7373246699298235 0.09372587440320669 0.7372201218561895 0.08867855594719379 0.7357079034153818 0.07999548862347272 0.735599217109989
5 0.17681180311079012 0.794643586429126 0.17454992671082076 0.7985319890810354 0.17402423945580783 0.8057419199084268 0.175779277161047 0.809278888113773 0.18069046166323594 0.8125397292539626 0.18782582544482862 0.8114812876825145 0.19500308037883124 0.8075970232623637 0.19821996688847354 0.8047105133783689 0.20180755813902226 0.7961472553364999 0.20233324539403524 0.7889373245091083 0.200136302738603 0.7869586414337485 0.19483975896706934 0.7859024055131378 0.1850466990195686 0.7863250091093487 0.18223402033955355 0.7872223538036291 0.18054598881175685 0.7910605515346009 0.17681180311079012 0.794643586429126
5 0.24930479177340747 0.7607309604540256 0.2490136753054768 0.7640127658229251 0.2463287425155971 0.7696748936346852 0.24563341821803894 0.7749458641932996 0.24716227319988454 0.7758975520402762 0.25744539571473835 0.781076389220533 0.26604887476548383 0.7835800183148998 0.2780011802478514 0.7847052177343204 0.2800096373004558 0.7845295005110389 0.2821919254274496 0.7830360406481037 0.2840202849409147 0.7741925173093194 0.2840998732138903 0.7717975745203451 0.28148406820039207 0.7683359136964052 0.276591732258486 0.7652905125860798 0.2595020595505359 0.7583191916681 0.2538808962223504 0.75685717814823 0.25162321385422526 0.7574888778917086 0.24930479177340747 0.7607309604540256
5 0.6928096079529753 0.5888537198438031 0.6923404663788106 0.5967099707607869 0.6956620561864613 0.6016295068728381 0.7008224660041708 0.6044343654928307 0.7046090033541414 0.6047543535963287 0.717074413995989 0.6084397309136502 0.7254559043551854 0.6051013767412167 0.7280277457833683 0.5981466087502718 0.7281869223293194 0.5933567231723234 0.7264318846240803 0.589819754966977 0.7151497884142382 0.5732225962039215 0.7102721070007705 0.573649338031891 0.703936770814744 0.5772428550407711 0.6958945545406381 0.584459129750759 0.6928096079529753 0.5888537198438031
5 0.68239878871402 0.5491688933104615 0.6770519657263878 0.557451886055415 0.6766812609854815 0.5631286342132887 0.680557847105022 0.5677825253745382 0.690036747992465 0.5736829900257936 0.6980663821710379 0.576236824041098 0.7041106018891337 0.5759251124011175 0.7082448013878835 0.5736096152253085 0.7160566409067516 0.5670647630653818 0.7156985182613784 0.5629714024979633 0.708598779167446 0.5512184724655526 0.7033064294277567 0.5469055336365111 0.6985271848475474 0.5451527727053704 0.6930379614413416 0.5451988393945493 0.6873372098401804 0.5461317686636535 0.68239878871402 0.5491688933104615
5 0.06741984570937222 0.2680041515073866 0.06688996442251485 0.27847078524320884 0.0715288810170559 0.28522887178216205 0.07366927799163978 0.28656123476792944 0.07896582176317338 0.28761747068854004 0.08729076644152131 0.2836327964265142 0.09363029665939211 0.27678257650920335 0.09647021196337867 0.2695872660279255 0.09628592039239504 0.26417616282085343 0.09493089648493896 0.2619067323342231 0.09045742290109872 0.26034430897247784 0.08311891898823962 0.2557762073069898 0.07288814812238999 0.25450039312475636 0.07018856080407185 0.25669037799822153 0.06741984570937222 0.2680041515073866
5 0.07933450323720782 0.2389572646314738 0.07972612897130223 0.24673820816705122 0.08140157840356604 0.25267011916137183 0.08617662895193084 0.2576795830009432 0.08984588090836047 0.25996363383368726 0.09745665272886748 0.26103449010041163 0.10304431296833175 0.2588089206521226 0.10580463999934253 0.25400855295981906 0.10560569389992065 0.2451253068144521 0.10718063406602059 0.2399944689042955 0.10558477290673249 0.2316676151210007 0.09478015716871016 0.23044200585970492 0.08519443138431995 0.23323444978442107 0.08217022450934998 0.2350186570586267 0.07933450323720782 0.2389572646314738
5 0.430096071387246 0.2462601902299854 0.4304918911531847 0.25078443085713215 0.43255269985479294 0.2545117366318738 0.4362784974920709 0.2574421075542102 0.4408189772533536 0.2663796968522735 0.44680245725875667 0.26867836803113143 0.45431898627784967 0.2686720241485351 0.45766781270947166 0.2672935944735889 0.46006162903142067 0.2649132720307284 0.4619988858747381 0.26061909177955955 0.4704788130671929 0.25510123484801595 0.47372713023265123 0.2426600562685927 0.47369362714393004 0.23897247330043356 0.46995317497821354 0.2325699594398023 0.46360737829559306 0.22943463060195673 0.46039468581779497 0.2290644375775211 0.4504843404767529 0.23145110390297785 0.4376440310621549 0.2366991776519609 0.430096071387246 0.2462601902299854
5 0.481455089114632 0.30124926227728155 0.48533586926601685 0.30264645053010025 0.49023239923976714 0.30243514873199473 0.49555198560342795 0.3004501217740387 0.5021595896971023 0.2933593593663949 0.5053618216783062 0.28700070654410487 0.5067482762415783 0.27971546833530686 0.5042455625897768 0.2775464476905518 0.4966986637143374 0.27885798298256737 0.48181326092603893 0.2756014166090947 0.4759114416265168 0.2841500543048499 0.4768350210803739 0.2947066157681924 0.481455089114632 0.30124926227728155
5 0.529117765759718 0.27102863057201515 0.5233458139492703 0.26784309681323204 0.5198838961559515 0.26792888630899353 0.5154774287495537 0.27374162888356635 0.5152617065227543 0.27788519437192244 0.5164052022352552 0.281041487438478 0.520338334035644 0.2863416986893198 0.5280391546257206 0.29174645801379573 0.5325314767698435 0.2935243214054051 0.541501466529651 0.293607905250329 0.5459791341453355 0.29191362570364343 0.5503060132787577 0.2884958259180449 0.553122885990617 0.28434177831533364 0.554237072646241 0.2805537855052996 0.5544716434333233 0.27662566004680755 0.5527584968804942 0.27026286899275875 0.5481530833746744 0.2671923654219646 0.5477111784244812 0.26875065055195113 0.5402846981749578 0.27309089749229887 0.5371285513780082 0.2733670245574556 0.529117765759718 0.27102863057201515
5 0.5207509790949938 0.2480979214471383 0.519923714875456 0.2518608117967038 0.5207111603754891 0.264165995959428 0.5221038814035108 0.26686630650578663 0.5303596983054775 0.2720054208794607 0.5368604775022047 0.27360756704778855 0.5444942919148389 0.2716371604359462 0.5485007455234535 0.2645568801426574 0.5501552739625291 0.2570310994435266 0.5492651975973931 0.2501621209483432 0.5443582071270485 0.2436445768997228 0.5347431722857816 0.23949273494784928 0.5278758823799924 0.24031063402896452 0.5245270559483705 0.2416890637039107 0.5207509790949938 0.2480979214471383