0 0.19700460829493088 0.27941176470588236 0.19930875576036866 0.28114186851211076 0.20650921658986174 0.28308823529411764 0.21284562211981567 0.28265570934256057 0.21514976958525348 0.28179065743944637 0.2180299539170507 0.2787629757785467 0.21889400921658986 0.2766003460207613 0.2180299539170507 0.27270761245674746 0.2116935483870968 0.268598615916955 0.20938940092165897 0.2681660899653979 0.2033410138248848 0.26924740484429066 0.19930875576036866 0.27076124567474047 0.19700460829493088 0.27270761245674746 0.1961405529953917 0.2772491349480969 0.19700460829493088 0.27941176470588236
0 0.19988479262672812 0.2990916955017301 0.2033410138248848 0.2993079584775087 0.20737327188940094 0.296280276816609 0.2096774193548387 0.2971453287197232 0.2105414746543779 0.29671280276816614 0.21025345622119818 0.2897923875432526 0.2036290322580645 0.2858996539792388 0.1961405529953917 0.2854671280276817 0.19268433179723504 0.2884948096885813 0.1912442396313364 0.29173875432525953 0.19210829493087558 0.2960640138408305 0.19988479262672812 0.2990916955017301
0 0.173963133640553 0.3109861591695502 0.17511520737327188 0.31250000000000006 0.17857142857142858 0.31509515570934254 0.18605990783410137 0.3155276816608997 0.18894009216589863 0.3109861591695502 0.18721198156682028 0.30579584775086505 0.1826036866359447 0.30341695501730104 0.1762672811059908 0.30471453287197237 0.17367511520737328 0.3070934256055363 0.173963133640553 0.3109861591695502
0 0.25777649769585254 0.33261245674740486 0.26152073732718895 0.3321799307958478 0.26526497695852536 0.3282871972318339 0.2658410138248848 0.3222318339100346 0.2623847926267281 0.319204152249135 0.25489631336405527 0.31855536332179935 0.25 0.3211505190311419 0.24827188940092165 0.3235294117647059 0.24827188940092165 0.32871972318339104 0.25777649769585254 0.33261245674740486
0 0.277073732718894 0.33801903114186854 0.277073732718894 0.3432093425605537 0.27534562211981567 0.3486159169550173 0.27563364055299544 0.35218425605536335 0.2741935483870968 0.35467128027681666 0.27246543778801846 0.35510380622837373 0.27246543778801846 0.35661764705882354 0.27592165898617516 0.35575259515570934 0.27534562211981567 0.35358996539792387 0.27620967741935487 0.3527249134948097 0.2793778801843318 0.3522923875432526 0.28456221198156684 0.342560553633218 0.2903225806451613 0.33650519031141873 0.2911866359447005 0.33347750865051906 0.2911866359447005 0.33109861591695505 0.2900345622119816 0.3298010380622838 0.283410138248848 0.3274221453287197 0.2790898617511521 0.32785467128027684 0.27534562211981567 0.3313148788927336 0.27534562211981567 0.33499134948096887 0.277073732718894 0.33801903114186854
0 0.21111751152073732 0.36699826989619383 0.21342165898617513 0.3687283737024222 0.2168778801843318 0.3695934256055363 0.21947004608294934 0.36786332179930803 0.222926267281106 0.3628892733564014 0.222926267281106 0.3602941176470588 0.2206221198156682 0.358780276816609 0.21370967741935484 0.3585640138408305 0.20996543778801846 0.3594290657439447 0.20823732718894009 0.3618079584775087 0.20794930875576037 0.3628892733564014 0.21111751152073732 0.36699826989619383
0 0.07315668202764977 0.4599913494809689 0.07805299539170507 0.46128892733564014 0.08093317972350231 0.4599913494809689 0.08323732718894009 0.45285467128027684 0.07978110599078342 0.4491782006920416 0.07402073732718895 0.4476643598615917 0.06797235023041474 0.4472318339100346 0.06538018433179724 0.44874567474048443 0.06624423963133641 0.4548010380622838 0.07315668202764977 0.4599913494809689
0 0.6978686635944701 0.83780276816609 0.7065092165898618 0.8416955017301039 0.7102534562211982 0.8399653979238755 0.7134216589861752 0.8339100346020762 0.7131336405529953 0.8308823529411764 0.7067972350230415 0.8287197231833912 0.6995967741935484 0.8287197231833912 0.6952764976958525 0.8313148788927336 0.6949884792626728 0.8323961937716264 0.6947004608294931 0.8349913494809689 0.6978686635944701 0.83780276816609
1 0.8453341013824884 0.7510813148788927 0.849078341013825 0.7549740484429066 0.8559907834101382 0.7564878892733564 0.8591589861751153 0.7586505190311419 0.8770161290322582 0.7551903114186852 0.8804723502304148 0.7517301038062285 0.8801843317972351 0.7487024221453288 0.8853686635944701 0.7482698961937717 0.8934331797235023 0.7571366782006921 0.9003456221198156 0.7571366782006921 0.9144585253456222 0.7497837370242215 0.9164746543778802 0.7474048442906576 0.9170506912442397 0.7411332179930796 0.9158986175115208 0.7398356401384084 0.9118663594470047 0.7387543252595157 0.8741359447004609 0.7216695501730104 0.8732718894009217 0.7201557093425606 0.8698156682027649 0.7184256055363323 0.8626152073732719 0.7173442906574394 0.8551267281105991 0.7190743944636678 0.8467741935483872 0.7253460207612458 0.8424539170506913 0.726643598615917 0.8392857142857142 0.7303200692041523 0.8395737327188941 0.7370242214532873 0.8453341013824884 0.7510813148788927
1 0.6779953917050692 0.8042820069204153 0.6762672811059909 0.8105536332179932 0.6782834101382489 0.8133650519031143 0.6817396313364055 0.8148788927335641 0.6941244239631337 0.8166089965397925 0.7027649769585254 0.8237456747404845 0.7134216589861752 0.8248269896193772 0.7226382488479264 0.8222318339100347 0.7295506912442397 0.8187716262975779 0.7341589861751152 0.8142301038062284 0.7330069124423964 0.812067474048443 0.7289746543778802 0.8103373702422146 0.7263824884792627 0.807742214532872 0.7275345622119815 0.7964965397923877 0.7318548387096774 0.7895761245674742 0.7283986175115207 0.786332179930796 0.7243663594470047 0.7852508650519032 0.7200460829493088 0.784818339100346 0.7142857142857143 0.7865484429065744 0.7105414746543779 0.786332179930796 0.7082373271889402 0.7807093425605537 0.7030529953917051 0.7768166089965398 0.6975806451612904 0.7768166089965398 0.6941244239631337 0.7785467128027682 0.6915322580645162 0.7837370242214534 0.6863479262672811 0.7897923875432526 0.6863479262672811 0.791089965397924 0.6831797235023042 0.7932525951557095 0.6751152073732719 0.7913062283737025 0.6707949308755761 0.7926038062283738 0.6705069124423964 0.7939013840830451 0.6779953917050692 0.8042820069204153
1 0.751152073732719 0.8034169550173011 0.7586405529953917 0.8116349480968859 0.7620967741935484 0.8127162629757786 0.771889400921659 0.8109861591695502 0.7747695852534562 0.8116349480968859 0.7767857142857143 0.8133650519031143 0.7785138248847926 0.8181228373702423 0.7828341013824885 0.8228806228373703 0.7897465437788018 0.828287197231834 0.8032834101382489 0.8224480968858131 0.810483870967742 0.8256920415224915 0.8280529953917052 0.8230968858131489 0.8315092165898618 0.8209342560553633 0.8358294930875576 0.8142301038062284 0.8349654377880185 0.8079584775086506 0.8320852534562212 0.8047145328719724 0.8277649769585255 0.8038494809688581 0.8182603686635945 0.8066608996539794 0.814516129032258 0.8060121107266436 0.8136520737327189 0.8042820069204153 0.814516129032258 0.7897923875432526 0.8107718894009217 0.784818339100346 0.8070276497695852 0.7828719723183392 0.7934907834101382 0.7841695501730104 0.786578341013825 0.780060553633218 0.7828341013824885 0.7802768166089966 0.7793778801843319 0.7826557093425606 0.7767857142857143 0.786332179930796 0.7753456221198156 0.7934688581314879 0.7776497695852534 0.7964965397923877 0.7747695852534562 0.7993079584775087 0.7669930875576038 0.7951989619377163 0.7586405529953917 0.7932525951557095 0.7528801843317973 0.7932525951557095 0.7502880184331797 0.7949826989619377 0.7491359447004609 0.7973615916955018 0.751152073732719 0.8034169550173011
1 0.7214861751152074 0.8419117647058825 0.7266705069124424 0.849264705882353 0.7307027649769585 0.8505622837370244 0.7430875576036866 0.8505622837370244 0.7425115207373272 0.8538062283737025 0.7370391705069125 0.8568339100346021 0.7286866359447004 0.8585640138408305 0.724078341013825 0.8626730103806229 0.7249423963133641 0.8661332179930797 0.7266705069124424 0.8676470588235295 0.7355990783410139 0.8706747404844292 0.746831797235023 0.8724048442906576 0.7569124423963134 0.8704584775086506 0.7626728110599078 0.8663494809688583 0.7664170506912443 0.8592128027681663 0.7664170506912443 0.8570501730103807 0.7690092165898618 0.8561851211072666 0.7762096774193549 0.8583477508650519 0.7799539170506913 0.8605103806228375 0.7903225806451613 0.8633217993079585 0.7923387096774194 0.8620242214532873 0.7934907834101382 0.8581314878892734 0.7966589861751152 0.855968858131488 0.7980990783410139 0.8483996539792388 0.7952188940092166 0.842128027681661 0.7871543778801844 0.8289359861591696 0.7811059907834101 0.8211505190311419 0.7762096774193549 0.8183391003460209 0.7661290322580645 0.8166089965397925 0.7618087557603687 0.8166089965397925 0.7586405529953917 0.8179065743944637 0.7551843317972351 0.8205017301038063 0.7520161290322581 0.8293685121107266 0.7476958525345623 0.8336937716262977 0.7413594470046083 0.831098615916955 0.7379032258064516 0.8267733564013842 0.7307027649769585 0.8230968858131489 0.7272465437788018 0.823529411764706 0.7246543778801844 0.8256920415224915 0.7217741935483871 0.8317474048442908 0.720910138248848 0.8349913494809689 0.7214861751152074 0.8419117647058825
1 0.2116935483870968 0.5746107266435987 0.2180299539170507 0.5817474048442908 0.22436635944700462 0.5836937716262975 0.23070276497695855 0.5841262975778547 0.23761520737327188 0.5817474048442908 0.24078341013824883 0.5765570934256056 0.24308755760368667 0.57590830449827 0.24654377880184333 0.5772058823529412 0.24798387096774194 0.5791522491349481 0.25144009216589863 0.5906141868512111 0.25489631336405527 0.5914792387543253 0.2606566820276498 0.5841262975778547 0.2626728110599078 0.5832612456747406 0.26872119815668205 0.5867214532871973 0.2727534562211982 0.58780276816609 0.27620967741935487 0.5869377162629759 0.280241935483871 0.5834775086505191 0.28197004608294934 0.5791522491349481 0.28197004608294934 0.5741782006920416 0.280241935483871 0.5696366782006921 0.27563364055299544 0.564446366782007 0.280241935483871 0.5607698961937717 0.2828341013824885 0.5570934256055364 0.283410138248848 0.5508217993079585 0.2828341013824885 0.5499567474048443 0.27044930875576034 0.55060553633218 0.2646889400921659 0.5497404844290659 0.2626728110599078 0.5508217993079585 0.2595046082949309 0.5575259515570934 0.2566244239631336 0.5605536332179931 0.25432027649769584 0.5614186851211074 0.25172811059907835 0.5607698961937717 0.2459677419354839 0.5625000000000001 0.2379032258064516 0.5674740484429066 0.2338709677419355 0.5672577854671281 0.22494239631336405 0.5625000000000001 0.2206221198156682 0.5614186851211074 0.21630184331797236 0.5622837370242215 0.2116935483870968 0.5655276816608997 0.2108294930875576 0.5674740484429066 0.2116935483870968 0.5746107266435987
1 0.1984447004608295 0.32461072664359863 0.2033410138248848 0.32612456747404844 0.20996543778801846 0.32266435986159175 0.21370967741935484 0.32244809688581316 0.21831797235023043 0.32482698961937717 0.23214285714285715 0.33585640138408307 0.23732718894009217 0.33801903114186854 0.24164746543778803 0.33715397923875434 0.2505760368663595 0.3313148788927336 0.25288018433179726 0.3282871972318339 0.25144009216589863 0.32569204152249137 0.2534562211981567 0.3220155709342561 0.2557603686635945 0.3213667820069205 0.2563364055299539 0.32006920415224915 0.2563364055299539 0.3174740484429066 0.2537442396313364 0.31293252595155713 0.24654377880184333 0.3103373702422146 0.24193548387096775 0.3103373702422146 0.23559907834101385 0.3127162629757786 0.22811059907834103 0.3118512110726644 0.2059331797235023 0.3118512110726644 0.1995967741935484 0.3142301038062284 0.1938364055299539 0.31509515570934254 0.19210829493087558 0.3163927335640139 0.19153225806451613 0.31769031141868515 0.1984447004608295 0.32461072664359863
1 0.13767281105990783 0.29346885813148793 0.14055299539170507 0.2971453287197232 0.1483294930875576 0.2990916955017301 0.1509216589861751 0.30060553633217996 0.160426267281106 0.2984429065743945 0.16474654377880185 0.3008217993079585 0.16849078341013826 0.2980103806228374 0.17021889400921658 0.2893598615916955 0.16877880184331798 0.2858996539792388 0.1641705069124424 0.28200692041522496 0.15754608294930877 0.2783304498269896 0.14890552995391707 0.2761678200692042 0.1434331797235023 0.2768166089965398 0.14141705069124424 0.2783304498269896 0.14026497695852536 0.28092560553633217 0.1396889400921659 0.289143598615917 0.13767281105990783 0.29346885813148793