5 0.29164584617534145 0.04017747174145932 0.2889444042013162 0.03267329572692597 0.28496321534934843 0.02687123108922975 0.2772251993492853 0.021977447206722456 0.273247639213315 0.021281106673442983 0.2674664527379211 0.0232756883153864 0.2645402802409108 0.025707450289752208 0.2630209191568812 0.03356888661960618 0.26494035506423835 0.03933886124524264 0.27456041335434656 0.0488842288545722 0.28100379879336507 0.05170351107803408 0.2910508081952335 0.04403522484663345 0.29164584617534145 0.04017747174145932
5 0.30875735817141353 0.2054867745179565 0.32106434357155755 0.2021134217241524 0.33062486712925665 0.19655233718995163 0.3345015013803957 0.19256439395825428 0.33532852731548346 0.1889821510730144 0.3340789166228584 0.18159120513983235 0.3294017639059515 0.1749626098423333 0.32835037626699154 0.171834507334688 0.32598184813277714 0.1692901253050656 0.3224682639067663 0.1691448052116546 0.31700147887208374 0.1672168436982097 0.31757763563397934 0.17112303683452082 0.3046607285706251 0.17457752969761642 0.28919921143448835 0.18521285835026888 0.2824450532707559 0.19142184338661217 0.28128874221185457 0.19515001639135768 0.28369466396338094 0.19881278931979426 0.2853185796482392 0.20074136085933394 0.29333723218769897 0.20569993479205548 0.29820535052627617 0.20637992530625765 0.30875735817141353 0.2054867745179565
5 0.3398208653853766 0.2617096495079971 0.3468817987387129 0.2580129564892165 0.356913924457479 0.2465680572219333 0.359615735250617 0.23742594985468224 0.3589422813198876 0.23394119705781108 0.3559151829380461 0.2316886752672002 0.3539732370964791 0.22857692277863212 0.3511294780852004 0.22681063137767551 0.3417225265318596 0.22530472022976525 0.3366598138556146 0.22546761039444302 0.3281357942537732 0.23038018440040653 0.3250636760035121 0.23344410688393236 0.32326004966408844 0.23613502905915523 0.3197460966189649 0.25263599234752876 0.32055424133584026 0.2568176957037741 0.3254484983246247 0.25994518818532464 0.3335869579671281 0.26182409964153786 0.3398208653853766 0.2617096495079971
5 0.2773405806229761 0.2186531853116279 0.2796081828723592 0.21651328357627347 0.286291182517465 0.21317324084671863 0.2883754453962853 0.21054710872170998 0.2880425315564743 0.20558731473679898 0.28684519816426357 0.2030913727383136 0.2852100275123004 0.20249191226730812 0.27944772225511894 0.1967225476677664 0.27589674441179607 0.19545883667554126 0.2671145982047677 0.1976483984942221 0.2643830200454251 0.19923727978970804 0.25900590592846884 0.20332271310977407 0.2552639624634757 0.20800760690084563 0.2539018020998018 0.2139077716530054 0.2554581879820307 0.22381100960375014 0.25843663777945525 0.22627425156408099 0.2686742439838813 0.2293036439311682 0.27234502893024776 0.227487692446885 0.2773405806229761 0.2186531853116279
5 0.2741108333581166 0.411893220676894 0.28105958585951674 0.4048413549616708 0.2822158969184181 0.40111318195692525 0.28009061170628835 0.3975151990787029 0.2747922823590663 0.39229685491902966 0.27082597719020085 0.390271403317216 0.2654452343572472 0.3892511125328653 0.2621149895017993 0.38959202282910843 0.25712706406017843 0.39199169479141466 0.2533139620765585 0.39954553088927464 0.25046620553016974 0.4093197987656857 0.2509189264730243 0.4111999302740883 0.26058400463155207 0.41542885360928106 0.2637196551493324 0.4159308239919177 0.26930624728705854 0.41477912302885434 0.2741108333581166 0.411893220676894
5 0.30986348589431695 0.44012301313233043 0.31730235295588377 0.43606966982432416 0.32336817350578445 0.42259931895522723 0.3269790549006292 0.42232319870919827 0.3313570586790397 0.42000466681618354 0.32754795423053 0.4160179436366757 0.3300925643033124 0.4088371078471188 0.32691952016822007 0.40721674656566786 0.3183581069490665 0.4110109296728173 0.30905970753166445 0.407754467116933 0.30652272370998956 0.4085004677335388 0.30520558321473523 0.4090841882115618 0.29675997956351524 0.42133926811957056 0.2948626847712551 0.42955735473865014 0.29567082948813045 0.4337390580948955 0.2978447632846771 0.43712632080339786 0.3018971106552715 0.44005944313430573 0.3052647491280315 0.4408369237368766 0.30986348589431695 0.44012301313233043
5 0.17980822341239006 0.44649744912321154 0.19283368261168304 0.4412924048521417 0.19392646140306521 0.4339983389812335 0.19000517610261936 0.42665644310528306 0.1845982946194585 0.4231886503535841 0.18123065614669848 0.4224111697510131 0.17757112616743692 0.4228980101667621 0.1726804978946499 0.42487624178962824 0.16924170090326324 0.4269677034938457 0.1655970546071039 0.43123115694547715 0.16400290628845024 0.4368558114777027 0.1643844687126781 0.44160488529289366 0.16572774785813968 0.44346866678221913 0.16969405302700508 0.4454941183840327 0.17530678381493847 0.44678991938831764 0.17980822341239006 0.44649744912321154
5 0.15718121832208848 0.4510394629252511 0.15992405144853591 0.448121470561231 0.16070242879920674 0.4447499478457111 0.1589064287108906 0.44100603484798306 0.14977648498094906 0.4344591896458703 0.14227408565186309 0.434946640087714 0.13870059787433048 0.43634115123255723 0.13581544771062956 0.4449970282101541 0.13645150802404699 0.44736339010821097 0.1385880482032816 0.44963226191789907 0.14559270672109342 0.4525811242417895 0.1490089937782704 0.45314788467464046 0.15718121832208848 0.4510394629252511
5 0.15804637551271367 0.4152830441752564 0.15605578108672988 0.4123820118564083 0.15185748796288473 0.41008105003466033 0.13708104854369513 0.4062257370338654 0.13132237200251093 0.4055620965387404 0.1279696172128532 0.408561228972052 0.12525292273661287 0.41392672330342045 0.12383085882141709 0.42136671929383435 0.12581019828029608 0.42559686268121666 0.13032652156084995 0.429081005451993 0.1364518768431597 0.4307171067264265 0.1501359062900799 0.42522020221634527 0.15804637551271367 0.4152830441752564
5 0.15418862247978704 0.4115070411654685 0.15872745569455063 0.41233296179917656 0.16115225866428948 0.408231788486128 0.1627801718842578 0.3986198007483 0.16187472999854857 0.3948595377314946 0.15973818981931392 0.39259066592180647 0.14255945736459535 0.3901783040969916 0.13476516652900783 0.3919300755571552 0.13234036355926904 0.3960312488702038 0.12975835986917456 0.40209369376094656 0.12996783788994454 0.40502742611794906 0.13112777766484324 0.40640497721762037 0.13848423124067843 0.40654968728493657 0.1497096928165452 0.40914128929350646 0.15418862247978704 0.4115070411654685
5 0.1341065962813806 0.39222193579616665 0.13160337736102035 0.3889806032071701 0.11853689582841791 0.387961532475009 0.11308499447683759 0.3898101839974467 0.1085610449451762 0.39276087639962126 0.10702680017804433 0.39684569969359257 0.11049536453563566 0.40230746406114026 0.115303579322691 0.40452728581359676 0.12756554485441549 0.4064703772939294 0.1317228156449512 0.40254722411244626 0.1341065962813806 0.39222193579616665
4 0.4970933868842976 0.6329438068915734 0.5015799427986469 0.6288747235905845 0.5038925649164495 0.6214183775810935 0.5035970446939506 0.6175769744949967 0.5009591349874445 0.6136386913466259 0.4974194121112265 0.6110458692858665 0.4874137938617803 0.6082919871387136 0.47691043480105993 0.6089744177572949 0.47134998131354083 0.6125736206877066 0.468839136142073 0.615767123271661 0.4666238111931043 0.6228020289417122 0.4675779016632304 0.6263515717887975 0.47693983334815176 0.6331739272108445 0.4849809958218212 0.6354742790064976 0.49009235708248317 0.6351006686720998 0.4970933868842976 0.6329438068915734
4 0.30519438772276025 0.23884474135783437 0.3120607267384289 0.23599092901793384 0.32035638710128794 0.23590856889645284 0.34591356222370995 0.2173942338426796 0.34775095346444823 0.21071597846185425 0.34541619023154857 0.20418426322662925 0.3425350376029578 0.20129958092685837 0.3388007203890721 0.19954963954497895 0.3307969515327146 0.19836767864813995 0.3161737152987706 0.2040916533470185 0.29759542886306595 0.20646106537554915 0.2878290560005942 0.21419414165716408 0.28478307640054024 0.21970556610803835 0.28281462308965344 0.23079259503390634 0.28502595050351215 0.23529824864122287 0.2904328319866729 0.238766041392922 0.29464238007762295 0.23973789214613567 0.3005956509564748 0.23955865196238063 0.30519438772276025 0.23884474135783437
2 0.6367403560914491 0.7335449368333805 0.6476329038275048 0.7311767448570393 0.6544357105756543 0.724757039650976 0.6618673202052263 0.7104922481341363 0.6623650610165005 0.7070559353684022 0.6610294081221465 0.6987573187061258 0.6597460325282067 0.6953537059785463 0.6568162313151991 0.6926797438484954 0.6441875870423489 0.6897641915888542 0.6368648983678283 0.6856321483159354 0.6316449849712278 0.6877563100583073 0.6267804953486479 0.6921820436485219 0.6256354392568514 0.6945811055847333 0.6257138552074728 0.7019236114867784 0.6277451031476534 0.7276950421906421 0.6299564305615121 0.7322006957979584 0.6328974867416247 0.7335455468594753 0.6367403560914491 0.7335449368333805