5 0.6606135167523475 0.8473334274691229 0.6741771046254663 0.847178025935032 0.6777304541593263 0.8454152112224473 0.6802464921338514 0.8414324356805348 0.6800221129247539 0.8347073237988253 0.6767743582911016 0.8306390404494779 0.6726297775267562 0.8271734357244416 0.6622593400227524 0.8214325098028746 0.6518596130028309 0.8217537222582421 0.649778337027518 0.822944005786748 0.6456996788573474 0.8292270452718304 0.6454054022867771 0.8348421767388761 0.6468821413183182 0.8396838841470725 0.6504514746548097 0.8431193414318766 0.6606135167523475 0.8473334274691229
5 0.6330689442209217 0.9106412468503988 0.6390411322355651 0.9122535945421543 0.6439760086908735 0.9116459814045816 0.6470672940932526 0.9076933533029011 0.6499068981542655 0.8920333079170086 0.6478096383763211 0.8880253194481256 0.6491412265062262 0.8846301488104078 0.6460905489494022 0.8823046719402674 0.6440611991492818 0.8770008839020663 0.6315642123514158 0.8733141078885506 0.6281014094546544 0.8733491898420442 0.6242151628883181 0.8759607972140586 0.6211012408266645 0.8803453585055117 0.6197922893560339 0.8833085959534565 0.6198422281475774 0.8878589681661865 0.6246619339228636 0.9004554647569145 0.6311348065308939 0.9090239646453817 0.6330689442209217 0.9106412468503988
5 0.5747691988414925 0.8893948665360364 0.5804943709877638 0.8847140355358549 0.583698839686516 0.8786017414853109 0.5835696725875115 0.8755631354367853 0.578811223933406 0.8673010444639008 0.5787046934936759 0.8638305052256028 0.573500164510721 0.8585768728610113 0.5699807699657731 0.859691787788937 0.5643121894676882 0.8632927858146864 0.5614406178014123 0.8685562872058015 0.5580843453443809 0.8720619083975929 0.5563226606882579 0.8836638096409928 0.5605737718923332 0.8905999536043272 0.5662583361930494 0.8921972275759664 0.5747691988414925 0.8893948665360364
5 0.2680538867053614 0.9744540076663452 0.27321979522641027 0.9749413012233206 0.28459557668448593 0.9725056439794375 0.2878613025044189 0.9707277555467367 0.2922615393774284 0.9638118899971113 0.2933734137712304 0.9591058460699594 0.2892241675338908 0.9502260027526477 0.2838565164630194 0.9425816641241902 0.2772025505807921 0.9374686297539047 0.2698261989854257 0.93513301367691 0.2599111727562596 0.9372121063316005 0.25428786557672406 0.9399492379778046 0.2510833968779718 0.9460615320283488 0.24880305644218134 0.9565534528570844 0.24917457393656367 0.9604709990052711 0.25320597140453593 0.9660962696791714 0.25816814999211307 0.9704709619441013 0.2680538867053614 0.9744540076663452
5 0.46200532515173054 0.8122370001714184 0.46804542314419767 0.8125535482938556 0.4718411230734354 0.8116696736809323 0.47546903544176233 0.8029808542118678 0.47640646941801057 0.7961000706157361 0.472905046059343 0.7913688137616137 0.46650474890213073 0.7869187528961034 0.4657437427270856 0.7849298323817779 0.45549115399244916 0.7824434791036226 0.4504996858889541 0.784130925215627 0.44829390828763066 0.7876968412878828 0.4487945928810177 0.7946529934845948 0.4502873157151902 0.8046929728901802 0.4537434657553085 0.8102880961238481 0.46200532515173054 0.8122370001714184
5 0.5915520401096639 0.2994993834003329 0.5993405170449677 0.29947444065369366 0.6022507091731499 0.2989772780701951 0.6040783164234477 0.2971240210369141 0.6051449174987005 0.29328184348930764 0.6045423679385775 0.2882693906465729 0.6035729663570667 0.2847536302479268 0.6000489063391246 0.28045430658357706 0.5942058854234858 0.2818805649403469 0.5890173402431623 0.2818252045731443 0.582469904800665 0.28018270944115675 0.5803207188475281 0.28266879253898086 0.5803027476612476 0.28851496432102886 0.5831496952846 0.2947278398991238 0.5889973816732328 0.2987158201346293 0.5915520401096639 0.2994993834003329
5 0.5932977409631555 0.28269921015954425 0.5983231640555624 0.2803638642628808 0.6001507713058604 0.2785106072295997 0.6004110928875186 0.27354337554721325 0.5981120905597516 0.26237834200684784 0.5940467381028673 0.25740097111760685 0.58631485281575 0.25634608088981425 0.5770203473329872 0.2575914546051915 0.5745722193362861 0.2602784305777858 0.5741081678211561 0.269133060968127 0.5808233908245641 0.27858050095625586 0.5847369395231692 0.2809511989867445 0.5932977409631555 0.28269921015954425
5 0.5780662991326143 0.24313676646792076 0.5842648537400039 0.2404297822619487 0.5868035283738037 0.23601507353026338 0.5876617340425905 0.23064605609833624 0.5866357408128929 0.22821012867412196 0.5759663612653249 0.2226700956273254 0.5722612079731857 0.22182623748115757 0.5647603547518087 0.22186625394791287 0.5593567613083763 0.22591425888355127 0.5583241152220355 0.2291085366464986 0.5586729960571434 0.2334580159844582 0.5621404644268989 0.23883717262323975 0.5671479163330253 0.24234799850862423 0.5780662991326143 0.24313676646792076
5 0.5073568295308155 0.26606789109097495 0.5129235450621645 0.2644105924192027 0.5165108495849363 0.26199987792195883 0.5180734697805819 0.2596996139787891 0.5191014503939285 0.2510910976235664 0.5216061700388163 0.2473242886765401 0.5296323318965037 0.2427640474372871 0.5293060877206706 0.23798263490955493 0.522104176542858 0.23782175850153991 0.5185508270089982 0.23958457321412457 0.5144788216954708 0.2402374075120452 0.5093761576792517 0.23304007579347644 0.5053833806731854 0.23218114392719244 0.5021629281718019 0.23309516598034768 0.4967366980690948 0.23757510410575883 0.49607090400414233 0.2392726894246177 0.4961707815872291 0.24837343385007737 0.4929663128884768 0.25448572790062157 0.49311811664675603 0.25709240075937406 0.4962866429729472 0.262672450272926 0.5004878153854793 0.2650582220235304 0.5073568295308155 0.26606789109097495
4 0.2277823377879647 0.7137711077103173 0.24159959438609846 0.7142786796810017 0.2552197739074037 0.7130434451724789 0.26353355947901813 0.708498277653342 0.26603827912390593 0.7047314687063156 0.25976248359270415 0.6979057752970553 0.2584621723623659 0.6841943637784016 0.25250130267735993 0.6823660494917598 0.23987981425348348 0.6810549060219944 0.2299534696946801 0.6833499652715712 0.2160616502620793 0.6897683980573669 0.2057165275066953 0.7000542213177395 0.2048696401675457 0.7052072721547803 0.2078071344279965 0.7096924149737843 0.21089176697373238 0.7113699920592655 0.2277823377879647 0.7137711077103173
4 0.4696865809416083 0.781238392035332 0.48325016881472704 0.781082990501241 0.48709114206251397 0.7793352495087723 0.4913329223206011 0.7754429162875562 0.493482108273738 0.7729568331897321 0.494560027678628 0.7688986890472393 0.49201202209884 0.762484920594374 0.48762509093911693 0.7581403757696761 0.4808353051012417 0.7556189405380269 0.47450758339484755 0.7552873186954738 0.46402862806746475 0.7571202973150459 0.4610618442910962 0.7586972928729764 0.45522348884845165 0.7655377898220215 0.454664225223229 0.7707059143791783 0.4595584938329824 0.7763764062134264 0.46599274597910656 0.7801785672942777 0.4696865809416083 0.781238392035332
4 0.5434463044330354 0.29286363311799457 0.5496947978319684 0.2947070211247524 0.5545844009687275 0.2949632743667253 0.5607150455982933 0.2935520897300715 0.5660507290639019 0.29079988436375137 0.5682904616541371 0.2865860685068364 0.5686639665321686 0.27945917087558614 0.5744683669859011 0.2732665737112001 0.5728171875368062 0.2662501266340239 0.5732133290741122 0.258691295813001 0.568645304640192 0.25780221650648494 0.5460428673929747 0.24882152148129122 0.5397990394670359 0.25239237206680876 0.5367190723942941 0.25612903357360284 0.534021941145572 0.26356727463369733 0.5340492432778408 0.2685495800361999 0.5397205018652708 0.28140726438216257 0.5404861735133101 0.28881042348876335 0.5434463044330354 0.29286363311799457
3 0.3448613426257669 0.9122120282607099 0.3567218248745982 0.9115342512161501 0.3688313103754503 0.9061052090840903 0.37781089001201734 0.8998624562460943 0.39086912781875494 0.8873366639230162 0.3916321213774491 0.8782811406579046 0.3885541416883565 0.8709733583852618 0.38182094749866796 0.8673720901791808 0.3786344499861962 0.867638212447677 0.3759213349348427 0.8698781815103824 0.36564610954093163 0.867823761422 0.3601200018551377 0.8632029551219516 0.35581696447586986 0.8627608827253243 0.3523088882605593 0.8636598310583634 0.34894129747389047 0.8673814188450416 0.34397047864602104 0.8796813755467102 0.33682317173274606 0.8894851099437003 0.3350228666147169 0.8963206723794841 0.33522460916453956 0.9034777174509661 0.33703424522855696 0.9074706321997332 0.3411788259929024 0.9109362369247694 0.3448613426257669 0.9122120282607099