4 0.8336320901619277 0.31792803781976803 0.8300781620432949 0.31817978112803913 0.81717198298127 0.3233704456877682 0.8085787664654935 0.3306391969958128 0.8067682292319365 0.3342727356858399 0.8085531542860529 0.3407362431930151 0.8130203120162645 0.3452571097010411 0.8206826477358218 0.3499021739352123 0.8249372895259091 0.3506523820760544 0.8318366103204508 0.3496729266729838 0.8360121642698564 0.3475544001436429 0.8451726663576444 0.34038567658771063 0.8486019919691549 0.33088879690318207 0.8481058332430246 0.32706812465994206 0.844318622099747 0.3220083535383197 0.8403644096827859 0.31955432575558784 0.8336320901619277 0.31792803781976803
5 0.4466832968428249 0.6381694761891711 0.4401219590930503 0.6372321344951158 0.43726874464587173 0.6384858292525003 0.4301520628162856 0.6473325285482989 0.4298803615224799 0.6571665834142089 0.4289958599902217 0.660524208821932 0.4276359668163539 0.6616020180491246 0.4276231607266336 0.6666505411477257 0.4317651415017985 0.6680396816542765 0.4343426741577715 0.6733253521821467 0.4379964572016064 0.6774831996067682 0.4417421341758431 0.6794612586029714 0.44575068685156555 0.6799484754125211 0.44735666913979844 0.6791336575166209 0.458586603665229 0.6635458635033527 0.4557461953077707 0.659751035162136 0.4569518932976755 0.6562304461752329 0.45601391610417635 0.6466222907155708 0.45487536446275295 0.6431275456306907 0.45078772394634914 0.6397715941509581 0.4466832968428249 0.6381694761891711
0 0.3013155942258814 0.6979613094141722 0.29742368306248146 0.7001298498195693 0.293648413411404 0.7049541474399129 0.2932560901078759 0.7088377555102208 0.29439464174929925 0.7123325005951007 0.299162228852637 0.715149547461237 0.3086726554773922 0.7159480955501449 0.3141705489290251 0.7129647372488478 0.3167736937644386 0.7081533615795157 0.3170158023814035 0.7051216633301527 0.3157645897250579 0.7022658506109813 0.3116393955370132 0.6991228765864849 0.3013155942258814 0.6979613094141722
0 0.2767111853940963 0.7379819228085169 0.2724565436040089 0.7372317146676748 0.26922381194302253 0.7373204943967658 0.26576575825219156 0.738687138857274 0.2631794000038985 0.7417446810086602 0.2619361483423529 0.7454782474507997 0.26222377162575883 0.7488229509075113 0.2666909293559704 0.7533438174155372 0.2696232316438306 0.7549588573283359 0.27525853369230624 0.7561721123046949 0.2805143185269741 0.7562204522527607 0.28529471172003223 0.7539889760202959 0.28691350009798544 0.7481256350257945 0.2856998411132806 0.745056844851387 0.28123268338306895 0.7405359783433609 0.2767111853940963 0.7379819228085169
0 0.2948091188421874 0.7580822136898593 0.2924312960366186 0.761615724627774 0.29657725730918366 0.7662995547149801 0.3028006120141914 0.7691536935061611 0.30656307557554857 0.7693779189844185 0.3118356469973368 0.7676724254145386 0.3142717905590668 0.7654667930840972 0.31496454323572104 0.7598793653718997 0.3124077776642686 0.756134550906739 0.30172522622384934 0.7553489247688427 0.2948091188421874 0.7580822136898593
0 0.7086364879931611 0.5275650764010642 0.7010572206116856 0.5290834364177313 0.6974489522342917 0.5313019906991844 0.6905200387629093 0.5390838027188021 0.6893143407730046 0.5426043917057053 0.6898480531707755 0.546212086493709 0.6965843531890337 0.5511330640101841 0.7048475476548434 0.5523704889605763 0.7114632256633792 0.5513410196814493 0.7169027983588506 0.5470297827726787 0.7190641247268952 0.5364309238869247 0.7179631267571125 0.5327232013468086 0.7120026477535902 0.5283782203689742 0.7086364879931611 0.5275650764010642
0 0.7692431227974031 0.7743207806559708 0.7632698377041607 0.7750243227767376 0.7597366766700482 0.7768169221477181 0.7574715148794016 0.7797115007199243 0.7569665305609512 0.7842340411559408 0.7550976725712328 0.7865397012384946 0.7559525814266503 0.7899844324473183 0.7614376687885629 0.7920495972446224 0.77786818329238 0.7934095459931692 0.7820812909134264 0.7910780420085921 0.7840005086645061 0.7835108813722009 0.7828619570230827 0.780016136287321 0.7782070309346671 0.776560157055476 0.7692431227974031 0.7743207806559708
1 0.49601444896712044 0.17429045227862772 0.5000941284887241 0.1710570245970498 0.5008827555931805 0.16658449803708947 0.4981717948377648 0.1603969038122183 0.49481359607213593 0.166173139005619 0.49601444896712044 0.17429045227862772
1 0.43844067310037926 0.13756714133875153 0.4311826021765503 0.13892253777623859 0.42697347505290384 0.1445487313414709 0.42652681149061467 0.1503991503849607 0.4365532993285003 0.1714918186203854 0.4389183160443488 0.1730068307810718 0.4404116373176595 0.17283094525088005 0.4469442469881136 0.16563805172091484 0.45378126652909384 0.16003602812971537 0.46713808965080805 0.15228963410715193 0.47566017932070304 0.14874152729023513 0.47593984160930863 0.14549685158563586 0.47364993223674173 0.14355588451447715 0.4662920063877108 0.14050169021907166 0.43844067310037926 0.13756714133875153
1 0.38794170240398274 0.16687306776114888 0.38126770363928586 0.16657465843280236 0.3773006851326044 0.16916915374867175 0.37299170308375584 0.17038575658101154 0.3632312068472357 0.16602952758015593 0.3545381354062572 0.168888688155308 0.35259417007325733 0.17162030314833415 0.35199331132700495 0.17502794243211336 0.35360725461003806 0.18080250369752382 0.3567856460122633 0.18268053494161474 0.3664502678209816 0.18592186279023318 0.365640873632005 0.18885353328748394 0.36127755132439543 0.19203694709300573 0.3593000128171548 0.19827622912192341 0.35646756545449665 0.20107077994201736 0.3581941697524521 0.2062064088417191 0.3616937576123238 0.20792147650663 0.3690684700484751 0.20922183728408972 0.38549500405489223 0.20728709645198115 0.38989588003414266 0.20389070519122318 0.3945229426407577 0.1842838573584807 0.3942481254470721 0.17589063080316802 0.392825931019643 0.17234587184223202 0.38794170240398274 0.16687306776114888
1 0.44938316395952294 0.2596173495951871 0.4466386300298666 0.2569374224062076 0.43546788085811733 0.25892050318638193 0.43208095401316793 0.25656650315576235 0.4165932617977702 0.253176807606966 0.41077019139109067 0.2530284399067878 0.4047217989545665 0.254157936938027 0.4024734237510403 0.25529868199228745 0.39945320803017836 0.2591581200885624 0.39944040194045805 0.2642066431871635 0.40287284345184843 0.27293704492385756 0.402121770019033 0.2771965940285816 0.399685626457303 0.27940222635902306 0.40014423151179235 0.2834358760574993 0.3982378198504332 0.2859545135952893 0.3968315474126043 0.2955885129569745 0.3976824757706217 0.29573855458514303 0.3994179056608974 0.2925309708055883 0.4023837811229982 0.2906383436824953 0.41030899254404085 0.29379256573001317 0.4096498130416274 0.2958723264063191 0.4106924902552486 0.2982521703389618 0.4151141333190195 0.2963966351409133 0.4174919561245883 0.29286312420299854 0.42045783158668915 0.2909704970799056 0.42429540249132786 0.29076876764769055 0.4364001483591763 0.29509915274652304 0.4420522369947723 0.29455857420493625 0.4437876668850479 0.2913509904253816 0.4438004729747682 0.28630246732678055 0.4472753132527195 0.28318198934832645 0.4579331171112182 0.2791320698428578 0.4582503330714648 0.2756744166830224 0.4517057819088105 0.2729832414710215 0.45179369534181235 0.267508763461948 0.44938316395952294 0.2596173495951871
2 0.35504191263698703 0.25725638834335 0.3473084500715483 0.2563319686003065 0.33916587761546113 0.26104499044551666 0.33399316111887495 0.2671600747482891 0.332244925138879 0.275416181626445 0.33334990360606165 0.28241859374721645 0.3384219005799257 0.28682651055211855 0.3460427021304421 0.28838986266087063 0.3522620763380496 0.2879493118713962 0.3584023627049757 0.2846400264117389 0.36397934399729015 0.2845254027806246 0.36601918375809206 0.2829086889398356 0.3683386858074997 0.2780472993944475 0.36901067139963356 0.27091901561954046 0.36688776330075 0.2663723052094912 0.360697981769983 0.2600104993824186 0.35504191263698703 0.25725638834335
3 0.9577300589625528 0.5545778567646091 0.9505055612129644 0.5524255861662045 0.940824152817126 0.5509380918355319 0.9372702246984927 0.551189835143803 0.9322437423910698 0.5531583200449753 0.9280889555261844 0.5568177026370257 0.9246300372378334 0.573116938938101 0.9226692853177131 0.5776023874490731 0.9225773913873112 0.5797821758774913 0.9243583359440276 0.582950993804011 0.9264021562022297 0.5846289695438773 0.9408343651142859 0.5906873442586323 0.9494563097093828 0.5915488281746079 0.9548790958177339 0.5889914247837831 0.9634723123335103 0.5817226734757386 0.9655081715969119 0.5768112700542943 0.9665013536466927 0.5695200227002071 0.965054411637343 0.5611397180959061 0.9629147169513391 0.5583468412038026 0.9577300589625528 0.5545778567646091