3 0.6476751242970181 0.593241413098828 0.6459095338040481 0.5911092724085735 0.6421658644385432 0.5911746184004181 0.6392596986073158 0.589711274282832 0.610750216516163 0.5902089091438029 0.605892391977855 0.5924566619734751 0.6027963836231666 0.5966203254555221 0.5981423717897925 0.610544500330706 0.597986498050487 0.6181175782712577 0.5992176568131593 0.6226383026077053 0.6009719243780773 0.6241217531843204 0.6125324244440262 0.6262992190107075 0.6472818622101844 0.6367237571717056 0.6545340667055255 0.6396253123330913 0.6605890812223502 0.639952213498948 0.6654620029980606 0.6385693808207952 0.6708165161731598 0.6317707439661316 0.6710365531714261 0.6278735766695374 0.6683806188132697 0.6242429055583955 0.6686006558115357 0.6203457382618012 0.665297060442563 0.6126167496604569 0.6593752738089401 0.6034193903267692 0.652915281135669 0.5963943846013946 0.6476751242970181 0.593241413098828
3 0.6209032923358901 0.5612643293597644 0.6180537411449223 0.5630444358103761 0.6118617244355452 0.5713717627744701 0.6007779144037049 0.580000772227318 0.6005239086212831 0.581951869182994 0.6005503287867375 0.5834654794481529 0.6072530043143785 0.5878906981042119 0.62053380316109 0.5896055441662956 0.6389641754220372 0.5892838408218296 0.6484522388816858 0.5882530423833199 0.6530296374721176 0.5864427762441646 0.6549812961791981 0.5827316792969063 0.6560728054958973 0.5792518922317997 0.6557206676703595 0.5755810082025997 0.6524661383229448 0.5706630100936934 0.6410728349243532 0.5615611564403943 0.6349687543859704 0.5584232647820995 0.6323732089774242 0.5582522742770352 0.6209032923358901 0.5612643293597644
3 0.5494225636216886 0.5423965096819877 0.5504034909112899 0.549084561011991 0.5539158003504768 0.5522676922031013 0.5588528853851479 0.5545607701689057 0.564922997139375 0.5557525914862819 0.5758660306693124 0.5555615801255052 0.5888788535521295 0.54192409349812 0.5937140322343338 0.5383789604411687 0.5944571780348457 0.5314445193847418 0.587701662176296 0.5239920801983649 0.5764404596049763 0.5224582778708602 0.5680891971742345 0.5226040496988212 0.5577485329429059 0.5242986180952424 0.5512006040986405 0.5287388309922567 0.5494225636216886 0.5423965096819877
3 0.45736658024820864 0.5825040263764445 0.45481632655186977 0.5849277963259383 0.45071184368619566 0.5973283077064486 0.4495022037236972 0.6105434730909054 0.45128666576342036 0.6137567639705594 0.45829618740439193 0.6192581062012605 0.4620662769353512 0.6207063704745748 0.46580994630085604 0.6206410244827302 0.47612796467608076 0.61764907585903 0.48010299396790374 0.6143352526842303 0.4817591294897056 0.6101967222759697 0.48249095236216577 0.6026135911059033 0.4813126339304022 0.6011200872997735 0.46994575069726496 0.5935318439116333 0.469282992449046 0.5885686062699114 0.46663083240024034 0.5851541651966495 0.46111402392306405 0.5826549104224797 0.45736658024820864 0.5825040263764445
2 0.48248717805281516 0.6023973610680236 0.4828468644970543 0.6065007051729833 0.48008412242115056 0.6132541024948311 0.4796327254965666 0.6203997469743806 0.48887320473656465 0.6381910150609317 0.4941058129565142 0.6409115264877385 0.5042075686428235 0.6420329751985128 0.5150864389138003 0.6381660531937787 0.5355186629593162 0.620505733900867 0.5380311735621488 0.6159196635725748 0.5392219419778942 0.6016233479987187 0.5365622333103872 0.5977764468496971 0.5157714498765621 0.5948949125440238 0.49618163073060434 0.5948042622717592 0.48958086155543024 0.5962172546384558 0.4838893077921954 0.6002099276154387 0.48248717805281516 0.6023973610680236
2 0.5701442824312726 0.5578244127994493 0.5578142163993574 0.56106777776433 0.5484054134360721 0.5666394069983165 0.5399548919062841 0.5776017073350271 0.5394582032694927 0.5821525913600184 0.5410075310735472 0.5883981293847473 0.5454479274714268 0.5952420913755431 0.5636242939499523 0.5968714849867529 0.5693724623534464 0.5961222625779676 0.587951159734998 0.5877950212171903 0.5944915399605624 0.5829223482444162 0.5973108966767253 0.579412401490766 0.5978377797883219 0.5765913577688134 0.5949014194822894 0.5733981733481885 0.5968493038800193 0.5694708463630505 0.5930716657303587 0.5675901220139765 0.5898209106922947 0.56288835394295 0.5816859109504684 0.5589207284364369 0.5701442824312726 0.5578244127994493
5 0.757464752899071 0.5459028850772649 0.7618711805127949 0.550800776727142 0.7670735942579394 0.5517914478509102 0.771935193105598 0.5497599250591177 0.7798663801424905 0.5420511285201194 0.7826479937651474 0.5363788813876706 0.7834288826591655 0.5316067407100422 0.782530990175278 0.5296757502133956 0.780204547786556 0.5284185829041748 0.762713585412353 0.5330498071619658 0.7584354843165502 0.5355037368000033 0.7564687283720672 0.5383499135957422 0.757464752899071 0.5459028850772649
5 0.6819697316020495 0.49509333917035897 0.6810367432780766 0.507654787826419 0.683771938132596 0.5158262897330373 0.6895804954857001 0.5185367479303297 0.6930399645939784 0.5186926585911221 0.6996294108411008 0.5166309761107861 0.7072763976207667 0.5091434362244247 0.7131917626916182 0.5014698259887274 0.7139915231323893 0.49777883550049823 0.7126509093985491 0.48698744006553535 0.7068499006641462 0.4847094419440026 0.6979189147908993 0.4846490369635986 0.6924662695726836 0.48582569283338606 0.6853386172859129 0.4900597289220351 0.6819697316020495 0.49509333917035897
5 0.7299191875210653 0.4695986435728335 0.7306951750498029 0.4810487823509505 0.7336881499960946 0.4874854173397731 0.7412358776767144 0.4908144059621612 0.7487496365731786 0.4921973242436308 0.7553390828203009 0.49013564176329466 0.7591971085222544 0.48011868741422 0.7581331464269395 0.4686735752508602 0.7560078694897304 0.46243809045564577 0.7510556872176568 0.4592800923383219 0.748164618623832 0.4586816683722552 0.7363689843222144 0.45953644969094326 0.7326781552876183 0.4626290162131058 0.7299191875210653 0.4695986435728335
5 0.7655763205016719 0.44950961331898737 0.7612340561469086 0.4482876323130675 0.7575243555655592 0.4502990486458308 0.7544434444482733 0.4553276322793973 0.7542234074500072 0.45922479957599177 0.7568755674988128 0.46263924064925366 0.7605199777652716 0.4733904231661584 0.7663436323557783 0.4769658015149701 0.7755965615797582 0.4789672502215355 0.7845049015969014 0.4777302749746605 0.787309161075662 0.47335540806949095 0.7889615222881132 0.46900064762335025 0.7889011333385032 0.4655409670172729 0.785934578557666 0.4606179422936093 0.7783226876180855 0.4536130430272639 0.7753523585278975 0.4484737882657205 0.7712980687397117 0.44724678064504336 0.7655763205016719 0.44950961331898737
5 0.7715003612471545 0.4258299536654245 0.7678057579032076 0.42870629014970696 0.7655812218669523 0.43328733386324203 0.766819929248326 0.4382405182754491 0.780857844077022 0.4503243529262507 0.7866550785020742 0.45238612100990344 0.7932671706053003 0.4516218187568465 0.7969881941147015 0.45025909253772267 0.8003721770359672 0.44609040244091835 0.7999294557860143 0.43722999750260205 0.7984103224567647 0.4327142997809118 0.7954399933665768 0.4275750450193684 0.7893245899001422 0.42378846324743413 0.7855620489878842 0.42277265904987954 0.7780822588755756 0.42333581110932855 0.7715003612471545 0.4258299536654245