0 0.4884204038750135 0.5872307662810469 0.4933213253414099 0.5871904796339604 0.4983174589178991 0.5834636871536895 0.5009673294644228 0.5789936180548014 0.5007409628716766 0.5746742861570742 0.4971989316674539 0.5731274380393758 0.48509609902324485 0.5733286010944775 0.4829196109378392 0.575824823399156 0.4836599678372589 0.5844484134744947 0.4854988934171941 0.586517637102662 0.4884204038750135 0.5872307662810469
0 0.4525793262525576 0.5527270773138314 0.45687769815883117 0.5576992435094794 0.4633865131394225 0.5608230871851082 0.4701423439883855 0.5576537521688001 0.47392007273134285 0.5526914549996751 0.47283083499681533 0.5484173442622959 0.4701290382750991 0.5463933417944767 0.4675064698608441 0.545881105490862 0.462041619296231 0.5461675061730671 0.4580827972790768 0.5476743378240101 0.4544455539647614 0.5498139955394963 0.4525793262525576 0.5527270773138314
0 0.431839141950246 0.5367058030058158 0.4372540537233158 0.5409697745363407 0.4416250010804076 0.5418235017090318 0.44506516731789436 0.5414266504727527 0.4514654644751065 0.5369765896072425 0.45351745093450163 0.5321047347588138 0.45419922880208574 0.5286040480802838 0.4510739884107947 0.5240035201939441 0.438728805371208 0.5250836233487073 0.43702569974692046 0.5256059988591764 0.4329377106307616 0.5301514365586446 0.431370424962122 0.5332654112077501 0.431839141950246 0.5367058030058158
0 0.18450270654294823 0.5665598178671085 0.18501669684962152 0.5708640760447198 0.1877524485602496 0.5735359782971982 0.19589645918730453 0.5748416468930395 0.19961293080908088 0.5742137553417581 0.20269756335481687 0.5725361782562769 0.2068534624487995 0.5692865401261269 0.20762578695348202 0.5675135862066878 0.20763045242647613 0.5620993476144125 0.20254843768588268 0.5586841687433172 0.19554360358489867 0.557102238672125 0.1920808006881372 0.5570671567186314 0.19097557915097846 0.5579913179786411 0.18550606311337112 0.5636919572531215 0.18450270654294823 0.5665598178671085
0 0.19920616164783356 0.5389358317746995 0.2007801001731165 0.5414520623127557 0.20496528878301704 0.5442645625595401 0.208484683327965 0.5453794774874656 0.21590630824188062 0.5439077277900164 0.21926724617190615 0.5419991103895327 0.22310156656305002 0.5381166461948397 0.22253098460819004 0.5327325550427966 0.21890972509650625 0.5296739407608937 0.21510270683763127 0.5285740995530841 0.21048940908516184 0.5285993124800547 0.20480484478444555 0.5301965864516939 0.19956636081257872 0.5348023190316263 0.19920616164783356 0.5389358317746995
0 0.08206606915572907 0.5546035134771664 0.0825574228031277 0.558475838465005 0.08384373761448352 0.5610071427231772 0.08715473675296559 0.5636488975354235 0.09303171265751625 0.5657230556768523 0.09999127343995098 0.566441119368499 0.10650475389353638 0.5641507244518522 0.10866992364930476 0.5614385355522874 0.10853876916665113 0.5534326978213757 0.10479300802895672 0.5479984509957228 0.10097467144044452 0.5466826431930268 0.09723556315939336 0.5468786015545356 0.08723664314977185 0.5487019813279158 0.08333441278080436 0.5512886459532906 0.08206606915572907 0.5546035134771664
1 0.16363170669173965 0.1683174168966426 0.16517635570110462 0.1647715090577643 0.16183140157371056 0.16148185446085903 0.15352893433173329 0.15715265353660843 0.15006613143497194 0.1571175715831147 0.1433329372452835 0.16071883978919557 0.13341324554312323 0.16405398572678048 0.11236012277826508 0.16407453432082053 0.10130592002302825 0.1622717031414806 0.09441426921841736 0.16284943901915216 0.09092416418938712 0.16779666246816113 0.0899887175967881 0.17196032265146632 0.09055463407865386 0.18275865239578487 0.09685038817978511 0.19282357454800952 0.10602704489318057 0.19732352090679833 0.11129015290797115 0.20419416529607565 0.11712185549397254 0.2054044570579591 0.12226512735574677 0.20448523031121094 0.132399867321016 0.20525344967646722 0.13548449986675182 0.20357587259098603 0.14170370374976698 0.1956703462072939 0.14311918566012735 0.19516304441694082 0.14454598590012524 0.19487170922147415 0.15053614510104904 0.19910553331176675 0.1534689738885056 0.2000346290850381 0.1563452110277756 0.19988389188387762 0.15933929693641308 0.19647858203930543 0.15881398830010246 0.19195835726680768 0.1555189729642516 0.1841183304571726 0.1498051191476177 0.17965346605187751 0.1477700129600788 0.1738408934345447 0.14853478813889315 0.17192388979631623 0.15022657543354342 0.17118554769096095 0.16363170669173965 0.1683174168966426
2 0.8013424743534475 0.4385132000364216 0.7927090974626433 0.4443796502321785 0.7899300598171148 0.4518883253795917 0.7904100951348763 0.4555446837725439 0.7952384411504546 0.4596228361484145 0.8162303067941321 0.46393669317221775 0.8234322179719447 0.4637758167642027 0.8302672771283689 0.4621182479120992 0.8384272715580551 0.4582256445105517 0.840823473379564 0.45441854891643885 0.8394446245474605 0.4391150681197387 0.8320389834361764 0.43538854581979897 0.8253330913787564 0.43400750862337734 0.8141270848652408 0.4348113503027899 0.8109066323638568 0.43389732824963473 0.8044723802177327 0.43769948933048586 0.8013424743534475 0.4385132000364216
4 0.8747370661686352 0.49616972527583314 0.8765553424729446 0.5088514594936647 0.8746844492877466 0.5171787798602752 0.8768562719001582 0.520096796147872 0.8821693187064922 0.5224170683244195 0.889027014522191 0.5211914326620886 0.8965325332165619 0.5158172105365686 0.8994813458066501 0.511548034312451 0.9007157344428135 0.5075852670039162 0.8981297991068156 0.4912622481132483 0.8941190509144687 0.48627500819748415 0.8899338623045683 0.4834625079506997 0.8871368534727594 0.4851250113160649 0.8853045807494675 0.48868599287505915 0.8821845301589496 0.491520339359868 0.8747370661686352 0.49616972527583314
4 0.7900791854860489 0.46574033489255146 0.7847954281956329 0.4694822010929385 0.7844012740419759 0.4729678140513526 0.7870531319721488 0.47954218873190146 0.7951924771262092 0.4862620959200183 0.7932922944250935 0.4885272779096943 0.7933828410621919 0.4902550106687853 0.8074990397038899 0.48994833157287127 0.8139559285092888 0.48657810368179283 0.8175139435161428 0.48292667980210224 0.81723098527521 0.47752751492994294 0.8149572976960625 0.4726657992883688 0.8140651370383638 0.46664888207178273 0.812203574799154 0.46414772525384257 0.8092707460116975 0.46321862948057124 0.7983184082231964 0.4633594976552085 0.7900791854860489 0.46574033489255146
5 0.8444913028877499 0.49688859950847347 0.843268232581224 0.5010673334118947 0.8440472099425496 0.5049245846796173 0.850737118197338 0.5115038938734279 0.8576241035289545 0.5163403965880315 0.8608558743599757 0.5174703852360732 0.8683227725924405 0.5168625019181693 0.872868160367086 0.5155414894218806 0.874802298057114 0.5139242072168637 0.8765440241433075 0.5086354928987784 0.8757923489142506 0.4997959362285533 0.8735639346536525 0.49579808696652455 0.870320845492994 0.49445213172359664 0.8621768348659395 0.49314646312775523 0.8527465094275287 0.4893094902737416 0.8482577133010698 0.4917103357444622 0.8444913028877499 0.49688859950847347
5 0.8474474590401775 0.47074650232036824 0.8463036170411126 0.47643700238799414 0.8480246938516804 0.4817607986595731 0.854438296722179 0.48857114816838615 0.8630623426669951 0.4935331751571798 0.8732423559508137 0.49516526090198154 0.88061870754618 0.4928296448249868 0.8849943203762658 0.48826913340540257 0.8872886572310387 0.48251833845731235 0.887050972308655 0.4779830399646986 0.8808570831742595 0.46986181716645137 0.8754421714011897 0.4655978456359266 0.8651263381617238 0.4613741607524884 0.8596388509378358 0.4612286282449206 0.8548171577789004 0.46278068105621184 0.8474474590401775 0.47074650232036824
5 0.8883266594960697 0.45279525147683525 0.8859983676523848 0.4578981466402662 0.8866255412554311 0.4643620707667413 0.8899205565912819 0.4722020975763764 0.896852815241448 0.4779024666705255 0.9180870312805032 0.4813373835946672 0.9214819241994407 0.4800766659788427 0.9253275629202218 0.47641016837903605 0.926516678237836 0.47158353469095565 0.9264987070515553 0.46573736290890766 0.9248229035595369 0.4612774330168741 0.9190411397650786 0.4555167690422608 0.9094523577117458 0.448656263859838 0.8986857786704361 0.44683835896038204 0.8933114747429214 0.448852492401678 0.8883266594960697 0.45279525147683525
5 0.7655001847864777 0.2719081189057352 0.766652667025835 0.2828922678047079 0.7659595708286135 0.2861769878883516 0.7713178909534968 0.2893611264444445 0.7760104170134275 0.29084767968167863 0.7831783732023281 0.2900389034890044 0.7912365026652783 0.2842026007334795 0.7935421578496887 0.27866777238027585 0.7932572122251067 0.2622241637286796 0.791074071283058 0.25909018084619645 0.7843342242367264 0.2570612438651157 0.7775331200692139 0.25936671250187837 0.7691534119034247 0.2645701891928601 0.7664695863679889 0.268392358507089 0.7655001847864777 0.2719081189057352
5 0.7509398931995795 0.28025078317279295 0.7541330435686944 0.28614711062845066 0.7571111456747004 0.28794007278126743 0.761482093031792 0.2887937999539585 0.7654748700378582 0.28793486808767466 0.7679729368261028 0.28607147184753917 0.7685981230455001 0.2814909521945772 0.7656746252040317 0.2697333792367553 0.7612697228580281 0.2682317522794052 0.754124403328402 0.2694724616618521 0.7508426937058378 0.2728928452265402 0.7501609158382538 0.2763935319050703 0.7509398931995795 0.28025078317279295
5 0.7289020757562749 0.26148223801171894 0.7330033705857201 0.2681972106865741 0.739788490950601 0.2710900140472003 0.7435162809020148 0.2706780890908052 0.7471308875570555 0.26810649818554644 0.7492168290053626 0.26388254312177695 0.7499825006534018 0.25647938401517617 0.7466988036471884 0.2488553238004274 0.7356332825623143 0.2468365260262011 0.7319394475998124 0.2478963507672553 0.7289453616911751 0.2513016606118274 0.7282522654939538 0.25458638069547107 0.7289020757562749 0.26148223801171894
5 0.8079772571048804 0.2954526017206172 0.8183317108062529 0.2949099477964392 0.8236607414152182 0.2920319479755977 0.8255496057866969 0.28955079939103523 0.8256042100512344 0.2795861885860301 0.8237652844712994 0.2775169649578627 0.8170593924138794 0.276135927761441 0.8040324315067087 0.2807167175947343 0.8021275833325987 0.28839613817668563 0.8031149561003901 0.2907265495600876 0.8079772571048804 0.2954526017206172
5 0.8124674346427317 0.23804550394759816 0.8121638271261732 0.2432588496651032 0.8161019998677018 0.2523645286038244 0.8201127480600485 0.25735176851958846 0.8236887342531831 0.2595465164219459 0.8298306972123862 0.26117366765348604 0.8370552450494733 0.2614447244352439 0.8420966519445118 0.25858179833451844 0.843906288008529 0.2545888835857513 0.8430980211312855 0.24466949394109436 0.837191755710817 0.23653319742273102 0.8327415800462641 0.23416770408583543 0.826024369659207 0.23257070029452728 0.8216986956206649 0.23258083950138184 0.8154388838920944 0.2342082609132532 0.8124674346427317 0.23804550394759816