5 0.3926907857562886 0.1976892865161178 0.38811144299273115 0.19701617380448821 0.3857878166220404 0.1973275172333325 0.3819242067149789 0.19950719141557385 0.374387411121041 0.21123955144642528 0.37115166552272194 0.2344584276533408 0.3658772391782942 0.24154503863750437 0.36383458366488725 0.24750166097362647 0.36333191168785123 0.25158995255635147 0.3652320943889672 0.2538551345460275 0.37244532389641705 0.25380004435915615 0.3791398976241994 0.25263497375762084 0.3867992074604986 0.24957142496245638 0.40218107163792693 0.23673428921053383 0.4053968586663165 0.23040602856510328 0.4060486563122866 0.2124657274694186 0.4024180658546145 0.2046958645667709 0.3957867366316618 0.19915089700671262 0.3926907857562886 0.1976892865161178
5 0.4783814819920938 0.3511732628356582 0.4658259161623922 0.3596107635760114 0.4618604412885948 0.3637341371122301 0.4672600599647292 0.3817750197354656 0.4730964280237247 0.38597896656585745 0.4792996481041084 0.38868622095216077 0.4833716534176358 0.38803338665424 0.4884536681582293 0.3846182077831447 0.49875818306805825 0.38061048949459286 0.5027123396122184 0.37670308255326057 0.5040326094124861 0.37352387851042923 0.5039826706209427 0.3689735062976994 0.4948825641256633 0.35550300412057134 0.48561734815881835 0.3506862394590141 0.4783814819920938 0.3511732628356582
5 0.5510645699184009 0.5492365298421558 0.5482222877680427 0.5484378928563362 0.5398585634048849 0.5484326881627433 0.5345341982689137 0.5509689269341771 0.5302471446922772 0.5557251265349388 0.5295021223198635 0.5589344780180022 0.5329176645144267 0.5708077062234911 0.5358777954341521 0.5748609158527223 0.5444772173360445 0.5813752658331384 0.551312276492469 0.5830328346852419 0.561802550149489 0.5809838894707835 0.567228780252196 0.5765039513453722 0.5678219988663306 0.5706879270035563 0.5656295269782935 0.5629934327014889 0.5569348929663083 0.5527925768878885 0.5510645699184009 0.5492365298421558
5 0.1427546727943277 0.44857704146732125 0.13744162598799375 0.4508973136438687 0.13159195221571204 0.4579537771878003 0.13024239289952635 0.4671951196075659 0.13146546320605254 0.4713738535109872 0.1449092149261548 0.47900832311292174 0.15296267891611098 0.47943038727617127 0.15732230794356544 0.4787926266983666 0.15969120763280537 0.47761741688997683 0.16613876549221587 0.4701591675965046 0.16661880080997724 0.46650280920355247 0.1648204830755972 0.462293927859899 0.15297330654005234 0.4517112945301357 0.14874949746824567 0.4497574559693039 0.1427546727943277 0.44857704146732125
5 0.5324475661149105 0.5192418457192585 0.5252682915963726 0.5186490361214706 0.5179645154518242 0.5204318590674328 0.5143885292586896 0.5226266069697905 0.5133445648427115 0.5260368513276241 0.5135236707332596 0.5336258295888792 0.5157660814128401 0.5458706961036764 0.5162734188628703 0.5471966431132268 0.5237449825683291 0.5532187650234058 0.5265533097297753 0.5546653017938847 0.5300274309561741 0.5544142532455046 0.5351320823560421 0.5505671411846365 0.5392606793177561 0.5488344739122839 0.5425655921862403 0.5481414380028137 0.5508222195230232 0.5483575897424943 0.551714380180722 0.5423406725259081 0.5467362177905133 0.5327677082635891 0.5369703172302814 0.5209947914053199 0.5324475661149105 0.5192418457192585
5 0.341682625181013 0.6811927309456891 0.3356924659800892 0.6854265550359817 0.3347164115419351 0.6875409998244973 0.3341684662463499 0.6924931577867678 0.33752275131973225 0.700031980374413 0.34545637915667216 0.708243915673688 0.3510956701388392 0.7107050560248727 0.3588728287445057 0.7108960798731199 0.3657145407575732 0.7069234435380618 0.3714397129038446 0.7022426125378803 0.37234319189118076 0.6960097287264077 0.36779313864354113 0.6892744776378437 0.3600226328945177 0.6834532486024348 0.341682625181013 0.6811927309456891
5 0.09158694123123803 0.439831780909729 0.08634180440272796 0.44085625351695823 0.08392763139493882 0.4428953297048935 0.08220655458437094 0.44821912597647245 0.0829675607594161 0.45020804649079793 0.08836916681919953 0.45720448533459657 0.09641597795251258 0.4632567546850077 0.10099532071607012 0.4639298673966373 0.10390551284425206 0.46343270481313875 0.11400163234761522 0.4578981466402663 0.11445903100610196 0.4546737214370869 0.1085953608148377 0.44548746920419247 0.10362186389762318 0.44132874353414875 0.09158694123123803 0.439831780909729
5 0.6874533358231583 0.406741565667551 0.6805050933703608 0.4072436627643111 0.6708550541958471 0.4097697623288905 0.6686719132537983 0.41290374521137363 0.6663935602016571 0.4123512222606724 0.6657097949504239 0.4198949793615793 0.6684049388154969 0.4235011820809218 0.672859779953044 0.4265499273363015 0.6790630000334277 0.42925718172260474 0.6825144846005518 0.42943806636399745 0.6871843740012078 0.4283834463165362 0.6928303178400179 0.42521438148055923 0.6956452978581075 0.4210307130638764 0.6962611531315165 0.4147827555322877 0.6952804332203683 0.41148296172852794 0.6908821837310077 0.4073543834987164 0.6874533358231583 0.406741565667551
5 0.24564793340089852 0.3123393634901658 0.24357132289857972 0.3189438856109469 0.23745199659865138 0.3201391036527143 0.23419292363536165 0.31628678689825335 0.23374217783351803 0.3138810069142711 0.22585848878812156 0.31021944382772604 0.2260622187215932 0.30633204511977147 0.22421862766866382 0.3029870301556635 0.21487418339435763 0.2996820316583108 0.20793725927119744 0.2999681621601846 0.19539966462777653 0.30255949111848984 0.1912710676660625 0.30429215839084234 0.18790347687939363 0.3080137461775204 0.18822972105522673 0.3127951587052527 0.19109930533785371 0.31857610109357487 0.1952778410911111 0.3213938060339522 0.19897167605361285 0.32245363077500633 0.1982719269997484 0.32479911587852434 0.19677721678192683 0.3258035802523759 0.19985053099802533 0.3276971239327434 0.20146308998521434 0.3299472322023035 0.2079992070980743 0.33180569392917736 0.2215967499601049 0.3310023926104274 0.2301755225863718 0.32690423200117924 0.2324199206496012 0.3281046547365395 0.2356290548213476 0.3274065992782706 0.2395312851903153 0.3299932639036454 0.24223308191203144 0.3279692614358262 0.24424644790952055 0.32807477747663866 0.24587032522634678 0.3301089191513123 0.24875788069525423 0.33004368975758647 0.2523904585365754 0.32676910888079724 0.25226794429421384 0.3181002976451103 0.25102223732841317 0.31435349693146175 0.2471426436187202 0.3113348991163141 0.24564793340089852 0.3123393634901658
5 0.1801270089794232 0.3353258484804226 0.1738219239323036 0.3345622934480965 0.16319583031963586 0.3392028378011914 0.15688409241587312 0.34406948795602715 0.15545729217587526 0.34377815276056045 0.15483677142947197 0.34461187169987395 0.15633614712028787 0.34902164591829765 0.17081055754308186 0.36450628153672165 0.17500041162597652 0.36710801988221264 0.18168366702412164 0.3661589158755637 0.18612252435903726 0.3640093891335544 0.18975510220035835 0.3607348082567651 0.1961913417301315 0.35349252555817934 0.1971900328275603 0.35094614757989107 0.19679587867390333 0.3474605346214771 0.19414600812737964 0.34299046552258916 0.1894374982648175 0.3392787467624342 0.1801270089794232 0.3353258484804226
1 0.7016117779221209 0.7364378587925968 0.6983913254207373 0.737351880845752 0.6883697687518413 0.7359604342621445 0.6844222650643242 0.7342376360163152 0.6809028705193764 0.7353525509442408 0.6760472223715291 0.7344483979176086 0.6732954868582696 0.7319220281726981 0.6739839175824966 0.7297925096640665 0.6720497798924688 0.7281752274590495 0.6641321358581604 0.7251615641571636 0.6563662955821312 0.7247545737140302 0.6519727115657648 0.7260402340764938 0.6498914355904519 0.7272305176049996 0.6476403846705792 0.731660300056801 0.6474819280556569 0.7346838323852103 0.6490039404057473 0.7386616734138612 0.654276379366526 0.7426195062091344 0.6604909177765471 0.7451107940005515 0.6639923411352144 0.7498420508546738 0.6607812195798192 0.7615845500923797 0.6554162465982928 0.7703988938356344 0.6560867061362394 0.7741155471090508 0.6580547988151793 0.7750849295294087 0.6638412280826314 0.7747385041470707 0.6737063155202541 0.7681090392796502 0.6797690501719958 0.7679936542123147 0.6833610201677619 0.7709971783073463 0.6870435368006264 0.7722729696432868 0.69026398930201 0.7713589475901316 0.6942181458461701 0.7674515406487992 0.6964851805686743 0.7682200301943868 0.701182372101599 0.772147715549428 0.7069122097208645 0.7728811231415218 0.7230257905574203 0.7680950462808595 0.7242215587316776 0.7672914747817781 0.7244026520058745 0.7638360092635962 0.7213180194601387 0.7621584321781149 0.7156740630049775 0.7542830532346547 0.7176374902109232 0.7498381970627375 0.7164823298822209 0.7443636635899977 0.7131553469411074 0.7418071464048552 0.7035459156121489 0.7380551409976137 0.7016117779221209 0.7364378587925968