5 0.9778225806451614 0.34450692041522496 0.9858870967741936 0.35532006920415227 0.9870391705069125 0.35921280276816614 0.9902073732718895 0.3600778546712803 0.9948156682027649 0.3594290657439447 0.9968317972350231 0.35575259515570934 0.9968317972350231 0.35301319204152254 0.9997119815668203 0.3501297577854672 0.9997119815668203 0.32179930795847755 0.9948156682027649 0.32158304498269896 0.9861751152073733 0.32374567474048443 0.9818548387096774 0.3274221453287197 0.9743663594470047 0.33780276816609 0.9732142857142858 0.34191176470588236 0.9778225806451614 0.34450692041522496
5 0.9504608294930875 0.3596453287197232 0.956221198156682 0.36310553633217996 0.9691820276497696 0.36699826989619383 0.9726382488479264 0.36764705882352944 0.9772465437788019 0.36699826989619383 0.9815668202764977 0.3641868512110727 0.9853110599078342 0.3594290657439447 0.984447004608295 0.3525086505190312 0.9821428571428571 0.3496972318339101 0.9769585253456222 0.3462370242214533 0.9706221198156684 0.3447231833910035 0.9665898617511521 0.3447231833910035 0.9544930875576038 0.34753460207612463 0.9513248847926267 0.3499134948096886 0.9493087557603687 0.35553633217993086 0.9504608294930875 0.3596453287197232
5 0.9184907834101382 0.3447231833910035 0.9182027649769585 0.3522923875432526 0.9248271889400922 0.354022491349481 0.9377880184331797 0.35423875432525953 0.9447004608294931 0.35596885813148793 0.9467165898617512 0.35553633217993086 0.9513248847926267 0.3488321799307959 0.9493087557603687 0.34537197231833916 0.9513248847926267 0.3421280276816609 0.9501728110599078 0.3410467128027682 0.9458525345622121 0.3410467128027682 0.9357718894009217 0.33542387543252594 0.931163594470046 0.33542387543252594 0.9288594470046083 0.3345588235294118 0.9251152073732719 0.33520761245674746 0.9222350230414748 0.33391003460207613 0.9176267281105991 0.33801903114186854 0.9158986175115208 0.3423442906574395 0.9184907834101382 0.3447231833910035
5 0.8294930875576038 0.29325259515570934 0.8349654377880185 0.29519896193771633 0.8453341013824884 0.29584775086505194 0.8557027649769585 0.2861159169550173 0.8580069124423962 0.2796280276816609 0.8574308755760368 0.27530276816609 0.8557027649769585 0.27249134948096887 0.8528225806451614 0.270544982698962 0.849078341013825 0.2694636678200692 0.8453341013824884 0.2698961937716263 0.834389400921659 0.2744377162629758 0.8315092165898618 0.2774653979238754 0.8286290322580646 0.28308823529411764 0.8277649769585255 0.2900086505190312 0.8294930875576038 0.29325259515570934
5 0.7471198156682027 0.3040657439446367 0.751152073732719 0.30752595155709345 0.7664170506912443 0.3142301038062284 0.7710253456221199 0.31769031141868515 0.7759216589861752 0.3174740484429066 0.780241935483871 0.3064446366782007 0.7811059907834101 0.30060553633217996 0.7767857142857143 0.2969290657439446 0.769873271889401 0.29303633217993086 0.7612327188940092 0.2897923875432526 0.7485599078341014 0.2878460207612457 0.7456797235023042 0.2893598615916955 0.7439516129032258 0.29411764705882354 0.744815668202765 0.3001730103806229 0.7471198156682027 0.3040657439446367
5 0.27592165898617516 0.45242214532871977 0.2793778801843318 0.4563148788927336 0.283410138248848 0.4573961937716263 0.28456221198156684 0.45977508650519033 0.28715437788018433 0.46107266435986166 0.2911866359447005 0.4608564013840831 0.29694700460829493 0.45891003460207613 0.3058755760368664 0.45328719723183397 0.3099078341013825 0.45198961937716264 0.31394009216589863 0.44874567474048443 0.3159562211981567 0.44247404844290666 0.3185483870967742 0.4390138408304499 0.31797235023041476 0.43230968858131497 0.31422811059907835 0.42928200692041524 0.307315668202765 0.4288494809688582 0.30213133640552997 0.4251730103806229 0.2932027649769585 0.4210640138408305 0.2860023041474654 0.42128027681660907 0.2785138248847926 0.4238754325259516 0.2727534562211982 0.42863321799307963 0.26872119815668205 0.435121107266436 0.26843317972350234 0.4390138408304499 0.27592165898617516 0.45242214532871977
5 0.29464285714285715 0.4733996539792388 0.2966589861751152 0.48075259515570934 0.3004032258064516 0.4852941176470589 0.30414746543778803 0.4872404844290658 0.3127880184331797 0.4887543252595156 0.31797235023041476 0.4878892733564014 0.32258064516129037 0.48572664359861595 0.3289170506912443 0.4777249134948097 0.3297811059907834 0.47318339100346024 0.3254608294930876 0.4669117647058824 0.31768433179723504 0.4608564013840831 0.3084677419354839 0.4578287197231834 0.30328341013824883 0.4576124567474049 0.2963709677419355 0.46128892733564014 0.29349078341013823 0.46345155709342567 0.2923387096774194 0.4658304498269897 0.2926267281105991 0.47037197231833916 0.29464285714285715 0.4733996539792388
5 0.24251152073732718 0.4669117647058824 0.24971198156682028 0.47275086505190317 0.25288018433179726 0.474264705882353 0.27160138248847926 0.479022491349481 0.2782258064516129 0.4770761245674741 0.28110599078341014 0.47166955017301043 0.2842741935483871 0.4686418685121108 0.28513824884792627 0.4632352941176471 0.27246543778801846 0.45112456747404844 0.26612903225806456 0.45198961937716264 0.2508640552995392 0.4485294117647059 0.24481566820276499 0.4498269896193772 0.24078341013824883 0.4530709342560554 0.23963133640552997 0.4565311418685122 0.24251152073732718 0.4669117647058824
5 0.4251152073732719 0.7900086505190311 0.4251152073732719 0.7874134948096886 0.4277073732718894 0.7854671280276817 0.42857142857142855 0.7828719723183392 0.4334677419354839 0.7794117647058825 0.43836405529953915 0.7774653979238755 0.44441244239631333 0.7783304498269896 0.45650921658986177 0.7871972318339101 0.4616935483870968 0.7833044982698962 0.4639976958525346 0.779628027681661 0.4611175115207374 0.767733564013841 0.45420506912442404 0.761029411764706 0.4432603686635945 0.7549740484429066 0.43519585253456217 0.7551903114186852 0.43202764976958524 0.7560553633217995 0.42857142857142855 0.7584342560553634 0.42396313364055305 0.7720588235294119 0.42367511520737333 0.7833044982698962 0.4251152073732719 0.7900086505190311
5 0.47206221198156684 0.7759515570934257 0.4737903225806452 0.7768166089965398 0.48444700460829493 0.7757352941176471 0.4884792626728111 0.7768166089965398 0.494815668202765 0.7802768166089966 0.49769585253456217 0.7811418685121108 0.4997119815668203 0.7807093425605537 0.5025921658986175 0.7744377162629759 0.5046082949308757 0.7629757785467128 0.5017281105990784 0.7547577854671281 0.49539170506912444 0.7508650519031143 0.4904953917050691 0.7506487889273357 0.4870391705069125 0.7528114186851211 0.4801267281105991 0.761029411764706 0.4714861751152074 0.7722750865051904 0.47206221198156684 0.7759515570934257
5 0.5028801843317973 0.8243944636678201 0.5072004608294931 0.8285034602076126 0.5120967741935484 0.8304498269896194 0.5256336405529953 0.8291522491349482 0.5360023041474655 0.825475778546713 0.5449308755760369 0.8183391003460209 0.5466589861751152 0.8148788927335641 0.5457949308755761 0.8083910034602078 0.5422427995391705 0.8044262543252596 0.5397465437788018 0.7958477508650519 0.5371543778801844 0.7932525951557095 0.5328341013824885 0.791089965397924 0.5259216589861752 0.7902249134948097 0.518721198156682 0.7917387543252595 0.5141129032258065 0.7977941176470589 0.5066244239631337 0.8025519031141869 0.504320276497696 0.8051470588235295 0.5025921658986175 0.8116349480968859 0.5017281105990784 0.8211505190311419 0.5028801843317973 0.8243944636678201
5 0.4254032258064516 0.7969290657439447 0.42885944700460826 0.806877162629758 0.43289170506912444 0.8092560553633218 0.4389400921658987 0.8105536332179932 0.445852534562212 0.8112024221453288 0.44930875576036866 0.8105536332179932 0.45420506912442404 0.8062283737024222 0.45622119815668205 0.8003892733564015 0.4567972350230415 0.7895761245674742 0.45449308755760376 0.7856833910034602 0.44930875576036866 0.7809256055363323 0.44268433179723504 0.7772491349480969 0.4389400921658987 0.7772491349480969 0.434331797235023 0.7785467128027682 0.43001152073732724 0.782006920415225 0.4274193548387097 0.7856833910034602 0.4254032258064516 0.7902249134948097 0.4254032258064516 0.7969290657439447
5 0.8891129032258064 0.8336937716262977 0.8954493087557603 0.8362889273356402 0.9043778801843319 0.8434256055363323 0.9118663594470047 0.8419117647058825 0.9150345622119817 0.8384515570934257 0.9182027649769585 0.8213667820069205 0.9170506912442397 0.8140138408304498 0.913594470046083 0.8103373702422146 0.911578341013825 0.8094723183391004 0.9063940092165899 0.8092560553633218 0.8977534562211982 0.8116349480968859 0.893721198156682 0.8146626297577855 0.8879608294930875 0.8246107266435987 0.8868087557603687 0.8313148788927336 0.8891129032258064 0.8336937716262977
5 0.8738479262672811 0.8553200692041523 0.8755760368663594 0.8611591695501731 0.8796082949308757 0.8637543252595157 0.8839285714285715 0.8641868512110727 0.893721198156682 0.8631055363321799 0.9000576036866359 0.8607266435986161 0.9023617511520738 0.8568339100346021 0.9026497695852536 0.8451557093425606 0.8994815668202765 0.8401816608996541 0.8951612903225806 0.8360726643598616 0.8899769585253458 0.833044982698962 0.8870967741935484 0.8326124567474048 0.8836405529953918 0.8334775086505191 0.8796082949308757 0.8358564013840832 0.8761520737327189 0.8419117647058825 0.8767281105990783 0.8475346020761247 0.8738479262672811 0.8553200692041523
4 0.688652073732719 0.30320069204152256 0.695852534562212 0.3118512110726644 0.699020737327189 0.31293252595155713 0.7203341013824885 0.3118512110726644 0.7307027649769585 0.3079584775086505 0.741647465437788 0.298659169550173 0.7439516129032258 0.29346885813148793 0.7433755760368663 0.2874134948096886 0.741647465437788 0.28438581314878897 0.7376152073732719 0.2813581314878893 0.7289746543778802 0.27941176470588236 0.7220622119815668 0.27941176470588236 0.7139976958525346 0.2807093425605537 0.7067972350230415 0.2789792387543253 0.6998847926267281 0.27941176470588236 0.693836405529954 0.28179065743944637 0.6909562211981567 0.2854671280276817 0.6892281105990784 0.2900086505190312 0.6880760368663594 0.2969290657439446 0.688652073732719 0.30320069204152256
4 0.5743087557603687 0.2489186851211073 0.5774769585253456 0.25454152249134954 0.5815092165898618 0.2577854671280277 0.5884216589861752 0.2577854671280277 0.5982142857142858 0.2508650519031142 0.6094470046082949 0.24740484429065748 0.6140552995391706 0.2443771626297578 0.6163594470046083 0.24134948096885817 0.6157834101382489 0.2378892733564014 0.6097350230414746 0.22988754325259517 0.6057027649769585 0.22707612456747409 0.5970622119815668 0.22383217993079585 0.5875576036866359 0.22339965397923875 0.5817972350230415 0.2240484429065744 0.5748847926267281 0.22707612456747409 0.5722926267281105 0.23118512110726647 0.5717165898617511 0.2378892733564014 0.5743087557603687 0.2489186851211073
4 0.5420506912442397 0.270544982698962 0.5440668202764977 0.27141003460207613 0.5529953917050692 0.27011245674740486 0.5599078341013825 0.26773356401384085 0.5763248847926268 0.2655709342560554 0.5789170506912442 0.2618944636678201 0.5737327188940092 0.25756920415224915 0.5633640552995393 0.2556228373702422 0.5506912442396313 0.254757785467128 0.5432027649769585 0.2577854671280277 0.5411866359447004 0.26254325259515576 0.5411866359447004 0.2688148788927336 0.5420506912442397 0.270544982698962
4 0.46860599078341014 0.3001730103806229 0.4740783410138249 0.30428200692041524 0.4838709677419355 0.30666089965397925 0.49107142857142855 0.3070934256055363 0.5074884792626728 0.30514705882352944 0.5155529953917051 0.30125432525951557 0.5190092165898618 0.29346885813148793 0.5190092165898618 0.2837370242214533 0.5089285714285714 0.26232698961937717 0.5051843317972351 0.25756920415224915 0.5014400921658987 0.254757785467128 0.49884792626728114 0.2541089965397924 0.4879032258064516 0.25454152249134954 0.4807027649769585 0.2584342560553633 0.47465437788018433 0.2649221453287197 0.4680299539170507 0.2789792387543253 0.467741935483871 0.28157439446366783 0.46716589861751157 0.2971453287197232 0.46860599078341014 0.3001730103806229
4 0.37788018433179726 0.3386678200692042 0.391705069124424 0.3483996539792388 0.39631336405529954 0.35553633217993086 0.40236175115207373 0.3594290657439447 0.41445852534562216 0.3626730103806229 0.4262672811059908 0.3620242214532872 0.43317972350230416 0.3596453287197232 0.4357718894009217 0.35618512110726647 0.4375 0.3423442906574395 0.4409562211981567 0.33477508650519033 0.4392281105990784 0.33174740484429066 0.43289170506912444 0.3267733564013841 0.4254032258064516 0.32417820069204156 0.3994815668202765 0.32179930795847755 0.38623271889400923 0.32158304498269896 0.38047235023041476 0.32331314878892736 0.3758640552995392 0.32871972318339104 0.3755760368663595 0.33520761245674746 0.37788018433179726 0.3386678200692042
4 0.4481566820276498 0.37954152249134954 0.45074884792626724 0.3819204152249135 0.45593317972350234 0.3910034602076125 0.46716589861751157 0.39532871972318345 0.4772465437788019 0.39684256055363326 0.48127880184331795 0.39619377162629765 0.48646313364055305 0.393166089965398 0.49135944700460826 0.38602941176470595 0.49251152073732724 0.3812716262975779 0.4922235023041475 0.37478373702422146 0.48963133640552997 0.36937716262975784 0.4798387096774194 0.3650519031141869 0.47033410138248855 0.3581314878892734 0.46370967741935487 0.35683391003460213 0.45622119815668205 0.3572664359861592 0.44642857142857145 0.361159169550173 0.4438364055299539 0.3633217993079585 0.4435483870967742 0.3695934256055363 0.4481566820276498 0.37954152249134954
4 0.4939516129032258 0.49091695501730104 0.5025921658986175 0.497188581314879 0.504320276497696 0.5045415224913495 0.5057603686635945 0.5060553633217993 0.5097926267281105 0.5069204152249135 0.5216013824884793 0.5058391003460209 0.5267857142857143 0.5030276816608997 0.5285138248847926 0.4982698961937716 0.527073732718894 0.4937283737024222 0.5227534562211982 0.48421280276816614 0.518721198156682 0.4805363321799308 0.5120967741935484 0.4783737024221454 0.5054723502304148 0.4775086505190312 0.49769585253456217 0.4779411764705883 0.4942396313364055 0.4805363321799308 0.49251152073732724 0.48399653979238755 0.4939516129032258 0.49091695501730104
4 0.8338133640552996 0.8574826989619379 0.8473502304147467 0.8665657439446367 0.8519585253456221 0.8680795847750865 0.861463133640553 0.8687283737024222 0.8692396313364055 0.8667820069204153 0.8732718894009217 0.8622404844290659 0.8735599078341014 0.8553200692041523 0.8758640552995391 0.84969723183391 0.8758640552995391 0.8445069204152249 0.8747119815668203 0.8414792387543253 0.8629032258064516 0.8313148788927336 0.856278801843318 0.8280709342560554 0.8487903225806452 0.8220155709342561 0.8418778801843319 0.8205017301038063 0.8349654377880185 0.8211505190311419 0.8317972350230415 0.8230968858131489 0.8274769585253458 0.8267733564013842 0.826036866359447 0.830666089965398 0.8266129032258064 0.8475346020761247 0.8338133640552996 0.8574826989619379
3 0.5374423963133641 0.5884515570934257 0.5426267281105991 0.5932093425605537 0.5466589861751152 0.5951557093425606 0.5610599078341014 0.5942906574394464 0.565668202764977 0.5923442906574394 0.5725806451612903 0.5845588235294118 0.5751728110599078 0.5743944636678201 0.5748847926267281 0.5679065743944637 0.570852534562212 0.5629325259515572 0.563652073732719 0.5607698961937717 0.5576036866359447 0.5609861591695502 0.5449308755760369 0.5663927335640139 0.5348502304147466 0.5735294117647058 0.5325460829493088 0.5769896193771626 0.5328341013824885 0.5800173010380624 0.5374423963133641 0.5884515570934257
2 0.9213709677419356 0.33650519031141873 0.9256912442396313 0.33564013840830453 0.9357718894009217 0.3369377162629758 0.9458525345622121 0.3414792387543253 0.9524769585253458 0.342560553633218 0.9602534562211982 0.342560553633218 0.963421658986175 0.34039792387543255 0.9631336405529953 0.33520761245674746 0.9544930875576038 0.3228806228373703 0.9481566820276498 0.31682525951557095 0.9429723502304148 0.31401384083044986 0.9351958525345623 0.31401384083044986 0.9282834101382489 0.3174740484429066 0.9242511520737328 0.3207179930795848 0.9199308755760368 0.3280709342560554 0.9193548387096774 0.33412629757785467 0.9213709677419356 0.33650519031141873
2 0.6566820276497696 0.27551903114186854 0.6650345622119815 0.28114186851211076 0.6713709677419355 0.28243944636678203 0.6748271889400922 0.28200692041522496 0.6898041474654378 0.2768166089965398 0.6947004608294931 0.27227508650519033 0.7050691244239632 0.26535467128027684 0.7099654377880185 0.2580017301038063 0.7099654377880185 0.2512975778546713 0.7067972350230415 0.24697231833910038 0.7030529953917051 0.24416089965397925 0.6955645161290323 0.24156574394463667 0.6926843317972351 0.24091695501730107 0.6733870967741936 0.24113321799307957 0.6647465437788018 0.24372837370242215 0.6601382488479264 0.24697231833910038 0.6563940092165899 0.25108131487889274 0.6526497695852534 0.26254325259515576 0.6523617511520737 0.2690311418685121 0.6566820276497696 0.27551903114186854
2 0.5224654377880185 0.30211937716262977 0.5362903225806452 0.30514705882352944 0.5429147465437788 0.3055795847750865 0.55213133640553 0.3040657439446367 0.5610599078341014 0.30493079584775085 0.5720046082949308 0.30449826989619383 0.5786290322580645 0.30211937716262977 0.5866935483870968 0.29346885813148793 0.5869815668202765 0.2897923875432526 0.5852534562211982 0.28568339100346024 0.5869815668202765 0.28027681660899656 0.586405529953917 0.2757352941176471 0.5835253456221199 0.27227508650519033 0.5829493087557605 0.26924740484429066 0.5809331797235023 0.2683823529411765 0.5751728110599078 0.2670847750865052 0.5570276497695852 0.2683823529411765 0.5518433179723503 0.27011245674740486 0.5432027649769585 0.27141003460207613 0.5336981566820277 0.2759515570934256 0.5213133640552996 0.28308823529411764 0.5204493087557605 0.2869809688581315 0.5195852534562212 0.29736159169550175 0.5224654377880185 0.30211937716262977
2 0.4441244239631336 0.29346885813148793 0.4498847926267281 0.3001730103806229 0.45305299539170507 0.3016868512110727 0.46054147465437795 0.30320069204152256 0.46486175115207373 0.30125432525951557 0.4674539170506913 0.2971453287197232 0.4683179723502304 0.2781141868512111 0.47465437788018433 0.2657871972318339 0.4755184331797235 0.26167820069204156 0.4743663594470046 0.25908304498269896 0.464573732718894 0.2512975778546713 0.45593317972350234 0.24978373702422146 0.4521889400921659 0.25108131487889274 0.445852534562212 0.256704152249135 0.44297235023041476 0.2649221453287197 0.44297235023041476 0.2878460207612457 0.4441244239631336 0.29346885813148793
2 0.4936635944700461 0.32244809688581316 0.496831797235023 0.32569204152249137 0.49711981566820274 0.3345588235294118 0.49913594470046085 0.3414792387543253 0.5014400921658987 0.34537197231833916 0.5051843317972351 0.34818339100346024 0.511520737327189 0.3499134948096886 0.5195852534562212 0.3494809688581315 0.5325460829493088 0.3462370242214533 0.536578341013825 0.3432093425605537 0.540610599078341 0.33434256055363326 0.5397465437788018 0.32461072664359863 0.5368663594470047 0.3187716262975779 0.5319700460829493 0.3137975778546713 0.5259216589861752 0.30990484429065746 0.5155529953917051 0.30601211072664364 0.5002880184331797 0.30666089965397925 0.48963133640552997 0.3092560553633218 0.4873271889400922 0.31076989619377166 0.4853110599078342 0.31401384083044986 0.48502304147465436 0.3174740484429066 0.4936635944700461 0.32244809688581316
2 0.40466589861751157 0.5144896193771626 0.405241935483871 0.5259515570934257 0.407258064516129 0.529628027681661 0.4176267281105991 0.5380622837370242 0.4248271889400922 0.5402249134948097 0.44038018433179726 0.5408737024221454 0.44902073732718895 0.5376297577854672 0.4533410138248848 0.5330882352941176 0.45622119815668205 0.5259515570934257 0.4556451612903226 0.5168685121107266 0.4478686635944701 0.5032439446366783 0.435483870967742 0.4915657439446367 0.4337557603686636 0.4876730103806229 0.4279953917050691 0.4850778546712803 0.4112903225806452 0.48421280276816614 0.40293778801843316 0.4868079584775087 0.40005760368663595 0.48940311418685123 0.3986175115207373 0.49243079584775085 0.3977534562211982 0.4982698961937716 0.40466589861751157 0.5144896193771626
2 0.4570852534562212 0.8122837370242214 0.4599654377880184 0.8179065743944637 0.47033410138248855 0.8215830449826991 0.48127880184331795 0.8228806228373703 0.494815668202765 0.8183391003460209 0.49913594470046085 0.8157439446366782 0.5023041474654378 0.8107698961937716 0.503168202764977 0.8032006920415226 0.5080645161290323 0.7969290657439447 0.5089285714285714 0.7932525951557095 0.5077764976958525 0.786332179930796 0.5054723502304148 0.7835207612456748 0.4876152073732719 0.7768166089965398 0.48099078341013823 0.7759515570934257 0.4663018433179723 0.7815743944636678 0.459389400921659 0.7871972318339101 0.4576612903225807 0.791522491349481 0.45650921658986177 0.7997404844290659 0.4570852534562212 0.8122837370242214