2 0.4995270596972312 0.6048617518707189 0.49228293171946264 0.6096731862572311 0.4917152310525704 0.612139648937118 0.49395353460649927 0.6138258034749001 0.4933635206207626 0.6184738766156423 0.4955835533638634 0.6247379030594864 0.5004291420477748 0.6311153259159715 0.503326341273228 0.6381677550625411 0.5072312052061771 0.6416102653727856 0.5096236012132553 0.6421880643714701 0.5242294080002855 0.6406125838714718 0.5300745763756599 0.6385875650012188 0.5362015738304723 0.634131184068419 0.5393644321032977 0.629167205371615 0.5436363358830464 0.6190556503306855 0.5417589288891383 0.6155820866834111 0.5148140754746302 0.6064709355186528 0.507606489118518 0.6021266260930412 0.5037056676935853 0.6010803772280033 0.5004333436052996 0.6027894905421947 0.4995270596972312 0.6048617518707189
2 0.533828561980781 0.4139208354307877 0.5201107682909911 0.4180019265083235 0.5148677414254028 0.4225676565734543 0.5085379823717354 0.4300993525218556 0.5072971577305073 0.4341736739442236 0.5068510504031247 0.44708378634234336 0.5054297774818861 0.4520518123194576 0.5076194118901094 0.4557049263337434 0.5118101474105128 0.45911233602664786 0.5178702049087913 0.4612007864764135 0.5388442541003992 0.45949704534798547 0.5460397129324621 0.4566525704379769 0.5609415771017419 0.44567159452416333 0.565067473444374 0.44146091791274483 0.5732625119679 0.4302140012759981 0.5737471026461928 0.4247073241978499 0.5733477227352617 0.41909129798737077 0.5718352548093909 0.4162265866758107 0.5678817217307364 0.4147510358420696 0.5584175610098672 0.41329844378473773 0.5511389921892047 0.41310270429648516 0.5411598424551652 0.41454587688774336 0.533828561980781 0.4139208354307877
2 0.3987246503888665 0.4668966510795015 0.39278214372208103 0.47285558890276186 0.3912148633637258 0.48372449330938705 0.3952555489389962 0.49063651998659596 0.4059016793605929 0.49935214489453844 0.41110412209650854 0.5015458971963247 0.4222835123421036 0.5027878855496152 0.42885855885355245 0.5019805713507908 0.4375847564223144 0.49742293584628083 0.44543102590986894 0.4951522126546464 0.44865063834443264 0.493013797371752 0.4500495979468268 0.49022738185549297 0.45161687830518193 0.4793584774488678 0.45150741248972165 0.47610361206625507 0.44467495099644194 0.4629977601798827 0.4385094701907194 0.46005070579271107 0.4281876947074873 0.4587034155873998 0.41308921222613143 0.46099305027513304 0.40303503751952546 0.46418853135854354 0.3987246503888665 0.4668966510795015
4 0.42379454882239875 0.7821514682320276 0.4228619090874693 0.7840090785762003 0.4235694739046991 0.787408393708484 0.428392749269766 0.7959674270258245 0.4410440233115591 0.8068336090575924 0.4460396619406035 0.8097064149297732 0.451682068717123 0.8107567110751216 0.4596337615121214 0.8093445918208932 0.4632183130147224 0.8078150288737133 0.4690817522009249 0.8012121380973983 0.47001439193585426 0.7993545277532255 0.46757947006984935 0.788977031989363 0.4550518901463282 0.7743915819889393 0.44785238880624867 0.7748397954537412 0.44229309201832867 0.776829713706654 0.4356389780262969 0.776993074952424 0.42379454882239875 0.7821514682320276
4 0.407314231067765 0.6124799833029452 0.40640794715969664 0.6145522446314693 0.4068823520431941 0.6184159623497962 0.4091774097588613 0.622927680301488 0.4105435966228403 0.6293277036881149 0.41186166159066434 0.6424258192601341 0.4172526376226234 0.6485183898975875 0.4232274843535402 0.6617295436359804 0.4272073732590558 0.6634197454540728 0.4336810389710772 0.664150088763049 0.4416590875929366 0.6629526204931722 0.4457363147898632 0.6607089033582574 0.4483051165689355 0.6579967363569891 0.45820940037991686 0.6275837754388993 0.4590204467753366 0.6152825153764939 0.4584629319032397 0.6083785832599059 0.45608880670698965 0.6032229123551597 0.4446641290036129 0.5952565422522922 0.4399320486431783 0.5945302462236262 0.425537088471036 0.5978229345984365 0.41034935271430195 0.6088390111295905 0.407314231067765 0.6124799833029452
4 0.5323010705045564 0.5716407415654139 0.5284306474145011 0.573205405129934 0.5175411712643767 0.5743245776045098 0.5111769713678156 0.5768490996781462 0.5042450708043624 0.5818400844316697 0.5018384464944725 0.5882364187842537 0.5020796914442378 0.5925645390886238 0.5041679450530336 0.5977553106107103 0.506252156153813 0.6005498206875901 0.5148140754746302 0.6064709355186528 0.5326029530745681 0.6119127835478839 0.5372336526355751 0.6141767370843504 0.554758971966903 0.6174720752700665 0.5686085447909978 0.614464239114288 0.5729189319216568 0.6117561193933301 0.5737197925222813 0.6088252541273999 0.5735008608913607 0.6023155233621746 0.5720897737649173 0.5979131545428137 0.5618532090490469 0.5854431610488751 0.5505603104799752 0.5785500458677652 0.5429918275638421 0.575993145551646 0.5388801595240216 0.5732296888117961 0.5323010705045564 0.5716407415654139
4 0.8772395981786371 0.7269111910991857 0.8809903696584367 0.731462056948528 0.8840943729907611 0.737835432524703 0.8883114643380257 0.7414574932019589 0.899732099533386 0.7470276018596196 0.90306117778341 0.748144051959338 0.9073756074220853 0.7478321936835867 0.9131417083168769 0.7451632218602791 0.9162660832387921 0.7327958078435037 0.9155808317404068 0.7272148822503649 0.9107656413913728 0.7234483718234378 0.867627488291397 0.7148002983392697 0.8666988910644842 0.7190541701286491 0.8685235864046703 0.7220984318072207 0.872450763656464 0.7233593316566103 0.8772395981786371 0.7269111910991857
4 0.822674156312844 0.4314016146960916 0.819326807251992 0.43486303650243496 0.8162470589677658 0.4428672295975001 0.8169302096873888 0.46261107287752745 0.827095791938709 0.47922963630882487 0.8328476645306889 0.48353479783678577 0.8355522879520825 0.4842921472024816 0.8468330589971048 0.48399647804797147 0.8548070651109478 0.480402748332888 0.8604860135091237 0.47229730066611264 0.8656297603540469 0.4551063104218941 0.8637361833280732 0.44204770099379287 0.8571449667845586 0.4332699694117907 0.8529278754372941 0.42964790873453484 0.8443476853056489 0.42830466580953397 0.839197954223455 0.42654021547645077 0.8318930295759317 0.42612982500384655 0.822674156312844 0.4314016146960916
5 0.3328471179812761 0.7386287532751586 0.3283522400625903 0.7398343161056561 0.327085059594501 0.7436939865436727 0.32254555503812615 0.7492627702958806 0.3181682279509335 0.7585157213994042 0.3178944838875285 0.7657396063523644 0.32205886358107094 0.7689323650609173 0.32832572518622094 0.7703417619402882 0.3440973316419128 0.766444268510074 0.34887403864003647 0.7628073436170295 0.3519010752705406 0.7543738485532615 0.3508468421961016 0.7457878091792016 0.3466216658328044 0.7373732256115323 0.3419909662717972 0.7351092720750657 0.33780831576742665 0.7364943852725746 0.3347914649317179 0.7355574855398677 0.33546863141407035 0.7363458882425933 0.3328471179812761 0.7386287532751586
5 0.3953897800862333 0.8013270045433958 0.3933906207033072 0.8181318879968723 0.3957424325807128 0.8254691693624736 0.4023072932973665 0.8340322499601245 0.4068325695509296 0.8354375995591848 0.4170975908724233 0.8339593263505867 0.41979412927778403 0.8299241528258691 0.42345984903973033 0.814875625144855 0.42232654848470846 0.8056456328177408 0.41570493360631655 0.7942569888061802 0.4138315691204249 0.7931796866041125 0.40792964658331216 0.7923791420604559 0.4013546000718633 0.7931864562592803 0.3983154359173099 0.7944311669874283 0.3953897800862333 0.8013270045433958
5 0.47658943844730317 0.7985472135544012 0.47893316530867586 0.8010919720295891 0.4914222618812868 0.8082739867100415 0.49574073402797864 0.8103583898794968 0.5084812613451499 0.8124981300678439 0.5129761392638359 0.8112925672373464 0.5174669746745053 0.8076907429616422 0.5187077993157335 0.8036164215392739 0.5052333513544712 0.7978627152342915 0.4897983864107016 0.7855952308837736 0.48467501115536893 0.7840454315350418 0.4767233183603704 0.7854575507892703 0.4753811129197147 0.791069529719439 0.47658943844730317 0.7985472135544012
5 0.6375028021199414 0.7596154744302197 0.6370668805873541 0.7631551920318642 0.6384596969029694 0.7721354327572868 0.6448441093396126 0.7815922179096837 0.6488807524068665 0.786107983141686 0.6536655444210232 0.7872635811390547 0.6593789336620927 0.7841653073470444 0.6637643457653181 0.779704879133934 0.6656559810620379 0.7762043094299402 0.6652789144699514 0.7684066727586057 0.6635515574211764 0.761428492127027 0.660557019904312 0.7583099819334647 0.6593040677390345 0.7551955190202129 0.6545415890437225 0.7518583105619888 0.6447428875896934 0.7524077785985008 0.6375028021199414 0.7596154744302197
5 0.6620491162405923 0.7799154828379752 0.6568101318830204 0.7868774743483127 0.6569723093522026 0.7905616416996283 0.6607271233400189 0.7975087689941773 0.6718355311210636 0.8028993272848268 0.6754464384505257 0.8015844153219982 0.6793918865131474 0.7982674432653261 0.6845518033901365 0.790661498801934 0.6843896259209543 0.7869773314506183 0.680916641012576 0.7775988420935226 0.6789642090461013 0.7758775869384003 0.6756614866229383 0.7749757878230333 0.6707226021556324 0.7749285453647621 0.6659945643032141 0.7765985107813028 0.6620491162405923 0.7799154828379752
5 0.6704187778563668 0.718097324250197 0.6670187171417925 0.7211294440878374 0.6654393092593881 0.7248095641588428 0.6658123333434582 0.7302109393849704 0.6670652855087357 0.7333254022982223 0.6793597054985245 0.7483752548846891 0.6831591461240297 0.7509591612575278 0.6873985507901387 0.7523996114739285 0.6934362949695727 0.7566696723845492 0.7016819443680583 0.7600149754033941 0.7084110833326566 0.7580993056654719 0.7118638557009527 0.7554964877965344 0.7127701396090211 0.7534242264680102 0.7121903114180796 0.7487019048122774 0.7067729795592597 0.7423946831904725 0.7025133623530687 0.7289729257480385 0.6963884656770187 0.7192663889939498 0.6859045127246043 0.7142349314373229 0.6753272639887953 0.7155336542789101 0.6704187778563668 0.718097324250197
5 0.8295658239807944 0.7569502596314159 0.8247100495020877 0.759943231571406 0.8138732850056856 0.7614917060146846 0.812967001097617 0.7635639673432089 0.8143821307320769 0.7703625976077764 0.8173503124220801 0.7732664568169872 0.8222405277436806 0.775280658751762 0.8282965427339428 0.7749728477563209 0.8325055490651744 0.7738023855431636 0.8374667468513248 0.7716680175405797 0.8430220011312285 0.7672818378424602 0.8439202000232642 0.7604170536235226 0.8432836176705845 0.75286916855388 0.8411690082349275 0.747463746047442 0.8357780322029686 0.7413711754099888 0.8320089899123406 0.7413981814667082 0.8275181545016712 0.7450000057424123 0.8303362862465414 0.7514084819359275 0.8295658239807944 0.7569502596314159
5 0.8466046109045756 0.7491930957631852 0.8497876817174831 0.7562104242924145 0.8536134781698493 0.7590089816496046 0.8557990700700563 0.7602658342186837 0.8587104975983213 0.7603441300139847 0.8654132807360584 0.7582138092917112 0.8710739583234058 0.7546862335309976 0.875639818706642 0.7493321007631412 0.8755790220368871 0.7441102759040249 0.8728926694263215 0.7387750546322674 0.8605880636417377 0.7330955968422757 0.8561418548687574 0.7323342001962697 0.8525045917124343 0.7334344611747465 0.8482246029166529 0.7387534933252627 0.8466046109045756 0.7491930957631852
5 0.6607440886196265 0.653483330680086 0.6595559756321203 0.6579869540711571 0.6604784295722543 0.6654997385234596 0.6655308223630372 0.67119810780955 0.6714894990618883 0.6748242157671165 0.6754430321405429 0.6762997666008573 0.6847227020733854 0.6762498017677286 0.6878145778816606 0.6754343930082836 0.6921736341580251 0.6707593138108219 0.6919323892082601 0.6664311935064517 0.6871800963077433 0.6537235902517524 0.682936649133618 0.649886878590145 0.6777869180514241 0.6481224282570619 0.6699629618827141 0.6482115409878411 0.6638846335736075 0.6507009624441372 0.6607440886196265 0.653483330680086
5 0.7977583834676143 0.5002627829643658 0.7997452562769827 0.5069912119942528 0.8038650093328361 0.5145471916245162 0.8103467600608903 0.5200700578239056 0.81216741289306 0.5207180580572704 0.8187688152313696 0.5201253948427976 0.8229778215626012 0.5189549326296402 0.8264833055846195 0.5167814167294058 0.8294880288962789 0.5105295321264929 0.8314871882792051 0.49372464867301635 0.8307715384459422 0.4855328106503193 0.8247561075853527 0.4790811392788433 0.8173153612955082 0.47520123243927503 0.8135463190048802 0.4752282384959945 0.7998893219848452 0.4845311544326467 0.7977422134355486 0.4906777371835391 0.7977583834676143 0.5002627829643658
5 0.7781126295128675 0.44188448487592635 0.7711543731225533 0.44666081864509827 0.7691086453726842 0.4512697438881899 0.7721153104135977 0.4615770384173721 0.7809671438298855 0.46985931407630127 0.7832094898918309 0.47394173005929 0.7868021264104648 0.4772046900025234 0.7971056310828688 0.48312985211389653 0.8106916456383539 0.4779755061146032 0.8139599272186231 0.4738701313552053 0.8155393351010275 0.4701900112841998 0.812630008351525 0.4559487978020103 0.8058502585119672 0.44327224788434105 0.8019981062327399 0.44025903954279927 0.7979918615003634 0.43835418674035537 0.7847099893431608 0.43889556021624676 0.7781126295128675 0.44188448487592635
5 0.9183619115799424 0.4497210517530562 0.9101851438672446 0.4563900964837411 0.9088388959185727 0.4596058139687032 0.9091815216677652 0.4623962767652727 0.9122591691732289 0.46855500135709605 0.9219645748438634 0.47433571371879796 0.9348409238033557 0.4799449702741093 0.9425898549994993 0.4816081660354822 0.9509591985162571 0.4812342010856712 0.9550100698863228 0.4787758329664048 0.9575484733305174 0.47345275353557825 0.9574309224990241 0.4654053652625523 0.9553953805439503 0.46064389570916886 0.9513587374766965 0.45612813047716666 0.9398813481195978 0.4477324584055963 0.9292473452220505 0.4462056178332737 0.924413884062188 0.4470169793124086 0.9183619115799424 0.4497210517530562
5 0.8574977783285466 0.4266900374118851 0.8584912147332308 0.4300542519268286 0.8667185933208881 0.43797742685173524 0.8726245583660173 0.44117423284059853 0.8797753905603912 0.44269297885230036 0.8864822162061449 0.4429589195752334 0.897006753288232 0.4412308947649432 0.9001696115610575 0.4362669160681394 0.889231625314736 0.40863095120023535 0.8818172348517523 0.40496569534501853 0.8754226366203139 0.4048793049890966 0.8646649396044944 0.40707173238543 0.859004262017147 0.41059930814614354 0.857785750694763 0.4124920191076565 0.8574977783285466 0.4266900374118851
5 0.38011272478381525 0.05062084099817428 0.370729573272783 0.06637138102599219 0.3692373178869942 0.07548797694046509 0.37112280989693514 0.08375406347815284 0.37562577283165377 0.08734102353806872 0.38061736895268183 0.08781756796504281 0.39485419416365836 0.0832369736841236 0.39758113090389646 0.08181271258896432 0.4050543763073808 0.0741406141712023 0.4093343651031624 0.06882158202068593 0.41091377298556686 0.06514146194968093 0.4104008847511592 0.05387430891138232 0.4094601600001969 0.050939396365141755 0.4047463504505903 0.04563522843041401 0.39681292846642013 0.04246947577858062 0.3938001201387277 0.04392883749108014 0.38977156208750663 0.044205595149491385 0.38011272478381525 0.05062084099817428
5 0.43463124704849515 0.010154311868952793 0.4279101930999298 0.016862504497288277 0.42498049476083677 0.021362080608048915 0.4226792937583907 0.028617018898038894 0.4225292438132576 0.03212163588234329 0.42451207411460956 0.03645380346702369 0.4236585018602631 0.03895536676425104 0.42662668355026645 0.04185922597346172 0.43554949943110455 0.04599293169503209 0.44202316514312584 0.046723275004008344 0.44976805383125285 0.045990209320174634 0.46067984330022166 0.04268942638474362 0.4672691181144823 0.03490797883465069 0.46926213421062946 0.02986975162285619 0.4673949130115167 0.01702579317910651 0.46301564419506996 0.009719565150534848 0.4521971505094958 0.006690167687751903 0.4484017523920071 0.0065025227601198665 0.4381367310705132 0.00798079596871828 0.43463124704849515 0.010154311868952793
5 0.48156463921645115 0.04971212709973623 0.4817004608587724 0.05318164346670038 0.48514304743227327 0.05994922039423809 0.49019139771503967 0.063251328235122 0.49403950748625036 0.06386827513145699 0.5046288837461087 0.06975833662548983 0.5117229617787441 0.068451519223282 0.5158975272670818 0.062273883135359934 0.5168220819859783 0.05562374990077368 0.5162301262709877 0.043712643909421 0.5171364101790561 0.04164038258089668 0.5169742327098739 0.03795621522958106 0.5128889204969143 0.035407409474082566 0.5041019262583977 0.03474322011947635 0.49757959140067065 0.03597983628700367 0.485581069743623 0.042246585105705226 0.4825195922702251 0.04567290629470842 0.48156463921645115 0.04971212709973623
5 0.5208790966428228 0.04139872553982569 0.5196159586827502 0.047654657423048884 0.5200903635662477 0.051518375141375916 0.5248345714507316 0.059433455505661745 0.5329038150772231 0.06606872452445929 0.5426842457204241 0.0700971283940091 0.5506663368502998 0.07129592156933891 0.5543826674872057 0.07083961354391644 0.5601751242088582 0.06838529270496041 0.5654445069013077 0.06403421362418112 0.5661176308756437 0.06242635488169999 0.56652719658137 0.05867198629570396 0.563542844859301 0.04618308130566664 0.5532048993440031 0.035250745319528765 0.5425668539384393 0.03132764330199951 0.5352092176371941 0.030487950860692427 0.5253618470374595 0.033004378373708045 0.5208790966428228 0.04139872553982569