2 0.7134216589861752 0.4452854671280277 0.7286866359447004 0.4584775086505191 0.7330069124423964 0.46020761245674746 0.751152073732719 0.4586937716262976 0.768721198156682 0.45285467128027684 0.7799539170506913 0.4446366782006921 0.7862903225806452 0.4375 0.7908986175115207 0.42863321799307963 0.7920506912442397 0.42214532871972327 0.7917626728110599 0.4147923875432526 0.7891705069124424 0.41111591695501737 0.780241935483871 0.4078719723183391 0.7664170506912443 0.4061418685121107 0.758352534562212 0.40657439446366783 0.7465437788018433 0.41025086505190317 0.7307027649769585 0.4186851211072665 0.7217741935483871 0.42063148788927335 0.7168778801843319 0.4234429065743945 0.7119815668202765 0.43252595155709345 0.7111175115207373 0.43966262975778553 0.7134216589861752 0.4452854671280277
2 0.4717741935483871 0.7169117647058825 0.4772465437788019 0.7212370242214534 0.48617511520737333 0.7244809688581315 0.5020161290322581 0.7233996539792388 0.5086405529953917 0.7214532871972319 0.5169930875576038 0.7136678200692043 0.5256336405529953 0.7006920415224914 0.5273617511520737 0.6929065743944637 0.527073732718894 0.6853373702422145 0.5230414746543779 0.678416955017301 0.5172811059907835 0.6747404844290659 0.5129608294930875 0.6734429065743945 0.497983870967742 0.6743079584775087 0.49107142857142855 0.6766868512110726 0.47926267281105994 0.6849048442906576 0.476094470046083 0.6881487889273357 0.4711981566820277 0.6957179930795848 0.4691820276497696 0.7028546712802768 0.4691820276497696 0.7095588235294119 0.4717741935483871 0.7169117647058825
3 0.7160138248847926 0.4041955017301039 0.7194700460829494 0.4067906574394464 0.7246543778801844 0.4085207612456748 0.7307027649769585 0.40916955017301043 0.7376152073732719 0.411764705882353 0.7413594470046083 0.411764705882353 0.7618087557603687 0.4048442906574395 0.7672811059907835 0.39684256055363326 0.7692972350230415 0.39121972318339104 0.7690092165898618 0.3827854671280277 0.7638248847926268 0.36613321799307963 0.758352534562212 0.3626730103806229 0.7485599078341014 0.3600778546712803 0.7445276497695853 0.35986159169550175 0.7376152073732719 0.3618079584775087 0.7197580645161291 0.3752162629757786 0.7157258064516129 0.3806228373702422 0.7134216589861752 0.38667820069204156 0.7139976958525346 0.40030276816608995 0.7160138248847926 0.4041955017301039
3 0.17367511520737328 0.29346885813148793 0.1788594470046083 0.298659169550173 0.18404377880184333 0.3008217993079585 0.195852534562212 0.3025519031141869 0.20305299539170507 0.30233564013840836 0.22004608294930877 0.2988754325259516 0.22436635944700462 0.2971453287197232 0.2275345622119816 0.29455017301038067 0.23127880184331798 0.28330449826989623 0.2315668202764977 0.2781141868512111 0.22868663594470048 0.2720588235294118 0.22321428571428573 0.268598615916955 0.21658986175115208 0.2675173010380623 0.20276497695852536 0.26211072664359863 0.1849078341013825 0.26081314878892736 0.18202764976958524 0.26146193771626297 0.17857142857142858 0.26384083044982704 0.17079493087557604 0.27400519031141873 0.17021889400921658 0.28179065743944637 0.17367511520737328 0.29346885813148793
4 0.21284562211981567 0.617430795847751 0.22724654377880188 0.6163494809688582 0.2315668202764977 0.6172145328719724 0.23559907834101385 0.6200259515570934 0.23732718894009217 0.622621107266436 0.23646313364055302 0.6321366782006921 0.23732718894009217 0.6340830449826991 0.25144009216589863 0.6368944636678201 0.25518433179723504 0.6338667820069205 0.25460829493087556 0.6306228373702423 0.2557603686635945 0.6237024221453288 0.2603686635944701 0.6161332179930796 0.2603686635944701 0.6115916955017301 0.2572004608294931 0.6057525951557093 0.25201612903225806 0.6022923875432526 0.2439516129032258 0.6012110726643599 0.23502304147465441 0.6020761245674742 0.2157258064516129 0.6120242214532873 0.21226958525345624 0.615916955017301 0.21284562211981567 0.617430795847751
4 0.1347926267281106 0.6691176470588236 0.14746543778801843 0.679930795847751 0.15610599078341014 0.6814446366782008 0.16244239631336405 0.6801470588235294 0.17079493087557604 0.6758217993079585 0.17569124423963134 0.6712802768166091 0.18433179723502305 0.666089965397924 0.18605990783410137 0.6615484429065744 0.1849078341013825 0.6578719723183392 0.16849078341013826 0.6479238754325259 0.16215437788018433 0.6490051903114187 0.1581221198156682 0.6485726643598617 0.15495391705069125 0.6440311418685122 0.15120967741935484 0.6418685121107267 0.14400921658986177 0.642733564013841 0.13652073732718895 0.6472750865051904 0.13220046082949308 0.659385813148789 0.13191244239631336 0.6647923875432526 0.1347926267281106 0.6691176470588236
4 0.20823732718894009 0.6734429065743945 0.20996543778801846 0.6758217993079585 0.2171658986175115 0.680363321799308 0.2275345622119816 0.6823096885813149 0.23559907834101385 0.679930795847751 0.24308755760368667 0.6762543252595157 0.24913594470046085 0.6704152249134949 0.253168202764977 0.6615484429065744 0.25201612903225806 0.6429498269896194 0.24971198156682028 0.6381920415224914 0.24135944700460832 0.6355968858131489 0.23559907834101385 0.6355968858131489 0.22580645161290325 0.6397058823529412 0.21198156682027652 0.6531141868512111 0.20794930875576037 0.6632785467128028 0.20708525345622122 0.6697664359861593 0.20823732718894009 0.6734429065743945
4 0.5466589861751152 0.8429930795847751 0.5501152073732719 0.846885813148789 0.5567396313364055 0.8483996539792388 0.560483870967742 0.8481833910034602 0.568836405529954 0.8401816608996541 0.570852534562212 0.8356401384083046 0.568836405529954 0.8192041522491349 0.5702764976958525 0.8105536332179932 0.5665322580645162 0.8064446366782008 0.5564516129032258 0.8034169550173011 0.5506912442396313 0.804930795847751 0.5486751152073733 0.8064446366782008 0.5429147465437788 0.8142301038062284 0.5426267281105991 0.8198529411764707 0.5466589861751152 0.8429930795847751
5 0.5711405529953917 0.833044982698962 0.5780529953917051 0.8332612456747406 0.5849654377880185 0.83780276816609 0.5887096774193549 0.8384515570934257 0.5924539170506913 0.8386678200692043 0.5979262672811061 0.8360726643598616 0.6002304147465438 0.833044982698962 0.6013824884792627 0.8291522491349482 0.6008064516129032 0.8230968858131489 0.5956221198156683 0.8133650519031143 0.589573732718894 0.8070934256055364 0.5849654377880185 0.8057958477508651 0.5800691244239632 0.8070934256055364 0.5705645161290323 0.8131487889273357 0.5682603686635945 0.8183391003460209 0.5685483870967742 0.828287197231834 0.5711405529953917 0.833044982698962
5 0.5466589861751152 0.6267301038062285 0.554147465437788 0.6342993079584776 0.5584677419354839 0.6373269896193772 0.5671082949308757 0.6397058823529412 0.5748847926267281 0.6399221453287198 0.5815092165898618 0.638840830449827 0.5852534562211982 0.6366782006920416 0.586405529953917 0.6338667820069205 0.5861175115207373 0.6265138408304499 0.582373271889401 0.6219723183391004 0.5777649769585254 0.6187283737024222 0.5676843317972351 0.6146193771626298 0.5607718894009217 0.6139705882352942 0.5538594470046083 0.6157006920415226 0.5480990783410139 0.6198096885813149 0.5463709677419355 0.6228373702422145 0.5466589861751152 0.6267301038062285
5 0.6356566820276498 0.6410034602076126 0.6402649769585254 0.6444636678200693 0.6509216589861752 0.6474913494809689 0.6549539170506913 0.6448961937716263 0.663594470046083 0.6332179930795848 0.6670506912442397 0.6239186851211074 0.665610599078341 0.6195934256055364 0.661578341013825 0.615916955017301 0.6572580645161291 0.6139705882352942 0.6543778801843319 0.61310553633218 0.6509216589861752 0.6141868512110726 0.6388248847926268 0.6232698961937717 0.6359447004608295 0.6267301038062285 0.633352534562212 0.6327854671280277 0.633352534562212 0.6366782006920416 0.6356566820276498 0.6410034602076126
5 0.5872695852534562 0.9007352941176471 0.5915898617511521 0.9065743944636679 0.5947580645161291 0.9152249134948098 0.5985023041474655 0.9171712802768166 0.6028225806451613 0.9176038062283738 0.6129032258064516 0.9169550173010382 0.619815668202765 0.9150086505190312 0.6226958525345623 0.911332179930796 0.6247119815668203 0.9041955017301039 0.6267281105990784 0.9011678200692043 0.6264400921658987 0.8944636678200693 0.619815668202765 0.8873269896193772 0.6140552995391706 0.8834342560553633 0.6123271889400922 0.8808391003460209 0.6068548387096774 0.87651384083045 0.6036866359447004 0.8752162629757786 0.5996543778801844 0.8743512110726644 0.5953341013824885 0.874567474048443 0.5901497695852534 0.8793252595155711 0.5858294930875576 0.8871107266435987 0.5855414746543779 0.8916522491349482 0.5872695852534562 0.9007352941176471
5 0.14055299539170507 0.622621107266436 0.1546658986175115 0.6431660899653979 0.16474654377880185 0.6470588235294118 0.1713709677419355 0.6466262975778547 0.1774193548387097 0.6440311418685122 0.17972350230414746 0.6418685121107267 0.18317972350230416 0.6355968858131489 0.18433179723502305 0.6265138408304499 0.18289170506912442 0.6230536332179931 0.1716589861751152 0.6115916955017301 0.1650345622119816 0.6076989619377163 0.1578341013824885 0.6051038062283738 0.14976958525345624 0.6044550173010381 0.14055299539170507 0.6070501730103807 0.13680875576036866 0.6098615916955017 0.1347926267281106 0.61310553633218 0.13450460829493088 0.6163494809688582 0.14055299539170507 0.622621107266436
5 0.19930875576036866 0.6479238754325259 0.2036290322580645 0.6522491349480969 0.20622119815668202 0.6533304498269896 0.20996543778801846 0.6531141868512111 0.22235023041474652 0.6423010380622838 0.23185483870967744 0.6371107266435987 0.23559907834101385 0.6340830449826991 0.2379032258064516 0.6245674740484429 0.23646313364055302 0.6195934256055364 0.2341589861751152 0.6176470588235294 0.22724654377880188 0.6152681660899655 0.21370967741935484 0.617430795847751 0.20650921658986174 0.6232698961937717 0.19786866359447006 0.6336505190311419 0.19642857142857145 0.6371107266435987 0.19930875576036866 0.6479238754325259
5 0.06451612903225806 0.27011245674740486 0.07430875576036866 0.2720588235294118 0.08525345622119816 0.2703287197231834 0.09187788018433181 0.2668685121107267 0.09591013824884793 0.26362456747404844 0.1005184331797235 0.2569204152249135 0.10138248847926268 0.2517301038062284 0.0956221198156682 0.2374567474048443 0.0881336405529954 0.23291522491349484 0.08150921658986175 0.23269896193771628 0.07805299539170507 0.233780276816609 0.0685483870967742 0.23961937716262977 0.058179723502304145 0.2558391003460208 0.05933179723502304 0.2655709342560554 0.06451612903225806 0.27011245674740486
5 0.1298963133640553 0.15441176470588236 0.1336405529953917 0.15808823529411767 0.14372119815668202 0.16176470588235295 0.15120967741935484 0.16154844290657439 0.15898617511520738 0.1583044982698962 0.16589861751152074 0.14749134948096887 0.16618663594470046 0.14208477508650522 0.16330645161290322 0.1258650519031142 0.16129032258064518 0.12132352941176472 0.1578341013824885 0.11764705882352941 0.15408986175115208 0.11656574394463667 0.14746543778801843 0.11786332179930796 0.14400921658986177 0.12002595155709343 0.13652073732718895 0.12651384083044984 0.13551267281105991 0.13094723183391005 0.133352534562212 0.1327854671280277 0.12903225806451613 0.14035467128027684 0.1287442396313364 0.15095155709342561 0.1298963133640553 0.15441176470588236
5 0.16589861751152074 0.16414359861591696 0.16993087557603687 0.16911764705882354 0.17569124423963134 0.17301038062283738 0.1849078341013825 0.1766868512110727 0.18922811059907835 0.17993079584775087 0.19786866359447006 0.1684688581314879 0.19873271889400923 0.16371107266435986 0.19786866359447006 0.15116782006920418 0.19268433179723504 0.1448961937716263 0.18922811059907835 0.14316608996539792 0.1826036866359447 0.14186851211072665 0.17453917050691245 0.14273356401384085 0.16647465437788017 0.14749134948096887 0.16013824884792627 0.15722318339100347 0.16071428571428573 0.16198096885813149 0.16589861751152074 0.16414359861591696
5 0.14890552995391707 0.20523356401384082 0.1578341013824885 0.21064013840830453 0.16877880184331798 0.21237024221453288 0.17482718894009217 0.21128892733564014 0.17857142857142858 0.20912629757785467 0.18922811059907835 0.19442041522491352 0.19066820276497695 0.18576989619377166 0.1875 0.1805795847750865 0.18202764976958524 0.17776816608996543 0.1777073732718894 0.17647058823529413 0.16820276497695855 0.17755190311418687 0.16589861751152074 0.1790657439446367 0.16100230414746544 0.1801470588235294 0.15351382488479265 0.18490484429065746 0.1483294930875576 0.19290657439446368 0.1457373271889401 0.20025951557093427 0.14890552995391707 0.20523356401384082