5 0.7658296136927493 0.1626176838742892 0.7414687134346841 0.1641660698020309 0.7339840777140433 0.16797851444601047 0.7268333915069489 0.179401998492167 0.7262745313055456 0.18326515840259514 0.7317801838446327 0.19123783850966675 0.735546161907105 0.19518662950413482 0.7386010468912378 0.19691778534739815 0.7476134689666997 0.19603045781555567 0.7701146965329257 0.19630315051653247 0.7743785041009248 0.19313264789971715 0.7755595846226166 0.18450023616469768 0.7849756168740272 0.17371210089480207 0.7845970978582152 0.1708673483837527 0.7832811996251875 0.169041003272082 0.7768690270795782 0.16577433660532215 0.7658296136927493 0.1626176838742892
5 0.8067657513619138 0.1717671584445743 0.7993256851435386 0.17081331619742648 0.7859733390616095 0.17183074881526786 0.7751334789560204 0.18646491777878352 0.775875431245053 0.1923701589709212 0.7826208655786995 0.19912878665884723 0.7906362531920885 0.20424188958754969 0.7975318572261426 0.20472407719407598 0.8187315845764236 0.19883561023233237 0.8214532077725192 0.1970748050544297 0.8244614600778577 0.19121501264578805 0.8238552794721509 0.1833681459233004 0.8187432316914676 0.1780244821572393 0.8132231811352982 0.1743866166012175 0.8067657513619138 0.1717671584445743
5 0.7420941061360399 0.19651167064054462 0.7399471166094487 0.19831265811899107 0.7388287084811326 0.2019198995588365 0.7413549047490455 0.20708274297245016 0.7492043491939258 0.21456894377158048 0.754527597370893 0.21689230115709704 0.7722205551847989 0.21986384183426755 0.7760461884921287 0.21883060976756927 0.785465925617567 0.21211840564467677 0.786039871561562 0.20803950956420975 0.7848295735266766 0.2047030112622668 0.7772372744313653 0.1976683739534862 0.752800257734832 0.19617636235041142 0.7420941061360399 0.19651167064054462
5 0.752547882245212 0.13372288697486043 0.7430060837280208 0.13392282369604244 0.7306219760739999 0.13760945495543825 0.7255263894869275 0.14028821178135997 0.7215197272684971 0.14391027788852498 0.7187686203127275 0.15022163378751627 0.7194954868591682 0.15634261114969278 0.7207661278644205 0.15881616477148022 0.7267552118919522 0.1640043658183182 0.7344222519747128 0.16584124389589347 0.7656478970561389 0.16108743953374507 0.7715444034515918 0.15521282245778387 0.772904871186885 0.15227288067832712 0.7725112664284811 0.14964386433731666 0.7691231196563114 0.14442074747288713 0.7604871534201331 0.13579559237274666 0.752547882245212 0.13372288697486043
5 0.1282935898545105 0.41915961557475445 0.12381789416471771 0.4212313461911033 0.11707383528209041 0.422710875265199 0.11373232118871483 0.42507870665267455 0.11285597266737588 0.42935324775290845 0.11942106581543108 0.4428197878623119 0.1326088441798705 0.45241360987691986 0.14038148446077303 0.4527403347642231 0.15154089606282628 0.45005201975393394 0.15547212956829787 0.44750863449696343 0.15628813511926992 0.44409703807688494 0.14628963797126998 0.42605458961316883 0.13865208164818324 0.4196671608145047 0.1282935898545105 0.41915961557475445
5 0.13259375843727877 0.45262934604695876 0.12848080829519684 0.4536424869633852 0.12471620568374353 0.4579318527309387 0.12362865676612048 0.4652267002117171 0.1275770391907125 0.4748248139277401 0.1314486174513269 0.47726345173193596 0.13820844980205546 0.47968726486881225 0.14843048218689317 0.47801735725790173 0.15348081154619048 0.4759858089420968 0.15567305830055705 0.47353761295353347 0.1559144301820246 0.4700858342329113 0.15364469153817087 0.4612554759286366 0.15066454754148734 0.4543265608541679 0.14736760295037743 0.45192810535051586 0.13259375843727877 0.45262934604695876
5 0.19018193768152034 0.4796361570270977 0.18236472789835215 0.48407571903092206 0.17648261951998157 0.4856155215558336 0.17599987575704643 0.4925190789970781 0.17826892667539046 0.49723035892034206 0.1825032504837157 0.4986104070246154 0.19083543869153102 0.4991930503825013 0.19754932608897505 0.4981449936484833 0.20040672096839626 0.4944425629402306 0.19945288055757018 0.48743854974762646 0.19769812033836356 0.4836303968050619 0.19338768009157034 0.4792099511699723 0.19018193768152034 0.4796361570270977
5 0.20459986968338564 0.43034882928840845 0.19681214365989136 0.4302378405711444 0.18931242219665892 0.43426602138516285 0.18704474672933374 0.4377928982239204 0.18630485761682983 0.4442448921748152 0.1889373418083944 0.4520166607791675 0.2161570123968998 0.45500400090519494 0.22008824590237147 0.4524606156482244 0.220495560952348 0.44663573905717435 0.21734878606164587 0.4379608434721227 0.21055809450022434 0.43184942429431344 0.20459986968338564 0.43034882928840845
5 0.18779353205484375 0.3940534626738895 0.1820019381320235 0.3942988481785676 0.17537925291563944 0.39817156627336303 0.1722345412014658 0.4018539058313437 0.1707835590106224 0.4060882646310338 0.17320415508039336 0.4127612612349198 0.1803274207043423 0.41824556305288435 0.18962784734006588 0.42149740505232447 0.19378674243543248 0.42395613400679233 0.20031960092177573 0.4254969113132411 0.207562864760949 0.4251362453898836 0.2152134436500987 0.4189507028754763 0.2148349246342866 0.4161059503644268 0.2090412675349378 0.40399410072607245 0.19233025844051294 0.3952378657583958 0.18779353205484375 0.3940534626738895
4 0.18379581026803724 0.45122354773419515 0.1804686941917439 0.4492565645706209 0.17113809607083683 0.4464361949112585 0.1642575777793745 0.44573827113469333 0.15719603057681147 0.447629181398595 0.14962088040062022 0.45273604306280796 0.1576390189160476 0.47432545951555366 0.17200623610467922 0.4835681737911717 0.17539369515133946 0.4846722122745904 0.17973361915780675 0.4845421071885914 0.19161852185528155 0.47973661277845736 0.1934171638512443 0.4746594004488836 0.1935220763238768 0.4690301688776006 0.19223566185052315 0.4626532730448412 0.18865071269915165 0.4561156480099065 0.18379581026803724 0.45122354773419515
4 0.7493759268223643 0.5176548546060703 0.7405136744473102 0.5122657420565131 0.7376706775849711 0.511633358213716 0.7335728131854808 0.5124307629601035 0.7293844343304404 0.5145225847267243 0.7265873824213859 0.5173620707548215 0.7261046386584508 0.5242656281960658 0.729417356717662 0.5305674259106898 0.7348016355905056 0.5361469169970616 0.7422423895343904 0.5412198376252204 0.7461893965079633 0.5425797945792219 0.7565478883016361 0.5430873398189722 0.7601767192297638 0.5407395995817686 0.7620960471664602 0.5339364978918838 0.7611120352704506 0.5273639570393576 0.757874745924198 0.5199834784745392 0.7548198609400655 0.5182523226312757 0.7493759268223643 0.5176548546060703
4 0.8012129552929942 0.5154262939136949 0.7969937172272608 0.5138305096393827 0.7860153345363082 0.5139299906092051 0.7794228208051076 0.5173712363639227 0.7774575479151266 0.5207024681829134 0.7781844144615674 0.52682344554509 0.7808614681553975 0.5298289272583148 0.7886800533895847 0.5336275220165121 0.798223227357795 0.5416657420573517 0.8035464755347623 0.5439890994428682 0.809020581137647 0.544155095127996 0.816127385567985 0.5416169763539778 0.8197253572854197 0.5355816300758411 0.8189079762834288 0.5307550697338977 0.8168658992294701 0.5269268256410614 0.8127975185896539 0.5231736796663602 0.8012129552929942 0.5154262939136949
4 0.7597694041797872 0.5465644761728187 0.756336687905352 0.5461076461995166 0.7529951738119764 0.5484754775869922 0.7491695405046468 0.5495087096536905 0.7454351093783772 0.5533666030811664 0.7457532854238224 0.5570743002723713 0.7512891094480929 0.564615508039365 0.7583822035868584 0.5705312821974073 0.7665333628835729 0.5737027595957598 0.7694668742014625 0.5730407264183235 0.7732163910703239 0.5689670968208088 0.775392864356589 0.5626155586212737 0.7745302261268228 0.558436206789447 0.7727603801650246 0.5548437900169214 0.768964230617369 0.551326471362531 0.7597694041797872 0.5465644761728187
4 0.7935836516760219 0.5584678056871609 0.7868546785359862 0.5597315985912177 0.7790827259805932 0.5635239520849255 0.7782818061722129 0.5667198123349648 0.7835913440576076 0.577497062652542 0.7882041868817449 0.5817218632678648 0.7951155643839002 0.5861073930853629 0.7985030234305603 0.5872114315687815 0.8025405448596837 0.5872769715025496 0.8090274583927421 0.5853458789381042 0.8123840582287093 0.5827623113805899 0.8140167570561629 0.5800581969214439 0.8134263499185573 0.5761146724099281 0.8055913034907591 0.5642936570597481 0.7973036847852095 0.5589447268107347 0.7935836516760219 0.5584678056871609
4 0.32733221047102895 0.5455923160207242 0.31441803864976925 0.5444724780884488 0.3087478183931923 0.5471110526138266 0.3042275532011339 0.553949070121303 0.30410893043692877 0.5680321946246466 0.308858232669901 0.5744344480906303 0.31513463353218496 0.57964274028774 0.3210626868638402 0.5815748076337227 0.3256748419624681 0.5816805298680346 0.334051599672549 0.5774968863347929 0.33631927513987403 0.5739700094960354 0.33823860307657055 0.5671669078061505 0.3381014559422259 0.5608703765744788 0.3363761794826934 0.5525116729108257 0.33211099646367515 0.5474440187656193 0.32733221047102895 0.5455923160207242
4 0.28116677770799503 0.5534204589497435 0.27434660238689956 0.5518595904930228 0.26993056194196413 0.5489492980482054 0.2657709791210881 0.5423714907127267 0.260494363622915 0.547639081579115 0.2577432566671453 0.5539504374781064 0.2561887374546883 0.5720521846111011 0.2592292244217389 0.5781181550054143 0.2657929421187751 0.583346538352796 0.270284411276669 0.5851781499474191 0.27312740813900815 0.5858105337902161 0.27962940741465836 0.5836637050557318 0.28668957916620236 0.5735346380298086 0.29598794262539746 0.5644292448862164 0.2970905772856123 0.5569186612353991 0.2928706514943693 0.5512037985800761 0.28609642112655853 0.5531147999942495 0.28116677770799503 0.5534204589497435
4 0.2803603560955385 0.5236636921516963 0.27376784236433793 0.5271049379064141 0.2697008371755407 0.5315899486937345 0.26560434822706963 0.5406255102021437 0.2656050359525791 0.5447445885831546 0.27540535527035825 0.5532343721143438 0.2831629098086691 0.5537768331716858 0.2904816023608009 0.552337486398134 0.2931730540717133 0.5510081535603091 0.30120146425116556 0.5435482851759402 0.3030755349600869 0.5373923919961721 0.3031502759475359 0.5321946327649668 0.3014558586986963 0.5275235351422467 0.2967374156764169 0.5248088877171961 0.2803603560955385 0.5236636921516963
4 0.9189841499444892 0.7140042157318377 0.9153093740630771 0.7128800860981471 0.9118163148182747 0.7132862008050007 0.9045586529620193 0.7179816812794079 0.9028957826493823 0.7211172680786316 0.9032441301800109 0.7243934929297587 0.9100211114498598 0.7389588050396285 0.9233288880295234 0.7427076593129147 0.9302395778061691 0.7429741107494019 0.9350176760733058 0.740706735113286 0.9360297962779702 0.7344905684827022 0.9319908993978279 0.7261868717869124 0.9261375870536217 0.7190570452097245 0.9189841499444892 0.7140042157318377
4 0.895849321189411 0.7227924421724943 0.8903450441013432 0.7230579188274443 0.889135433791967 0.7238404989065121 0.8812434830213496 0.7334778201415418 0.8809719396546987 0.7373610712022419 0.8835893381036716 0.7453485759766331 0.8895187668863457 0.7555188000846373 0.8949174437762718 0.7567634766199596 0.9019337337510596 0.7555197748661746 0.9043378686272195 0.7541703508780778 0.9067865730056456 0.7480546399988535 0.9076012031055984 0.7364048868167534 0.9055131810983548 0.7291047728530228 0.9018226317488415 0.7240773010083602 0.895849321189411 0.7227924421724943
5 0.8777298362298795 0.7011470439703477 0.8698817672360184 0.7018989999332391 0.8662831077930742 0.7038152678303649 0.8625486766668043 0.7076731612578406 0.8611731231889197 0.7108288392073362 0.8618540447820756 0.7134779466986186 0.8665121448339882 0.7170555388038249 0.8721391710393183 0.7274214079315962 0.8753606869174696 0.7308985442854425 0.8789600340859234 0.7331013547693276 0.8821959479811567 0.7322436765721243 0.8864748412917477 0.7288574377852701 0.8894378363693113 0.7236448538867453 0.8898753229044711 0.7173885049556175 0.8856396236451267 0.7077703000893225 0.8824331935095671 0.7040774275654371 0.8777298362298795 0.7011470439703477
5 0.4244433258779977 0.7216968107741566 0.41896922027511313 0.7215308150890289 0.41310219763933437 0.7228548814439015 0.40948845245379834 0.7249868855110663 0.4066612290595605 0.7282578438792411 0.40573962331044633 0.7331795934895917 0.40684500887269925 0.7421453233628178 0.41235134913729576 0.7542370818509002 0.4169038489910662 0.7593248271463785 0.42200012330364817 0.7607651487014675 0.4281242912889959 0.7598926458369447 0.4357145272077786 0.7545700480026928 0.4375735121741081 0.7486298909929635 0.43843271177632676 0.7322138509197359 0.4362692610561248 0.7259924178061997 0.4335016929067444 0.7242813531132082 0.4244433258779977 0.7216968107741566
5 0.47368491889734177 0.7524557929474593 0.46409717542686585 0.7491838597977474 0.4595001060708298 0.7488624013933964 0.45293776382481254 0.7518721748080364 0.4477365770395981 0.7560610848242304 0.4463610235617132 0.759216762773726 0.44982597449786066 0.7715993555499827 0.4597929247096582 0.781835119591755 0.4656153778431714 0.78527734012801 0.4716792028581522 0.7852677819436427 0.48115997067946703 0.7818117115216052 0.48397210833111315 0.7787564893234693 0.48442468060886473 0.7722844042223026 0.48173116572142394 0.7612565019170952 0.478055702114502 0.7560132939023936 0.47368491889734177 0.7524557929474593
3 0.4469507429738096 0.7590412089042309 0.4456197589981903 0.757430599962599 0.4419148116315944 0.7567379426689863 0.43579064364624676 0.7576104455335091 0.4265821069170925 0.7613023432758572 0.4240723718427903 0.7641619204542263 0.42352859738397874 0.7678093441946154 0.42493569779806617 0.7724603506670638 0.42194253123531933 0.7781044069056664 0.422290878765948 0.7813806317567936 0.4388983508387595 0.8040042550577748 0.44242226929425466 0.8072857463918546 0.4455525829913459 0.8079382213849234 0.4551547244789041 0.8068753399835857 0.45845098134450446 0.805154717106227 0.460446425719669 0.8013920129471586 0.4616395748354341 0.792587012276108 0.46426999585047 0.7880015457374278 0.46416370792681844 0.7853926205466892 0.4495386576631084 0.7715792643997108 0.44731486397253944 0.7662207759663301 0.4469507429738096 0.7590412089042309
2 0.17175885156809725 0.8132900892918045 0.16690463686249235 0.8125170673971039 0.1620963671101721 0.8152159153732974 0.1575459304329304 0.8224854052208517 0.15712352964036216 0.8285260179819407 0.15845520134149085 0.8342557053045834 0.16089019542834385 0.8365938873574196 0.17100731534054917 0.8405532113177923 0.17528689637664963 0.8412860509119489 0.179369675033548 0.8407043823356002 0.18744403016628497 0.8367163838221255 0.18995376524058716 0.8338568066437565 0.1940200827038748 0.8252527174754253 0.1940193949783653 0.8211336390944144 0.18765247966053106 0.8172197639175378 0.17789879302154615 0.8163209286382536 0.17175885156809725 0.8132900892918045
5 0.6488299435271961 0.14706537363174946 0.6416470226583897 0.14656309487495128 0.6340266152544234 0.15231716504928103 0.6280395944034203 0.1594861991454756 0.6275109056872006 0.1629178867158258 0.6284489726299254 0.16601855769745794 0.635208804980654 0.16844237083433425 0.6466267373832951 0.17444377607641653 0.6530834794311702 0.1729441558520489 0.6576654630446145 0.17348135042643859 0.6608862911972562 0.17283940839927414 0.664015917168838 0.16937280501133234 0.667704403341823 0.16204304171296235 0.6667210791713231 0.15958957924144687 0.6629852725940342 0.155209315906901 0.6553024590431724 0.14946909561835375 0.6488299435271961 0.14706537363174946