2 0.6944782588346549 0.552446793151542 0.6902587920736725 0.5555663871405082 0.687494069714483 0.562821421807391 0.687069836118809 0.5741179920882634 0.6892139725165201 0.581626145230565 0.6932055580476326 0.5863365039941595 0.7086516243032143 0.5902544135654362 0.7131405420897508 0.5893565716070737 0.7150926187469675 0.5878838115630332 0.7161446174855325 0.5845374472901593 0.7154996570355056 0.5829180857991698 0.7093467397995459 0.5770304184102829 0.7070062510360303 0.5729888827962932 0.7076082108152694 0.5687057164090026 0.7129556367247734 0.559629773896309 0.7084079538354163 0.5568067555885159 0.6961895515801759 0.5526872996624177 0.6944782588346549 0.552446793151542
3 0.6595372313705575 0.5754898564159596 0.6555141169753795 0.5751428328766142 0.6492537104653979 0.5762284849628301 0.6455745766306275 0.5796424061081195 0.6432613241058671 0.5836850659845343 0.6423440508800794 0.5881423062727101 0.6435594422452801 0.5898418366006581 0.6471167532490993 0.5914337256377115 0.6464545974919365 0.596145208663731 0.6484797728089031 0.6003608181786061 0.6587747655207851 0.6098880527342648 0.6640433692701256 0.6117204482821939 0.6784245341053163 0.6128680359286998 0.6846419399445101 0.6058798559642039 0.6853198601337056 0.5989867053260597 0.6811204504300661 0.5874771009882478 0.6730312209689223 0.5808805260312769 0.6595372313705575 0.5754898564159596
3 0.7574005239371218 0.5765771229203349 0.7511702154161022 0.5774486166871863 0.7449241424630499 0.5805017780661621 0.736800522387634 0.5865668921432095 0.7358531511728842 0.5912382907507497 0.7367976606374272 0.5948652459529786 0.7428445194744685 0.6035770559120837 0.7465064580021031 0.6064939792838033 0.7543720988586873 0.6084729762786814 0.7619381907007553 0.60844437956232 0.7682143616427696 0.6051770598639796 0.7724194948468226 0.6000899565822533 0.773157611013942 0.5927684893053802 0.7686127898747916 0.5816471171878179 0.7611384228747129 0.5768840620412011 0.7574005239371218 0.5765771229203349
5 0.2726818742340665 0.515661173718503 0.26808832892371487 0.5152339813421989 0.2650856844030365 0.5159039287542286 0.2597697873575979 0.5206165360426734 0.25925812154524475 0.5242572274718703 0.2608031599139235 0.5277501931916933 0.2686516054633717 0.5360600347035802 0.27285387691721796 0.5392712852316232 0.28008889088070454 0.5415984300282717 0.2889907660438211 0.5424127303624002 0.29280462539136876 0.5401096852324129 0.2970556210164164 0.5326267560191975 0.29728207137118273 0.5289459801715213 0.2960523464490528 0.5252789405508131 0.2897489392682834 0.5204620647587489 0.2726818742340665 0.515661173718503
5 0.31284421215140634 0.5009955088383878 0.30813027488520695 0.5014249497395419 0.3009984575704321 0.5045720161824445 0.2985203815439329 0.5077179583629219 0.29550054171611856 0.514718750291961 0.29486848394791754 0.519216074998616 0.2956481699107215 0.5219463125049073 0.30103573474080647 0.5270712516802629 0.3081804547374072 0.5300408714350049 0.31163313821741145 0.5303077261373917 0.3188695830560015 0.5284856940291556 0.32418548010144 0.5237730867407111 0.32687424205067284 0.519128036324682 0.32792624078923777 0.5157816720518079 0.3260959869629722 0.5122486219135058 0.3231105377494299 0.5065877248085265 0.32055936306318084 0.5040452974300884 0.31284421215140634 0.5009955088383878
5 0.3211470140913862 0.5412539000916435 0.3172887231979473 0.5418035942482355 0.3123039040310902 0.5441604600236705 0.3074839083659723 0.5474140434950426 0.3051104598632881 0.5518850200101866 0.30995626089205797 0.5608648089341035 0.3141886303348663 0.5638619011427818 0.3211986248186899 0.5657206448822218 0.32808965822176905 0.5642868449942356 0.33212853704897966 0.5624522009214565 0.3360484547954458 0.5573250132212508 0.33714631595500544 0.5515828230168879 0.33566147356425063 0.547661540658336 0.33097906516211645 0.5437276463352411 0.3211470140913862 0.5412539000916435
5 0.3604365103288295 0.5327988264730997 0.35313986951231563 0.5350491752200649 0.3454218568503345 0.5402977404381335 0.3417570565724932 0.5456791708761829 0.34231029218053083 0.5520901842301504 0.34535593737199705 0.5573227646964007 0.34637640724649665 0.558339735647776 0.35436244005892864 0.5594620993651959 0.35987182771996484 0.5595812283582087 0.3667327631340821 0.5583615867895869 0.36928536869543455 0.5567548372631403 0.3703072694450375 0.553622631309631 0.3737011878222213 0.5501686257458623 0.3744694019783027 0.5426330001496247 0.3720242856909721 0.5372664302009685 0.36801693572782684 0.5347377390494985 0.3604365103288295 0.5327988264730997
5 0.48029292199364726 0.5326092579761308 0.46897316678195533 0.5345125831837504 0.4629220153196041 0.5382483039392991 0.46104446819724043 0.5412602566373705 0.4629936831042505 0.5480858504030992 0.469492011775721 0.5535852855717364 0.4731998127243501 0.554106383011967 0.48138219790258646 0.5517621292010751 0.48566186064149264 0.5482142185733798 0.48853121052449733 0.5422842182411636 0.48818722996409003 0.5385232735565287 0.4867023875733351 0.5346019911979768 0.48400072294227636 0.5331303554163613 0.48029292199364726 0.5326092579761308
5 0.5355458986053343 0.551293973221734 0.5317019412688246 0.553811176671086 0.5277662590903258 0.5611200319834161 0.5263975160301086 0.5687896470620598 0.5300737881146725 0.5736740797265396 0.533466275616753 0.5743692510676555 0.5353581562960457 0.573324807662344 0.5393683680093977 0.5675551450040449 0.5447444610327602 0.5624142210768712 0.5566790787055169 0.5623444156796056 0.5531518656906595 0.5605383683231876 0.5531676301226922 0.5583567007110631 0.5511123568167636 0.5543552495155526 0.5470304773187651 0.5502873657100518 0.5434129703370219 0.5491237933117274 0.5355458986053343 0.551293973221734
5 0.5500904560671607 0.557487455469062 0.5486185163582318 0.5596828593081546 0.5412760131207233 0.5643290339866088 0.533795922620231 0.5761626864595304 0.5340797072027145 0.5803519477828941 0.5369304309034796 0.5849019688725715 0.5435792495197599 0.589330612444386 0.5498840875756328 0.5899983113315657 0.5558291806390654 0.589086733146235 0.562466527448623 0.5832495136155204 0.5639098000436935 0.5771190911909077 0.5633565644356557 0.57070807783694 0.5594710373034616 0.5631735765031273 0.5531375321337302 0.5585708590304277 0.5500904560671607 0.557487455469062
5 0.5300652028640523 0.598569141155847 0.5236700708412936 0.5985439172267608 0.5185046637406648 0.602185732918383 0.515560784322807 0.6065765405965682 0.5165038629122468 0.6143526727036817 0.5192341946571641 0.619759327070817 0.5325332627648279 0.6244674373095614 0.5354456133186205 0.6244399648556251 0.5366624355589245 0.6219903182786888 0.5364245133974356 0.6154052310238358 0.5355860623318109 0.608954133251389 0.5330363185206654 0.6022625289680662 0.5300652028640523 0.598569141155847
5 0.7216783548292215 0.5575798472417401 0.7117990104623932 0.5616511038345163 0.7073831913356066 0.5682373153517943 0.7067511335674055 0.5727346400584493 0.709316641810584 0.5772445767296474 0.721248397733134 0.585473125142151 0.7248974335789425 0.5822733623162261 0.7319389569268315 0.5797687708314172 0.7347782088208742 0.5740529288185654 0.7346893457290917 0.5705462268717743 0.7332346013272989 0.5664107861938579 0.7280878204089094 0.5595725804635863 0.7216783548292215 0.5575798472417401
5 0.7188090297521125 0.6069691259155621 0.7149966012796681 0.6051229941406651 0.7119939567589898 0.6057929415526948 0.7080912343196597 0.6045892847358914 0.7067697845555405 0.6057138969781614 0.7004190840786731 0.6074420240224707 0.6960935589187722 0.6133857605816552 0.695837010575044 0.617280694748696 0.6975769704344237 0.6214562198450917 0.702394104349335 0.6265009901834886 0.7113246466263099 0.6312503091031372 0.722359186380415 0.6293068994770383 0.7256183792448216 0.6247420178979677 0.72703155385093 0.6188257537927195 0.724662397973556 0.6108491995932097 0.7218116742727909 0.6062991785035323 0.7188090297521125 0.6069691259155621
5 0.5682712459165522 0.7282016020592431 0.5616209964251685 0.7279221353923134 0.5550753744576 0.7289677030600498 0.5518921420031501 0.7309226003882667 0.5452390307615598 0.738941487531106 0.5451329723626411 0.7417656301013242 0.549199087428607 0.7480151815189495 0.5538814958307412 0.7519490758420446 0.5574087088455986 0.7537551231984624 0.5643140758056072 0.7542888326032362 0.5723459710390337 0.753015370389167 0.5787869654827871 0.750644768386764 0.5812048455313623 0.7479271428450156 0.5819429616984818 0.7406056755681424 0.5809683542449768 0.737192878685278 0.5715433414627846 0.7297534066778172 0.5682712459165522 0.7282016020592431