5 0.8880466336486881 0.6195322877416941 0.8922666878851631 0.6248073965320672 0.8976951715786765 0.6273717126617268 0.9029540182296442 0.6279970685226092 0.9080997735189154 0.6273297842043067 0.9113732057094064 0.625089594409904 0.9135408393079618 0.6201239916086739 0.9127827028648055 0.6147630933225394 0.9027006480483128 0.6019685477156317 0.8977475723937139 0.6015335294241447 0.8929976368703816 0.6067250543695939 0.8861073043724653 0.6105842163292758 0.8852988887132103 0.6145625467087054 0.8880466336486881 0.6195322877416941
5 0.8454271797598378 0.5950394283249885 0.8418521706048223 0.593832577641565 0.8375483340635274 0.5942091145485969 0.8344864300679917 0.5955624417630743 0.8296569062716836 0.6031489094974978 0.8244127141491541 0.6059956965749105 0.8238158266848543 0.6090871643744148 0.8276882187725502 0.616997758444095 0.8319459701295908 0.6227037472941962 0.8372571684295631 0.6272321261531018 0.8515195079290596 0.631628648827067 0.8586925688312178 0.6310010873153471 0.8637440813190752 0.629256602847724 0.8644917572656373 0.6278886552871328 0.8653378700454578 0.6243412049674316 0.8646174307228671 0.6194111867410254 0.8582653675754971 0.6062903091480234 0.8604518497343351 0.6015401463766573 0.8604937408867451 0.5987143235279548 0.8556202535051218 0.5958843624474937 0.8454271797598378 0.5950394283249885
5 0.7932302898182189 0.6263080194873477 0.7949664789631752 0.6296295476628299 0.8019384721669726 0.6366176945777611 0.8083219659701587 0.6401839034753347 0.8174238956519458 0.6417755675293076 0.82096540171824 0.639294835244572 0.8221738311752782 0.6365840425838585 0.820454418157699 0.6202357027746531 0.815025934464186 0.6176713866449937 0.8121043584543187 0.6140193882516585 0.807687430551327 0.6131032849795055 0.795134043572815 0.61832625626802 0.7926040932970422 0.6224552014102622 0.7932302898182189 0.6263080194873477
5 0.7447575675752754 0.3795938737880093 0.7467995277166011 0.38310573953288685 0.7496645580456199 0.38611141783662967 0.7541191830691774 0.38745840116851077 0.759321484039297 0.38743743693980065 0.763531077779178 0.38598369988344816 0.7679940908664239 0.3808172773984676 0.7706790236563037 0.37515514958670765 0.7693658909012575 0.37005989625137486 0.7617027674317465 0.3650860169866274 0.7559643187100198 0.36558806619600326 0.7483682014179514 0.3679893528675738 0.7450570721068949 0.3697986626022483 0.7432559492174013 0.37234422015403523 0.7447575675752754 0.3795938737880093
5 0.6504983416556351 0.36960500601084334 0.6579918280826009 0.3726399250068136 0.6626202841805479 0.3726691656990411 0.6680341133456226 0.37176133889040575 0.6702352500328993 0.3704833190573348 0.6736071190566484 0.3660636265038219 0.6750082281483589 0.3622505312333189 0.6743631830668995 0.3581822731263692 0.6708489136245765 0.3543650396241074 0.6634873671195902 0.352838200837186 0.6521235610378338 0.35513493943512264 0.648389375336867 0.3587179743296477 0.6470448119260049 0.3631773896897431 0.6504983416556351 0.36960500601084334
5 0.5988315788310417 0.24170093225935424 0.599495472472784 0.24598463039616808 0.6060067121661054 0.2543156224112215 0.6099251894380557 0.2561436907237685 0.6196198125522983 0.25790058988666786 0.6224890369131617 0.2576495652819799 0.6303532280810338 0.2550077361200765 0.6349900722426693 0.2485235709954424 0.6341607355902262 0.23904420968142062 0.6235383389902822 0.22998745196360965 0.617018711233272 0.22816986576541765 0.6093095025795067 0.22927851225780332 0.6051564545204742 0.23137856940374837 0.5999834626072315 0.23834381950904823 0.5988315788310417 0.24170093225935424
5 0.6217351436678833 0.21929075785180943 0.622013678040281 0.2257790612082021 0.6278568300600156 0.2330830579948726 0.6328245602430529 0.23699021922465446 0.6424814862367298 0.23831623832782553 0.6496545471388881 0.23768867681610567 0.6534829756412688 0.2351828420709013 0.6559563802361934 0.23040757683906649 0.6554286205482751 0.2243752560028708 0.6529866466091663 0.2195958525392773 0.6474262229936737 0.21552345620056892 0.6335450487316773 0.21217903121545553 0.6266589102656053 0.21278149026670662 0.6242462453833736 0.21494637267970296 0.6217351436678833 0.21929075785180943
5 0.6427454644127564 0.18184998627471294 0.6422616683101533 0.1862340942534019 0.6451455471994552 0.18945521258700895 0.6490074787905569 0.19063696080996348 0.6557763318630878 0.1919985644879584 0.6632551637616152 0.19156134054563384 0.6744870299213922 0.18775652173864837 0.681551193493698 0.18257961713931276 0.6848665168365988 0.17751360449620757 0.6846633767053324 0.17188706125927147 0.6817229521351822 0.16801962283607202 0.6728325506483502 0.1655410962021739 0.6625033429492423 0.1664447847790506 0.6511960825483343 0.1693878434665796 0.6476545764820398 0.17186857575131534 0.6427454644127564 0.18184998627471294
5 0.5836666792029435 0.18072312734428747 0.580219415938063 0.1842810597783438 0.5796183344419189 0.19062923048627872 0.5808707274842723 0.19833486664044994 0.5837546063735741 0.20155598497405686 0.5906742479283672 0.20464110889096482 0.6012903780635614 0.20371231785361937 0.6116614769150794 0.19998280642804028 0.6151464373005254 0.1968557540537122 0.6169140571012978 0.19062261353376608 0.6166920684097484 0.18478063026696584 0.6150312735059233 0.1823208622109401 0.6094708498904307 0.17824846587223173 0.6071000761606087 0.17758752543652548 0.5966954742203695 0.17762945389394572 0.5886993431305179 0.17876320284680025 0.5836666792029435 0.18072312734428747
5 0.5480233633837012 0.18970291816968715 0.5460442153879737 0.1968229212695586 0.5470327285863679 0.2015123970056319 0.5533177855562956 0.2072581086623158 0.5575231852643323 0.209061074514394 0.5624762609189312 0.20949609280588097 0.5670481713360296 0.2088790134085162 0.5728850568910147 0.2061974614400301 0.5769061650280676 0.2025893240850362 0.5786549362685574 0.19614074353522604 0.5779386909778109 0.18795402240038905 0.5765271213895062 0.18503827182416627 0.5722274788800557 0.18215810582276742 0.5649224780559179 0.1812775871254384 0.5547063617185066 0.18347391588149983 0.5513952324074503 0.1852832256161744 0.5480233633837012 0.18970291816968715
5 0.622022164436037 0.1597832429201302 0.6221122132056066 0.1641171459778815 0.6247657153396704 0.1680096868615497 0.62992612515738 0.17081454548154218 0.6406176495337055 0.17074751456365336 0.6508191113426783 0.1650790428692969 0.6545009453946408 0.1575929849767487 0.6550601357383752 0.15407063711751623 0.6534642745790868 0.14574378333422144 0.645759259957166 0.14359572691817632 0.6391411953668975 0.14395764347909448 0.6322697114292641 0.14803224546864047 0.6232117453327921 0.15685701022955256 0.622022164436037 0.1597832429201302
0 0.6855920426391314 0.9062181211322956 0.6876528513407398 0.9099454269070371 0.6944594015338362 0.9117379106447604 0.7017267052374084 0.912187549282361 0.7077939675476314 0.908834574763814 0.7104558577453839 0.9062137098306206 0.7106150342913351 0.901423824252672 0.7032618758500375 0.8933835796488893 0.6968176423341585 0.8924277535701535 0.6913661160485184 0.8929047003190608 0.6863146035606611 0.894649184786684 0.6850831315114959 0.900401240325964 0.6855920426391314 0.9062181211322956
0 0.6606884579794079 0.8925494007106552 0.6623869500037987 0.895440048826409 0.666093899080794 0.8981549797188816 0.6728439035930419 0.8993011433670123 0.6762869728260779 0.8989999138413868 0.6798661760129379 0.8969500616163792 0.6835061189124906 0.8922898265725333 0.6841972491782045 0.8902755589223499 0.6833406759017898 0.8870941633953254 0.6786598681548388 0.8831618997050749 0.6677421610551196 0.880643650264594 0.6624979689325902 0.8834904373420066 0.660311486773752 0.8882406001133727 0.6606884579794079 0.8925494007106552
1 0.6748104203272027 0.9316924552280383 0.6721296815691672 0.9340978801313676 0.6684289989569219 0.9413684979940516 0.664083271263217 0.9445708577497861 0.6623763911751374 0.9481936154508939 0.6637649181713148 0.9541506289056834 0.6693211477549631 0.9614797281528222 0.6744815575726727 0.9642845867728148 0.6784984716778814 0.9639331523262517 0.6869407017497704 0.9579844153349798 0.6911502954896516 0.9565306782786273 0.6960845225839676 0.9567502565402503 0.6988176129910069 0.958247854634944 0.7052806950671686 0.9594191207435436 0.717787996861426 0.9602786752121626 0.7233379599803247 0.9576222257041455 0.7252563682633594 0.9531126054231123 0.7257213158056797 0.9485130574145593 0.725555872794979 0.9433173942373513 0.7239935147244119 0.9386781234222156 0.7194257983391579 0.9360384999111495 0.7126003995857786 0.9340305761435623 0.7076892150835897 0.9307697350033728 0.6984930426003886 0.9281008708000794 0.6748104203272027 0.9316924552280383
1 0.6092853783346391 0.8866263123196848 0.6074842554451455 0.8891718698714719 0.6065020087115011 0.8944679428905552 0.5957308960622001 0.8969299165974183 0.5895170393015591 0.8953026679686216 0.5846770550086571 0.8961602898563195 0.5725906880053709 0.9100259647998676 0.5683350090812355 0.9175622276133536 0.5680627411735876 0.9210594730121173 0.5737928018316254 0.9270708296196031 0.5770054943094236 0.9274410226440388 0.5841785552115819 0.9268134611323188 0.5874708359623556 0.9247887113677802 0.5975927094983526 0.921515182462398 0.6017038664049752 0.9222409481651557 0.6173421508051163 0.9423645930192024 0.6211663852756526 0.9431154611824286 0.6349282017112026 0.9351816972332008 0.6370350955970652 0.9328264772508092 0.6454920293634264 0.9006086769622271 0.6453642834732911 0.8958438938447474 0.6435338515269207 0.8914451655199447 0.6373995830392554 0.8874229741021736 0.6300003394137035 0.885465255255524 0.6225592046357415 0.8863333592575768 0.6109692158305915 0.886044817497144 0.6092853783346391 0.8866263123196848
5 0.4387139099702281 0.4306831996762786 0.4363829057938771 0.44369539096388777 0.43906571698481783 0.45453221772414576 0.4423684582321855 0.45923631380633295 0.4501865642158033 0.4626770104015628 0.45714809692300645 0.4629363114697681 0.46047807479434555 0.4613424417649578 0.4641934119350295 0.4575439668405686 0.4664406338065604 0.45018342125036426 0.46568669139524854 0.44156582005579903 0.4610896659531175 0.43198191066814334 0.45367576779912727 0.4265520488831987 0.4501384557646773 0.42577607825950353 0.4466765379713585 0.42586186775526497 0.4403223532250492 0.42923994473428095 0.4387139099702281 0.4306831996762786
5 0.44991863783810065 0.37369393418508007 0.4488798454236078 0.3783436871145708 0.44996260142341604 0.3841103629999647 0.46015567516870004 0.3849552971224699 0.4681706548188346 0.3840369881994795 0.47483061056151293 0.3808492487898588 0.47800979995058973 0.3775318588461355 0.47740664602154015 0.3706377778904832 0.47492697496186603 0.3654274943671615 0.4611484315649722 0.35664686371450727 0.4579357390871742 0.3562766706900716 0.45448847582229385 0.35983460312412785 0.4533512465745426 0.3666638588127288 0.44991863783810065 0.37369393418508007
4 0.38598092144303553 0.4326916695836986 0.38815901553818516 0.4344549126291942 0.39079786314381054 0.4348753105745674 0.40311667933524 0.43358046474454504 0.4091755535817743 0.4367408960428594 0.4122563061375927 0.4356030088582461 0.4155904780407763 0.43075243624500503 0.4187969040538245 0.4211370805142843 0.41844297544029574 0.41378701703843496 0.4161517899834495 0.4107311338137545 0.3929948549652765 0.407112787414322 0.38601447369779046 0.4066380463162524 0.3834698688935791 0.4072948485201998 0.3836373843371853 0.425732763360995 0.38598092144303553 0.4326916695836986
2 0.49401686415683255 0.2895128851719056 0.4917361391965803 0.29318584779395085 0.4917884908455844 0.2970888707919741 0.49354352855082356 0.3006258389973203 0.500149011045559 0.31003403116169437 0.5067440330437003 0.312713377479343 0.5200513624335239 0.3161080073853939 0.5280663420836584 0.3151896984624035 0.5349755231418576 0.31154597653258576 0.5397631557857556 0.3067853316468647 0.5420857718984178 0.3002865461761171 0.5390867292145138 0.28253053599973815 0.535572459772191 0.27871330249747633 0.5270862661149867 0.27424561067386344 0.5163758931783783 0.2740972015618882 0.5074017093867264 0.2772703206253951 0.5018852493565491 0.28361435310157135 0.49401686415683255 0.2895128851719056
2 0.5040019645805682 0.6746236600287734 0.5012416375495574 0.6794240277210768 0.503011329783235 0.6864331388647179 0.5099456258664667 0.6929904057199208 0.5166537392263048 0.696962392216754 0.5234037437385528 0.6981085558648848 0.5329287298102502 0.697926494759007 0.5499409358441636 0.6907938038939431 0.55329395630763 0.686158671310566 0.55486889647373 0.6810278334004093 0.5538845773071801 0.6730816547559053 0.5484225905249458 0.6668297556580868 0.544447567572147 0.6643553672559475 0.5317894772956271 0.6617722925484154 0.5226456564614301 0.6630064513431451 0.5126368742871297 0.6675726204277119 0.5040019645805682 0.6746236600287734