3 0.746831797235023 0.30449826989619383 0.747983870967742 0.3112024221453288 0.7514400921658987 0.317257785467128 0.7551843317972351 0.3189878892733564 0.761520737327189 0.32006920415224915 0.7652649769585254 0.32006920415224915 0.768721198156682 0.3189878892733564 0.7808179723502304 0.3105536332179931 0.7874423963133641 0.3040657439446367 0.7908986175115207 0.296280276816609 0.7903225806451613 0.2893598615916955 0.7862903225806452 0.28503460207612463 0.7805299539170507 0.28092560553633217 0.7692972350230415 0.2774653979238754 0.7592165898617511 0.27551903114186854 0.7482718894009217 0.2796280276816609 0.7451036866359447 0.28243944636678203 0.743663594470046 0.2861159169550173 0.7425115207373272 0.29671280276816614 0.746831797235023 0.30449826989619383
4 0.5141129032258065 0.5322231833910035 0.516705069124424 0.5335207612456748 0.5236175115207373 0.5333044982698962 0.5311059907834101 0.529628027681661 0.5443548387096774 0.5207612456747406 0.5469470046082949 0.5160034602076126 0.5469470046082949 0.5121107266435987 0.5432027649769585 0.5077854671280277 0.5262096774193549 0.5006487889273357 0.5224654377880185 0.5004325259515572 0.516705069124424 0.5041089965397925 0.5138248847926268 0.5077854671280277 0.5123847926267281 0.5121107266435987 0.5123847926267281 0.5294117647058825 0.5141129032258065 0.5322231833910035
4 0.5388824884792627 0.5473615916955017 0.5426267281105991 0.5514705882352942 0.548963133640553 0.553416955017301 0.5570276497695852 0.5512543252595157 0.5627880184331797 0.5473615916955017 0.565668202764977 0.5436851211072665 0.5679723502304148 0.5365484429065744 0.566820276497696 0.5330882352941176 0.5642281105990784 0.5307093425605537 0.548963133640553 0.5278979238754326 0.5432027649769585 0.5283304498269896 0.5374423963133641 0.5363321799307958 0.5360023041474655 0.5400086505190311 0.5388824884792627 0.5473615916955017
5 0.5633640552995393 0.5188148788927336 0.5671082949308757 0.5214100346020761 0.5711405529953917 0.5227076124567475 0.574020737327189 0.5222750865051904 0.5820852534562213 0.5190311418685122 0.5829493087557605 0.5147058823529412 0.5817972350230415 0.5118944636678201 0.5780529953917051 0.5073529411764707 0.5745967741935484 0.5049740484429066 0.570852534562212 0.5045415224913495 0.5648041474654378 0.5069204152249135 0.5630760368663594 0.5086505190311419 0.5625 0.5112456747404844 0.5622119815668203 0.515787197231834 0.5633640552995393 0.5188148788927336
5 0.5607718894009217 0.4907006920415225 0.5599078341013825 0.495242214532872 0.5607718894009217 0.4967560553633218 0.5639400921658987 0.4984861591695502 0.5642281105990784 0.49091695501730104 0.5619239631336406 0.4900519031141869 0.5610599078341014 0.4868079584775087 0.559331797235023 0.4868079584775087 0.5587557603686636 0.4887543252595156 0.5607718894009217 0.4907006920415225
5 0.5293778801843319 0.49178200692041524 0.5362903225806452 0.4969723183391004 0.5403225806451613 0.4961072664359862 0.543778801843318 0.49286332179930803 0.5452188940092166 0.4896193771626298 0.5475230414746544 0.48810553633218 0.5480990783410139 0.48421280276816614 0.5397465437788018 0.47923875432525953 0.5362903225806452 0.47923875432525953 0.5305299539170507 0.48291522491349487 0.5273617511520737 0.4876730103806229 0.5293778801843319 0.49178200692041524
5 0.4279953917050691 0.8371539792387545 0.43001152073732724 0.8386678200692043 0.435483870967742 0.8401816608996541 0.43980414746543783 0.8395328719723183 0.4441244239631336 0.8349913494809689 0.4452764976958526 0.831098615916955 0.44614055299539174 0.8174740484429066 0.4449884792626729 0.8157439446366782 0.4421082949308756 0.8129325259515572 0.43202764976958524 0.8125 0.42655529953917054 0.814446366782007 0.4248271889400922 0.8183391003460209 0.42569124423963134 0.8315311418685122 0.4279953917050691 0.8371539792387545
5 0.40120967741935487 0.9180363321799309 0.404089861751152 0.9214965397923877 0.407258064516129 0.9232266435986161 0.4147465437788019 0.9243079584775087 0.41877880184331795 0.9221453287197233 0.42079493087557607 0.9178200692041523 0.4210829493087558 0.9041955017301039 0.42021889400921664 0.9007352941176471 0.4150345622119816 0.8961937716262977 0.4115783410138249 0.8953287197231834 0.40437788018433185 0.8957612456747406 0.4014976958525346 0.8977076124567475 0.40005760368663595 0.9005190311418685 0.39976958525345624 0.9128460207612458 0.40120967741935487 0.9180363321799309
5 0.3755760368663595 0.9173875432525952 0.37672811059907835 0.9206314878892734 0.37989631336405527 0.9208477508650519 0.383352534562212 0.918468858131488 0.3908410138248848 0.9087370242214533 0.39343317972350234 0.9009515570934257 0.3928571428571429 0.8946799307958478 0.3859447004608295 0.8910034602076126 0.37989631336405527 0.8899221453287198 0.3726958525345622 0.8940311418685122 0.36779953917050695 0.9018166089965399 0.3683755760368664 0.9102508650519032 0.3755760368663595 0.9173875432525952
5 0.347926267281106 0.9366349480968859 0.3522465437788019 0.9396626297577855 0.35656682027649766 0.9398788927335641 0.36031105990783413 0.93901384083045 0.3643433179723502 0.9366349480968859 0.3683755760368664 0.9284169550173011 0.3692396313364056 0.9173875432525952 0.36808755760368667 0.9145761245674742 0.3660714285714286 0.9124134948096886 0.3591589861751152 0.911332179930796 0.3516705069124424 0.9137110726643598 0.3487903225806452 0.9158737024221454 0.3464861751152074 0.9204152249134949 0.345910138248848 0.9286332179930797 0.347926267281106 0.9366349480968859
5 0.36578341013824883 0.9377162629757786 0.3689516129032258 0.93901384083045 0.37355990783410137 0.9392301038062284 0.37759216589861755 0.937067474048443 0.38018433179723504 0.9329584775086506 0.3816244239631337 0.9288494809688583 0.3810483870967742 0.9223615916955017 0.37989631336405527 0.9208477508650519 0.3752880184331797 0.9206314878892734 0.37298387096774194 0.916522491349481 0.3695276497695853 0.9204152249134949 0.3689516129032258 0.9253892733564015 0.36463133640552997 0.9340397923875432 0.3643433179723502 0.9359861591695502 0.36578341013824883 0.9377162629757786
5 0.3415898617511521 0.9100346020761247 0.34965437788018433 0.9134948096885814 0.35944700460829493 0.911764705882353 0.36376728110599077 0.9091695501730104 0.3649193548387097 0.9057093425605537 0.3643433179723502 0.8972750865051904 0.3623271889400922 0.8899221453287198 0.3588709677419355 0.8847318339100347 0.3453341013824885 0.8821366782006921 0.33813364055299544 0.893598615916955 0.33870967741935487 0.904628027681661 0.3415898617511521 0.9100346020761247
5 0.3228686635944701 0.9219290657439447 0.32805299539170507 0.9243079584775087 0.3317972350230415 0.9243079584775087 0.334389400921659 0.9232266435986161 0.3361175115207373 0.9214965397923877 0.33986175115207373 0.911332179930796 0.33842165898617516 0.9013840830449829 0.3361175115207373 0.8959775086505191 0.33093317972350234 0.8974913494809689 0.3245967741935484 0.9013840830449829 0.320852534562212 0.9061418685121108 0.3197004608294931 0.9098183391003462 0.3197004608294931 0.9182525951557095 0.3228686635944701 0.9219290657439447
2 0.18836405529953917 0.4236591695501731 0.19556451612903228 0.4260380622837371 0.20622119815668202 0.42690311418685123 0.2116935483870968 0.4264705882352941 0.21658986175115208 0.4243079584775087 0.22148617511520738 0.4180363321799308 0.22235023041474652 0.4147923875432526 0.2171658986175115 0.4046280276816609 0.21342165898617513 0.4016003460207613 0.20996543778801846 0.40181660899653987 0.19642857142857145 0.4072231833910035 0.18663594470046083 0.41198096885813157 0.1846198156682028 0.4139273356401384 0.1849078341013825 0.41998269896193774 0.18836405529953917 0.4236591695501731