4 0.722631039929506 0.7252517318082734 0.7189143276048986 0.7247495868215665 0.7089653719173907 0.7261203662983259 0.7016251034082379 0.7321841265698572 0.6971121021325172 0.7387974519202377 0.7025051624715803 0.7548268845231318 0.7054791062155695 0.7591502425941936 0.712935412611905 0.7645651944072123 0.7194136163500995 0.7719931293624361 0.7289315396521283 0.7773681974990543 0.7383853162858909 0.7785448934118652 0.744735226687553 0.7775760839194741 0.7474509546068987 0.775680550208781 0.7507443914222806 0.770812961876923 0.7526777149914418 0.7623763337529079 0.752124516994105 0.759184453100203 0.7474023216911401 0.7472510161210888 0.7409012362058248 0.73541241932626 0.7384866181838471 0.7327399580894356 0.7359482053984331 0.7307043657000035 0.722631039929506 0.7252517318082734
2 0.7845319952074579 0.19245568782138012 0.7791708137617076 0.19890414364810613 0.779829423348456 0.20608210690882092 0.7830035639734975 0.21088500071936295 0.7873972690588776 0.21394215751138196 0.8002376386480842 0.2173193153372798 0.8043196075383255 0.21745183760027645 0.8092558843232716 0.21620824556846055 0.819842197001986 0.20703017039933633 0.8216104608865653 0.1994427007385112 0.821476039825358 0.19258694010936384 0.8176249064395436 0.18522903449350941 0.8127008851039472 0.18339065888839037 0.804336750442412 0.18264607862291676 0.7953597696883701 0.18354485877593843 0.7845319952074579 0.19245568782138012
5 0.025949573164100948 0.7530808045372837 0.02773908964422219 0.7604785938295382 0.024291219442029267 0.7736879701011262 0.025639077238900344 0.7803389775302183 0.03037965571589004 0.7876494630539301 0.03489715556470672 0.7900697509985568 0.04087568167605985 0.7910115480483432 0.046495078946453536 0.7907819840033723 0.049411003746851666 0.7893659860321591 0.05156740594418581 0.7858195554872288 0.053412071946381035 0.779348490413276 0.04440158314744737 0.7683439792501526 0.03590465657628393 0.750169041242057 0.03300098722523561 0.7485030715763351 0.030898105398396814 0.7487552448685328 0.028347437163632815 0.7498016201160359 0.025949573164100948 0.7530808045372837
5 0.004193888949242231 0.6944351840443007 0 0.6947625459539812 0 0.7387201691973028 0.015368147940123289 0.7305350883659832 0.021129723147978084 0.7250457040182173 0.026296835437350972 0.716576728633544 0.02850063028050547 0.7112770246543487 0.028318816573477866 0.7061745374594662 0.026876173484966192 0.703030076898904 0.021074962507544703 0.6981571537489926 0.018695481682037406 0.696813386714838 0.010820398349572746 0.6950623148782619 0.004193888949242231 0.6944351840443007
5 0.05012228231579755 0.7223094798827523 0.05364329633244861 0.7313657024249866 0.05557499075003074 0.7335036714144462 0.06000996075655651 0.7363485385906678 0.06368540816001848 0.7370629731931722 0.07043571232378523 0.7370532351797411 0.07788139242234966 0.7349755575162197 0.08116870151305663 0.7316489530028292 0.08275965026370428 0.7279926094421288 0.08454629732230835 0.7157821883259011 0.0810252833056573 0.7067259657836669 0.08088473451977514 0.701411188972987 0.07366376220096268 0.6978044671021184 0.0683209639292371 0.6996299714734416 0.06264804628834791 0.7031537927711452 0.05012228231579755 0.7223094798827523
5 0.34732795827630114 0.42956608110669514 0.3451364188824965 0.43178381744895555 0.34145484375435975 0.43261036666491853 0.34031168141163703 0.4354725082703137 0.3468434055203268 0.4396061859728051 0.350719049804841 0.4408001563147894 0.35897777287696453 0.437558653972253 0.36340211658571936 0.4329108916719348 0.3650465857068623 0.42596029085850196 0.36340374573729817 0.4223362945584599 0.3587334416532496 0.4176831974400882 0.3557472424599105 0.4164418070059612 0.3519480002930123 0.41636424125084937 0.34995665778025997 0.4190615133325898 0.34732795827630114 0.42956608110669514
5 0.6883564236050368 0.4502509839093122 0.6864063460134299 0.45273596637525504 0.6840620023843932 0.45272089354377043 0.6867654748543891 0.4539073274700124 0.6885321095873894 0.45689445492266206 0.6990281355475592 0.46025653991707516 0.7076811246571124 0.4595150928719661 0.7105970494575106 0.4580990949007532 0.7132776401803856 0.4548748669873902 0.7142206056420559 0.4515331896425151 0.7113704566615031 0.44657296272406055 0.7051337147255063 0.43941227389251925 0.7012168055198468 0.4384305931663325 0.6976116325093259 0.44037354696916814 0.69349902499571 0.4479459437985088 0.6883564236050368 0.4502509839093122
5 0.26401247408862477 0.06572090073863332 0.26427068991326835 0.07193979252038832 0.26695577920923935 0.07774917790203281 0.27697950786278447 0.08806940012562095 0.2809728191860602 0.09016748543868017 0.2844129325119992 0.08907369009903458 0.2902631652868199 0.08161874270120602 0.292120086738365 0.07206570999031836 0.29112523005777835 0.06812704747445109 0.2875445679459571 0.06390606600341675 0.27976426990513314 0.058648447298310646 0.2729314358990755 0.05908276454333685 0.2664928679304476 0.062017137085790576 0.26401247408862477 0.06572090073863332
5 0.2269875287800125 0.05543963056876997 0.22616223035710353 0.05968542288472016 0.22695689015663806 0.06314454966110747 0.22993083390062727 0.06746790773216929 0.23392414522390298 0.06956599304522867 0.23873049952073772 0.07050025367927289 0.24622357226512256 0.06666930258148658 0.24817364985672943 0.06418432011554365 0.24899894827963834 0.05993852779959363 0.24663172290348084 0.05551279312850399 0.2391280238613252 0.0518511147497505 0.23541131153671796 0.051348969763043505 0.22970938442403321 0.05200311303960956 0.2269875287800125 0.05543963056876997
5 0.23888206348603144 0.042550255331060605 0.24015351916528643 0.04808485817328032 0.24309232571280526 0.05107952204167217 0.24873460473031989 0.055260619836306236 0.2558791749315163 0.057750937120302395 0.262712008937574 0.057316619875276184 0.2656753263837923 0.054147348469798205 0.26509311891466003 0.0480857897959559 0.26060012996454307 0.03950156657745918 0.25521156819857604 0.0325057472695728 0.24980462325858427 0.030132879417088622 0.2415107629899902 0.03204568755695512 0.23940175343847647 0.03383884466762055 0.23888206348603144 0.042550255331060605
5 0.7533495257974127 0.1868350511856308 0.7578608979215544 0.19079632294872492 0.7627023894148597 0.1930592777854392 0.7706187376684699 0.19459806000621768 0.7805203007101575 0.1949805539637235 0.7900459808884401 0.18824004116839937 0.7939461360716539 0.18327007623651367 0.7948600920615287 0.17705872087050117 0.7934587138941624 0.17370197069414126 0.7865801163938634 0.16531496425995756 0.7831935234384195 0.1631145023468707 0.7729802242015931 0.15980737386034255 0.7632894843387286 0.16739704511885675 0.7533495257974127 0.1868350511856308
5 0.845847316706528 0.17286974830778715 0.8303966307873877 0.17537420680059235 0.8257720901975805 0.1795424333614306 0.8229203120654487 0.18515680355645103 0.824474494468047 0.1907463629065557 0.8289797388675139 0.1962486184881173 0.8423733064540568 0.20281765696671994 0.8531643145869194 0.203152730832083 0.8577001976097609 0.2009500673213073 0.8653644577634024 0.1947289739418634 0.8676797919206434 0.19187436875221056 0.8673741834501794 0.18740875040472066 0.8643177098638993 0.1835099715652538 0.8590758246084894 0.18028794524957967 0.8557840169446862 0.17458093646796283 0.8523148941469516 0.172805053786471 0.845847316706528 0.17286974830778715
5 0.8356916475316523 0.2160593804989661 0.8345713669360503 0.22333218394396606 0.8352009670510029 0.22764046918354347 0.8372854657038171 0.23201124734674794 0.8416440335927268 0.23373970993609725 0.8551385141955855 0.23526121772770248 0.8641918970672435 0.23547884216155315 0.8738229888349375 0.23272441197423904 0.8787241284234131 0.2301521257397532 0.8827419506453884 0.22608627577894258 0.8842503695537453 0.22285451144983734 0.8834969746753563 0.21918309505765254 0.8789917302758893 0.21368083947609087 0.8667229418580444 0.20887261084749556 0.8487460986028397 0.20625950931393383 0.8388261523871272 0.2104999668118305 0.8356916475316523 0.2160593804989661
5 0.7664546278175781 0.15413271233938391 0.7631444369797504 0.1530486550131694 0.7570833810261065 0.1525314371949781 0.7477350159817553 0.1553408238901771 0.7426398072369025 0.1558925905667155 0.7397590196329751 0.15863728274059846 0.7378547055356097 0.16994358888575117 0.7384079035329463 0.173135469538456 0.7443206538244542 0.18045349147790996 0.7535497226784649 0.18731458692511077 0.755045886137472 0.18716479023294044 0.7539272346934489 0.18386299656446575 0.7577799972308423 0.18064630506684498 0.7606852957334695 0.1717376776190922 0.7665294007836152 0.16582371403973117 0.7745053971323956 0.1625272551893099 0.772903822083977 0.1586909692734702 0.7664546278175781 0.15413271233938391
5 0.9505154635570493 0.22912581978945057 0.947339693780429 0.23489752309238354 0.9470675933548567 0.24233519606103857 0.9498000752966481 0.24639130800841813 0.9537521216987784 0.24870168293727488 0.9574275691022404 0.24941611753977916 0.9610678793092315 0.24880185793961357 0.9649619067677705 0.2453728768261953 0.9721309878676667 0.24169925883632165 0.9736867994218438 0.23671422107295143 0.9726980704659318 0.23123457473861664 0.9701657854051928 0.22765799853071714 0.9661724740819173 0.22555991321765792 0.9622142999551121 0.22479052210726858 0.9537615077266111 0.22601150489185756 0.9505154635570493 0.22912581978945057
5 0.9735111134394909 0.23007075005960154 0.9741407135544436 0.23437903529917894 0.9769144604173808 0.23822285763076087 0.9841828253820134 0.24007630606736446 0.9871338873788821 0.23998900229882153 0.9928419422162417 0.23779387520378809 0.9995816200822375 0.23029150771381696 1 0.22813912962769073 1 0.22326881932937045 0.996396853159425 0.21799598442673512 0.9921208151128063 0.21584294260579084 0.9829436374777117 0.21626218701933247 0.9784490193760158 0.21825256091431067 0.9752381124029249 0.22269557001457363 0.9735111134394909 0.23007075005960154