4 0.8952394689338288 0.13984987963085072 0.9039883026416223 0.13690488674811582 0.9081266405349837 0.13459343671474083 0.9091908848255121 0.13151552906281855 0.9046645788403458 0.1234776035500845 0.9005415318972755 0.11977500964580656 0.8971356564905912 0.11914871310308621 0.8922456976213564 0.11971257798712376 0.8871120143164406 0.12244451124798025 0.8853318876691609 0.12601258009270655 0.8842536416079765 0.1386709902366438 0.88462116203095 0.14076857550295818 0.887974718688586 0.14160471108682798 0.8916766372799995 0.13985310021157948 0.8952394689338288 0.13984987963085072
4 0.5850214415895206 0.4102022081905171 0.5891776487924432 0.4090096313282129 0.5975053541485795 0.40061043366595134 0.6005768693921424 0.3942439741757748 0.5985848893893991 0.3915184820763759 0.589606333016581 0.38705104084391495 0.5860243428735554 0.3823689296992111 0.5815695141266336 0.3788064968707602 0.5779364944141948 0.37790068332156784 0.5664619290373458 0.3774914721266371 0.5625686047593 0.38120131233755494 0.5606149417349492 0.3878464836890213 0.560843375220339 0.3916924592498554 0.5657193323189178 0.40070909685783296 0.5710827382888581 0.40538959771217237 0.578489153830955 0.4090192930703992 0.5850214415895206 0.4102022081905171
4 0.6280471146701379 0.7269488554365323 0.6320629457558415 0.7239382103143858 0.6353616053051588 0.7178512678306814 0.633281567934245 0.7130978684302908 0.629769765849829 0.709324791415508 0.6256645882163197 0.7067410706823006 0.6217521054490777 0.7057655791677859 0.6150628614433671 0.705212181171117 0.6107318286837381 0.7059154019857994 0.602018733595067 0.7110981412106757 0.6002730563872747 0.7133374978431817 0.5993147387744778 0.7195621859671666 0.603682799332864 0.7246631700489876 0.606058879888507 0.7270386620314097 0.6160672311123665 0.7297569078241688 0.6221273609498617 0.7292619157602716 0.6280471146701379 0.7269488554365323
4 0.5834210832698294 0.7178282882859265 0.587577290472752 0.7166357114236223 0.5933387987662482 0.7113857096689701 0.5942282175000705 0.7078184459694259 0.591378689843722 0.7001985882486268 0.5888801024804211 0.6971239011774334 0.5831504652671422 0.6939122736111415 0.5757797883441677 0.6925203245950561 0.5682177057345607 0.6930866049146401 0.5631886599277418 0.6953988600931973 0.5599065805083504 0.6990382171936106 0.5579005987349512 0.7058932275862266 0.5586177702713374 0.7089695249477845 0.5610117201365414 0.7124638901012774 0.5656936931892178 0.7163058399362005 0.5722961690063931 0.7183977891862393 0.5834210832698294 0.7178282882859265
4 0.6220138783996491 0.7535279305520335 0.6162472133876129 0.7445120980892381 0.6134168442204606 0.741577572093872 0.6099407807551668 0.7400422414212307 0.606587224097531 0.7392061058373608 0.5932266053956706 0.7392181830150937 0.5866777375071789 0.740482853278267 0.5806533462888059 0.7432155916843056 0.5809519678328051 0.747970601375061 0.5854067965797268 0.7515330342035117 0.6102815868164635 0.7648672902259367 0.6155556462385982 0.7639534252249225 0.6216655164658716 0.7561156770111518 0.6220138783996491 0.7535279305520335
4 0.5498652482299684 0.7500266887574296 0.5540035861233299 0.7477152387240548 0.5608306278869895 0.7429537878718421 0.5643908811815489 0.7358176501823894 0.5621360182539286 0.7305748947343769 0.556318323672479 0.7253353598670931 0.5452623082880173 0.7232474363429652 0.5391319903919125 0.7228333942769412 0.5324082969467147 0.7236087084924927 0.5266633687831446 0.7264111248638538 0.5245859097715008 0.728790642572187 0.5221600888260796 0.7337579067396384 0.522074609817179 0.7388629165473704 0.5237526773256319 0.7428474428936671 0.5274214356571932 0.745991002785001 0.5412376321501977 0.7501044181745742 0.5498652482299684 0.7500266887574296
4 0.5442046891009934 0.792969183356693 0.5502813990684147 0.7900266059095047 0.5544184477821411 0.7841486973217677 0.5548535779044543 0.7800223996092794 0.5536999870661199 0.7775059414058478 0.5466100623775834 0.779750128909447 0.5358169299179985 0.7801794687339326 0.5151366638625768 0.7750232993000689 0.5122552651260113 0.775865070900214 0.5108936884711186 0.7777544274157431 0.5100910379258319 0.7797831398619172 0.5114717730699209 0.7825791150718207 0.519054303348359 0.7902646250320313 0.5250110848673926 0.7937557696047952 0.5321546174846125 0.7948682016144083 0.5442046891009934 0.792969183356693
5 0.6013793407320996 0.3434037151396049 0.6058494604293124 0.34095210403040277 0.6169922440023099 0.3415014763011606 0.622457709111077 0.3386293819644769 0.6232080409073153 0.3368105085594525 0.6284284924007665 0.33254002404522603 0.6298206509562412 0.31862257965439084 0.6219752377529261 0.30841980634556665 0.615791311928138 0.30464914476633054 0.6083504469465539 0.3023481616203241 0.6040896022455344 0.3039604165649276 0.59897378825018 0.3078112229968548 0.5896162880430025 0.31795961609881823 0.5876447557090905 0.3234859142792139 0.5908962532278996 0.33187464505410685 0.5918763076891627 0.3374682057642785 0.5940954319976606 0.3404732148701495 0.5976940022706123 0.34270774063156223 0.6013793407320996 0.3434037151396049
5 0.599825248416269 0.39249638902643735 0.6028814727095408 0.39214397347391394 0.6161871943030827 0.3852088182286068 0.6184024510726754 0.37751445167139214 0.6180668017299189 0.3669552370841336 0.6163185461628564 0.36206167660791566 0.6124047742159793 0.3575197265390389 0.6037056808979643 0.3531219632719004 0.5961601784182835 0.3512406582081932 0.5914271757961937 0.3511750059687818 0.5858915226288173 0.35313806617554433 0.5833074562566158 0.35516838891208274 0.5786816694918929 0.36181597569909574 0.5769372814637355 0.3676217908859637 0.5786345074613847 0.3762916489576931 0.5848886213447824 0.38097134466685034 0.588191148433005 0.38558377784623177 0.5937115106500903 0.3896347615771223 0.599825248416269 0.39249638902643735
5 0.5585667754442525 0.3746314549676864 0.56240778097325 0.3711314537979182 0.5665435405073412 0.36168708665581945 0.5779784997261628 0.3491591758455229 0.5785361366561337 0.345732073221806 0.5775573713745057 0.3437049710659963 0.5649432169299786 0.33119879917561923 0.5614148347156364 0.3298733075441276 0.5516514971070927 0.3285534519289114 0.5447185286657013 0.3301681223090615 0.539357701055031 0.3326205385634458 0.5360054335770302 0.3353508615339379 0.5326889047181516 0.34031893084657144 0.5303677212708271 0.3448665169317236 0.5306663428148262 0.34962152662247875 0.5438420017282295 0.36939997155222465 0.5476855856164968 0.37303288749118024 0.5542880614336719 0.3751248367412192 0.5585667754442525 0.3746314549676864
5 0.6352645584218715 0.3527437830735466 0.6338812449185125 0.34281489075491917 0.6343686937898738 0.3384787540012812 0.6329700893362239 0.3345639056203069 0.6295463446199785 0.332818735906516 0.6274331469892125 0.33296050727270754 0.6230868232792923 0.33967777202504296 0.6185465155234701 0.3412203490043241 0.6080328461186881 0.3417193667941322 0.6024806128213854 0.34613001238418595 0.5989879692261655 0.3470422670948358 0.5990058385357268 0.34816114026590655 0.6039672746432061 0.3520727680661521 0.6181165421196971 0.35961248093426007 0.6298182518023007 0.36030120913566294 0.6339910391351494 0.3566610468900676 0.6352645584218715 0.3527437830735466
3 0.3896227999428851 0.260517597736896 0.39893055976028446 0.257711960784806 0.4052509941633865 0.25260131496079863 0.4092093497815016 0.23553467466235425 0.4089630469865507 0.2305698259304494 0.4038956842013396 0.22351141765814128 0.39856801685052146 0.2210686631459433 0.38512062996012564 0.22261929157704635 0.3776300245887632 0.2276610645809134 0.37529355019114763 0.23822269460371862 0.37098167592071496 0.2436112471438337 0.3712101094061046 0.24745722270466772 0.37982372371521916 0.2569599957795382 0.3859374614813978 0.2598216232288532 0.3896227999428851 0.260517597736896