5 0.8238560434881166 0.6068659672003032 0.8346276173192392 0.6060602140273552 0.8420515173450852 0.6029952298856319 0.8438079059159881 0.6002732399309535 0.8443804897947589 0.596194152424703 0.8438830820506069 0.5929931032745921 0.8409070599866235 0.5903706804834751 0.8287149205249422 0.5895479165945365 0.8242522914957879 0.5883782610927859 0.8150663866317537 0.5831093204494879 0.8119674166985534 0.5824506140557681 0.8073488191328764 0.5847853171270411 0.8064945107147239 0.5888045222338625 0.8072736429982574 0.5920654537834027 0.8142535232818346 0.6021717554902324 0.8196301753973888 0.605967731208867 0.8238560434881166 0.6068659672003032
5 0.817197235077592 0.5855520960423178 0.8198915326021938 0.5881146364340056 0.8231253933382604 0.5881387314950695 0.826799755283874 0.5902463077523886 0.8311036076428632 0.589392364457313 0.8336960350319046 0.5910488740060305 0.8418182749393808 0.5874690433305093 0.8478188012010255 0.5772475847570497 0.8501807943180051 0.5689058651204942 0.8494648952354409 0.5570356918498516 0.8480443296048819 0.555407174787965 0.8419693376076978 0.5521260456031282 0.829087993064394 0.5476192759428787 0.816997723738273 0.5477025428969106 0.809315985040344 0.553365854768687 0.806393350978243 0.5671157669762341 0.8063961591118858 0.5726437243460839 0.8087995972970987 0.5793452346434514 0.8137715770040543 0.5850450443600541 0.817197235077592 0.5855520960423178
5 0.6873242866944432 0.6729158467185024 0.6949217144577464 0.678731523808196 0.7049078293389707 0.6843916487606665 0.7151637258259272 0.6887825510478247 0.7278293871644613 0.6901481539573922 0.7353551573258675 0.6879892006586393 0.7394433264800868 0.6839940906128819 0.7413795694548114 0.680425952214662 0.7422099920056651 0.6737485369783582 0.740912374244323 0.6701563035190746 0.7425879704133221 0.6636585354810582 0.7357668667999102 0.6555758325710549 0.7211354603520677 0.6440642431905255 0.7159780099740055 0.6281546671777644 0.7114823602775453 0.6285256538516404 0.7077089363300139 0.6310400041212005 0.7074391547242815 0.6323092267865126 0.7035638606411899 0.6339175462131024 0.7003299999051232 0.6338934511520387 0.6969373624988915 0.6318457572941485 0.6900530256845101 0.6323722961052477 0.6856592461236102 0.633649313622094 0.6790833278495522 0.6424219023319544 0.6782648482323481 0.6504284226329992 0.6781538432967809 0.6537212440951373 0.6800837596051409 0.659879915371876 0.6873242866944432 0.6729158467185024
5 0.5629214696241576 0.6597388768182608 0.5705280321874676 0.6613557016028458 0.5763873409798816 0.6614956640370009 0.5898504042019634 0.657724493885891 0.6011018265763034 0.6477347700586136 0.6064040129563183 0.6380281580189517 0.6068599756322367 0.6261859772351399 0.6054485448016849 0.6203586078681448 0.6030240288828155 0.6165268448111448 0.5986393841219225 0.6136050100228825 0.5887101757753033 0.6090624530242679 0.5843494168817092 0.6087988283654876 0.5808218886726113 0.6073857458402536 0.5747258189417707 0.6069743638957843 0.5672000487803643 0.6091333171945373 0.5603754266342305 0.616305381329342 0.5562212161453994 0.6233817757263524 0.5528819667410505 0.6377064168671265 0.5532472918159786 0.6470700347197432 0.5556507300011916 0.6537715450171109 0.5594838686169703 0.6579027200712562 0.5629214696241576 0.6597388768182608
5 0.42214073619688824 0.52413187574392 0.42520668546278284 0.5263312243132663 0.43187814720603657 0.5281914761213348 0.44708846419901427 0.5258971683206554 0.45554933518047697 0.5234947879984189 0.46159763317671965 0.5185897496839238 0.46335402174762264 0.5158677597292454 0.465197529386794 0.5071947381829466 0.4638851605581601 0.4967454422890719 0.4562638469275579 0.48827155506989595 0.4483966375585224 0.4837251006455142 0.4378948453331325 0.4832616311531502 0.4305938931765031 0.4843628988974764 0.42667363549245596 0.4861827554349515 0.4170556538198024 0.49541420570494765 0.4145679046999636 0.5001916843690504 0.4138154664173713 0.5051169203188423 0.4135484929452814 0.511914100354004 0.4148461107066235 0.5155063338132877 0.42214073619688824 0.52413187574392
4 0.7532127439706046 0.5734994335475435 0.7652517230294056 0.5833545133793553 0.7702897440709731 0.5859730387447053 0.7791250749273709 0.5887354239699771 0.785682723601415 0.5883605398703342 0.7916200166620904 0.5867483230179772 0.7991338438898472 0.5832602646544832 0.8043011394669959 0.5741882639474775 0.8082249156837648 0.5571136403651941 0.8070052821906841 0.5517692276193986 0.8123194115043487 0.543391720644478 0.8106501420017139 0.540162679007536 0.8075272862012147 0.5368457624843341 0.7908247459757812 0.5295369228346803 0.7792290762601698 0.5272932815689735 0.7691558423106771 0.5275841882081236 0.7651337144910699 0.5284980139026282 0.7566068021749954 0.5339816785761176 0.7536904947792591 0.5380047811087061 0.7494189526884962 0.5581008066428133 0.751046066723818 0.5670693427604904 0.7530869879677453 0.5699351925750908 0.7532127439706046 0.5734994335475435
4 0.37551564666605514 0.5924888314595604 0.3808592781143033 0.5978254493538214 0.3858972991558709 0.6004439747191713 0.39148682634255266 0.6018531598186383 0.398979575836653 0.6012348486955118 0.40630160572693874 0.597263833710818 0.41201127264919474 0.591181345043038 0.4140374428258301 0.5871901324230476 0.4159800124669192 0.5738951843498693 0.4177694217051281 0.5696325522195644 0.42074263563546943 0.5667270176408318 0.4216419076545773 0.562496275423125 0.420467237762452 0.5569403255664442 0.41732049609465377 0.5509651989137598 0.41311570573758233 0.5471972156819562 0.4021944900363018 0.5417805177529692 0.38999040764097115 0.5396286487992896 0.37991717369147865 0.5399195554384396 0.3765723080198448 0.543188281839514 0.3707965997629769 0.5523520548585468 0.36927978026414293 0.5608734216933895 0.37070596216198665 0.5735578534949756 0.37034906148798596 0.5807781077519081 0.37551564666605514 0.5924888314595604
4 0.3600840302010223 0.5805860577698583 0.36838893264596245 0.5816880360206456 0.37020222775147027 0.580083614019823 0.37092164536675665 0.5766990202456576 0.36891093665649277 0.5667645708855809 0.36981934347560774 0.5583349763627654 0.37471404931338154 0.5450042409512219 0.38010897102894975 0.5404025120596393 0.378472722193621 0.5356328282470708 0.3741780046346388 0.5322879192370378 0.36882523838638354 0.5311501536478853 0.3632146334660453 0.5326107157887859 0.36080486861446787 0.5356360151663769 0.3522329926974379 0.5413312169507515 0.34965531637568825 0.5465317698366249 0.3480366267412939 0.5541471058284971 0.3483092164806688 0.5584058405330349 0.3538502615336731 0.5752813297881954 0.3600840302010223 0.5805860577698583
4 0.6931267893402796 0.405961676113356 0.6979702049107337 0.40256928748765636 0.7046212993194105 0.3865165621214344 0.7059582644144229 0.3788413437301331 0.7039953274387569 0.374223314629021 0.6997336305470807 0.36933776344336156 0.6969852346215164 0.3711856124676675 0.6919886586481823 0.3836103170362406 0.6899505455378974 0.38627242459148997 0.6694050214975988 0.39981398660745765 0.6716707607463032 0.40162215086763153 0.6889578277841567 0.4061810080757756 0.6931267893402796 0.405961676113356
4 0.5835247109861676 0.36055559325604547 0.5915478888917258 0.36159768910740364 0.6018459408459953 0.3602490969138269 0.6064195748107168 0.3581259309534393 0.6173864645120324 0.3425483673568829 0.618432570267656 0.3390121188712612 0.6155914390065383 0.3357550847474882 0.6065523678790201 0.33118063783627544 0.5920080804994459 0.31371801686412565 0.5880611288144574 0.30735170590226873 0.5857953895657529 0.305543541642095 0.5821779341547443 0.30455353333863167 0.578155806335137 0.3054673590331364 0.5667006436896767 0.31364502117447307 0.559069484859988 0.3301527106750637 0.5617005491836204 0.3413244927878542 0.5630431305459179 0.3447051891362526 0.5711618519206719 0.35638012550553955 0.5835247109861676 0.36055559325604547
3 0.20954125603555074 0.5477028256317602 0.21703681366329358 0.5526124718784835 0.2256684042485709 0.5535627954178145 0.2286085975116062 0.5521979030147082 0.2413915904520721 0.5405438747871789 0.2523071898860676 0.5349046579764662 0.2618352443568104 0.5260962819282408 0.2603549640580043 0.5178222395426487 0.2570972174546387 0.5151399343521026 0.2531980375042481 0.5140900436492102 0.25420831445892333 0.5065664799693651 0.257834904669939 0.5033576359677199 0.2562105987682598 0.4999170572198926 0.25064214931523454 0.49563812488005804 0.2435990358306881 0.4941410648943311 0.24023028429175525 0.4947515811659233 0.23328904094276912 0.4941605520231668 0.23034884767973388 0.49552544442627305 0.2252897489045099 0.4957766663012908 0.21888806876698846 0.49264719182791017 0.2131306301101347 0.4934132602367258 0.20736124851963136 0.4928502235808002 0.20434307098833476 0.4959672952704183 0.20529292287568307 0.5025809306815258 0.20786427253106815 0.5071071874706108 0.20754952732438037 0.5085879472468082 0.20490300153437646 0.5113418271140848 0.20142043692623388 0.5097172074779653 0.19598968640971726 0.5103316211753246 0.19179964711993785 0.5134207003781118 0.19081044789891907 0.5180745168175893 0.19500891158962594 0.5315693097243515 0.20441330779207245 0.545507374488181 0.20954125603555074 0.5477028256317602
3 0.6005489330957057 0.6018507041253306 0.6018135301897418 0.6069835797602408 0.609368802485732 0.6185387513306695 0.6229632379779579 0.629387736891712 0.6300063514625044 0.6308847968774389 0.6484175085242427 0.6301552263134497 0.6553348660059299 0.628088045326724 0.6625191969597071 0.6192236843048365 0.6686363444242042 0.6167653190089382 0.6717444491574115 0.6132251730975494 0.6720563862304569 0.6062164559515023 0.6753204595001869 0.5991719514670899 0.6740228417388449 0.5955797180078062 0.6617892572089303 0.5797137241849448 0.6548241279926452 0.5764644849127061 0.646384334744839 0.5759971179945749 0.6416849447772583 0.5745560429825098 0.638552954176752 0.5754379787644164 0.6333919852659677 0.5747831697964637 0.6280153331504135 0.570987194077829 0.6179090785336151 0.5728187428926055 0.6090435351435539 0.5771249572128099 0.6062171549497283 0.5807249855236278 0.6003367684236578 0.5834547703298405 0.5973635544933165 0.5863603049085733 0.5972525495577492 0.5896531263707115 0.5980885883758879 0.5940316258741074 0.6009866261716101 0.5984062279517361 0.6005489330957057 0.6018507041253306