2 0.6578341013824885 0.7737889273356402 0.6586981566820277 0.7709775086505191 0.661578341013825 0.7690311418685122 0.6624423963133641 0.7668685121107267 0.6682027649769585 0.7640570934256056 0.6765552995391706 0.7701124567474049 0.6817396313364055 0.7755190311418685 0.6975806451612904 0.786332179930796 0.7033410138248848 0.7869809688581315 0.7065092165898618 0.784385813148789 0.7116935483870968 0.7690311418685122 0.7108294930875576 0.7629757785467128 0.7079493087557605 0.7582179930795848 0.6995967741935484 0.7491349480968859 0.6898041474654378 0.7430795847750866 0.6828917050691244 0.7407006920415226 0.6751152073732719 0.740916955017301 0.6679147465437788 0.742430795847751 0.6653225806451613 0.7448096885813149 0.6589861751152074 0.7586505190311419 0.6569700460829494 0.7694636678200693 0.6578341013824885 0.7737889273356402
0 0.6160714285714286 0.4762110726643599 0.6232718894009217 0.4762110726643599 0.6264400921658987 0.4770761245674741 0.6359447004608295 0.47037197231833916 0.6359447004608295 0.4669117647058824 0.6247119815668203 0.4584775086505191 0.6201036866359447 0.4571799307958478 0.6129032258064516 0.458044982698962 0.6085829493087558 0.46237024221453293 0.6065668202764977 0.4669117647058824 0.6059907834101382 0.4712370242214533 0.6160714285714286 0.4762110726643599
0 0.5682603686635945 0.4390138408304499 0.5783410138248848 0.4422577854671281 0.5849654377880185 0.44269031141868515 0.5892857142857143 0.44052768166089973 0.592741935483871 0.4366349480968858 0.5953341013824885 0.43230968858131497 0.5956221198156683 0.42863321799307963 0.5918778801843319 0.4251730103806229 0.5889976958525346 0.4240916955017301 0.574020737327189 0.4225778546712803 0.5697004608294931 0.4243079584775087 0.5653801843317973 0.43014705882352944 0.5653801843317973 0.4355536332179931 0.5682603686635945 0.4390138408304499
0 0.3522465437788019 0.4874567474048443 0.3588709677419355 0.4883217993079585 0.3660714285714286 0.4878892733564014 0.3715437788018433 0.48075259515570934 0.3709677419354839 0.4770761245674741 0.36664746543778803 0.4733996539792388 0.36347926267281105 0.47145328719723184 0.3580069124423963 0.46993944636678203 0.3557027649769585 0.4697231833910035 0.35080645161290325 0.4712370242214533 0.3464861751152074 0.4772923875432526 0.3467741935483871 0.48248269896193774 0.3522465437788019 0.4874567474048443
0 0.3464861751152074 0.5049740484429066 0.3626152073732719 0.5054065743944637 0.36779953917050695 0.5015138408304499 0.36693548387096775 0.4913494809688582 0.3660714285714286 0.4898356401384083 0.36319124423963134 0.4883217993079585 0.3522465437788019 0.4874567474048443 0.34706221198156684 0.4900519031141869 0.34475806451612906 0.4945934256055364 0.34447004608294934 0.501946366782007 0.3464861751152074 0.5049740484429066
0 0.29406682027649766 0.5064878892733564 0.29723502304147464 0.5092993079584776 0.30097926267281105 0.5105968858131489 0.31134792626728114 0.509515570934256 0.3165322580645161 0.5062716262975779 0.3188364055299539 0.5021626297577855 0.31768433179723504 0.497188581314879 0.31394009216589863 0.49437716262975784 0.30760368663594473 0.49286332179930803 0.2975230414746544 0.49502595155709345 0.2926267281105991 0.4984861591695502 0.2923387096774194 0.5025951557093425 0.29406682027649766 0.5064878892733564
0 0.3136520737327189 0.5549307958477508 0.3320852534562212 0.5560121107266436 0.3358294930875576 0.5542820069204153 0.3378456221198157 0.5503892733564014 0.33726958525345624 0.5434688581314879 0.3332373271889401 0.5397923875432526 0.3245967741935484 0.5365484429065744 0.31710829493087556 0.5363321799307958 0.31192396313364057 0.5389273356401384 0.3099078341013825 0.5428200692041523 0.30961981566820274 0.5499567474048443 0.3136520737327189 0.5549307958477508
5 0.46889400921658986 0.4271193771626298 0.4804147465437788 0.44160899653979246 0.4942396313364055 0.4344723183391004 0.49913594470046085 0.42928200692041524 0.5005760368663594 0.42236159169550175 0.5 0.4180363321799308 0.4985599078341014 0.4145761245674741 0.49452764976958524 0.41154844290657444 0.4899193548387097 0.4108996539792388 0.48444700460829493 0.41198096885813157 0.46860599078341014 0.42084775086505194 0.467741935483871 0.4234429065743945 0.46889400921658986 0.4271193771626298
5 0.4475806451612903 0.45090830449826996 0.45276497695852536 0.45436851211072665 0.4596774193548387 0.4565311418685122 0.4737903225806452 0.455666089965398 0.4772465437788019 0.45134083044982704 0.47839861751152074 0.4413927335640139 0.4778225806451613 0.4390138408304499 0.4694700460829493 0.4262543252595156 0.4599654377880184 0.4225778546712803 0.4533410138248848 0.42301038062283747 0.44902073732718895 0.4245242214532873 0.4455645161290323 0.4282006920415225 0.4452764976958526 0.4461505190311419 0.4475806451612903 0.45090830449826996
5 0.41647465437788017 0.418901384083045 0.4297235023041475 0.4290657439446367 0.4389400921658987 0.43987889273356406 0.4423963133640553 0.44074394463667826 0.4441244239631336 0.4370674740484429 0.44441244239631333 0.4249567474048443 0.4423963133640553 0.41825259515570934 0.43980414746543783 0.4147923875432526 0.43260368663594473 0.41068339100346024 0.42885944700460826 0.40960207612456745 0.4254032258064516 0.40960207612456745 0.4210829493087558 0.4108996539792388 0.4153225806451613 0.4139273356401384 0.4147465437788019 0.4150086505190312 0.41647465437788017 0.418901384083045
5 0.29925115207373276 0.19917820069204153 0.3029953917050691 0.19917820069204153 0.3084677419354839 0.20198961937716264 0.31422811059907835 0.2071799307958478 0.31768433179723504 0.2086937716262976 0.32114055299539174 0.2086937716262976 0.32402073732718895 0.2071799307958478 0.3323732718894009 0.19809688581314883 0.3355414746543779 0.19290657439446368 0.3361175115207373 0.18079584775086505 0.34043778801843316 0.17149653979238755 0.33870967741935487 0.17019896193771628 0.3355414746543779 0.17106401384083045 0.3326612903225806 0.17019896193771628 0.329205069124424 0.16717128027681663 0.32805299539170507 0.1647923875432526 0.3257488479262673 0.16349480968858132 0.32430875576036866 0.16068339100346024 0.3199884792626728 0.1611159169550173 0.31739631336405527 0.16025086505190314 0.315668202764977 0.16457612456747406 0.3084677419354839 0.17257785467128028 0.30472350230414746 0.17517301038062286 0.3027073732718894 0.1786332179930796 0.2966589861751152 0.18209342560553635 0.2955069124423963 0.18576989619377166 0.29579493087557607 0.19269031141868515 0.29925115207373276 0.19917820069204153
5 0.2793778801843318 0.21453287197231835 0.2828341013824885 0.2173442906574395 0.2897465437788019 0.21972318339100347 0.29176267281105994 0.22318339100346024 0.28744239631336405 0.23010380622837373 0.28859447004608296 0.2383217993079585 0.2900345622119816 0.24005190311418687 0.2929147465437788 0.24113321799307957 0.29723502304147464 0.24048442906574397 0.3067396313364056 0.23615916955017302 0.31134792626728114 0.23053633217993083 0.31422811059907835 0.22426470588235295 0.315668202764977 0.2171280276816609 0.31480414746543783 0.21085640138408307 0.309331797235023 0.20307093425605535 0.30443548387096775 0.20025951557093427 0.2966589861751152 0.19939446366782007 0.2900345622119816 0.20350346020761245 0.2793778801843318 0.20501730103806232 0.27764976958525345 0.2063148788927336 0.2793778801843318 0.21453287197231835