5 0.7386747619799223 0.37286777943925603 0.7345441322276958 0.37634780858673333 0.7344688826814455 0.37981916694405454 0.7398889568946443 0.3888695539949425 0.7475627775760294 0.3957648230050599 0.7511663527780567 0.40832100993256015 0.7586141170942435 0.4173670615883703 0.7685642898803349 0.4218921342931477 0.7732151569989647 0.4217285974868483 0.7808660643173824 0.42057565233526395 0.7870092111727679 0.41448024249366444 0.7872501328113477 0.40667721272074486 0.7782116181227401 0.3907228858695834 0.7763796383852921 0.3833543480208804 0.7729949946382197 0.3797367944375721 0.7530946490660373 0.3706866490280172 0.7456245868397782 0.3701189680630476 0.7386747619799223 0.37286777943925603
5 0.5875449791780663 0.29805330754803006 0.5870854338109791 0.30518099640302887 0.5890378743677169 0.308648019365272 0.5920304819308141 0.31048473458360026 0.6018072422614376 0.31390430984131823 0.6074982763864266 0.3121104652911041 0.61381483569728 0.307120552896564 0.6145456487026051 0.297411924866734 0.6087638843050891 0.29180279004895426 0.6048893491912715 0.2900908347225562 0.601143015259882 0.28991453337235595 0.5946152648572121 0.2914029812853619 0.590288617012998 0.29399259125034904 0.5875449791780663 0.29805330754803006
5 0.5202472176850691 0.31011599850955346 0.5173075617581498 0.31328629562474436 0.5152876120183001 0.3187277998824801 0.5171722356654783 0.32284005763843115 0.5203608613205631 0.3255671920392494 0.5333185069431331 0.3262767328351282 0.5428085189092421 0.3214029095423621 0.547006965571028 0.31727764560117694 0.5483787844884939 0.31524728745233654 0.5488082915823704 0.3111608004255205 0.5476473560302738 0.30842933062962424 0.5400113139852376 0.3039300286539818 0.533136738671632 0.3032074816728689 0.5271592639085759 0.3049712200988702 0.5202472176850691 0.31011599850955346
5 0.5242775304429454 0.24421606657379796 0.5222575807030957 0.24965757083153353 0.5242251942596625 0.25573563909282104 0.5270821680036407 0.2588628238985648 0.5349368337771845 0.2640374667921281 0.5406204352654829 0.2650697458055272 0.547675855671247 0.26407166667008586 0.5515578234217553 0.26295749843287053 0.5538567811629814 0.2603722238629613 0.5550322742620122 0.24918815410535963 0.5536527149814079 0.24578134339154248 0.5514968236959918 0.24425002481042263 0.5441850009253713 0.24217679599346814 0.5321092828535219 0.24134249530565932 0.5270815525507458 0.24233623904602256 0.5242775304429454 0.24421606657379796
5 0.5544974793486747 0.25978720131767963 0.5567363605434794 0.26328433040413585 0.5610481431143118 0.26634696756637555 0.5680961308833854 0.26817501199454774 0.5768398491178928 0.2621354790062963 0.5799603501369706 0.25724455577455124 0.5798395815912332 0.2528827782347399 0.57834699412803 0.25055135884376906 0.5713290446321672 0.24568211258741424 0.5670324350611637 0.24523052072421875 0.5571277812745596 0.24853858391657377 0.554934419079242 0.25287459072725016 0.5544974793486747 0.25978720131767963
5 0.6583831620621947 0.22199628290766132 0.6636220834567874 0.22450400364883233 0.6707152824989004 0.22590189154786597 0.6743334152478618 0.2245425389218682 0.675773051074887 0.22186694597932002 0.6756823208023602 0.21446396661132602 0.6689582445812552 0.20679870291557062 0.6619328624487018 0.20475558022282914 0.6558423595030466 0.20759470997167667 0.6531138946679439 0.21426647156840187 0.6544708483120283 0.21788836054678842 0.6583831620621947 0.22199628290766132
5 0.6710989628668423 0.2057189761976462 0.6746644517060734 0.20761590366440066 0.6829712302100134 0.20848898126657867 0.6879837875129604 0.20488419222717105 0.6901393710719292 0.19815221838201977 0.6909005300769123 0.19366568095027836 0.6889858681565234 0.19259462502251004 0.6738045143389777 0.19099900043921925 0.6714225666883632 0.19161846450379208 0.66793263512183 0.19451347110598766 0.6672544660262354 0.2009658190430655 0.6710989628668423 0.2057189761976462
5 0.6126412361588852 0.16673923541767227 0.6086840188621265 0.17132476201220886 0.6076741978554254 0.17817716035421224 0.6115413003325523 0.18271523924422373 0.6151520004448228 0.1841820101818396 0.6223130163964953 0.18493466328716548 0.6325115434578571 0.1788305826554098 0.6341019861038303 0.17747556542449022 0.6342750908328506 0.17031777044527838 0.6291944088938968 0.16630450185212253 0.6241741112278114 0.16447212202887235 0.6207820348440484 0.16368069200917734 0.6163271858174062 0.16473464799796664 0.6126412361588852 0.16673923541767227
5 0.635827754842475 0.16656678617988369 0.6337248151932366 0.17004247993228305 0.6363030886622862 0.17857672747647135 0.6388962274047174 0.18145872789343298 0.6463362513577661 0.18506761068658525 0.6501277965621951 0.18481375550764687 0.6577861365173037 0.18083468679244893 0.663401613369595 0.17424890817328498 0.6638085148269518 0.17037749941103816 0.6619238911797735 0.1662652416550871 0.6593081468008226 0.16359831950269496 0.6528556459444027 0.16161540905837946 0.649131917649533 0.16122402944361003 0.640440843324756 0.1640072823391096 0.635827754842475 0.16656678617988369
5 0.6726342997915054 0.14151389964930966 0.6673126962139716 0.14530366082907348 0.6649007102901464 0.14896432672182885 0.6641395512851634 0.15345086415357043 0.6644411649230593 0.1560920155768276 0.6665066336623964 0.15848364721622454 0.6731551526108037 0.16135697684303002 0.6800297279244092 0.1620795238241429 0.6877258465158667 0.16049642214341975 0.6908841261712932 0.15800146594614978 0.6928966432744524 0.15538608525202746 0.6932357278222498 0.15215991128348852 0.6906048104434697 0.14688194383205203 0.6860970097806496 0.14292888748732224 0.6797123258337893 0.14030074224929914 0.6768027081800807 0.14042983753630733 0.6726342997915054 0.14151389964930966
4 0.5310972133577863 0.592642130252005 0.5282708933399135 0.6030003284706207 0.5306531487169754 0.610644156832319 0.5379048949411748 0.6187997893056388 0.5409653194138314 0.6199912697302593 0.5489856572797045 0.6208342412082243 0.5567495927807214 0.6186059047337935 0.563156574637654 0.6127556792809761 0.5737768684297542 0.5971279427597469 0.5739499731587745 0.5899701477805352 0.5680551805786594 0.5854364042856017 0.5628162591840669 0.5829286835444307 0.5507027624758685 0.5796984158221469 0.5420191207877822 0.579655545154033 0.5380241248546748 0.5818451047140947 0.5310972133577863 0.592642130252005
3 0.5902219838072773 0.5288361375432613 0.5860083641456624 0.5303503561854022 0.5833777544933298 0.533335681160237 0.5800460623824353 0.5347251399104477 0.5821341367582923 0.5369016932852752 0.5822171266676807 0.5388675037906117 0.5800538027455737 0.5401623087731052 0.5789006075566153 0.5428680078398666 0.5800315048355014 0.5486406794639456 0.5830166797619077 0.5533035182458873 0.5901024461673299 0.5575275297085345 0.5968639932983364 0.5593254680124935 0.6101080795589733 0.5600651149325853 0.6184901076091636 0.557466834177442 0.6229976005455362 0.5531565980959007 0.6250553289217351 0.55011106087264 0.6248667434664381 0.5463945181265364 0.6206905947147245 0.5420414113768811 0.6187833654310262 0.5381442318854993 0.6037525107059811 0.5296058905875661 0.596945752301935 0.5282381088127455 0.5902219838072773 0.5288361375432613
2 0.5614757094456014 0.614971009570173 0.5555134076823744 0.6193457932952183 0.5495359329193186 0.6211095317212196 0.548782206551026 0.6227699455893476 0.5501165545585905 0.6266069128323032 0.5545339326753316 0.6314202822353102 0.560059294707991 0.6339581091006943 0.563473976728274 0.6345344608558199 0.5713661134117191 0.6338417783575869 0.5819114653840164 0.6299486926199501 0.5869240226869634 0.6263439035805426 0.5895998436123355 0.6229284220765694 0.5913711313504673 0.6198527787290956 0.5917628598079951 0.6133703246678046 0.5883704756977844 0.6043156022218386 0.5843903450380585 0.6008529146546734 0.5754503009851158 0.5977387360341637 0.5714100937789687 0.6003584521233639 0.5614757094456014 0.614971009570173
2 0.619523457431727 0.5751892348496827 0.6147143508574584 0.5768583195079666 0.6075688156320624 0.5869800041279563 0.6059635077127076 0.5939872684861027 0.6089638556389432 0.6012611525670887 0.616373841318781 0.6079112371884237 0.6310126598598511 0.6146687401213768 0.6493148224229219 0.6196367338991937 0.6538978726319924 0.6201184318866023 0.6571165365602877 0.6198043644592379 0.6656868423393274 0.612659334023927 0.6660485325236445 0.6092180817908188 0.6627617439593422 0.6019140915856199 0.658939852755255 0.5969458561664698 0.6535272111787471 0.5850693455519684 0.6460116299530007 0.5766685286898661 0.6364308877143648 0.5741393726146382 0.619523457431727 0.5751892348496827
2 0.5364922201228852 0.5358012561572935 0.5311254052723118 0.5400211738661956 0.5272889565212906 0.5489684780005436 0.5270780731559214 0.5537303059452804 0.5320082560023749 0.5646862912530787 0.5396442980474111 0.5691855932287212 0.5458329639022839 0.5709233192842542 0.55356686113009 0.5717361846380061 0.5612629797215474 0.5701530829572832 0.564572066195922 0.5689787024716416 0.5745067582557368 0.5626294374511037 0.5778006717302824 0.5588440116664181 0.5792703458305183 0.5531272168956871 0.5771067141819637 0.5461587294519097 0.5708424910543932 0.5396290693274267 0.564857275928199 0.5359556388907702 0.5508216846629209 0.5344804388043316 0.5400651415988069 0.5348720600604342 0.5364922201228852 0.5358012561572935
2 0.7886823360016822 0.40682774334181 0.7894137644599022 0.4136457001645223 0.7918412311100038 0.42085937199708223 0.79937941797227 0.42904511059461503 0.8028996955384612 0.4313721945905079 0.8057414962826105 0.4318883340972074 0.8262822323140387 0.43209016453520954 0.8323275239866543 0.4296811913155004 0.8369254394691061 0.42451064217568213 0.8380408560217155 0.4194089760744458 0.8364953169223345 0.412070544349956 0.82444158903411 0.3944945805450355 0.8108807161357481 0.3885027369026423 0.7987371811543393 0.3883136710085412 0.7957371409545513 0.38930307935382646 0.7886823360016822 0.40682774334181