2 0.5077764976958525 0.42171280276816614 0.5250576036866359 0.4364186851211073 0.5325460829493088 0.44074394463667826 0.5391705069124424 0.44269031141868515 0.5434907834101382 0.4422577854671281 0.5509792626728112 0.43858131487889274 0.5535714285714286 0.4353373702422146 0.5564516129032258 0.4219290657439447 0.5564516129032258 0.4143598615916956 0.5504032258064516 0.4035467128027682 0.5463709677419355 0.4033304498269897 0.5403225806451613 0.40657439446366783 0.5354262672811061 0.4063581314878893 0.5348502304147466 0.40289792387543255 0.5420506912442397 0.3940311418685122 0.5408986175115207 0.3929498269896194 0.5325460829493088 0.3918685121107267 0.5192972350230415 0.39597750865051906 0.5080645161290323 0.405060553633218 0.5060483870967742 0.4078719723183391 0.506336405529954 0.4180363321799308 0.5077764976958525 0.42171280276816614
5 0.9464285714285715 0.39965397923875434 0.952188940092166 0.411764705882353 0.9567972350230415 0.4154411764705882 0.9631336405529953 0.4180363321799308 0.9694700460829493 0.41825259515570934 0.9778225806451614 0.4158737024221454 0.9824308755760368 0.41284602076124577 0.9855990783410139 0.4078719723183391 0.9835829493087559 0.4052768166089966 0.9723502304147467 0.40008650519031147 0.9628456221198156 0.393166089965398 0.9527649769585255 0.3832179930795848 0.949020737327189 0.3823529411764706 0.9447004608294931 0.3836505190311419 0.9421082949308757 0.38797577854671284 0.9421082949308757 0.3946799307958478 0.9464285714285715 0.39965397923875434
4 0.9668778801843319 0.47253460207612463 0.969758064516129 0.47404844290657444 0.976094470046083 0.47145328719723184 0.9997119815668203 0.4688581314878893 0.9997119815668203 0.4455017301038063 0.9968317972350231 0.4459342560553633 0.9919354838709677 0.44961072664359863 0.9865590437788019 0.44860142733564023 0.9838709677419356 0.446583044982699 0.9801267281105991 0.4459342560553633 0.9691820276497696 0.4493944636678201 0.9651497695852536 0.45350346020761245 0.9648617511520738 0.4669117647058824 0.9668778801843319 0.47253460207612463
4 0.6301843317972351 0.49286332179930803 0.6345046082949308 0.4961072664359862 0.6408410138248848 0.4967560553633218 0.643721198156682 0.4954584775086506 0.6477534562211982 0.49178200692041524 0.6524098502304148 0.4898356401384083 0.6653225806451613 0.4898356401384083 0.6684907834101382 0.48572664359861595 0.668778801843318 0.4775086505190312 0.6653225806451613 0.4733996539792388 0.6612903225806452 0.47166955017301043 0.6503456221198156 0.4710207612456748 0.6440092165898618 0.47188581314878897 0.6391129032258065 0.4733996539792388 0.633352534562212 0.4772923875432526 0.6287442396313364 0.4844290657439447 0.6284562211981567 0.4885380622837371 0.6301843317972351 0.49286332179930803
4 0.5702764976958525 0.43339100346020765 0.5884216589861752 0.4439878892733565 0.6057027649769585 0.4491782006920416 0.616647465437788 0.4470155709342561 0.6238479262672811 0.4429065743944637 0.6264400921658987 0.43879757785467133 0.6270161290322581 0.4353373702422146 0.619815668202765 0.42171280276816614 0.6134792626728112 0.4147923875432526 0.6022465437788018 0.4067906574394464 0.5953341013824885 0.4061418685121107 0.584389400921659 0.4108996539792388 0.5743087557603687 0.41198096885813157 0.570852534562212 0.4152249134948097 0.5694124423963134 0.41976643598615915 0.5691244239631337 0.42863321799307963 0.5702764976958525 0.43339100346020765
4 0.47292626728110604 0.37002595155709345 0.497983870967742 0.38819204152249137 0.501152073732719 0.38884083044982704 0.5089285714285714 0.3884083044982699 0.5190092165898618 0.3853806228373703 0.5224654377880185 0.3832179930795848 0.5241935483870968 0.3804065743944637 0.5244815668202765 0.37651384083044986 0.5207373271889402 0.36916089965397925 0.5195852534562212 0.3589965397923876 0.5120967741935484 0.3488321799307959 0.5051843317972351 0.34407439446366783 0.49884792626728114 0.3438581314878893 0.49107142857142855 0.3471020761245675 0.4737903225806452 0.3503460207612457 0.4691820276497696 0.35596885813148793 0.46889400921658986 0.36310553633217996 0.47292626728110604 0.37002595155709345
4 0.2220622119815668 0.27941176470588236 0.22839861751152074 0.2908737024221454 0.23358294930875578 0.2971453287197232 0.24049539170506912 0.3086072664359862 0.2511520737327189 0.31487889273356406 0.258352534562212 0.31704152249134954 0.26526497695852536 0.31682525951557095 0.2736175115207373 0.31444636678200694 0.2793778801843318 0.3103373702422146 0.2836981566820277 0.30579584775086505 0.29089861751152074 0.2900086505190312 0.2932027649769585 0.2761678200692042 0.2932027649769585 0.2688148788927336 0.2903225806451613 0.25454152249134954 0.2865783410138249 0.24740484429065748 0.2790898617511521 0.24307958477508654 0.2736175115207373 0.24134948096885817 0.2632488479262673 0.23615916955017302 0.2511520737327189 0.23637543252595158 0.24711981566820276 0.2355103806228374 0.24481566820276499 0.233780276816609 0.24135944700460832 0.233780276816609 0.2341589861751152 0.2374567474048443 0.2226382488479263 0.25151384083044986 0.22004608294930877 0.2577854671280277 0.22004608294930877 0.27292387543252594 0.2220622119815668 0.27941176470588236
4 0.1370967741935484 0.4041955017301039 0.14285714285714285 0.41133217993079585 0.15754608294930877 0.41998269896193774 0.16820276497695855 0.4234429065743945 0.1725230414746544 0.4238754325259516 0.17540322580645162 0.42322664359861595 0.18519585253456222 0.4171712802768166 0.195852534562212 0.40808823529411764 0.20218894009216593 0.39273356401384085 0.2059331797235023 0.386461937716263 0.21025345622119818 0.3832179930795848 0.21226958525345624 0.37586505190311426 0.2116935483870968 0.35532006920415227 0.2105414746543779 0.35207612456747406 0.20305299539170507 0.3462370242214533 0.19182027649769587 0.34039792387543255 0.18289170506912442 0.3391003460207613 0.17482718894009217 0.3391003460207613 0.16877880184331798 0.34039792387543255 0.1543778801843318 0.3406141868512111 0.141705069124424 0.3447231833910035 0.13796082949308758 0.3483996539792388 0.1359447004608295 0.3522923875432526 0.13565668202764977 0.35986159169550175 0.133352534562212 0.3687283737024222 0.13306451612903228 0.39446366782006925 0.1370967741935484 0.4041955017301039
4 0.22551843317972353 0.39792387543252594 0.22724654377880188 0.41198096885813157 0.2341589861751152 0.4288494809688582 0.24107142857142855 0.4390138408304499 0.2502880184331797 0.4463667820069205 0.25921658986175117 0.4491782006920416 0.26526497695852536 0.4491782006920416 0.27592165898617516 0.4448529411764707 0.2796658986175115 0.4448529411764707 0.28513824884792627 0.4429065743944637 0.290610599078341 0.43879757785467133 0.2926267281105991 0.4359861591695502 0.29406682027649766 0.427984429065744 0.2900345622119816 0.4007352941176471 0.2914746543778802 0.39273356401384085 0.2897465437788019 0.38624567474048443 0.27793778801843316 0.3752162629757786 0.2730414746543779 0.3715397923875433 0.26900921658986177 0.37002595155709345 0.26526497695852536 0.37089100346020765 0.26180875576036866 0.3695934256055363 0.24884792626728108 0.3721885813148789 0.23761520737327188 0.3719723183391004 0.23588709677419356 0.3737024221453288 0.23070276497695855 0.37586505190311426 0.22724654377880188 0.37954152249134954 0.22321428571428573 0.3868944636678201 0.222926267281106 0.3905709342560554 0.22551843317972353 0.39792387543252594
5 0.969758064516129 0.5041089965397925 0.9717741935483872 0.5058391003460209 0.9804147465437788 0.509515570934256 0.9858870967741936 0.5108131487889274 0.9945276497695852 0.5105968858131489 0.9997119815668203 0.5092993079584776 0.9997119815668203 0.4762110726643599 0.9982718894009217 0.4762110726643599 0.9910714285714286 0.47188581314878897 0.9772465437788019 0.47058823529411764 0.9723502304147467 0.47188581314878897 0.9706221198156684 0.47318339100346024 0.9683179723502304 0.4775086505190312 0.9668778801843319 0.48810553633218 0.969758064516129 0.5041089965397925
5 0.5763248847926268 0.3957612456747405 0.581221198156682 0.4037629757785467 0.584389400921659 0.4057093425605537 0.5884216589861752 0.4054930795847751 0.5907258064516129 0.40268166089965407 0.5930299539170507 0.39446366782006925 0.5933179723502304 0.3868944636678201 0.5918778801843319 0.38343425605536335 0.5872695852534562 0.38019031141868515 0.5809331797235023 0.3791089965397924 0.5771889400921659 0.379757785467128 0.5697004608294931 0.38429930795847755 0.568836405529954 0.38797577854671284 0.5763248847926268 0.3957612456747405
5 0.18375576036866362 0.5082179930795848 0.19239631336405533 0.5127595155709342 0.19902073732718895 0.5142733564013842 0.20996543778801846 0.5131920415224914 0.2203341013824885 0.5108131487889274 0.22523041474654376 0.5086505190311419 0.2269585253456221 0.5062716262975779 0.22955069124423963 0.5049740484429066 0.22811059907834103 0.5012975778546713 0.2240783410138249 0.4961072664359862 0.2203341013824885 0.49394463667820077 0.21399769585253456 0.49264705882352944 0.19268433179723504 0.49502595155709345 0.1849078341013825 0.497188581314879 0.1814516129032258 0.5008650519031141 0.1814516129032258 0.5045415224913495 0.18375576036866362 0.5082179930795848
5 0.12672811059907835 0.5181660899653979 0.1298963133640553 0.5196799307958477 0.13018433179723504 0.5224913494809689 0.13796082949308758 0.516219723183391 0.1509216589861751 0.5140570934256056 0.15524193548387097 0.5121107266435987 0.1578341013824885 0.5092993079584776 0.15610599078341014 0.5025951557093425 0.14746543778801843 0.49199826989619383 0.14400921658986177 0.49026816608996543 0.1382488479262673 0.4891868512110727 0.1336405529953917 0.4891868512110727 0.13076036866359447 0.49091695501730104 0.12615207373271892 0.4997837370242215 0.12125576036866359 0.5058391003460209 0.12183179723502305 0.5121107266435987 0.12672811059907835 0.5181660899653979
5 0.06451612903225806 0.5088667820069205 0.07056451612903226 0.5103806228373703 0.1028225806451613 0.5090830449826991 0.11059907834101383 0.5049740484429066 0.1137672811059908 0.5002162629757786 0.11578341013824885 0.49264705882352944 0.1137672811059908 0.48464532871972327 0.10224654377880185 0.4811851211072665 0.08842165898617513 0.48378027681660907 0.0673963133640553 0.49264705882352944 0.06307603686635946 0.4969723183391004 0.060771889400921666 0.5015138408304499 0.061347926267281104 0.5071366782006921 0.06451612903225806 0.5088667820069205
5 0.04925115207373272 0.5261678200692042 0.05328341013824885 0.5276816608996541 0.06451612903225806 0.5285467128027682 0.07891705069124424 0.5222750865051904 0.08381336405529954 0.5190311418685122 0.08467741935483872 0.5144896193771626 0.07373271889400922 0.5108131487889274 0.060771889400921666 0.5080017301038062 0.05299539170506913 0.511461937716263 0.045218894009216595 0.5181660899653979 0.045218894009216595 0.5224913494809689 0.04925115207373272 0.5261678200692042
5 0.060771889400921666 0.548226643598616 0.06394009216589862 0.5493079584775087 0.07315668202764977 0.5490916955017301 0.08928571428571429 0.5449826989619377 0.10138248847926268 0.5397923875432526 0.10483870967741934 0.5363321799307958 0.10627880184331798 0.5326557093425606 0.10195852534562214 0.5294117647058825 0.09504608294930876 0.5263840830449827 0.09360599078341014 0.5244377162629759 0.08784562211981567 0.5222750865051904 0.08122119815668202 0.5231401384083045 0.06941244239631336 0.5281141868512111 0.05933179723502304 0.534818339100346 0.05673963133640553 0.5389273356401384 0.05731566820276498 0.5432525951557093 0.060771889400921666 0.548226643598616