5 0.9075460829493087 0.1554930795847751 0.9112903225806452 0.16219723183391005 0.9153225806451614 0.16349480968858132 0.9207949308755762 0.15808823529411767 0.9176267281105991 0.15318620242214534 0.9176267281105991 0.15073529411764708 0.921947004608295 0.14057093425605538 0.9176267281105991 0.13862456747404844 0.9161866359447005 0.1336505190311419 0.9130184331797235 0.12846020761245674 0.9075460829493087 0.12478373702422145 0.8974654377880185 0.12435121107266438 0.893721198156682 0.12521626297577854 0.8911290322580646 0.12694636678200694 0.8888248847926267 0.13148788927335642 0.8894009216589861 0.1379757785467128 0.9075460829493087 0.1554930795847751
5 0.9723502304147467 0.15181660899653981 0.9786866359447005 0.1591695501730104 0.9830069124423962 0.16176470588235295 0.986463133640553 0.16262975778546712 0.9997119815668203 0.16133217993079588 0.9997119815668203 0.11397058823529413 0.9945276497695852 0.11440311418685123 0.9855990783410139 0.12240484429065746 0.974078341013825 0.13689446366782007 0.9711981566820278 0.1429498269896194 0.9706221198156684 0.1477076124567474 0.9723502304147467 0.15181660899653981
5 0.92713133640553 0.20609861591695502 0.929147465437788 0.20847750865051906 0.935483870967742 0.21150519031141873 0.9498847926267281 0.21215397923875434 0.9585253456221199 0.21064013840830453 0.9642857142857142 0.20804498269896196 0.9688940092165899 0.20285467128027684 0.9726382488479264 0.18295847750865052 0.9758064516129032 0.17560553633217996 0.976094470046083 0.17171280276816608 0.9737903225806452 0.16673875432525953 0.9665898617511521 0.16262975778546712 0.9576612903225806 0.16371107266435986 0.9495967741935484 0.16738754325259517 0.939804147465438 0.17474048442906576 0.9340437788018434 0.18036332179930797 0.9285714285714286 0.18793252595155713 0.9268433179723502 0.19442041522491352 0.9262672811059908 0.20328719723183392 0.92713133640553 0.20609861591695502
5 0.8692396313364055 0.20653114186851212 0.8715437788018434 0.21323529411764705 0.8755760368663594 0.22037197231833913 0.8804723502304148 0.2240484429065744 0.8882488479262672 0.22426470588235295 0.8908410138248849 0.22275086505190314 0.8940092165898618 0.2179930795847751 0.900921658986175 0.19961072664359863 0.9017857142857142 0.19225778546712805 0.8940092165898618 0.18230968858131488 0.8908410138248849 0.1810121107266436 0.8798963133640554 0.18252595155709345 0.8738479262672811 0.185121107266436 0.8695276497695852 0.18923010380622837 0.8675115207373272 0.19333910034602078 0.8692396313364055 0.20653114186851212
5 0.8398617511520738 0.8804065743944637 0.8441820276497696 0.8858131487889274 0.8487903225806452 0.8873269896193772 0.8559907834101382 0.8875432525951558 0.8605990783410139 0.8864619377162631 0.86463133640553 0.8834342560553633 0.8669354838709677 0.87651384083045 0.8623271889400922 0.8767301038062284 0.8597350230414748 0.872621107266436 0.8548387096774194 0.8698096885813149 0.8522465437788019 0.8689446366782008 0.8459101382488481 0.8691608996539794 0.8415898617511521 0.8734861591695502 0.8398617511520738 0.87651384083045 0.8398617511520738 0.8804065743944637
5 0.7983870967741936 0.8834342560553633 0.8029953917050692 0.8866782006920415 0.8067396313364055 0.8881920415224915 0.8133640552995391 0.8877595155709344 0.8179723502304148 0.8862456747404845 0.8220046082949309 0.8836505190311419 0.8234447004608295 0.8767301038062284 0.8217165898617512 0.8706747404844292 0.8101958525345623 0.8618079584775087 0.8038594470046083 0.8581314878892734 0.8001152073732719 0.8585640138408305 0.7969470046082949 0.8615916955017301 0.7949308755760369 0.8661332179930797 0.7955069124423964 0.8780276816608998 0.7983870967741936 0.8834342560553633
5 0.8315092165898618 0.9052768166089965 0.8415898617511521 0.9119809688581316 0.8453341013824884 0.91219723183391 0.8513824884792627 0.9096020761245676 0.8536866359447005 0.9067906574394465 0.8559907834101382 0.8994377162629759 0.8557027649769585 0.8942474048442908 0.8525345622119817 0.8910034602076126 0.8315092165898618 0.8845155709342561 0.8274769585253458 0.8855968858131489 0.8245967741935484 0.887975778546713 0.8251728110599078 0.8974913494809689 0.8315092165898618 0.9052768166089965
5 0.889688940092166 0.9586937716262977 0.8911290322580646 0.9632352941176471 0.8977534562211982 0.9684256055363323 0.9029377880184333 0.9697231833910035 0.9112903225806452 0.9697231833910035 0.9153225806451614 0.9692906574394465 0.9225230414746545 0.9612889273356402 0.923963133640553 0.9528546712802768 0.921947004608295 0.9493944636678201 0.9184907834101382 0.9470155709342561 0.9043778801843319 0.9424740484429066 0.8974654377880185 0.9457179930795849 0.8922811059907835 0.951340830449827 0.8879608294930875 0.9530709342560554 0.8876728110599078 0.9541522491349482 0.8873847926267281 0.9565311418685122 0.889688940092166 0.9586937716262977
5 0.7983870967741936 0.9571799307958478 0.8064516129032258 0.9615051903114187 0.814516129032258 0.9675605536332181 0.8171082949308757 0.9686418685121108 0.8211405529953918 0.9688581314878894 0.8254608294930875 0.9669117647058825 0.8280529953917052 0.9632352941176471 0.8289170506912443 0.9528546712802768 0.8266129032258064 0.9493944636678201 0.8237327188940092 0.9472318339100347 0.8197004608294931 0.9455017301038063 0.8110599078341014 0.9437716262975779 0.8035714285714286 0.9437716262975779 0.7969470046082949 0.9452854671280277 0.7946428571428572 0.9480968858131489 0.7952188940092166 0.9526384083044983 0.7983870967741936 0.9571799307958478
5 0.3099078341013825 0.887975778546713 0.3185483870967742 0.8892733564013842 0.3251728110599078 0.8881920415224915 0.334389400921659 0.8823529411764707 0.33842165898617516 0.8810553633217995 0.3392857142857143 0.8672145328719724 0.3358294930875576 0.8613754325259515 0.33093317972350234 0.8587802768166091 0.3245967741935484 0.8579152249134949 0.3194124423963134 0.8626730103806229 0.31538018433179726 0.872188581314879 0.31134792626728114 0.8780276816608998 0.30328341013824883 0.8830017301038063 0.3029953917050691 0.8836505190311419 0.3099078341013825 0.887975778546713
5 0.2131336405529954 0.8780276816608998 0.22004608294930877 0.8817041522491349 0.2226382488479263 0.8868944636678201 0.22436635944700462 0.8877595155709344 0.22955069124423963 0.887975778546713 0.24654377880184333 0.8801903114186851 0.25288018433179726 0.8730536332179932 0.2540322580645161 0.8682958477508651 0.2537442396313364 0.8663494809688583 0.24625576036866362 0.8605103806228375 0.23444700460829493 0.855968858131488 0.23185483870967744 0.855968858131488 0.2269585253456221 0.8561851211072666 0.217741935483871 0.8589965397923877 0.20881336405529954 0.8698096885813149 0.20823732718894009 0.8737024221453288 0.2131336405529954 0.8780276816608998
5 0.2857142857142857 0.8730536332179932 0.2932027649769585 0.8810553633217995 0.3122119815668203 0.8886245674740485 0.3191244239631337 0.8892733564013842 0.3234447004608295 0.8886245674740485 0.33870967741935487 0.8801903114186851 0.3392857142857143 0.8685121107266436 0.3358294930875576 0.8611591695501731 0.3320852534562212 0.8587802768166091 0.3263248847926267 0.8572664359861593 0.31739631336405527 0.8509948096885814 0.3061635944700461 0.8494809688581315 0.2966589861751152 0.84969723183391 0.29435483870967744 0.8505622837370244 0.2900345622119816 0.854022491349481 0.28456221198156684 0.8646193771626299 0.28456221198156684 0.8700259515570934 0.2857142857142857 0.8730536332179932
5 0.19268433179723504 0.8520761245674742 0.20650921658986174 0.8542387543252596 0.2203341013824885 0.8544550173010382 0.2269585253456221 0.8522923875432526 0.23271889400921658 0.846885813148789 0.23444700460829493 0.8391003460207613 0.23358294930875578 0.8313148788927336 0.23185483870967744 0.8276384083044983 0.2289746543778802 0.8261245674740485 0.21342165898617513 0.826340830449827 0.20996543778801846 0.8285034602076126 0.20650921658986174 0.8285034602076126 0.1961405529953917 0.8323961937716264 0.18865207373271892 0.8369377162629759 0.18721198156682028 0.8403979238754327 0.18865207373271892 0.8479671280276817 0.19268433179723504 0.8520761245674742
5 0.09879032258064516 0.8548875432525952 0.1016705069124424 0.8568339100346021 0.10915898617511521 0.8579152249134949 0.11578341013824885 0.8557525951557095 0.11952764976958526 0.8520761245674742 0.12211981566820278 0.8466695501730104 0.12067972350230416 0.8382352941176471 0.11751152073732721 0.8343425605536332 0.11261520737327188 0.8321799307958478 0.1077188940092166 0.8332612456747406 0.09879032258064516 0.8419117647058825 0.09706221198156682 0.846885813148789 0.0967741935483871 0.8490484429065746 0.09879032258064516 0.8548875432525952
5 0.07459677419354839 0.869377162629758 0.08122119815668202 0.8717560553633218 0.08986175115207373 0.8704584775086506 0.09475806451612903 0.8682958477508651 0.0967741935483871 0.8659169550173011 0.09763824884792627 0.8546712802768166 0.09591013824884793 0.8499134948096886 0.09187788018433181 0.8473183391003462 0.08928571428571429 0.8466695501730104 0.08467741935483872 0.8471020761245676 0.0771889400921659 0.851643598615917 0.07258064516129033 0.8594290657439447 0.07200460829493088 0.8665657439446367 0.07459677419354839 0.869377162629758
5 0.04925115207373272 0.8687283737024222 0.055011520737327194 0.8698096885813149 0.06566820276497695 0.8661332179930797 0.06710829493087558 0.8626730103806229 0.06710829493087558 0.8561851211072666 0.06422811059907835 0.849264705882353 0.061347926267281104 0.8464532871972319 0.054723502304147464 0.8438581314878894 0.05011520737327189 0.8447231833910035 0.04579493087557604 0.8483996539792388 0.0440668202764977 0.8544550173010382 0.0440668202764977 0.8628892733564015 0.04925115207373272 0.8687283737024222
4 0.20938940092165897 0.29368512110726647 0.21601382488479262 0.30471453287197237 0.2275345622119816 0.31855536332179935 0.24107142857142855 0.3220155709342561 0.2451036866359447 0.3213667820069205 0.25201612903225806 0.3222318339100346 0.25518433179723504 0.32158304498269896 0.2597926267281106 0.3183391003460208 0.2658410138248848 0.3105536332179931 0.2669930875576037 0.3064446366782007 0.26180875576036866 0.29282006920415227 0.25892857142857145 0.2884948096885813 0.25518433179723504 0.28568339100346024 0.25 0.28416955017301043 0.23761520737327188 0.2750865051903114 0.22638248847926268 0.27335640138408307 0.22004608294930877 0.2735726643598616 0.21486175115207376 0.27530276816609 0.21025345622119818 0.2783304498269896 0.20852534562211983 0.2822231833910035 0.20823732718894009 0.2887110726643599 0.20938940092165897 0.29368512110726647
2 0.2540322580645161 0.8639705882352942 0.2574884792626728 0.8665657439446367 0.26440092165898615 0.8682958477508651 0.27073732718894006 0.8685121107266436 0.27620967741935487 0.867430795847751 0.28513824884792627 0.8602941176470589 0.29089861751152074 0.8522923875432526 0.29176267281105994 0.8414792387543253 0.290610599078341 0.8384515570934257 0.28715437788018433 0.8358564013840832 0.2828341013824885 0.8347750865051904 0.2727534562211982 0.8334775086505191 0.26526497695852536 0.8341262975778548 0.258352534562212 0.83780276816609 0.25489631336405527 0.842128027681661 0.25172811059907835 0.8490484429065746 0.25144009216589863 0.856401384083045 0.2540322580645161 0.8639705882352942