4 0.6612903225806452 0.46453287197231835 0.6673387096774194 0.4669117647058824 0.6788594470046083 0.4664792387543253 0.6923963133640554 0.46237024221453293 0.6995967741935484 0.4573961937716263 0.7030529953917051 0.45242214532871977 0.7033410138248848 0.4461505190311419 0.6998847926267281 0.44052768166089973 0.6961405529953917 0.4377162629757786 0.6895161290322581 0.4357698961937716 0.6820276497695853 0.4357698961937716 0.6670506912442397 0.4392301038062284 0.6604262672811061 0.4461505190311419 0.6581221198156683 0.45220588235294124 0.658410138248848 0.4599913494809689 0.6612903225806452 0.46453287197231835
4 0.6762672811059909 0.5328719723183392 0.685483870967742 0.5365484429065744 0.6926843317972351 0.536764705882353 0.6952764976958525 0.5354671280276817 0.6978686635944701 0.5328719723183392 0.699020737327189 0.5276816608996541 0.6981566820276498 0.5179498269896194 0.6955645161290323 0.5142733564013842 0.6895161290322581 0.5105968858131489 0.685483870967742 0.5103806228373703 0.6751152073732719 0.5110294117647058 0.6707949308755761 0.5151384083044983 0.6716589861751152 0.5291955017301039 0.6762672811059909 0.5328719723183392
4 0.643721198156682 0.5118944636678201 0.6477534562211982 0.5136245674740485 0.6526497695852534 0.5179498269896194 0.6543778801843319 0.5220588235294118 0.6543778801843319 0.5261678200692042 0.6578341013824885 0.5291955017301039 0.6653225806451613 0.5289792387543253 0.6682027649769585 0.5281141868512111 0.6705069124423964 0.5227076124567475 0.6702188940092166 0.5181660899653979 0.6722350230414746 0.5086505190311419 0.6581221198156683 0.5025951557093425 0.6477534562211982 0.504325259515571 0.6425691244239632 0.5080017301038062 0.6419930875576038 0.5086505190311419 0.643721198156682 0.5118944636678201
4 0.6595622119815668 0.5605536332179931 0.6621543778801844 0.5614186851211074 0.6667626728110599 0.5657439446366783 0.6754032258064516 0.5679065743944637 0.6785714285714286 0.5679065743944637 0.6857718894009217 0.5640138408304499 0.690668202764977 0.5540657439446367 0.6898041474654378 0.5497404844290659 0.6869239631336406 0.5467128027681661 0.6779953917050692 0.5428200692041523 0.6707949308755761 0.5423875432525952 0.6647465437788018 0.5432525951557093 0.6592741935483871 0.5464965397923875 0.6566820276497696 0.55060553633218 0.6561059907834101 0.557742214532872 0.6595622119815668 0.5605536332179931
4 0.628168202764977 0.5499567474048443 0.6336405529953917 0.5575259515570934 0.6368087557603687 0.5590397923875433 0.646889400921659 0.559688581314879 0.6529377880184332 0.557742214532872 0.6566820276497696 0.5499567474048443 0.6578341013824885 0.5436851211072665 0.655241935483871 0.5393598615916956 0.6474654377880185 0.53719723183391 0.636520737327189 0.5369809688581315 0.6307603686635945 0.5384948096885813 0.6287442396313364 0.5400086505190311 0.6275921658986175 0.5428200692041523 0.6270161290322581 0.5469290657439447 0.628168202764977 0.5499567474048443
4 0.6442972350230415 0.5750432525951558 0.6483294930875576 0.5756920415224914 0.6543778801843319 0.5750432525951558 0.6610023041474655 0.572015570934256 0.6658986175115207 0.5676903114186851 0.6647465437788018 0.5635813148788927 0.6569700460829494 0.559688581314879 0.6509216589861752 0.5588235294117647 0.6474654377880185 0.559688581314879 0.6399769585253456 0.5594723183391004 0.6382488479262673 0.560121107266436 0.6370967741935484 0.5620674740484429 0.6388248847926268 0.5709342560553634 0.6442972350230415 0.5750432525951558
4 0.4038018433179723 0.5717993079584776 0.4069700460829493 0.5730968858131489 0.415610599078341 0.5735294117647058 0.4213709677419355 0.5726643598615917 0.42885944700460826 0.5694204152249135 0.4337557603686636 0.5642301038062284 0.4334677419354839 0.5568771626297578 0.4317396313364055 0.5536332179930796 0.42597926267281105 0.548659169550173 0.41906682027649766 0.5462802768166091 0.4115783410138249 0.5462802768166091 0.40437788018433185 0.5488754325259516 0.39976958525345624 0.5536332179930796 0.3989055299539171 0.557742214532872 0.39976958525345624 0.5657439446366783 0.4038018433179723 0.5717993079584776
4 0.3654953917050691 0.5858564013840831 0.37644009216589863 0.5932093425605537 0.38392857142857145 0.5951557093425606 0.3876728110599078 0.5953719723183392 0.39400921658986177 0.5927768166089966 0.40120967741935487 0.5867214532871973 0.405241935483871 0.5815311418685122 0.405241935483871 0.5780709342560554 0.40264976958525345 0.5735294117647058 0.39746543778801846 0.5689878892733564 0.3942972350230415 0.5679065743944637 0.38997695852534564 0.5687716262975779 0.3845046082949309 0.578719723183391 0.37960829493087556 0.5815311418685122 0.3747119815668203 0.5793685121107267 0.369815668202765 0.5737456747404844 0.3663594470046083 0.5728806228373703 0.3626152073732719 0.5728806228373703 0.36175115207373276 0.5737456747404844 0.3620391705069125 0.5785034602076126 0.3654953917050691 0.5858564013840831
4 0.40236175115207373 0.6092128027681661 0.40754608294930883 0.6141868512110726 0.41589861751152074 0.6165657439446368 0.4251152073732719 0.6163494809688582 0.43029953917050695 0.6144031141868512 0.43461981566820274 0.6089965397923877 0.43692396313364057 0.6029411764705883 0.43692396313364057 0.5986159169550174 0.4357718894009217 0.5966695501730104 0.42857142857142855 0.5903979238754327 0.4251152073732719 0.5891003460207613 0.42050691244239635 0.5891003460207613 0.40783410138248855 0.5919117647058825 0.40034562211981567 0.5990484429065744 0.40034562211981567 0.6059688581314879 0.40236175115207373 0.6092128027681661
4 0.42021889400921664 0.5884515570934257 0.42828341013824883 0.5906141868512111 0.43836405529953915 0.597318339100346 0.44470046082949305 0.5953719723183392 0.4553571428571429 0.5884515570934257 0.4567972350230415 0.5849913494809689 0.45622119815668205 0.5810986159169551 0.45420506912442404 0.5774221453287198 0.44930875576036866 0.5737456747404844 0.44441244239631333 0.5728806228373703 0.42655529953917054 0.5730968858131489 0.4230990783410139 0.5748269896193772 0.42021889400921664 0.5780709342560554 0.41849078341013823 0.5813148788927336 0.42021889400921664 0.5884515570934257
4 0.3611751152073733 0.6182958477508651 0.36578341013824883 0.6224048442906576 0.3686635944700461 0.6230536332179931 0.3770161290322581 0.6219723183391004 0.38392857142857145 0.617863321799308 0.3876728110599078 0.6144031141868512 0.3928571428571429 0.6120242214532873 0.39343317972350234 0.6105103806228375 0.3919930875576037 0.6072664359861593 0.3870967741935484 0.6033737024221454 0.3787442396313364 0.5979671280276817 0.3663594470046083 0.592560553633218 0.36347926267281105 0.5936418685121108 0.36175115207373276 0.5955882352941176 0.35829493087557607 0.6066176470588236 0.35829493087557607 0.6128892733564014 0.3611751152073733 0.6182958477508651
3 0.2986751152073733 0.4669117647058824 0.3029953917050691 0.47080449826989623 0.31077188940092165 0.47383217993079585 0.32142857142857145 0.474264705882353 0.3263248847926267 0.47253460207612463 0.33093317972350234 0.46215397923875434 0.33755760368663595 0.4565311418685122 0.33122119815668205 0.4506920415224914 0.31682027649769584 0.448961937716263 0.3127880184331797 0.44961072664359863 0.3070276497695853 0.4545847750865052 0.3001152073732719 0.4558823529411765 0.29723502304147464 0.45891003460207613 0.29694700460829493 0.46366782006920415 0.2986751152073733 0.4669117647058824
3 0.3283410138248848 0.47404844290657444 0.33150921658986177 0.481401384083045 0.33496543778801846 0.4835640138408305 0.3485023041474654 0.48378027681660907 0.3557027649769585 0.48226643598615915 0.36088709677419356 0.4788062283737025 0.3649193548387097 0.47404844290657444 0.3663594470046083 0.4682093425605537 0.3654953917050691 0.4632352941176471 0.36376728110599077 0.4608564013840831 0.3591589861751152 0.4578287197231834 0.353110599078341 0.4567474048442907 0.3355414746543779 0.4569636678200692 0.3323732718894009 0.4595588235294118 0.3297811059907834 0.46388408304498274 0.32776497695852536 0.46993944636678203 0.3283410138248848 0.47404844290657444
3 0.3724078341013825 0.45436851211072665 0.38018433179723504 0.46193771626297575 0.38680875576036866 0.46172145328719727 0.39400921658986177 0.4595588235294118 0.39976958525345624 0.45436851211072665 0.4017857142857143 0.44961072664359863 0.40005760368663595 0.4448529411764707 0.39602534562211983 0.44204152249134954 0.39055299539170507 0.44052768166089973 0.3807603686635945 0.43987889273356406 0.37327188940092165 0.44074394463667826 0.3709677419354839 0.4431228373702423 0.3692396313364056 0.4476643598615917 0.3689516129032258 0.4493944636678201 0.3724078341013825 0.45436851211072665
2 0.681163594470046 0.5748269896193772 0.6860599078341014 0.5791522491349481 0.6892281105990784 0.580233564013841 0.6993087557603687 0.5806660899653979 0.7067972350230415 0.5800173010380624 0.7139976958525346 0.578287197231834 0.7197580645161291 0.5743944636678201 0.7200460829493088 0.5709342560553634 0.7174539170506913 0.5637975778546713 0.7088133640552996 0.5564446366782008 0.7007488479262673 0.552984429065744 0.6926843317972351 0.553416955017301 0.6898041474654378 0.5564446366782008 0.6877880184331797 0.5616349480968859 0.6797235023041475 0.5685553633217993 0.6794354838709677 0.5711505190311419 0.681163594470046 0.5748269896193772
2 0.44470046082949305 0.4794550173010381 0.4495967741935484 0.48205017301038067 0.4547811059907835 0.48205017301038067 0.4758064516129032 0.4785899653979239 0.47868663594470046 0.4749134948096886 0.47955069124423966 0.47080449826989623 0.478110599078341 0.46193771626297575 0.4758064516129032 0.4573961937716263 0.4737903225806452 0.4554498269896194 0.47062211981566826 0.4545847750865052 0.46255760368663595 0.4545847750865052 0.4567972350230415 0.455666089965398 0.44930875576036866 0.46107266435986166 0.44441244239631333 0.47080449826989623 0.4438364055299539 0.4772923875432526 0.44470046082949305 0.4794550173010381
2 0.3692396313364056 0.4768598615916956 0.369815668202765 0.48183391003460213 0.37298387096774194 0.48486159169550175 0.3894009216589862 0.4896193771626298 0.39372119815668205 0.48940311418685123 0.4038018433179723 0.4870242214532873 0.413594470046083 0.48075259515570934 0.41445852534562216 0.4772923875432526 0.4115783410138249 0.4701557093425606 0.40466589861751157 0.46388408304498274 0.4014976958525346 0.46280276816608995 0.3942972350230415 0.46150519031141873 0.3853686635944701 0.46237024221453293 0.37730414746543783 0.4656141868512111 0.3724078341013825 0.4701557093425606 0.3715437788018433 0.47383217993079585 0.3692396313364056 0.4768598615916956
2 0.35455069124423966 0.5123269896193772 0.35944700460829493 0.5149221453287198 0.37644009216589863 0.5209775086505191 0.38421658986175117 0.5207612456747406 0.38997695852534564 0.5220588235294118 0.396889400921659 0.5216262975778547 0.404089861751152 0.5196799307958477 0.40754608294930883 0.5155709342560554 0.40754608294930883 0.5047577854671281 0.40610599078341014 0.5023788927335641 0.3908410138248848 0.49113321799307963 0.3813364055299539 0.4870242214532873 0.375 0.48572664359861595 0.3709677419354839 0.48572664359861595 0.3654953917050691 0.4870242214532873 0.3548387096774194 0.49286332179930803 0.35080645161290325 0.4989186851211073 0.35080645161290325 0.5058391003460209 0.35455069124423966 0.5123269896193772