5 0.23976606423423769 0.3868934998650327 0.24258107601832002 0.3832619671492482 0.24498343859094796 0.3775075382754888 0.24487639784995743 0.3709190237700238 0.23325846214260687 0.3564337082059618 0.22993601585542928 0.3544357978952413 0.22023464969479395 0.3543387561132671 0.2151868335957615 0.35554026287099366 0.20873151160468773 0.3585575359866125 0.20611056897698274 0.3601685491444495 0.2020882481819115 0.36513631247864625 0.19960948349166752 0.37200714593927825 0.20011079027008782 0.3760956051473158 0.20901299805809267 0.3886853870006847 0.21306595747653848 0.3914225427588255 0.22236692987506917 0.3924786560197595 0.23371726372994345 0.39049268532015907 0.23976606423423769 0.3868934998650327
5 0.40025470784015293 0.4321454819702481 0.3995393195797517 0.41487999375128054 0.39317102600406484 0.4092882328034871 0.38871767282351444 0.40751014852430634 0.38147831733067716 0.4064939189397725 0.37574738074619674 0.40870945368434397 0.3690979895987456 0.41374724635791027 0.36214911770550534 0.424791641197434 0.35958169544829566 0.42969691160800344 0.3586403591382042 0.43692983137660324 0.3597193748126607 0.44399034520580577 0.3685558067808205 0.4502039021695074 0.37158939861997997 0.45071578516964533 0.39268236355663505 0.44903914586781657 0.3958626319063515 0.44577723587574214 0.40025470784015293 0.4321454819702481
5 0.4167112656192916 0.4639760531060782 0.42314820443634077 0.4563358285350569 0.42886525641989237 0.4404637290400756 0.4275325234938884 0.4305884936976204 0.4215523682309564 0.4209556936339319 0.42221710554237946 0.41531871419168465 0.4211564730419477 0.41288115181788443 0.41739236807152 0.4116300233703263 0.4131514672213717 0.4124543709886005 0.4028205009457838 0.41666561444620365 0.4002882158850446 0.4202421906541033 0.40061996440578707 0.4325151046939581 0.3968513608622633 0.4402975895414074 0.39482038257994445 0.4479626249573445 0.39006142092893004 0.45065015902565364 0.38242167167398816 0.45059300092007976 0.37915887348198074 0.4534303316805592 0.3805144881551055 0.4588949051834093 0.39033515050608125 0.4686624291077835 0.3964435991055455 0.4698984847238571 0.4067516836340127 0.47009790310585886 0.4136899292294821 0.4665461377428752 0.4167112656192916 0.4639760531060782
5 0.35919107659566435 0.49410356576781267 0.36875026481883855 0.48894078724699197 0.3733793039817418 0.4840754005128229 0.3746858968574673 0.4772121034679332 0.37125028210462435 0.4670846948332802 0.36581882626593293 0.46329362741189417 0.35185204835644973 0.4578569979743243 0.34469522270590336 0.4572653476213856 0.33803357610910245 0.45922117265801676 0.33117786035592406 0.4631975172525956 0.32763846316524836 0.46763078833942745 0.32640214468246376 0.47183669697897707 0.3278876818436999 0.4794791231476873 0.3315876401458614 0.484928623819053 0.3389279086550142 0.4909923840905842 0.34815860666060383 0.49470588575685837 0.3550327055878069 0.49535249261768205 0.35919107659566435 0.49410356576781267
5 0.3229530342103327 0.48881012822934633 0.3275346807274156 0.48219146806091223 0.3265917152657452 0.4788497907160371 0.3233456710961836 0.4757354758184441 0.32211997891117006 0.4724487549814539 0.3190038572297197 0.4715122927497208 0.31478583812669214 0.4679259785283902 0.310980468235119 0.4664625604650345 0.29815685266835845 0.46388807263285975 0.2929439768847441 0.46424042092739637 0.28624106536679766 0.4659839563482301 0.2774949201171826 0.47231055954806606 0.27224690713709765 0.4739916020452726 0.2665098428279424 0.4746661529713766 0.26498466989713976 0.4773860343003437 0.26568617355661234 0.4809949577689013 0.2720957320534446 0.48679900833249246 0.2916880349579966 0.49400618563350085 0.3132700512237222 0.4933360379027746 0.31875952600600477 0.4913877492818856 0.3229530342103327 0.48881012822934633
5 0.3924171686190189 0.5246572659884933 0.3973885826004354 0.5245721638176393 0.4028719296580432 0.5210828913782827 0.4062111299676666 0.5171291560309308 0.40696452484605555 0.513457739638746 0.40593290181741937 0.5081504992438084 0.400359268041267 0.4990996115196274 0.39585852221489615 0.4955682538061817 0.3884189698410066 0.4950315599611278 0.3735231110707817 0.4999098179290927 0.3681574310519354 0.5024949753973742 0.3644942390978233 0.5062913776368135 0.364217640099155 0.507887317963166 0.3652141259313206 0.5145232525607736 0.36774191241896376 0.5199802896478815 0.3707464947863276 0.523361850669157 0.3760541558615826 0.5265160492431504 0.3794117393452307 0.527185265351201 0.3924171686190189 0.5246572659884933
4 0.4178752916759156 0.41109553112296143 0.42082635367278415 0.4111828348915044 0.42772333434710796 0.40741877991272324 0.4299728926845039 0.4038971602127086 0.42942419326026326 0.39805542757040613 0.4247461322999609 0.39059294375683534 0.4240797658369589 0.3856553260856078 0.4248744256364933 0.3821961993092204 0.42360746853033426 0.3786971888564327 0.42056162124182495 0.3751033382193597 0.41671498642910637 0.37342763054020656 0.4073437396376347 0.3750289056846124 0.3953989428642784 0.37999446742112025 0.3899691161771658 0.38677799711320926 0.38323269661432774 0.40042482385018785 0.38308602010377063 0.4041986168424003 0.3868149878777278 0.4067784394926285 0.39381900929304214 0.4096028990193122 0.39957445677622216 0.41355129954861064 0.4037802204298999 0.4140556461330064 0.4178752916759156 0.41109553112296143
4 0.6119741295515013 0.3801961708351484 0.6191951018703138 0.37658944896427976 0.6234053640970876 0.36806018225366816 0.6241877684472723 0.36151908784034587 0.6230736155763451 0.3557872682138132 0.6176344028613999 0.33988061986048496 0.6095574934963041 0.331536630323066 0.602677266844426 0.3293490396437748 0.5946783887485249 0.3304632426329584 0.5917334544763312 0.3319169226828829 0.5831584966359727 0.3406336681643763 0.5748785209683074 0.35237742477491973 0.5723417373344721 0.36498761427782667 0.5737096074569468 0.3735341554176118 0.5762312662199152 0.3774502086862522 0.5804080204017973 0.3808242332917854 0.5848613735823477 0.38260231757096624 0.5953757827165421 0.3838631840319555 0.6119741295515013 0.3801961708351484
4 0.5423208134411743 0.3780933439743738 0.5449417560688794 0.3764823308165367 0.557464261738272 0.37448882370119396 0.5696321371398014 0.36463306438560117 0.5701546965137635 0.35373626464055885 0.5693355258155295 0.35103145614307624 0.5656416952380429 0.3471229392901781 0.5569351857579944 0.3430872349923366 0.552688157183171 0.3423705987921434 0.5448130738507063 0.34412167062871946 0.5330333367619318 0.3499363908284173 0.5236163264762186 0.36035898965203306 0.5212139639035906 0.36611341852579254 0.5230234927093154 0.37391317780241534 0.5278482301801748 0.37760186862377365 0.5314060105448754 0.37779154899234435 0.5346046620686165 0.37915259045567234 0.5383626393143692 0.378862735084763 0.5423208134411743 0.3780933439743738
4 0.5504855289849385 0.45934310871924433 0.5545965073469755 0.4563409084351101 0.5572464594464762 0.45186021725613557 0.5553605285231356 0.44517686256638545 0.547248481961569 0.43816156723163646 0.5340412266551496 0.43059450522034926 0.5252644427821599 0.4292161893278477 0.5231554332306462 0.42742303221718236 0.5193974559848934 0.4277128875880917 0.5160933928717405 0.43033792873277366 0.5121719850929849 0.4403532227539678 0.5130981965322093 0.4496465457569154 0.5190493423233458 0.4621490238417413 0.5217238053215459 0.4638322679366368 0.5262535606197125 0.46449394762894497 0.5435411556647943 0.46135389026376067 0.5504855289849385 0.45934310871924433
3 0.6087717572179454 0.469383551937692 0.6158811902226714 0.4682219288563658 0.6384458077196337 0.46053115097283737 0.64291591492263 0.4563575895939457 0.6448002166943919 0.4524663471702211 0.6452296199282921 0.4486375976701236 0.6427369706371195 0.4418518663803458 0.6310610159861777 0.4331059068585589 0.6254171078170842 0.42671240753971784 0.6220121316876157 0.42428991799740234 0.6074034982138301 0.42007960616247475 0.6006944589712088 0.4202821577648411 0.5857328243811387 0.4187841908431384 0.5785057243376512 0.42084992889553974 0.5610669542089163 0.4367973925479439 0.5595953016486088 0.44281153112964355 0.5602204031904654 0.4475368591850738 0.5639387446666517 0.4576093113118417 0.5801444546157599 0.467016950525937 0.590694000946425 0.4669491227842563 0.6016974614096899 0.46921648081634826 0.6087717572179454 0.469383551937692
3 0.5441911569869912 0.5130005582284927 0.5506877438992104 0.5101955747286714 0.566355380721849 0.5062688518239241 0.5713970690962066 0.5035263612477301 0.5785232561233784 0.4964130925083314 0.5814498072215473 0.4903364610030045 0.5827792818443938 0.47906250211850987 0.5817125216192869 0.4750839559262422 0.5778887685536891 0.46899758640748407 0.5610824679614239 0.46102855441182866 0.5544498308364185 0.46011470142732247 0.5472578679894016 0.46085174527705375 0.526135893580951 0.46539806260002 0.5233560189933392 0.46770090111313456 0.5172491995454536 0.47703944261053577 0.5135631258442209 0.48524650668958014 0.5136579111358616 0.48875305355811005 0.5166870044019249 0.4982985498532556 0.5187196118358228 0.5012081115507934 0.5280924877788734 0.5101814335198623 0.5393022728478656 0.5135102396309418 0.5441911569869912 0.5130005582284927
2 0.4748594256062928 0.4189656580912914 0.478894001850714 0.4170798623940296 0.4884241806020925 0.4147867618943463 0.4936950753292981 0.4086950575575348 0.49910202026928985 0.40632218970505074 0.5052684878123455 0.4018188892788494 0.5079245676365209 0.39887918191834243 0.50911962119816 0.3944609836629952 0.5067217571986282 0.3911817992417473 0.4894676701984378 0.3824185652907869 0.47600219906737484 0.3810703950612545 0.46367989027903456 0.3825843664371173 0.4568180468011813 0.3850197272132285 0.45323738468936003 0.38924070868426286 0.44915091722602263 0.3984068442422671 0.4490164961648153 0.4052626048714144 0.4509972123797968 0.41545250642969467 0.4540430596683061 0.4190463570667677 0.46181885913603404 0.42282235165666904 0.46711426476193935 0.4228945825937275 0.4726985248358626 0.4244528408413684 0.4748594256062928 0.4189656580912914