2 0.4276915303951669 0.6133116223305942 0.4357213160256383 0.614089910708247 0.4406811309293852 0.6133527794126753 0.45008578231223195 0.6068563114598217 0.45064464251363523 0.6029931515493935 0.4402546037837598 0.5946789218876992 0.43027050465284206 0.5723016588729333 0.4270647622427921 0.5727278647300588 0.41572432172963814 0.5780050137808146 0.41003970345597907 0.584978402857242 0.4089068973105808 0.592920458848137 0.4101782260413426 0.5995130908509353 0.41276476527962247 0.6038129895843936 0.4276915303951669 0.6133116223305942
2 0.46046550515946444 0.5533843654063535 0.4738329369839853 0.5521511966184732 0.47862612099371366 0.5496680848123184 0.4811056845828324 0.5472399799740272 0.48627601215735405 0.5393634639169003 0.4868040131480643 0.5318126979655391 0.48439850282088515 0.5249239651916142 0.4809500130783486 0.5205637930073405 0.47594425322131695 0.517829054432018 0.4591132459116678 0.5149177872056632 0.45509081022513626 0.5146365111018562 0.45156757949515053 0.5154740981487875 0.4426463596007485 0.5191860870414076 0.4367347674627041 0.5252764402874076 0.43508767061816817 0.5323153692976034 0.43750826668793896 0.5389883659014891 0.44283220259041584 0.5454308016680167 0.45335801300361667 0.551803405799361 0.46046550515946444 0.5533843654063535
2 0.34804029784536866 0.5838948480993614 0.3580051848806377 0.5817733769981013 0.37368623712576826 0.5804852012423576 0.3917405650363661 0.5741599954575838 0.39573214151220465 0.5707536655204577 0.3993301132296394 0.5647183192423211 0.3994658849129649 0.5627766937119711 0.3978921536048591 0.5563797067289399 0.39146351986563893 0.5450906194701972 0.373679359870673 0.5392944174322494 0.36288269381633076 0.5409241427426158 0.3367869331602175 0.5672821882248298 0.335532753348576 0.5728310551950251 0.3424297328336491 0.5815513995635728 0.34574176316735067 0.5837341188971861 0.34804029784536866 0.5838948480993614
2 0.21168058476297977 0.36212119258825587 0.21910556523876318 0.3632907710054427 0.2286782229666474 0.3667784403251937 0.232398256075835 0.3672553614487676 0.2431188056917092 0.3625852386075847 0.25057258220165696 0.3550851879226721 0.25232596696984444 0.35065518410321495 0.2515970372468751 0.3321769715980059 0.2501439918795031 0.32405409525466355 0.24590966807117787 0.32267404715039016 0.2355813477626884 0.32173502957056194 0.22492114111718114 0.3255422077315894 0.20470611338841943 0.3421222939268701 0.20210586385856694 0.3462762881254724 0.20198586564334273 0.3521212558667943 0.205041438352985 0.35797149009106866 0.2077637492745903 0.3603297632941767 0.21168058476297977 0.36212119258825587
3 0.4053733506979523 0.5319718701799061 0.4119363806694789 0.533081175146277 0.419436789858221 0.5331720727132694 0.42556095784356857 0.5322995698487464 0.43325748168600314 0.5295858972052332 0.4405747987871159 0.5199083936696597 0.4480896059929401 0.5156644766856022 0.4477563442049031 0.5121725156644362 0.4439903661424308 0.5082237246699681 0.43166522600775786 0.5028092544871867 0.42482996494407066 0.501464122200505 0.4150008495921272 0.501643967771415 0.40028803577490485 0.5056013421687131 0.39306054540383284 0.5098653503030425 0.38981023349151733 0.5150578430512955 0.38982600695961855 0.5189611852622675 0.39253391986414166 0.5256542730164252 0.3983262015124714 0.529527965892758 0.4053733506979523 0.5319718701799061
4 0.44703020960258977 0.6010060772355474 0.4520812266873964 0.6030936073007531 0.45983878122570737 0.6036360683580951 0.4630294378931656 0.6034255986710084 0.4669455856560455 0.6010979495840769 0.47321992334180096 0.5939490066381543 0.47468530354972654 0.5853798332874145 0.47367043244302387 0.5751196863939552 0.47049348606713837 0.5668762631489812 0.46780134663071654 0.5640865176057952 0.46273524380331815 0.5622147237106284 0.4550229464927823 0.5610250541431697 0.44334924419159155 0.5628102421727593 0.4338835621128685 0.5660505764247578 0.43188811773770386 0.5698132805838263 0.43188880546321345 0.5739323589648371 0.43874190317153056 0.5915380686055232 0.44241736677845245 0.5967812766202245 0.44703020960258977 0.6010060772355474
5 0.2731053567040856 0.3631645650455927 0.28198131937071247 0.36009978466308945 0.2917487163012701 0.35254472701031314 0.2977953923971305 0.3403936698529523 0.30443316335610626 0.336305215588118 0.311342477681733 0.32833351026258367 0.3121735689752968 0.32470617767246635 0.31044898024127376 0.3204665523898241 0.3060178540537467 0.3177719961150455 0.2983508139709862 0.3159351180374701 0.28767483385737763 0.3158389539875255 0.27774011830729206 0.31752895274870785 0.27228178617250876 0.321266299274552 0.2626213648911123 0.3355493604990777 0.2558327365062193 0.3417951764643009 0.25416986619358223 0.34493076326352456 0.2541259844168261 0.35381612853566285 0.2605991876583119 0.36033892890327807 0.2664970695047838 0.3627024685893384 0.2731053567040856 0.3631645650455927
5 0.5111586354393081 0.31152168550414616 0.5241941809268111 0.3150347124571214 0.5321025928910392 0.3134198118140744 0.5343997521180381 0.30534238425422816 0.5328109350673406 0.29916113344123574 0.5215589458332085 0.2907866303287257 0.5147387705121129 0.2892257618720051 0.5091892361962699 0.29013844703707187 0.5037459898040784 0.29366005739287715 0.5024006078113767 0.29638426300229503 0.502476724249845 0.29942466053311134 0.504443372590845 0.3043315854761424 0.5101451397836245 0.3094996953727084 0.5111586354393081 0.31152168550414616
5 0.45366165837612626 0.28733953588478467 0.4620994467820837 0.28641202605239824 0.4645337531434272 0.28463112972422366 0.46628713791161475 0.28020112590476665 0.4661650765198619 0.2736888585030561 0.4641984281788618 0.26878193356002505 0.45866329188010085 0.2653598041740422 0.4509509945695651 0.26417013460658356 0.4480325689942674 0.26461643161398096 0.4420297746751629 0.26788212349920354 0.4397771849504298 0.27119326416792233 0.43929444118749467 0.2780968216091667 0.44076188457194876 0.2818848834014594 0.4485050410931775 0.28676215900985114 0.45366165837612626 0.28733953588478467
5 0.5349496718878176 0.2479312053906594 0.5367490016092897 0.24697307144209651 0.5418137289856693 0.24060670857524175 0.5426749917644164 0.23654790364504677 0.5411773768947786 0.23319131419283182 0.5379106037888524 0.23036138634910208 0.531438088272876 0.2279576643624977 0.5202176459749465 0.22738984567193157 0.5149554284938554 0.22832262198727019 0.5116591716282552 0.23004324486462907 0.5094065819035218 0.2333543855333478 0.508395149424367 0.2436896305449426 0.5116166653025181 0.24716676689878897 0.5191931909297283 0.25029806199659765 0.5349496718878176 0.2479312053906594
5 0.49389422372893826 0.24874577694270714 0.5017573784653911 0.24777808480977687 0.5071855391149911 0.24447221062401042 0.5087565195210588 0.23439288408299847 0.5050207129437699 0.23001262074845252 0.4999998673441466 0.22749361834316892 0.49632509146273424 0.22636948870947843 0.4896866327782489 0.22633886459330194 0.4831853212281082 0.23260477170879706 0.48321618043880116 0.23629237774973003 0.485334373931228 0.24316101937338291 0.48831383020240215 0.24597085606684083 0.49389422372893826 0.24874577694270714
5 0.4048170645241159 0.18896950140526947 0.4135263962967243 0.18415874051218317 0.4165044771168794 0.17873042044361936 0.4204658821075345 0.17575556284657107 0.4166999040450622 0.17180677185210297 0.40656769839026524 0.16806318406176923 0.40015621357016534 0.16891559577602014 0.39565034639518915 0.17141879873244678 0.39466770995019856 0.17308441464194207 0.3927182105283188 0.18031898867190477 0.3930665580589474 0.18359521352303193 0.3945943444137685 0.18652033063516904 0.3979365462326535 0.18827157762870445 0.4048170645241159 0.18896950140526947
5 0.39236848754667103 0.16880460705875597 0.3967084115531383 0.168674501972757 0.40113885001515576 0.16724997986652484 0.4042232187589625 0.16443058498869964 0.40528059619140216 0.157567209847999 0.4023614828905949 0.1538944284743856 0.40012329118294376 0.15287075459205454 0.38320176941774425 0.15125390438593328 0.3824618803052403 0.15770589833682802 0.3840054401281627 0.16453435765993704 0.38839130908791464 0.16787612244483227 0.39236848754667103 0.16880460705875597
5 0.4287034295067424 0.15291815293862535 0.4354324026467779 0.15165436003456848 0.4408907347815612 0.14791701350872416 0.4435513272817807 0.14290007462996623 0.4440340710447158 0.13599651718872177 0.4397387165405142 0.1313603353835932 0.43019623029781345 0.12744119372376445 0.42617379461128185 0.1271599176199575 0.42325536903598415 0.12760621462735475 0.4196416238504481 0.12973821869451957 0.4153325590546738 0.13355592982145156 0.4150157584602477 0.1380863893922682 0.4212023325924908 0.14870817699062217 0.4252707132323071 0.15246132296532328 0.4287034295067424 0.15291815293862535
5 0.4631663639344211 0.15554482714129522 0.466734851892182 0.15406003158424725 0.46862469606920437 0.15180748061545093 0.46971224498682745 0.14451263313467252 0.46659632930681827 0.13952534359055385 0.4616207409349702 0.1363591326751537 0.45359095530449867 0.1355808442975009 0.44742153009137586 0.13710055567214047 0.4446546496675049 0.13950856936015973 0.4446711108611157 0.14753098995214248 0.4491481820019275 0.15369741609781534 0.4527324434277896 0.15611596275173922 0.4631663639344211 0.15554482714129522
5 0.3999971034381338 0.12164401690427917 0.4065903048948439 0.12232184953057232 0.4136216806122235 0.12086241160674857 0.41543609607628734 0.11968854148814682 0.4181117743190984 0.11445586643934998 0.4175817101518596 0.10964939724767864 0.4155245473553091 0.10603688932488095 0.4119704574146305 0.10318687033087914 0.40776630509148876 0.1013753498865281 0.40401610049711767 0.10132990110303197 0.3948226495105551 0.10480606267534132 0.3922525714658861 0.1085285845338658 0.3921627447358452 0.11394207993510994 0.3939325906976435 0.11753449670763572 0.39692713271140934 0.1201285972310547 0.3999971034381338 0.12164401690427917