1 0.9078515826350744 0.29165777418249184 0.9133170477438414 0.28878567984580805 0.9167752418995742 0.28920213734737865 0.92082938996367 0.2955621556760975 0.9239392221856253 0.2985663596367863 0.9348382813229421 0.3012838002843633 0.9398864856189573 0.30365687683123876 0.9441830689390989 0.30428236822877663 0.9481644505853151 0.30260043531885067 0.9509922413931973 0.2984020442054932 0.9616271284260021 0.29503576295009454 0.9705660786407927 0.2865660821773285 0.973688623453769 0.27642332509164036 0.9730748002358446 0.2693608910934213 0.971746383840804 0.266355076842368 0.9680431760697555 0.26454022916325465 0.965318733580335 0.26475248363995074 0.9594500094294721 0.2632892463681786 0.9497747291890993 0.26399729805395433 0.940500129631552 0.2619077642394619 0.9293560568789194 0.25779193341434203 0.9185947954995516 0.24975964391788347 0.9146823127323097 0.24878415240336876 0.903365992782241 0.251311882639351 0.9007474769705522 0.2546709175881099 0.9020235746165444 0.25788657088031275 0.9145828319527529 0.2634696647031157 0.9169589125083961 0.2658451566855379 0.914113252390953 0.26892467462782466 0.9096775821332272 0.27004757352480624 0.9037769869021473 0.2770459655739784 0.9010717029019231 0.28194355177610714 0.9000955159795652 0.2870493667290213 0.9010398318217059 0.2904051810970513 0.9048476770908511 0.29180035069386545 0.9078515826350744 0.29165777418249184
0 0.8876563315547454 0.6619584650518717 0.8957952095835193 0.6626504138340034 0.9052777949576247 0.6603341329295351 0.9074598914673656 0.6575349371389028 0.9083493102011879 0.6539676734393588 0.9054832024149133 0.6487954011018509 0.9021640951967645 0.6466305533057606 0.8907762980084512 0.6446827908574597 0.8842095608103984 0.6448285879495623 0.8794255286188954 0.6485392333056625 0.8776632712811768 0.6532261753214594 0.8780307917041507 0.6553237605877738 0.8790095569857783 0.6573508627435835 0.8841279493404028 0.6606329734203801 0.8876563315547454 0.6619584650518717
0 0.798075065309547 0.6509904089352112 0.801270376540403 0.648889603088168 0.8017412452818382 0.6470010517178212 0.8013035368002551 0.6439944323215856 0.7967249120660405 0.6361663458500014 0.7934581235969399 0.6337916590127616 0.7812510957334139 0.6363201943939261 0.7790689992236733 0.6391193901845583 0.7794020702071598 0.6425456876630931 0.7834383489616946 0.6477868328207412 0.791910297973955 0.6519050790814076 0.798075065309547 0.6509904089352112
0 0.7840048309437814 0.6205133934875617 0.7882312262053136 0.6202298507551787 0.7921947385419688 0.6174290446741817 0.7938702276911516 0.6142806539117548 0.7931875055942527 0.6098756443379765 0.7902167603098815 0.605123050082768 0.7838235594888998 0.6021917446681304 0.77248937022927 0.6036006017330419 0.7701145788532621 0.6047915683049816 0.7693476669270976 0.6090580270932973 0.7764414591545393 0.6175132152527839 0.7795334220669334 0.619398546042402 0.7840048309437814 0.6205133934875617
0 0.5523325368713692 0.5698832773439455 0.5561748315800015 0.5699497347285392 0.5600515757281211 0.5686874799009124 0.5639793494456541 0.5636489274777743 0.5631919898506583 0.5596635959862951 0.559766955954778 0.5543519677181423 0.5517148461145395 0.5521214676826407 0.5470341622414981 0.5518459764020794 0.5440481260068358 0.553107426084524 0.5426865493519432 0.5549967826000531 0.5423037379786785 0.5589132412713919 0.5434228793775254 0.5627584116870437 0.5460439735484843 0.5665322938470087 0.5523325368713692 0.5698832773439455
0 0.4969467124766573 0.605108425841239 0.5001777623266352 0.6052453663363375 0.5023777281459371 0.6035650437167759 0.5054836928289872 0.595869872014379 0.5034738435166827 0.5920255067439093 0.49440851895532906 0.5890966167648184 0.4905662242466966 0.5890301593802246 0.48824375161973704 0.5900112869110148 0.4863755676042868 0.5915514484547494 0.4860795244195577 0.5939293558727179 0.4877410117980846 0.6003614676023059 0.4935931558190214 0.6042722902573693 0.4969467124766573 0.605108425841239
0 0.5276594657583452 0.5831224604207464 0.532113005325632 0.5831184346948355 0.535326185866049 0.582136502018863 0.5379625709872987 0.579896340241175 0.5389566272192178 0.5759093984593315 0.5325621372186011 0.5694116344903322 0.5258027051542807 0.567949202363742 0.5229736251667636 0.5685811349227377 0.5196736764378111 0.5711016188520801 0.5186451707664048 0.5764172728461439 0.5194146610518393 0.5792837311665522 0.5213364529959731 0.5811001891360299 0.5276594657583452 0.5831224604207464
2 0.2094949315831997 0.4186536086613721 0.21499613531108897 0.41801926066682993 0.21831395334960263 0.41661764990855826 0.2215450031995807 0.4167545904036566 0.22425157637944 0.4154234627558896 0.2249138508075077 0.41157668204987335 0.22230804758683997 0.40178875595225544 0.2195823159177845 0.39843455187458965 0.2104978328672346 0.3908203301700661 0.20305696788565047 0.3885193470240597 0.19027185542332226 0.3862231947491465 0.182657454064667 0.3869993141098801 0.17897340478281473 0.3898697981561995 0.17530851399015862 0.39742561392795134 0.173111126530127 0.4062388536562368 0.17401970375314557 0.40735692168212534 0.18589881735172537 0.41566792303987377 0.19491182316403072 0.41880665206011447 0.2094949315831997 0.4186536086613721
4 0.12106872456130038 0.4625800158925008 0.1275295350816214 0.4592874383283358 0.12925734297985272 0.45592920852475916 0.12845211407529594 0.45082500386220936 0.13023095154294057 0.4436904764631211 0.13260445373931343 0.43893305133681937 0.12496960471182686 0.4314573804177585 0.12323792927469042 0.4241162345582494 0.12047774816614773 0.4220907426928041 0.11557120916698682 0.4251021929601328 0.10679050437897626 0.436508815163812 0.10418985787684873 0.4409867232836415 0.10365009025643894 0.4455326990784293 0.10684926902619987 0.45413126889447186 0.11352322208161954 0.46069871082879377 0.12106872456130038 0.4625800158925008
4 0.21340114765759596 0.45060835399407323 0.2379058391120888 0.45471210764146014 0.24310971047561386 0.4528892085105247 0.2452037496171838 0.44806210541890046 0.24472901333684333 0.4392512811261617 0.24245757027929704 0.43645611106144033 0.2270692329555713 0.4315049497976329 0.21955689073574258 0.4247284739673435 0.21387957227151203 0.42130700735990184 0.2043255096591619 0.41914779558008713 0.19910376898607565 0.4198518215399517 0.19564815318961307 0.42656828114710504 0.18882240060558847 0.4348961905536797 0.18929455852665886 0.4365740977376946 0.19727905866755788 0.445028480751999 0.20042334032900033 0.44670397250046756 0.21340114765759596 0.45060835399407323
5 0.14249803323332527 0.4623508533669784 0.1459383580794968 0.4616484376974782 0.15631036218742472 0.45576489309346596 0.15887655925006502 0.4526156971858567 0.16172093018787323 0.44596972068920815 0.15927337239398567 0.43911873602250306 0.152600708518201 0.436117752642543 0.14439293161045252 0.43808322828485224 0.13359979915086753 0.43851256810933786 0.1300561259862343 0.44320112041549925 0.12806801352239622 0.4511750039791861 0.1300957321442617 0.4561382424207266 0.1356684131103955 0.4599793871104674 0.14249803323332527 0.4623508533669784
5 0.13342497359416125 0.4380232120617161 0.14128438856813236 0.43864548287852523 0.14949216547588084 0.43668000723621614 0.15696619071731716 0.4340858196156402 0.16267538026176487 0.4290456569021375 0.1649072171612837 0.41890370496163165 0.16270467298271196 0.41345111047246946 0.1591405521492474 0.40988787249883635 0.15185664341480845 0.40695737222938105 0.14900969411773016 0.4064704316173057 0.13912513888116362 0.40801783946768005 0.13514375723494726 0.40969977237760613 0.12375982758553913 0.4184513855923909 0.12365776844671246 0.42600398078341417 0.12472459109651113 0.4300589902402156 0.12802711818473372 0.43467142341959697 0.13342497359416125 0.4380232120617161
5 0.09153609727429426 0.41554342938803723 0.10758670902608773 0.4166478099458284 0.11357665080497344 0.41524378375201004 0.11825733467801483 0.4155192750325713 0.12222084701467009 0.4127184689515745 0.12661948947363838 0.40579136515808933 0.1284685149998925 0.39956587188892223 0.1278725610915292 0.3936223110617738 0.12451771525425825 0.3892197169235421 0.1188403967900277 0.38579825031610054 0.11515505832854041 0.38510227580805784 0.10443211392756484 0.3864406497624647 0.09618988758032909 0.38973483761699435 0.09173763719267743 0.39330532189726713 0.0879145009732412 0.3979241962381061 0.08557673739599062 0.40491936770654935 0.08632964755149901 0.4102334114102487 0.08991163769452457 0.4149155225549527 0.09153609727429426 0.41554342938803723
5 0.2727983979831176 0.2552385449415597 0.28039493003221183 0.25334355240975526 0.28531418162239375 0.2371851410960498 0.2822375096602907 0.22928576636877862 0.27692642243939875 0.22439542647328953 0.26854253079530893 0.22230508751361494 0.26365257192607405 0.22286895239765245 0.2610685055538727 0.22489927513419086 0.2565320653369554 0.23714122777655772 0.2560280363356679 0.24392494991348693 0.26046628495266366 0.2499349681252289 0.26581182161304284 0.2534965958084976 0.2727983979831176 0.2552385449415597
5 0.3115313900248268 0.24394470887751307 0.3160895670902103 0.24352100506930272 0.32071664303456837 0.24043987683665163 0.32611063090509074 0.23309228981568494 0.32672058658411 0.22945534815081842 0.3253041128208989 0.2244216265987733 0.3203605460229806 0.22162887196959855 0.31229185605281606 0.22184595731738793 0.3045562370661379 0.22548934014371214 0.3025847047322259 0.23101563832410782 0.3031104705819797 0.23605016502133505 0.3063262294816667 0.2422011494540865 0.3115313900248268 0.24394470887751307
5 0.21990066830929686 0.21619516548515563 0.22776008328326794 0.2168174363019649 0.24204457015843786 0.2119093832124673 0.24515182402112287 0.20778067006443238 0.24757635578690915 0.19924694734261914 0.24483275480829247 0.19477387009388272 0.23870114773255274 0.19079336947349684 0.23311188663649282 0.18939981016704716 0.22499087791727995 0.1898267345559863 0.21996183211046105 0.19213898973454344 0.21568440727951557 0.19619883006243807 0.2130837607773881 0.2006767381822677 0.2121075738550302 0.20578255313518193 0.21275584651244187 0.21151627492118047 0.21480014526423347 0.21403192797942983 0.21990066830929686 0.21619516548515563
5 0.2306199243766967 0.2529689624576591 0.2336761486699685 0.25261654690513563 0.23781577574296503 0.2538715554261226 0.24076736253814013 0.2539388179558985 0.2441374993257021 0.2523273681564772 0.24631959583544272 0.24952817236584474 0.24731365206736172 0.24554123058400132 0.24586272886466337 0.24183622124417664 0.24168736317254452 0.23834346638104828 0.23494451123815036 0.23443344887116718 0.22940756889113884 0.23283005052356778 0.2282373979228785 0.23276117770342752 0.22350568448042382 0.2362619840183779 0.2224427293695303 0.24290635022466206 0.22261884410587154 0.24696216482664585 0.22412208605761835 0.25045733512532087 0.2306199243766967 0.2529689624576591