5 0.3593471203101529 0.6057320783173804 0.36261119357988303 0.6127765828017928 0.36424744241521173 0.6080068989892243 0.3774252625651896 0.596583184494955 0.3799846692869253 0.5933860327706111 0.38150077838667984 0.5811246751907957 0.3794415875427385 0.5755928203951788 0.37439443170116404 0.5740124934554199 0.36853512290874985 0.5741524558895748 0.3576377930747683 0.5769109436890796 0.3464467957677554 0.5810584189527546 0.3416307845973224 0.5902625872423808 0.34387896464509227 0.6008394427866477 0.3458721141544217 0.6032900132310117 0.34881230741745706 0.6046549056341182 0.3593471203101529 0.6057320783173804
5 0.8155665690468725 0.3195028180020693 0.8244588064378752 0.31562286482294166 0.8408943731912186 0.3015168451381262 0.8435556500485145 0.29741366257081187 0.8440980213936218 0.2944241505315862 0.8417901266776046 0.29049282031102486 0.8358198129496233 0.28733996128304146 0.8287556217314203 0.28596727402840083 0.8223658845275483 0.2877676434370403 0.8189732471213166 0.2898153372949303 0.8067305277913951 0.3014824788126832 0.8007096341951735 0.309173997413514 0.7989834581579338 0.31352060700431184 0.8001644547164235 0.31769146682258953 0.8027660169054723 0.3202338095789806 0.8080499336854731 0.32154271700842507 0.8155665690468725 0.3195028180020693
5 0.8547993249583307 0.25611112789381507 0.8669282312190424 0.24667912228377373 0.8663795332075708 0.239941824648041 0.8651746507817819 0.23842917495924548 0.8621445303168361 0.23664120833436852 0.8500662039243643 0.23522883631559557 0.8436195601858877 0.23814677367809073 0.8270940662306335 0.2518297191411355 0.8246906280454205 0.25853122943850304 0.8266479487538015 0.2649691150770904 0.8285961346621755 0.267208148410569 0.8328669663538587 0.2665214495300182 0.8547993249583307 0.25611112789381507
5 0.5300579831939671 0.15378885597019892 0.5412370375673305 0.1509704857712652 0.5499163998872059 0.1447037419729697 0.5529043648848389 0.14075221411711167 0.5538422738385378 0.1354676837707453 0.5511416496475714 0.12830341448747484 0.54538701912436 0.12200938870880944 0.5415566886422238 0.120612606393105 0.5380860669677306 0.1209081209644832 0.5284055624931873 0.12385015338804232 0.5211018022029155 0.12827684301356584 0.5154975239489418 0.13654309054762376 0.5156296066181656 0.1427056592501296 0.5174639794573299 0.1471798284913198 0.5195470561685701 0.15005347315745446 0.5236022046554833 0.15250794102758564 0.5300579831939671 0.15378885597019892
5 0.11994287346233105 0.09172278055299277 0.14104832804867132 0.08988981072529416 0.1454779364105197 0.08717951304791711 0.14779144739382194 0.08005492852877891 0.1478722397957257 0.0762791504454409 0.14394565544531415 0.06473248423300726 0.09323523835657999 0.07551131613024138 0.09485392799097433 0.08312665212211368 0.0982767779308695 0.0881475578096997 0.10294033909750186 0.09069379799185802 0.11994287346233105 0.09172278055299277
4 0.24134087673312882 0.11566508272770806 0.25232813376902125 0.11332966914997407 0.2562842202540167 0.1111622104932259 0.2595988733919872 0.10736233734882408 0.261169080892704 0.0995113691850027 0.2577251532191524 0.09162071625704896 0.2500792433221718 0.08197008919104905 0.23713747371154087 0.0723396597603461 0.23334016389671053 0.07248351962026804 0.2279965324484622 0.07782013751452928 0.21482152043212688 0.08371589463894882 0.21332016239966428 0.08912018978417331 0.21453417962546 0.09483169177807742 0.22496783278167526 0.11759761971896818 0.236000053418523 0.11547374325211957 0.24134087673312882 0.11566508272770806
4 0.6007518960423952 0.19823679971710678 0.6086823386124001 0.2022995870138277 0.6192621151060516 0.20358829680797536 0.622969497718971 0.20302136272628277 0.6257986860464391 0.20109343366725088 0.6333539583424292 0.18953826209682192 0.6325235357915757 0.18286084686051832 0.6212959992845348 0.17021291290375856 0.6104703270524501 0.16499677031481666 0.6024260714132353 0.16316911892580727 0.5959464070074526 0.164546414112676 0.5867035956088138 0.17093292270982974 0.5846057678302816 0.17491634047828578 0.5829006695266984 0.18213269730945117 0.5842495775553603 0.1884788106360113 0.5893508317978974 0.19446952699176417 0.5930343285435179 0.19656080303955367 0.6007518960423952 0.19823679971710678
4 0.8607928141545313 0.2358230523776582 0.8720948163971116 0.2349683985761215 0.8761527730176674 0.2318949090764028 0.8829078352964673 0.2207309218151466 0.8861564470998259 0.21384976431949188 0.8864740004401561 0.20980256672583933 0.8829162596973947 0.20414704970559722 0.8783096050653671 0.2004832415695831 0.8651282663826674 0.1966521890190443 0.856113081122448 0.19856842580077472 0.849846291787793 0.20233251160681132 0.8457644492999382 0.20806421123601213 0.8432141773782096 0.21546021526546472 0.8445061788722665 0.22292389654588068 0.8479170858785124 0.2292739072982079 0.8537286229363286 0.2344503651230175 0.8607928141545313 0.2358230523776582
4 0.6700421924501467 0.4771220813922478 0.6744029513437406 0.47685845673346766 0.6805229069418802 0.47378886465951614 0.687152213217821 0.4661891183707126 0.6901879499500521 0.45692117025589 0.6894622056684011 0.44380976680676615 0.6836176479432791 0.4370926668063301 0.6751806628291154 0.4320320763546115 0.6680715080099571 0.43044785198908564 0.6546056366542328 0.43220463920782565 0.647526694368738 0.4376890143877758 0.6441101710952073 0.4423949183751482 0.6422582390551085 0.4503057689383986 0.6436401677510764 0.4581925244405852 0.6497425641482815 0.4675079521710743 0.6571425783068285 0.4732311464422799 0.6700421924501467 0.4771220813922478
4 0.2865406286159007 0.5721246147735196 0.30257784962701 0.5658415707656946 0.31228223996885235 0.5602413282126533 0.32539401878421836 0.5457363293671311 0.3249352479746574 0.5394221059531691 0.3202175884070626 0.5324654763550167 0.3175141560824538 0.5308291644415959 0.31321030372346464 0.5299752211465203 0.2985845135429071 0.5304308957873503 0.2823105315933712 0.5369853593054896 0.27373303940905636 0.5423460722608147 0.2682545171579419 0.5470480788224197 0.2627851297068343 0.5559489376891336 0.2620959246252114 0.5596329434604443 0.2635347598557841 0.5664021310087752 0.26603445190927244 0.5698505046081368 0.2707759973441662 0.574148924076807 0.27629667506259353 0.575186411995937 0.2865406286159007 0.5721246147735196
3 0.33645154608652417 0.5825196916001161 0.35255480843224535 0.579317931943544 0.36599960205431314 0.5746913974844365 0.3752965118539145 0.5727152783032768 0.3818028702606386 0.5631518156170762 0.38529105113606604 0.5504712812412572 0.38366041856802224 0.5441850503141261 0.37450401583857224 0.5357398660882422 0.3590808237744669 0.5310587676683948 0.3553734411615474 0.5316257017500875 0.34910665182689216 0.5353897875561241 0.33735220544111555 0.5396570276186572 0.3270394024195541 0.5451654978596714 0.3077057978704883 0.5636461196221154 0.30646227851010865 0.5716487424973931 0.30840765628484024 0.5794157332007216 0.3105926031316407 0.5813833470238857 0.31437797001282164 0.5825685922287049 0.33645154608652417 0.5825196916001161
3 0.32054918241560537 0.5007784919121153 0.3381151658591982 0.5016877096743919 0.3541467706030226 0.5064605804062664 0.35770731947942647 0.5065881400566589 0.3650321575033547 0.5050311976715028 0.37426302596834415 0.49997379413909043 0.3812970046528836 0.4942778818482546 0.38304706655742204 0.4872730621279747 0.38198269120178446 0.4753391090321356 0.3795399056829011 0.4707731674789183 0.37413304103368333 0.46750054365207677 0.35442707434424536 0.46483524917752134 0.34837596821436023 0.465458168232876 0.32877819832684696 0.4716136525903087 0.3137660053377048 0.47856319784338763 0.3115901932909112 0.4807944363253321 0.30915373443839234 0.4859553044470732 0.3102658815286278 0.4925728372839478 0.3126187398456004 0.4967157046153944 0.31611043925374993 0.4992899372843838 0.32054918241560537 0.5007784919121153
5 0.6189221970846084 0.5178357184458714 0.6248953189462323 0.5154606201040051 0.6319292976307718 0.5097647078131693 0.6394515492594561 0.49666889406711406 0.6408988088909562 0.4868542095058956 0.6391993268546581 0.48301465159736134 0.6334777169987527 0.47826126799432245 0.62871228569656 0.4766210586551346 0.6138616775112254 0.4760190477415377 0.6102891857011721 0.47722059315588644 0.6010913379034887 0.48381863886392534 0.594405125092943 0.49253595310658477 0.5955805053841478 0.507762727664562 0.5982031453068527 0.5131748176613208 0.6037779214262425 0.5186226949964448 0.6098620482234336 0.5195404181167166 0.6189221970846084 0.5178357184458714
5 0.658939735009561 0.5287860370768592 0.6604832485093366 0.5291212364123699 0.6678080865332648 0.5275642940272138 0.6735444474564622 0.5254606151956618 0.6775574404760625 0.5221755885850579 0.6806922392102115 0.5175295669971146 0.6814081382927757 0.5056593937264717 0.6800381525304573 0.4964435331595441 0.6746671166821882 0.4891835941384793 0.6656547395556112 0.48557187355035997 0.6514785853846076 0.4881429193000432 0.6451218688480416 0.4914839308843092 0.6413547715668748 0.49869639028970736 0.6412620362313214 0.5038012734377865 0.6432973412079638 0.5119913383628856 0.6453115684509497 0.5173116560476172 0.6503678590925311 0.5230908352924846 0.658939735009561 0.5287860370768592