5 0.6664746543778802 0.18533737024221456 0.6684907834101382 0.18663494809688583 0.6788594470046083 0.18750000000000003 0.6895161290322581 0.18230968858131488 0.693836405529954 0.1790657439446367 0.6972926267281105 0.17517301038062286 0.6978686635944701 0.1684688581314879 0.6955645161290323 0.16435986159169552 0.6921082949308757 0.16241349480968859 0.6785714285714286 0.16154844290657439 0.6682027649769585 0.1652249134948097 0.6644585253456221 0.1684688581314879 0.6627304147465438 0.17322664359861592 0.6627304147465438 0.17884948096885817 0.6664746543778802 0.18533737024221456
5 0.6408410138248848 0.12651384083044984 0.643721198156682 0.13105536332179932 0.6474654377880185 0.13386678200692043 0.6509216589861752 0.13408304498269896 0.663594470046083 0.13105536332179932 0.6658986175115207 0.1258650519031142 0.6690668202764977 0.12370242214532874 0.6679147465437788 0.12024221453287198 0.6702188940092166 0.11634948096885814 0.6682027649769585 0.10056228373702422 0.6653225806451613 0.09645328719723184 0.6604262672811061 0.09558823529411765 0.6543778801843319 0.09688581314878894 0.6523617511520737 0.09839965397923876 0.6454493087557605 0.10661764705882353 0.6399769585253456 0.1189446366782007 0.6396889400921659 0.12348615916955019 0.6408410138248848 0.12651384083044984
5 0.5806451612903226 0.1351643598615917 0.5832373271889402 0.14057093425605538 0.5887096774193549 0.1444636678200692 0.5921658986175116 0.1457612456747405 0.5976382488479263 0.14078719723183392 0.5979262672811061 0.13732698961937717 0.603110599078341 0.12932525951557095 0.6033986175115207 0.12629757785467127 0.6005184331797235 0.12002595155709343 0.5950460829493088 0.11505190311418687 0.5866935483870968 0.11180795847750866 0.5809331797235023 0.11310553633217994 0.5763248847926268 0.11980968858131488 0.5774769585253456 0.13148788927335642 0.5806451612903226 0.1351643598615917
5 0.27476958525345624 0.041522491349480974 0.27764976958525345 0.04779411764705883 0.2831221198156682 0.05082179930795848 0.2929147465437788 0.05341695501730104 0.3004032258064516 0.05147058823529412 0.307315668202765 0.0467128027681661 0.3130760368663595 0.03935986159169551 0.31768433179723504 0.03070934256055364 0.31682027649769584 0.025951557093425608 0.3127880184331797 0.018814878892733568 0.30961981566820274 0.016868512110726645 0.29838709677419356 0.01384083044982699 0.2932027649769585 0.014057093425605538 0.2831221198156682 0.017517301038062285 0.27793778801843316 0.021626297577854673 0.2736175115207373 0.02703287197231834 0.2730414746543779 0.030925605536332185 0.27476958525345624 0.041522491349480974
5 0.46543778801843316 0.21366782006920415 0.47033410138248855 0.2156141868512111 0.4807027649769585 0.21366782006920415 0.48156682027649766 0.21172145328719724 0.48819124423963134 0.20761245674740486 0.4919354838709678 0.20307093425605535 0.49135944700460826 0.1961505190311419 0.48819124423963134 0.18728373702422146 0.48444700460829493 0.18620242214532873 0.47839861751152074 0.18620242214532873 0.47004608294930883 0.18771626297577856 0.4663018433179723 0.19312283737024222 0.4642857142857143 0.20307093425605535 0.4634216589861751 0.20999134948096887 0.46543778801843316 0.21366782006920415
5 0.570852534562212 0.723832179930796 0.5774769585253456 0.7225346020761246 0.5826612903225807 0.7227508650519032 0.5884216589861752 0.7244809688581315 0.5921658986175116 0.7203719723183392 0.5933179723502304 0.7169117647058825 0.5941820276497696 0.7119377162629759 0.5933179723502304 0.708044982698962 0.5915898617511521 0.7060986159169551 0.5887096774193549 0.7054498269896194 0.5809331797235023 0.7050173010380624 0.5783410138248848 0.7056660899653979 0.5722926267281105 0.7093425605536333 0.5691244239631337 0.7153979238754327 0.568836405529954 0.7212370242214534 0.570852534562212 0.723832179930796
5 0.5642281105990784 0.7461072664359862 0.5734447004608295 0.7478373702422145 0.581221198156682 0.747188581314879 0.5855414746543779 0.742430795847751 0.5884216589861752 0.7314013840830451 0.5884216589861752 0.7264273356401385 0.5866935483870968 0.7244809688581315 0.5817972350230415 0.721885813148789 0.5731566820276498 0.7231833910034602 0.5691244239631337 0.7253460207612458 0.5619239631336406 0.7344290657439447 0.5619239631336406 0.7432958477508651 0.5642281105990784 0.7461072664359862
5 0.5449308755760369 0.7768166089965398 0.5501152073732719 0.7811418685121108 0.5576036866359447 0.7815743944636678 0.5613479262672811 0.7809256055363323 0.5722926267281105 0.7759515570934257 0.5734447004608295 0.7735726643598617 0.5728686635944701 0.7681660899653979 0.5705645161290323 0.7636245674740485 0.5645161290322581 0.7605968858131489 0.5535714285714286 0.7608131487889274 0.5483870967741936 0.7640570934256056 0.5446428571428572 0.7692474048442908 0.5440668202764977 0.7735726643598617 0.5449308755760369 0.7768166089965398
5 0.48300691244239635 0.7510813148788927 0.4824308755760369 0.7601643598615918 0.48300691244239635 0.7618944636678202 0.48819124423963134 0.7666522491349481 0.49135944700460826 0.767733564013841 0.49539170506912444 0.7670847750865052 0.5008640552995391 0.7601643598615918 0.5048963133640554 0.761029411764706 0.508352534562212 0.7629757785467128 0.5155529953917051 0.7631920415224914 0.5161290322580645 0.7584342560553634 0.508352534562212 0.7534602076124568 0.5060483870967742 0.7495674740484429 0.5054723502304148 0.740916955017301 0.5040322580645161 0.7385380622837371 0.5005760368663594 0.7359429065743945 0.49510368663594473 0.7339965397923877 0.48819124423963134 0.7346453287197232 0.4838709677419355 0.7368079584775087 0.4804147465437788 0.7422145328719724 0.4801267281105991 0.7448096885813149 0.48300691244239635 0.7510813148788927
4 0.22638248847926268 0.29563148788927335 0.2399193548387097 0.30276816608996543 0.24971198156682028 0.3055795847750865 0.2623847926267281 0.30493079584775085 0.26843317972350234 0.30341695501730104 0.27044930875576034 0.2897923875432526 0.277073732718894 0.28330449826989623 0.27476958525345624 0.27941176470588236 0.266705069124424 0.2744377162629758 0.253168202764977 0.27249134948096887 0.23934331797235023 0.27227508650519033 0.22235023041474652 0.27378892733564014 0.21918202764976957 0.27530276816609 0.21601382488479262 0.2796280276816609 0.21658986175115208 0.28481833910034604 0.22638248847926268 0.29563148788927335
4 0.47465437788018433 0.23961937716262977 0.4775345622119816 0.24134948096885817 0.4879032258064516 0.24372837370242215 0.4942396313364055 0.24372837370242215 0.501152073732719 0.24156574394463667 0.5057603686635945 0.2374567474048443 0.5086405529953917 0.23118512110726647 0.5077764976958525 0.22707612456747409 0.5057603686635945 0.2244809688581315 0.5017281105990784 0.22037197231833913 0.497983870967742 0.2184256055363322 0.48444700460829493 0.217560553633218 0.4807027649769585 0.2184256055363322 0.4740783410138249 0.22188581314878894 0.46889400921658986 0.2272923875432526 0.4691820276497696 0.23248269896193774 0.47465437788018433 0.23961937716262977
4 0.523905529953917 0.7454584775086506 0.5267857142857143 0.7493512110726643 0.5328341013824885 0.7532439446366783 0.5558755760368663 0.7454584775086506 0.560483870967742 0.7448096885813149 0.560483870967742 0.7372404844290659 0.5625 0.7303200692041523 0.5570276497695852 0.723832179930796 0.5570276497695852 0.7166955017301039 0.5550115207373272 0.7123702422145329 0.5498271889400922 0.7093425605536333 0.543778801843318 0.7076124567474049 0.5388824884792627 0.7076124567474049 0.5325460829493088 0.7091262975778547 0.5293778801843319 0.7130190311418685 0.5282258064516129 0.7203719723183392 0.521889400921659 0.7329152249134949 0.5216013824884793 0.7378892733564014 0.523905529953917 0.7454584775086506
3 0.35743087557603687 0.10250865051903116 0.3640552995391705 0.11267301038062286 0.3683755760368664 0.12521626297577854 0.3715437788018433 0.1291089965397924 0.375 0.13019031141868515 0.37932027649769584 0.12997404844290658 0.38508064516129037 0.12564878892733564 0.39544930875576034 0.12413494809688583 0.3980414746543779 0.12651384083044984 0.40120967741935487 0.12694636678200694 0.40812211981566826 0.12370242214532874 0.4115783410138249 0.11656574394463667 0.4112903225806452 0.10748269896193771 0.3989055299539171 0.09429065743944638 0.39026497695852536 0.08758650519031143 0.3784562211981567 0.08153114186851211 0.36664746543778803 0.08023356401384084 0.3629032258064516 0.08131487889273356 0.3585829493087558 0.08455882352941177 0.35656682027649766 0.08845155709342561 0.35599078341013823 0.09558823529411765 0.35743087557603687 0.10250865051903116