5 0.8500170448542832 0.28763866277372574 0.8543897466815267 0.2860459330502045 0.8566554859302311 0.28423776879003076 0.8621698369822939 0.2755484470342022 0.8639346499541244 0.2616865648793314 0.8681541913784876 0.2510615192129368 0.8689003029947153 0.24625994548777017 0.8664153620085193 0.23595450945381766 0.8626988445955928 0.2323225912304016 0.8557035028456441 0.22850323095716424 0.8487742024303074 0.22776515503517966 0.8425762625639066 0.22908256782261932 0.8360727122908251 0.23311807313897032 0.8286909677322916 0.2357925834779822 0.8275071630401595 0.23714968102955422 0.8251367455222525 0.24539183350254817 0.8195535450019353 0.25652782827697357 0.8228239449380297 0.27329914243634434 0.8289263413352348 0.28261457016683345 0.8363382984274315 0.28700865937329795 0.8500170448542832 0.28763866277372574
5 0.8707964882366902 0.21777790762074706 0.8827729444936011 0.2200963104824905 0.8873704643256216 0.21956126631339598 0.8932986225862901 0.21697463086064417 0.9025322991849221 0.20638926995838186 0.9085679438484358 0.19184068892296025 0.9135694256899752 0.17242675433717566 0.9113212456422053 0.16184989879290876 0.9074607026264058 0.15338451693172797 0.9042177070903321 0.14920975968768327 0.8990476033795408 0.14566571635052727 0.8886266035560546 0.14235340775955335 0.8794435068256631 0.1420943910330014 0.8771988453106154 0.14677230253354273 0.8751192871320971 0.15915342491221626 0.8716219714566625 0.16763510698292658 0.8656130207940903 0.17399752051901624 0.8523480815758442 0.17947020342166517 0.851691897161527 0.18469485136860242 0.8543566925515451 0.1958464358460963 0.8620686437831375 0.20857834726334895 0.8665165217449997 0.2142657541961892 0.8707964882366902 0.21777790762074706
5 0.8372607124520831 0.17913961201838272 0.8456316562316349 0.1811189181188484 0.8491022779061279 0.18082340354747015 0.865286332653753 0.17384586580755995 0.8689157309984112 0.17152675243935556 0.8723441972055914 0.16549174338724218 0.8758984194156307 0.15589249336267613 0.8768180587693157 0.14221025840609247 0.873880673639923 0.1353174086331363 0.8684527312570488 0.12917503756592721 0.8671698645629986 0.12591020859062002 0.8618529271156916 0.12306065898554923 0.8516539371633401 0.1263339933188517 0.8372649079212089 0.1265182484493672 0.8312109936576813 0.13266912487457158 0.824560609648084 0.13739912392300768 0.8205806372957897 0.14222479270923816 0.8185158301845634 0.14774885265332074 0.8209227869024984 0.15630210940076145 0.8253797996643677 0.16618836863871045 0.8312124144558404 0.17423457370388756 0.8372607124520831 0.17913961201838272
5 0.8124338345846109 0.20917930277702293 0.8225337625350448 0.201284041916841 0.8325824002181588 0.18345043427081525 0.8338919609131501 0.17852909574679057 0.8237133382953756 0.16388945290580267 0.8200684784843458 0.15228290429394004 0.8171971346895649 0.14847133887223674 0.810492652279005 0.148790948504679 0.8039441384049681 0.15261491671014457 0.7996374779123364 0.15728893078491873 0.7940781632593181 0.16576671542986193 0.7903862421127702 0.18025931149162164 0.7895024315600336 0.18995423125398198 0.7907016977185376 0.20252279568247702 0.7927847744297776 0.20539644034861165 0.7971097045224234 0.2091201308840549 0.8022018239649531 0.2109119949346991 0.8124338345846109 0.20917930277702293
5 0.8171029785558526 0.11201077319099988 0.8274010305101218 0.11335936538457667 0.8343092531918022 0.11122769406619382 0.846644707857277 0.09445566940036185 0.8436412813932723 0.08448153527615276 0.833291939171683 0.07319459629673224 0.8227571262789871 0.07211742361346998 0.8184743516536542 0.07413322755876184 0.8163645809414728 0.07944575039195909 0.8161699754703589 0.08545666438300877 0.8063967356602625 0.09350357995464678 0.8019460495647575 0.09334413039165637 0.7959040782348794 0.09816590175211966 0.7968813345222487 0.10414882325633816 0.802162443168607 0.1109856880556325 0.8063644253920359 0.11274566219367839 0.8171029785558526 0.11201077319099988
5 0.792523383762297 0.09888449054526856 0.7963776001117324 0.09762306273149082 0.8053836505719449 0.09150797364465166 0.8125166912584021 0.09043398788069537 0.814872357709017 0.08904889784229239 0.8173088165615361 0.08388802972055136 0.8174795361653505 0.0805353258589839 0.8153121485194845 0.06618269223137899 0.8116075740402074 0.061221668943221806 0.8055353901766658 0.05897484075820887 0.7968019294558282 0.060831195140510406 0.7882813438061181 0.06507434014197963 0.7851943168065671 0.06440394147095838 0.7743630283071974 0.07024371362171604 0.7729754833439446 0.07341287285922893 0.7761229354108224 0.08822047062120264 0.7780142147845917 0.09157707190853714 0.7804239796361692 0.0946023712861281 0.7844791281230823 0.09705683915625926 0.792523383762297 0.09888449054526856
5 0.1662007409597273 0.7277071660766484 0.1704266090504552 0.7268089300852123 0.17636671024477307 0.7228931895677194 0.17998697378942433 0.7163752238944063 0.18002280259037273 0.712387908700183 0.18312738879085813 0.7006732875667636 0.18305221265623925 0.6933931509104021 0.1783106672213456 0.689094731441732 0.17443537313825394 0.687486412015142 0.16904958622269273 0.6870835354286682 0.16510544267134672 0.6879218890206752 0.15912037787607342 0.6916260924272828 0.15357300615670458 0.6987747720074847 0.1499857632793593 0.7068333798564244 0.15162553064741008 0.7173184630886641 0.15518327139017146 0.7229739801089062 0.16287695302174993 0.7273081869159418 0.1662007409597273 0.7277071660766484
5 0.23650967179772997 0.8202144292651216 0.24279753886604158 0.8193200906994527 0.24672060468373114 0.8156119898670777 0.24783836804125156 0.811173607964253 0.2453625618550622 0.8050670242354091 0.23540314097477938 0.8025409816885475 0.22401121153028844 0.8029725612683135 0.21017649656691403 0.7988381992948621 0.20689767222989203 0.7986507572450405 0.20604055567809695 0.8001595095080688 0.2072665158375422 0.804541906437232 0.21227784287816825 0.8101095485712142 0.2286902341632923 0.8194444634305388 0.23650967179772997 0.8202144292651216
5 0.24979217021691058 0.802356726558032 0.2540208464412809 0.7959305331967462 0.2576080893186262 0.7878719253478066 0.256813495568721 0.7772071949172795 0.2519490022646106 0.7709450590512124 0.24648523108078804 0.7687900031782264 0.23318727119523594 0.772722043905249 0.22898248083816455 0.7764900271370527 0.22707645039710336 0.7799904882843091 0.23415610308167772 0.7952888375190168 0.23588860578528187 0.8006690376031773 0.2355380317776456 0.8031755930212036 0.24344739661399406 0.8043686330775568 0.24691801828848714 0.8040731185061786 0.24979217021691058 0.802356726558032
5 0.11291971807736326 0.8524538342061074 0.11822752072466317 0.8511045315060695 0.11969304995617733 0.8496875515550684 0.12886349335383981 0.8304929489317034 0.13198002248797472 0.8174492227335429 0.13147628807745831 0.8109234622086955 0.12271261482295737 0.8057112170455205 0.11947875408689072 0.8057353121065847 0.11013407255269154 0.8130278515467086 0.10702315968584164 0.8150156630051697 0.10364246521325941 0.8157342517983185 0.10057651594736487 0.8179336003676649 0.09794825975737495 0.8235774251106056 0.09488863715784493 0.8355035833549103 0.0951556106299348 0.8423007633900722 0.10023297900517276 0.8509496898753073 0.10265468679039964 0.852645884188157 0.11291971807736326 0.8524538342061074
5 0.24392017462909177 0.6943842146137882 0.2547275772611625 0.6912026525925128 0.2586387001452026 0.6888236568248793 0.2606016371208687 0.684205627723767 0.2596033030998429 0.6753529589791809 0.24882540260235597 0.6648203961312745 0.24555852119898347 0.663303849016712 0.23197883677404946 0.6672957721431636 0.2216330130851821 0.6712636002085512 0.22226250349855764 0.6742251197609459 0.21900194876154963 0.6824353823213418 0.21997920504891894 0.6884183038255602 0.22519427236066553 0.6921738842736016 0.23786906849920655 0.6950071336691429 0.24392017462909177 0.6943842146137882
5 0.1422941793823438 0.6761884912648812 0.1462053022663839 0.6738094954972477 0.14675961654514053 0.6694908783932808 0.1446884827675498 0.6652881286624052 0.1464385446720883 0.658283308942125 0.15612185728027417 0.6498133191487162 0.15800680998767885 0.6434431107610922 0.1594273756182376 0.6418145936992057 0.15628625021772422 0.6367338056121905 0.15109226063963416 0.6358479724045167 0.14738487802671457 0.6364149064862094 0.13434475681324537 0.6429452749432849 0.1259773315664155 0.6562207358876276 0.12305540790339417 0.6632535480947385 0.125777109828017 0.6732875646183766 0.12860349002184257 0.6768875929291945 0.13084534340324797 0.677737638798503 0.1422941793823438 0.6761884912648812
5 0.22083699853711783 0.6190334209487082 0.23218396438065336 0.6183903042580567 0.23526185658019738 0.6148618506239695 0.23737443542602152 0.6040213704209224 0.2351353901782586 0.597643367181764 0.22950651565790645 0.587785100430646 0.2262515771881834 0.5849394482513424 0.2219926884301496 0.584297042067152 0.21067874325391994 0.5864808009334299 0.20352181670016373 0.5902129968268685 0.20119917091685452 0.5931387290408978 0.1997996830199523 0.597636993343152 0.20161930479182466 0.608968225018933 0.20369043856941546 0.6131709747498089 0.20652876169689044 0.6154418979958856 0.22083699853711783 0.6190334209487082
5 0.17283772777484036 0.5940819682351557 0.17700668933096336 0.5943013001975753 0.18283297745607158 0.592620695587794 0.19035242095111335 0.5850528392115883 0.1919767268527926 0.581612260463761 0.19192543658547273 0.5716739136779172 0.19299823634203775 0.567023994664207 0.19214392792388518 0.5630047895573855 0.1888229481195503 0.5570778530268289 0.18287652025886786 0.5512667838693632 0.17705304026740215 0.5474194311092948 0.17363932512751395 0.5465973777268174 0.16622455990167487 0.5477312458902027 0.1579526781240408 0.5503738663166163 0.1544132069812933 0.5531160539065916 0.15297789028344264 0.5616016334030689 0.15511225726200278 0.5744136248550473 0.1607411317823549 0.5842718916061653 0.16789244206882614 0.5915956104524265 0.17283772777484036 0.5940819682351557
5 0.458924547236477 0.8414779580620587 0.46177762143124407 0.8368918188735446 0.45476401008128153 0.8246747539900898 0.4521891418931744 0.8139462437343667 0.4471539289852494 0.8110368117298666 0.4434107175713814 0.8155910610057827 0.4401621057680229 0.8224722185014375 0.4390148402759186 0.8406247252734442 0.44193114767165487 0.8446478278060325 0.44734995525452204 0.8465913465681332 0.45439306873906843 0.8450942865824063 0.458924547236477 0.8414779580620587
5 0.4698668406714141 0.8389310073734393 0.4772036216289918 0.8360449599235421 0.4858288855479046 0.8253678267092528 0.48685672170351435 0.8205063705846571 0.4839488387087053 0.7998993959425192 0.4804810251678546 0.7946669531440478 0.47725910736543764 0.7933619431403705 0.47159159591049454 0.7930189489533257 0.45957650271899253 0.8002158186556553 0.4518982825537855 0.809807273828687 0.45153576561249986 0.8136429343114541 0.45339121618532063 0.8209868507930119 0.4609893543477034 0.835953898117976 0.465281263773043 0.8381369464777928 0.4698668406714141 0.8389310073734393
2 0.5758464908209606 0.649035861916986 0.5900345879256137 0.6451357111025618 0.5996820717328512 0.6406530365033763 0.6028976628689038 0.632231236832095 0.6022737887228132 0.6182138025400009 0.5933330691981331 0.6066274515634349 0.5919602753021722 0.602939548366357 0.5886603732314938 0.5998823590761679 0.5722212879454283 0.5987336117161751 0.5610064047711163 0.6055392971093322 0.5600354751501117 0.6092831852800721 0.5597783468771083 0.627467581964677 0.5599553931472874 0.633841687778068 0.5614181142451591 0.6379526651969167 0.5635461545573548 0.6410378469739366 0.5707543713784309 0.647243997866342 0.5758464908209606 0.649035861916986
2 0.5030336724603438 0.605701588698167 0.5103795882179285 0.6070143935533785 0.5190561424041611 0.6062756071249329 0.524363945051461 0.604926304424895 0.5331901411078519 0.5979650668945145 0.5338582684558184 0.5914113138828361 0.5317836161455055 0.5719537971071521 0.5292509034247114 0.5669647813321641 0.5259510013540328 0.5639075920419749 0.5238440387754937 0.5636921575053225 0.5220876502045907 0.5609701675506441 0.5182004131878497 0.5606909531887955 0.5138547605610873 0.5644888776203137 0.5092063056612866 0.5654769372108935 0.500946366817302 0.566790452572566 0.49462547908168436 0.5661441489626087 0.49137967541196836 0.5674973490884136 0.4917815396869245 0.5749291404562314 0.49018744631890854 0.585438318749535 0.4920428968917294 0.5927822352310927 0.49377539959533345 0.5981624353152534 0.49669170699106974 0.602185537847842 0.5030336724603438 0.605701588698167
2 0.4684406587735704 0.8516154391750254 0.476700597617555 0.8503019238133529 0.48968381229641933 0.8448891233101332 0.49915144169983516 0.8395603002674061 0.5036829201972439 0.8359439717470586 0.5069645526679083 0.8306034564270306 0.503856447934701 0.8270633105156415 0.4996994293122274 0.825514873488481 0.4859518334171213 0.82733154310665 0.4799548256881986 0.8323648515779987 0.47923259993926964 0.8345082151736829 0.4403546135045735 0.8427719862948958 0.43732449303962745 0.8409840196700188 0.4317469087865951 0.8410640997047445 0.42763485376507704 0.839727199788469 0.42664284641041583 0.8406013407188414 0.43226258613076096 0.8462607551648507 0.4491604422263874 0.8537237259388055 0.4594584941806569 0.8550723181323823 0.4684406587735704 0.8516154391750254
3 0.20537872153381934 0.7277812171662239 0.2166238172417947 0.7280441313185431 0.22268686630532927 0.7260921071984472 0.22849488483042357 0.7160137979784487 0.22903725617553078 0.7130242859392231 0.22139696254583519 0.6923177441335236 0.21939187010285624 0.6911962787539008 0.21601117563027397 0.6919148675470497 0.2095525889581477 0.696161909974286 0.20532672086741993 0.6970601459657222 0.1972255586936004 0.6963500625305685 0.18791951409399213 0.6941273294066195 0.18486550776174715 0.6949975729112248 0.18083495554121232 0.7106676193262693 0.18114689261425768 0.7176763364723164 0.18220494130353077 0.7198834798931971 0.1847165762906685 0.7220027484278175 0.19267090472797235 0.7234073255950562 0.20537872153381934 0.7277812171662239
3 0.5630473260150437 0.6026734472947317 0.5700243981649783 0.5980951029577519 0.5726856750222742 0.5939919203904376 0.5762848608332689 0.5846042074767569 0.5751965996103324 0.5753284645104001 0.5735420811749896 0.5717004437127511 0.5680452893238612 0.5680047456641389 0.5580106923089596 0.5581985664609158 0.5558945949304135 0.5537842796191548 0.5536077779480527 0.5527226966389609 0.5528764173991169 0.5506672079295366 0.5474126462152944 0.5485121520565508 0.5380349440137893 0.5542640493210483 0.5380770994811022 0.5600035438017835 0.534432950069152 0.5691797196045789 0.5347245198076205 0.5941014139249164 0.5360404071689764 0.5989068850758501 0.5407369890029148 0.6029937674336349 0.5448040804234774 0.604119130239025 0.5630473260150437 0.6026734472947317