5 0.6301133814130151 0.5962514082424744 0.6273592933194626 0.5920043048099202 0.6220682214042353 0.5870112007607599 0.6177875147946587 0.5851141092071852 0.612444165579017 0.5850160090927218 0.607306665668148 0.5870899007256724 0.6031196275114078 0.5907199736159543 0.6014321795590304 0.5962144380216567 0.6016492838309079 0.5997155408376049 0.6035502073391654 0.6028279033522678 0.6195504876198857 0.6106754297674236 0.6241267144519613 0.6087311182349013 0.6299264133264548 0.6018433627365454 0.6301133814130151 0.5962514082424744
5 0.6188142390598623 0.6510186421940263 0.6215607009023072 0.6488309104536295 0.6231134580685388 0.6440333966073015 0.6221666250304074 0.6373714912455534 0.6106790393142437 0.6311455461640382 0.6015788629505067 0.6301391652943856 0.588474987800592 0.6322766269253609 0.5847145319364995 0.6364740702745888 0.5840298230386649 0.6386297120029256 0.5840635879399796 0.6426170452085282 0.586866324617949 0.6470748688108026 0.5951696112319156 0.6535920641052345 0.6045504241350492 0.6545336549246727 0.6111023617100065 0.653464924109185 0.6188142390598623 0.6510186421940263
5 0.5901108960907806 0.6649697332179245 0.594458763683874 0.6581952078009199 0.5935344405799523 0.65419152457624 0.5904136737452745 0.6509168819229941 0.585803682011884 0.6488738602499138 0.5778859553572555 0.6491481504176585 0.57497103782735 0.6480454995118269 0.5716033993545901 0.6488229801143979 0.5683929616021858 0.651561732294663 0.5659158813320326 0.652355562916311 0.5617811204757067 0.6510906318718964 0.5581814940479669 0.6521436226944016 0.553799861553559 0.6549308149058037 0.5516745763414292 0.6585287977840261 0.5515997891068051 0.6607655795816545 0.5528795359847474 0.6624676909584916 0.5567449152687816 0.6651265231216548 0.5688685612983628 0.668986106305113 0.579555259729646 0.66918230653404 0.5901108960907806 0.6649697332179245
4 0.27862672834442775 0.3964077952482836 0.28518992088648987 0.3966681755013301 0.29100450344408574 0.3860038069670917 0.28659273476436053 0.3796979418684744 0.2768263619018888 0.37196486558685954 0.2645941637363688 0.36635473099542704 0.26032471209389696 0.36578675051038656 0.25266148332845795 0.36844375259526546 0.25080557968862 0.37064783435473936 0.24985148921849382 0.37419737720182467 0.24978795695097467 0.3777632700679872 0.25649709524628755 0.3786558108301937 0.26143637210349147 0.3808447626227799 0.2653841648732572 0.38770164816126557 0.27086983112615226 0.39353763288930577 0.27862672834442775 0.3964077952482836
4 0.5341759101593082 0.4073243657266853 0.5396800888113027 0.40427801331442625 0.5436576489472731 0.40358167278114676 0.5462955586537792 0.39964338963277596 0.5474217335273633 0.39427850532750225 0.5469987799507132 0.3886054107641396 0.5508601616996373 0.37972368364993503 0.550497111674509 0.37559042032482676 0.5490714190433159 0.37325614843882965 0.5459506522086379 0.3699815057855838 0.5419992307228747 0.36823034435151486 0.5360946084284398 0.3682618243374799 0.5220740364257112 0.3728304379167264 0.5189608958421408 0.3759906304364315 0.5165662290577192 0.3809825144334022 0.50955794182391 0.3890371008617094 0.5078592389044277 0.3932024541988775 0.5089033691113929 0.4002857999000657 0.5107668990023384 0.40451655331354275 0.5128998104655756 0.4073534056082714 0.5165705954119421 0.4091693570925544 0.5269280087194117 0.40921962720197574 0.5341759101593082 0.4073243657266853
4 0.617766111317787 0.6323947372154702 0.6208418582840456 0.6303529355945793 0.6216274930667111 0.6235130101012657 0.6195243489696785 0.613122931734772 0.616732867258814 0.6099942192010318 0.6093426487816642 0.6061515960627455 0.5925229688169636 0.6011566619353009 0.584665145713857 0.6029707833412998 0.576025316544082 0.6065191061361956 0.5727774851743657 0.610376249215275 0.578158596826432 0.6260022418127088 0.5806694419978997 0.6291957443966631 0.5849987971918933 0.6313035561199578 0.5904394435763688 0.6318230965738613 0.6041532403894936 0.6297667750121774 0.617766111317787 0.6323947372154702
3 0.3345031670505694 0.3759613491838834 0.33302119958385185 0.36698152195521533 0.3288788124764185 0.35928175573784965 0.32430621436034013 0.356120343165955 0.31706557035243843 0.3478041564324119 0.3123096328657973 0.3451289742501715 0.3089307394259324 0.34457734378420823 0.30478472360250153 0.34198330167125934 0.30102789645440614 0.3410750209160704 0.2907042480482512 0.3450120840122518 0.2871645251720332 0.34760490607301114 0.28428737007855254 0.36203014765014974 0.28445219705001573 0.3704262544007948 0.28725130501198765 0.3799898021074859 0.2904207204310826 0.3834751649304518 0.29300635283717447 0.3844318857167778 0.31678930016726464 0.3760557891417784 0.3310607413431853 0.37897561158408277 0.3345031670505694 0.3759613491838834
3 0.48621682928868226 0.41085023824155636 0.4909164919397989 0.4068798650811257 0.49726258020998354 0.40363914251822386 0.5000464356697405 0.40033301987901304 0.5011726105433245 0.39496813557373933 0.4964950890073049 0.3849504474894538 0.48898506342711145 0.37802816187465915 0.485475107917098 0.3730677578636533 0.480719170430457 0.37039257568141293 0.4747059960000833 0.3686735042594037 0.4678135183342076 0.3682671938868516 0.46207735172723324 0.3715890565190449 0.45569024112373907 0.3810538940851777 0.45434333326228005 0.38802339967891986 0.45577665214458085 0.396792506737868 0.4607086715697899 0.40919290673928777 0.4623177035715459 0.41104094823563064 0.4717809299604111 0.41618059243039146 0.4787968434453279 0.4145608411750352 0.48621682928868226 0.41085023824155636
3 0.46210570329211675 0.46901925484240337 0.47395597021429603 0.46273217986724247 0.47622720117967654 0.45976635749818007 0.47832997645759645 0.4535101524828894 0.4769416774437155 0.4500574896980781 0.4731623403614102 0.4464909868058207 0.4584156683084252 0.44279307373485066 0.43392913086228824 0.44556086579670173 0.4277551269955614 0.4469862469014152 0.425607331849222 0.44792600764256907 0.42259148843448535 0.4515076405017142 0.4217720887505051 0.4543602327894253 0.422329733113301 0.4593363767934136 0.42952172853678583 0.46744184335723676 0.43929935636636247 0.4765040307073858 0.44677561704524116 0.47943898311657795 0.45027794630414714 0.47796455195463283 0.46210570329211675 0.46901925484240337
3 0.4975526870960515 0.49324060454988305 0.499737875859703 0.49118245290991497 0.5010699000380596 0.4879895603520554 0.5033335047523326 0.47858890281004196 0.5029817096943093 0.47578475055346797 0.49649693310286863 0.4681818643983763 0.4820682912065922 0.4633007703783778 0.4784574098117476 0.4630246501323487 0.4687324281016981 0.4657137422292873 0.4585659804158987 0.47161207690316276 0.44944729165306213 0.4794880331738097 0.44695532769980667 0.48405847683134046 0.44884136752496195 0.490947452381886 0.4551689433960469 0.49658906695928345 0.4593523528367899 0.4980647181734181 0.4794198641712068 0.49920250922178333 0.49386701846658276 0.4952012661014825 0.4975526870960515 0.49324060454988305
2 0.6042577355151921 0.4484082092205222 0.6100200407723737 0.4426388446209805 0.6122836454866467 0.4332381870789672 0.6098025676813836 0.42249145842324765 0.6073890196787496 0.4197193961787332 0.5946068034015413 0.41556795275626346 0.5859931128819734 0.416668773583811 0.5736077115312079 0.42063792669205197 0.5696900549467595 0.42287409846358565 0.5572262376453725 0.4341857574738719 0.5542630403501629 0.4495186697801047 0.5561490801753182 0.4564076453306501 0.5673785392862951 0.4653566025994479 0.5791017416734359 0.4662013133566122 0.5907799241921572 0.4617295798396396 0.5987985767316171 0.45677100590691805 0.6042577355151921 0.4484082092205222