2 0.6327860155295641 0.3955541450968145 0.628001641839106 0.3966173584450051 0.610407828111945 0.40630759792179677 0.6024450630192616 0.4092488425140782 0.5986035116172228 0.41234180266251874 0.588476304256615 0.4229114697902688 0.5838134171733995 0.4329568281834245 0.5831838303478266 0.4376794241236655 0.5923907116995757 0.4534043378140905 0.5953654127539967 0.4636401776164399 0.5979725380868102 0.46515686370511655 0.6014138051905209 0.46476967464767915 0.6050803943240761 0.4656603503216588 0.6097728740841324 0.46241734854505 0.6179401941221399 0.4622948247468952 0.6223658176833108 0.46085567036428826 0.6283055296023127 0.45805154544916354 0.631296152646334 0.4551086269288914 0.6373692926647786 0.4514025783167658 0.6449980552100951 0.44324984704670295 0.6463411617968426 0.4425738227559498 0.6506125901740503 0.4435774481330535 0.660147764380726 0.43794335440078064 0.6618911552658016 0.43456155901902455 0.6581739056538215 0.4234317811852001 0.658695112678936 0.41975316490460257 0.6609682354643827 0.4160583643154981 0.6627907141901399 0.4098078342635591 0.6621938359412878 0.40310550539912454 0.6566248156437734 0.3964015026066996 0.6489328872473754 0.39424421022432393 0.6327860155295641 0.3955541450968145
4 0.5558866340525858 0.35750777336978096 0.5509144920039238 0.35750609944179057 0.5456379400847355 0.3590952954525659 0.5361027658780599 0.36472938918483877 0.5339255175204152 0.3673092886217061 0.5308686127254326 0.3781694649107622 0.5272108491841976 0.3856220019160389 0.5242458383196168 0.3986619666335131 0.524354518837139 0.4025955885798771 0.5259772877124924 0.4051642399937232 0.5279795738016535 0.406567976379276 0.541164550554764 0.40007072480303696 0.5511296017366085 0.3985332165963082 0.5582374579738744 0.39903670321285045 0.5694625474043847 0.4029865949662067 0.5727743669060528 0.40020664002511486 0.5755812020892703 0.39290414464800655 0.5731985341887813 0.3777327314501798 0.570561816179127 0.3694136887449562 0.5660690462694749 0.36383750905578005 0.5558866340525858 0.35750777336978096
4 0.5564604939145579 0.39891083155871493 0.5514132445226144 0.398483202720252 0.5427537462558767 0.3991317091809915 0.5386493191523524 0.4007338271427785 0.5333520001486438 0.4038638792162635 0.5251559520313156 0.4121166382384385 0.5173858003917562 0.4277606723668129 0.5166059988796203 0.4316313584861091 0.5173570723124358 0.43589090759083315 0.5226967900827053 0.4446117352324963 0.5322911496430623 0.4525823547333173 0.5376595954926524 0.4531729471509601 0.5501191109923881 0.45251319266719936 0.5535643585934988 0.4488313140291066 0.5600338024128716 0.4457141839066333 0.5720506348477181 0.43590932079872735 0.5743652918022055 0.42913280808420373 0.5732258755632621 0.41769496132851636 0.5689120484194935 0.40484045623626475 0.5655498691564644 0.4023589106235194 0.5564604939145579 0.39891083155871493
3 0.47850822292679823 0.4029935561874245 0.47017390161510725 0.4005103366466886 0.45653343570738725 0.3928139565001813 0.4482159009828165 0.3920845704773913 0.4414460277903176 0.39349788095797494 0.4361111551149682 0.3964149555762237 0.43200274751404394 0.40131176311866595 0.4304263579026516 0.40729930183931257 0.4361879916532899 0.4267060941678304 0.44032201143365485 0.43190633282259033 0.44865235224794586 0.43768424194398153 0.4572623553508426 0.44670682676997187 0.46122937385752394 0.44930132208584117 0.47264621214363833 0.4510214115347232 0.4807384248383643 0.450472932826096 0.48658226232956425 0.4487837090632084 0.4925259547459662 0.44268489456742816 0.4973390565157449 0.4334914459952173 0.5041504638772847 0.4289964233892145 0.504947051976541 0.4268795707878641 0.504024996772642 0.4233089679249048 0.49579451088355303 0.4131214680706211 0.4847028495524855 0.4082696526202638 0.47850822292679823 0.4029935561874245
3 0.48517771908677565 0.4690148933826574 0.4784701471478379 0.4658056356751124 0.4679417908913819 0.46414848205329806 0.4636871491012945 0.4648986901941402 0.460150007569782 0.46640078040381494 0.448304156906019 0.4755166972699561 0.44713289668787504 0.49043636715951155 0.4483929349365409 0.4959237671195968 0.45450847372154646 0.5040685982226191 0.46117451149144334 0.5103595680555832 0.4734550842252954 0.516978138974898 0.48390833313847 0.5182093376862398 0.4900358134156756 0.516470100047296 0.5033749853527493 0.5075300687113466 0.5128182656290231 0.49971618655065553 0.5121798532111299 0.49609556981164005 0.5031192060485439 0.4845172555228153 0.4912221310258997 0.4734390799945519 0.48517771908677565 0.4690148933826574
5 0.5179707371484084 0.44434706997321366 0.5100870598964067 0.4444195798953123 0.5058699717779601 0.44538276549139055 0.5011774920179037 0.44862576726799935 0.4966272659496105 0.4593100580268638 0.4991097887753015 0.47007188049179793 0.5044870602172119 0.47900568558869727 0.5083582042960914 0.4827150820568037 0.5137809904044428 0.48527248544762863 0.5172390440952737 0.4866391299081368 0.5248973993174307 0.48528875525462095 0.533919628210856 0.48172150024764243 0.5376485185979724 0.4779896077334933 0.5398089803684968 0.47365587477868026 0.5385153689455902 0.4646608077827036 0.5347816334635535 0.4567547980369408 0.5213912371675986 0.44550073697848563 0.5179707371484084 0.44434706997321366
5 0.6381213935681957 0.6895350737719635 0.6305173786047996 0.6928522593986614 0.6262963099889531 0.6971101345753951 0.6225051183482753 0.7054645952776728 0.6170584492555238 0.7226753293707802 0.6153358254549685 0.7245162686898265 0.6168587394051197 0.7314945108365652 0.6208257579118011 0.7340890061524344 0.6239833822295059 0.7337518309710531 0.6288220961787252 0.7346554285960444 0.6320716144268319 0.7364980418430813 0.6383285423060803 0.7371515700877918 0.6460620048715189 0.7362271503447484 0.6521351448899636 0.7325211017326226 0.6537283210884763 0.7282873965299219 0.6541365663816046 0.7189922462776082 0.6525504865803718 0.7017039804784312 0.6503476260432867 0.6941868337180962 0.6457965353774732 0.6899385326363934 0.6415626606719064 0.689147884714526 0.6381213935681957 0.6895350737719635
5 0.6221193693347077 0.7430840731484112 0.617310248062329 0.7489828321399667 0.6129102366805989 0.760519032719776 0.6138618845613385 0.7708919921992822 0.6185967630879557 0.7794998701378213 0.6221882448782294 0.7799645909013286 0.6257965132556235 0.7821831451827818 0.6298426196029865 0.7819089058284682 0.639565562167866 0.7773396993723762 0.6446375591417299 0.7729317825674741 0.6483121092700854 0.7672330790801432 0.6491877852100233 0.7622474918086098 0.6452238826032218 0.741425715071518 0.6423163278972821 0.7382052093409517 0.6317672045563056 0.738088911781847 0.6221193693347077 0.7430840731484112
5 0.6988778838247627 0.7255966907908323 0.6916158324035339 0.7275359839340007 0.6841620321267008 0.7317050793816433 0.6787856252823106 0.7377038661253112 0.673497131870922 0.7491771308780525 0.6741691174630559 0.7563054146529595 0.6785284592732654 0.7627835180391369 0.6867461390726342 0.7679224947948192 0.6931740487229661 0.7678870767977652 0.7008324039451231 0.7665367021442493 0.7036352586309407 0.7625288963477963 0.7067385426898842 0.760224910193233 0.7113470895143388 0.7482127408268953 0.7131359950658555 0.7384545437390647 0.7122722606181177 0.733556062268632 0.7094605803399798 0.7292206553858286 0.7057772046193044 0.7265761461939031 0.6988778838247627 0.7255966907908323
5 0.721403170029065 0.7339224292080174 0.7158805289955118 0.7357746165500851 0.7138367087373098 0.7374525922899515 0.7080273090178707 0.7575820749292979 0.7095334363809017 0.7628064835580906 0.712949955902692 0.7672548401440181 0.7152358847778587 0.7686085626535147 0.7216054736720294 0.7699010232639338 0.7254638116611887 0.7685618966334393 0.7259392033027983 0.7662820804529089 0.7282291126753653 0.7643411133817501 0.7327042314003771 0.7532308677124133 0.73821008584681 0.7496248468523998 0.74260213623374 0.7446780254339014 0.7437406878751636 0.7411832803490215 0.7419133640544859 0.7357959081410487 0.7369827561748648 0.7327125220876392 0.7318603994396397 0.7318589383387039 0.721403170029065 0.7339224292080174
5 0.6116960555885743 0.8266128798371074 0.6021816484664192 0.8307061175066707 0.5954621350352813 0.8373809285410918 0.5908200150365861 0.8458854308715379 0.5881633945399317 0.854039836069591 0.5877215760725626 0.8598273192860131 0.5930445072557119 0.8667943134097303 0.5984672933640632 0.8693517168005552 0.6097546840481349 0.8686790403657829 0.6187601263544396 0.8633579518408585 0.6217507493984609 0.8604150333205866 0.6235732281242183 0.8541645032686475 0.6244193113873155 0.8423765593805672 0.6229379316062051 0.8323166051084095 0.6206352161439179 0.8292090490809672 0.616063358393584 0.8265016040619739 0.6116960555885743 0.8266128798371074
5 0.7376789672415995 0.7980303171621053 0.7338126682576401 0.8059588229539105 0.7336001523175159 0.8097294813210946 0.7310537702883237 0.8127038677549004 0.724440514827248 0.8174933496057293 0.7163275350480014 0.8195826843770663 0.7161318056949975 0.8251071762621958 0.7195818983910283 0.8330631998840149 0.723115059425141 0.8348557992549953 0.7305065584484126 0.8353092719954814 0.743199356972793 0.8293380030818271 0.749047174961393 0.8243540897382843 0.7571681157354396 0.8156753758056368 0.7589490602921561 0.8125065578791171 0.7591280030580397 0.8052282324760416 0.7575092146800864 0.7993648914815401 0.7550355174467157 0.7969462816958626 0.7476647855079644 0.7949519528926668 0.7376789672415995 0.7980303171621053