0 0.5885334576255141 0.5587616042099607 0.5896853414017038 0.5621187169602667 0.5938991291734291 0.56682915692505 0.6003098596005868 0.5695609138144736 0.6117071687710646 0.5681700694442513 0.6150329526105593 0.5665072362406308 0.6166937475143847 0.5640474681846052 0.617851897755324 0.5574190321797547 0.616949239294655 0.5545179019496457 0.6095604561656972 0.5497467749495698 0.5986951007149822 0.5483620013920273 0.5932854655817519 0.5507108774918227 0.5895031222636254 0.5542875685037515 0.5885334576255141 0.5587616042099607
1 0.6303089203334827 0.5472202490455716 0.6218038781159956 0.5519033808990487 0.6198750093363669 0.5541226064647413 0.6225013139066682 0.5637594988044693 0.621001778087524 0.5676807080000679 0.6214059859171515 0.5696698731897827 0.6230332777322555 0.5708976881019161 0.6284471068973303 0.5718055149105514 0.6331363027079697 0.5743866570371623 0.63765166744422 0.5756500565241196 0.6416685815494285 0.5760014909706828 0.644632048711706 0.5751753154260499 0.6475347761612904 0.5717387570625789 0.6570136770487335 0.5658382924113234 0.6611771856043602 0.5612095037105428 0.6621196136185001 0.5504375022173362 0.6580042626800331 0.5479065650116629 0.6518050604478306 0.5460616707021647 0.6445943024251066 0.545864989250173 0.6424350568902398 0.5474127922658044 0.6368327421223372 0.5486593657558104 0.6303089203334827 0.5472202490455716
1 0.686445110208173 0.5037206677307222 0.6793097464265803 0.5026622261592741 0.6720215217298198 0.5165695564903262 0.6718602727509634 0.5250219225759649 0.6667836452380735 0.5334784268933624 0.6669805189045903 0.5378374324115825 0.6690308671096046 0.5408389724835667 0.6726289188567474 0.54267338467871 0.6828450351941586 0.5448697134347715 0.6860954247925222 0.5440686403506075 0.6913877745322113 0.539755701521566 0.6952120090027476 0.5390048333583398 0.7043369812766618 0.5404544321829337 0.7081989128677639 0.5392726839599791 0.7185951267443141 0.5328012066005376 0.7226978955872481 0.5255620350809186 0.7240403373991712 0.513522495868996 0.7234246013745886 0.5106464680993559 0.7212423132475946 0.5091530082364207 0.7154284702847369 0.5095127191465014 0.7094407962474895 0.5085546874169283 0.693919748074856 0.500901188764616 0.686445110208173 0.5037206677307222
1 0.596014066960745 0.3675093390750668 0.5940998527095546 0.36625642170246453 0.5868513975662651 0.36649062031020113 0.5829810779114745 0.36115896271629416 0.5788468784127246 0.35884346554048496 0.5768384213601203 0.3586677483172035 0.5699753254861755 0.3611065521445189 0.5659395628206841 0.36097055772782 0.5589445270247597 0.36491744176418445 0.5515452833992078 0.3668751606108342 0.5475325633258434 0.3697804290727018 0.5438109597204098 0.375967502903469 0.539130151973459 0.3798997665937197 0.538753180767803 0.3842085671910023 0.5454173305423258 0.3906530095090538 0.550251048370478 0.401496180151908 0.5555140890532904 0.40412752719945644 0.5592817778429784 0.4040229791258225 0.5699502596271766 0.4010487471651448 0.5770541927529534 0.39255252004116475 0.5954737743433272 0.39351275742157527 0.6090387171123604 0.39708751585258295 0.6125383320262447 0.39674242528861603 0.615365665234698 0.3941676270446015 0.6143080242599224 0.3897333141449749 0.6057003511773323 0.38898024033091105 0.6012415321219307 0.38707052075436144 0.5968958044282257 0.383868160998627 0.5941731745177804 0.37863691324659515 0.596845525212127 0.3745289323330629 0.596014066960745 0.3675093390750668
2 0.24356495894324676 0.6683861292986587 0.23958574195860366 0.6676038147923673 0.23635420092052278 0.6681894478466671 0.23276034320522446 0.6696117385599546 0.22806068689799072 0.6737594422800693 0.22291912564056388 0.6763488608701979 0.2165021287486565 0.6836026527359306 0.2141585916428062 0.6905615589586342 0.21215645022098525 0.7101414992158015 0.21476179473788942 0.7134086842385872 0.21526443940077522 0.7175773521874123 0.21725824192494114 0.7212252123489886 0.22282705360412258 0.7236662218271418 0.22414857442285743 0.7250843743086705 0.22791626321254538 0.7249798262350365 0.23484429283102734 0.7284081081349901 0.23769466863160776 0.7288745727695423 0.23838579889732164 0.7308888404197257 0.2370119264295827 0.7333737109362202 0.24497036039886882 0.734938339948803 0.25822114410784414 0.7321900301323444 0.26189039606427367 0.7299059792996004 0.26767700240316 0.7232483026025223 0.2751160155821829 0.7076174520325571 0.2785234601275587 0.6951073099543237 0.280584268829167 0.6913800041795822 0.28028895832939194 0.6848414959022519 0.2741190651540663 0.6760523157161638 0.2638610576642451 0.6710301641113998 0.2537203355679652 0.6679720752358819 0.24356495894324676 0.6683861292986587
2 0.43216946218438723 0.7597826127205651 0.43282708936137987 0.7654844633389079 0.43032437570957843 0.7676534839836628 0.4330616601484623 0.7694125887973998 0.44320238224474223 0.7724706776729177 0.44683393708060615 0.7706175068999019 0.44864552046669387 0.7664342186049634 0.4504717583812199 0.7587787873717298 0.4487648782931403 0.7551560296706221 0.4462579706094945 0.7540683474069463 0.4417007147208344 0.7499791250712866 0.4331160842303715 0.7522673141357895 0.4306364131706973 0.757477597659111 0.43216946218438723 0.7597826127205651
2 0.4096512566168905 0.7395770435325993 0.4044070644943609 0.7367302564551867 0.39667274081556314 0.7458225987478216 0.3943669008302783 0.752350624910797 0.3941449121387291 0.7581926081775971 0.39796707417636007 0.7706839916779582 0.40190859404043755 0.7718971862439779 0.40687632422347486 0.7679900250141959 0.4188286297058424 0.7668648255947752 0.4254048031437009 0.764400919306991 0.42576711982091836 0.7635642616480032 0.42319947242457995 0.7598661965654891 0.4263241885657136 0.7505876549352177 0.42547807578589314 0.7470402046155163 0.4181835354583492 0.7411918774661197 0.4148347090267272 0.7398134477911735 0.4096512566168905 0.7395770435325993
4 0.1976448854059678 0.7140820393695695 0.19143522267717117 0.718965990906797 0.18741623613905717 0.731856808123821 0.18766965548642234 0.7355694935524489 0.19156301773334009 0.7439424140249224 0.19730566048691112 0.7477011661427292 0.20861292088781921 0.7506442248302582 0.21509485152426372 0.7492575186917945 0.22419258717420648 0.7444091517293909 0.2280314761731812 0.7401861406278697 0.23355420266810825 0.7365446243488897 0.2335877057568295 0.7328570413807306 0.23075198448468742 0.7289184338078835 0.21856091418339316 0.7228588048603816 0.20489334054925737 0.7138478407618329 0.1976448854059678 0.7140820393695695
4 0.5255990564553826 0.5808258688437895 0.522045017459589 0.5983162340693668 0.5177307204216998 0.6046685430090606 0.508821470374585 0.6073625096728229 0.508232970973974 0.6107844476901801 0.5092487207963398 0.6123929377411043 0.5230524283842997 0.6231525245390346 0.5319323693745375 0.6274028437518621 0.5409819474073203 0.6297142026959126 0.5487853988624998 0.6297456490389777 0.5532777210066228 0.6279677856473682 0.5582266026293773 0.6242760644474504 0.5616424352384418 0.6182793281860786 0.5624759659227292 0.6120566697804877 0.5564380126693831 0.6017594093853506 0.5483539052428672 0.5917173118266602 0.5432793501628829 0.5869315644804705 0.5383032319161568 0.5843253198933909 0.5299028929966776 0.5812024057508215 0.5255990564553826 0.5808258688437895
4 0.8221448662806369 0.5785486869419678 0.8130240880385671 0.5803557910258048 0.8054887104591911 0.5805648871730726 0.7907509629207803 0.5870907076852104 0.7846962827060904 0.5935078418919556 0.7792426839875447 0.6062731468066357 0.7789034099024543 0.61015106734419 0.7795002973667542 0.6132425351436942 0.7828344692699377 0.6180931077569354 0.7921751637706513 0.6236862720698853 0.7986277853502189 0.6292438518080115 0.8039473717138798 0.6312288787659674 0.811675428927928 0.6321220852284891 0.8224988932262329 0.630681035937329 0.830698164447351 0.6261882416532474 0.8505816672750335 0.620329705459412 0.8580332625495892 0.6144689636147392 0.8639329602501725 0.6065186467384764 0.8650387588421079 0.6037932337316491 0.8645172656189392 0.5998400058126883 0.8633842304030322 0.5962674530325183 0.8604165692089106 0.5938369256687202 0.8394398007187924 0.5824497773590698 0.8301786944910543 0.5792515558350941 0.8221448662806369 0.5785486869419678
5 0.4773898207281291 0.5865942042401884 0.47733746907912505 0.5904972272382116 0.48256281264137185 0.5935594543454882 0.4835974110240204 0.5949525043665481 0.4827408377476058 0.5981338998935726 0.48433043244214413 0.5997925948654343 0.4926742256807749 0.6035618290975959 0.5001530575793024 0.6039990530399206 0.5031772644542725 0.6057832603141262 0.5100257057997788 0.6068165994251056 0.517156875549527 0.6046183380881229 0.5224073341368064 0.5974795764103791 0.5235696784095902 0.5941078433139594 0.5239005644309918 0.5837165169595434 0.5130791725655921 0.5719153145871163 0.5021153802816187 0.5683510382704636 0.49226577465326943 0.5685747547638453 0.4883661459416019 0.5701873830465282 0.4773898207281291 0.5865942042401884
5 0.5631167678063107 0.5749905025295019 0.5568589474603545 0.5870341799731833 0.5588527499845204 0.5906820401347598 0.5623188618096834 0.5940245325389519 0.5696699478180757 0.5992265395987562 0.5793687649641626 0.6007263433442876 0.5872099135399075 0.6003269096276244 0.592925319669507 0.5977876959584336 0.5964584376721127 0.5937550224263077 0.5976019333846136 0.5905987293597522 0.5956793310697346 0.5828324061702885 0.5927640215246168 0.5764988558084672 0.5897963603304952 0.574068328444669 0.5821248487972954 0.5725288018925552 0.5687944768153447 0.5728821689200394 0.5631167678063107 0.5749905025295019
5 0.7492603010499589 0.5821582107380502 0.7421291313002105 0.5843564720750328 0.7356702432558933 0.5887844410920632 0.7327235522209934 0.602637428270419 0.7373792449429117 0.6089061533651889 0.7409395995694888 0.6111714456200604 0.749894934800858 0.6145600047134314 0.7605110649360523 0.615488795750777 0.7730937609714409 0.6137674811627014 0.7758645484990458 0.6118390030082792 0.7782499767573062 0.6077059196342781 0.7815296754125466 0.5999605606735244 0.7815631785012679 0.5962729777053654 0.7727167405997513 0.5883350755243788 0.7661510276584869 0.5840701359654374 0.7627079584254508 0.5837689064398119 0.7596649029901981 0.5822001391954703 0.7492603010499589 0.5821582107380502
5 0.8348281699142566 0.6252470359206257 0.8316573685888686 0.6284430517937639 0.8333495941485097 0.6355379524331666 0.8385560891504735 0.6388156195703074 0.8436076016383309 0.6405601040379305 0.8582029487581682 0.6422712095815672 0.8692421352832728 0.6449737257787633 0.8815609514747023 0.6462685716087856 0.8859590308174111 0.6455679083664969 0.8917498311881417 0.6421669345778496 0.8946902557582919 0.6382994961546503 0.8946064734534721 0.6326478504572453 0.8910419247950505 0.627125855293943 0.8780801359550671 0.6166570159072832 0.8727417010311234 0.6148874289791912 0.8612648035876701 0.6138833305604394 0.849970125282295 0.6207103805982027 0.8348281699142566 0.6252470359206257
5 0.45636938364889756 0.7640707221590541 0.4524174032882261 0.7695863734397601 0.45095348205091756 0.776405147014006 0.45116293781296735 0.7905342612575186 0.45317558889741605 0.7939666813892309 0.4580197672221624 0.7980810061853594 0.4657289758759278 0.7991896526777452 0.4689793654742914 0.7983885795935812 0.4729732369873729 0.7956987511615777 0.47818180442224223 0.7857341666351314 0.4787996128797302 0.7753679427411843 0.4777000807525445 0.7681078069928551 0.47595550354389937 0.7649159293514758 0.4718024554848668 0.7628158722055307 0.46723054506776834 0.7621987928081658 0.46116747678938974 0.7621025211980493 0.45636938364889756 0.7640707221590541