5 0.3044709504971889 0.6947844489025579 0.3165549292805169 0.6919949198664351 0.3230826938560508 0.6875499111364884 0.32450886878088003 0.680710462594897 0.3174257601255347 0.6753714303349899 0.30839470563978927 0.670595472662712 0.3009983615215974 0.6585040976623142 0.2922341632347375 0.6519242925960343 0.2884924667579007 0.6506076620115822 0.27747193227271455 0.6494764910523527 0.2708315066822583 0.6532825674165907 0.26516747655446216 0.66262605761697 0.2655597998579903 0.666509665687278 0.2702571247129667 0.6749045661705809 0.27577180475171986 0.6796417579898238 0.2851912020435933 0.691596013313065 0.29199464841033296 0.6936903698683728 0.3044709504971889 0.6947844489025579
5 0.5422956465646693 0.7000633621728656 0.5472589630210111 0.6917218234215994 0.549006334403487 0.6850453384591881 0.5467243860257202 0.680396926369036 0.5444009034789125 0.6788302264043032 0.5376517973709338 0.6787026808221773 0.5304648532929865 0.681067928875818 0.5196952530170855 0.6913116688452081 0.5167589702318254 0.6962213983386619 0.5171137398637126 0.6998920289537336 0.5190952588683533 0.7028366214019959 0.5216648305295261 0.7041403300354364 0.5295277406970074 0.7056086761760474 0.5365812566755122 0.7041453518194075 0.5422956465646693 0.7000633621728656
5 0.481063242559173 0.7293066182774514 0.4847042195132877 0.7201002477542288 0.4828393420209694 0.7144998980910197 0.48011955567323356 0.7123442796366344 0.46669645080055816 0.7125151433828549 0.46181620268229795 0.7146932578832826 0.4579914378673795 0.7195400515496688 0.4563607079972261 0.7235607792971336 0.45694079965895795 0.7285092746436224 0.4586011222059521 0.7312909035127045 0.46498749768724323 0.7343371976410696 0.4723789967105148 0.7347906703815557 0.47831870862951675 0.7319865454664309 0.481063242559173 0.7293066182774514
5 0.5591259232594952 0.75902269927624 0.5603395822442001 0.7559539091018325 0.5595509551397438 0.7514813825418722 0.5574192214485401 0.747684880272665 0.5514499168526976 0.7436866485712429 0.545288863401251 0.741918219174295 0.5404501494520317 0.7410146215493036 0.5368922408359988 0.7440575678216881 0.5305562251160687 0.7462727742471603 0.5269775494155154 0.7508565765822542 0.5273994653958841 0.7615425412691088 0.5287385914852317 0.7641612065590111 0.5309869666887578 0.7653019516132715 0.5406851616717169 0.7655682908005448 0.5497992844955438 0.7641808242219842 0.5591259232594952 0.75902269927624
5 0.5255058598242452 0.76407242682992 0.5273658922216434 0.7580348742332174 0.5265772651171872 0.7535623476732571 0.5248418352269116 0.7503547638937024 0.5205160665909427 0.7473843275434168 0.5135416384531196 0.7459789172298736 0.5099669432499663 0.7472680299843121 0.5033185566647099 0.757663485509861 0.5017253804661973 0.7618971907125617 0.5021384708542457 0.7642399427201598 0.5066895615200592 0.7684882438018626 0.5129464893993075 0.7691417720465734 0.5191866306914357 0.7680414667733382 0.5255058598242452 0.76407242682992
5 0.4419049585909701 0.8273449402793116 0.44270552718762657 0.821933398097306 0.4404028117253393 0.8188258420698636 0.43394132890076664 0.8153535930310263 0.4299535433095648 0.8142999537778663 0.4253401513901901 0.8146742208842923 0.4200052787148407 0.8175912955025411 0.41917113694394353 0.8194951706486551 0.4192966040485862 0.8251826261129649 0.42140757065526957 0.8305199844448816 0.42584600030616065 0.8341293531608759 0.42907873196714696 0.8342181328899668 0.43609469427401093 0.832541831078091 0.4419049585909701 0.8273449402793116
5 0.42353930434647324 0.8343164867140886 0.41633557368140545 0.8349279012497839 0.4130237541797376 0.8377078561908757 0.41139302430958413 0.8417285839383404 0.41134750964314326 0.8481049856444148 0.41249488687688685 0.8529534532387913 0.42605141984900496 0.8518806657955699 0.43325913101147284 0.8479745616792194 0.43578232340868456 0.8407220801781673 0.43009666159884785 0.836673834600689 0.42353930434647324 0.8343164867140886
5 0.4880494325720773 0.8618106655754436 0.49130293131758396 0.8603585892418252 0.49622471360488507 0.8550987626159783 0.49704206878866186 0.8514410539519183 0.4953857267390678 0.8453647355021806 0.4935544224209901 0.8432720528748631 0.4878855471982737 0.8409776408153306 0.48242122692088163 0.8415019495499247 0.477219782344975 0.8435171004711725 0.4738496420871459 0.8476249340197377 0.4708758056302448 0.8523216860579556 0.47183541450578464 0.8561052663761511 0.4753102547837358 0.8592257443546052 0.4797694515191474 0.8612942570078899 0.4836821297670677 0.8619219413505771 0.4880494325720773 0.8618106655754436
5 0.4735293102270194 0.8623945622811251 0.46949514537185655 0.8527847328934726 0.46441432280567224 0.8488494370191184 0.45804473391150147 0.847556976408699 0.45358155667868993 0.8487831533360698 0.45097045084847637 0.8505611568280484 0.4468620432475521 0.8554579643704907 0.4419738341344918 0.864225458032229 0.4430461040249538 0.8686479707161332 0.4491112830485983 0.8715313012653183 0.4579753362606603 0.8737015155987056 0.46166269247873587 0.8730513352099758 0.46688490413916306 0.8694953282260183 0.4735293102270194 0.8623945622811251
5 0.44127086916067765 0.8983872827431322 0.44799038259181556 0.891712471708711 0.44909138056159803 0.888004749168595 0.44813177168605833 0.8842211688503996 0.44373089570680796 0.8808247775896414 0.43594309288260824 0.8797823863595029 0.427604791073517 0.8805938563994224 0.42491857790002197 0.8819459049809286 0.4211896875129055 0.8856777974950779 0.4201637968864045 0.8898114749456664 0.42391829945296156 0.8961766286287194 0.4263544430146915 0.8983822609591611 0.43037978227753426 0.899648877667557 0.43769617395752436 0.8996763954975705 0.44127086916067765 0.8983872827431322
3 0.4240619565936017 0.4956023922722964 0.43183695332808114 0.4915962604038337 0.4319535948404035 0.48894050318888704 0.43384720041204244 0.48641061762807586 0.4295461793579941 0.47860463563442535 0.42610889275168357 0.4756971351112075 0.42008126739967977 0.47302678201725873 0.412539553689845 0.47172139945582786 0.39799866426026664 0.47384615222421883 0.3950288083007657 0.4752482146817812 0.3886137047401541 0.4803321557774364 0.38491838752727836 0.48757171532747706 0.38531071083080637 0.49145532339778486 0.3910131592277635 0.4972574024932088 0.4032018380312136 0.5016961849841054 0.41390117605875326 0.5026643923641549 0.4229441720366987 0.4975562812944667 0.4240619565936017 0.4956023922722964
4 0.46367659431393415 0.4266902938337493 0.46342566010464886 0.4153153829051299 0.46259947932855183 0.4106298788899334 0.46043019196570734 0.40662039916549003 0.45280056482287084 0.3998405385949857 0.4450127619986709 0.3987981473648471 0.4398696381789254 0.3994854196786215 0.4379216923485254 0.4000484942662507 0.43126049967354874 0.4053954266931984 0.42599277334668073 0.41532783538323015 0.4221936207112029 0.4302716752468186 0.4238499627607969 0.4363479936965562 0.4345453202909364 0.44061089065726106 0.4448859081891886 0.4412031570028942 0.4528279061973516 0.4398027684733222 0.45812522520106025 0.4366727163998374 0.46367659431393415 0.4266902938337493
2 0.4224980305817291 0.4286808053080528 0.4280405741022827 0.4103551700627085 0.437316853104873 0.39993554456312685 0.436394797900974 0.3963649417001675 0.43359990420995664 0.3937833683353098 0.42946190393219175 0.39187781926120524 0.4257953147986365 0.39098714358722547 0.41883767324793386 0.39133556679162806 0.41448715703004446 0.39320067608470743 0.4049687694104892 0.40058860333492613 0.4006518263668406 0.40596137966389695 0.3990962038399687 0.41040806232183397 0.39986008336250445 0.4197161345251592 0.4058629611325878 0.4272220332624729 0.4112857472409391 0.4297794366532976 0.4184687108214864 0.4307088781803123 0.420983942223898 0.4300457758405708 0.4224980305817291 0.4286808053080528
2 0.45375653569121094 0.48487645727732775 0.469548637777135 0.47989589178976555 0.4758303132383038 0.47571387439111124 0.4784453995659175 0.4706411813184772 0.4782695726999139 0.4596922253003302 0.47262544505911797 0.45256226759743273 0.46469140804575515 0.44737327696569407 0.460495087011829 0.4467956064990629 0.44372260896584487 0.4495334477311392 0.4357558633757613 0.4557693819040761 0.42551201450283116 0.4689948062467729 0.4250366228612214 0.47127462242730334 0.42667617832369514 0.47559710735909516 0.43009667834288534 0.4767507743643673 0.4345143409092561 0.4819009991430711 0.4393322877739549 0.48434545283077196 0.44598551945413145 0.48558789956513504 0.45375653569121094 0.48487645727732775
2 0.37596555628469447 0.46499443114444905 0.38233912567626527 0.4629922021742129 0.387202587207405 0.45906025415583923 0.39096020567384204 0.44719812641767 0.3886278975347141 0.43728821377368066 0.3845482180131104 0.4340547860921027 0.3693728966630389 0.4292642325408228 0.3586735586354993 0.4282960251607733 0.3446456145191715 0.42835393920387005 0.3409414717139755 0.4272502860746541 0.33432181320803966 0.42951550637618263 0.3276022997769018 0.43619031741060343 0.32920032107033464 0.4435945144678145 0.3315405902042627 0.4469150479504932 0.3553179536624308 0.4673175654890741 0.36023177495493164 0.46864711802453785 0.3692500233509567 0.4683745525982146 0.37596555628469447 0.46499443114444905
2 0.2594044560989841 0.6913117303908092 0.26384686624727527 0.691626409526148 0.26375012722195323 0.6778087188378179 0.2655893925348309 0.6733120223038249 0.2631484038781807 0.6594684877134716 0.26006986740115756 0.6569369282246699 0.24797706302550931 0.6513832445815363 0.2428171526186434 0.6503166833773648 0.22666630040343203 0.6549213078305108 0.21959201734040684 0.6579254882498602 0.2163177515103797 0.6609184206461882 0.21525430721223787 0.6648391206415406 0.21507934494375433 0.6688227564639607 0.21692743584895227 0.672669272609224 0.2299926551898605 0.6870550596691544 0.23456451294019437 0.6897625046881476 0.2501361380911939 0.69514197672908 0.2594044560989841 0.6913117303908092