5 0.908046069554637 0.7813814693011437 0.9109453376007636 0.7816585708720692 0.9149267192469799 0.7799766379621433 0.91857502990971 0.7748684075736826 0.919288333907191 0.7672453292721547 0.9168063266738162 0.7617230568176699 0.9142031018124186 0.7590680478287757 0.9164898358202558 0.7558491739558442 0.916382619962889 0.7491359349294194 0.9136913377333208 0.7444530186395335 0.9077179760843611 0.7434094594500607 0.899112096853057 0.7553054377013615 0.8924062727174201 0.7571996250879838 0.8920936494027648 0.7620251178892437 0.8983158922059454 0.7751664429193452 0.9005873352634917 0.7779616129840666 0.908046069554637 0.7813814693011437
5 0.8839866424542079 0.7528715397861678 0.8935407050665581 0.7550307515659826 0.8993035025396893 0.7533472083656922 0.9034762898725379 0.7497070461200968 0.9055869091440341 0.7424323576451816 0.90474723079999 0.7386568651948522 0.9013400662136707 0.7344641100977701 0.8975845396935738 0.7328591014598063 0.88122001544749 0.7330137551489131 0.8747936543666561 0.7349776205008578 0.8717208499434583 0.7377776214366725 0.8721942970441636 0.7430219871750493 0.874326653164126 0.7475655475342904 0.8786066563543417 0.7506386243151194 0.8839866424542079 0.7528715397861678
5 0.8566362908822718 0.7518473040810676 0.8582773305919675 0.7500276255308611 0.8662937018130836 0.7500203792242214 0.8711657913727574 0.7483376411691129 0.8720028913575314 0.7449802165107187 0.8711797931434134 0.7387571386770981 0.8684196120348708 0.7367316468116529 0.8582377244339401 0.737090503525634 0.8444393972504967 0.7340959613071315 0.8419255189369046 0.7370353181735909 0.8405486513317211 0.7449387186267732 0.8405499405113561 0.7485051771811351 0.8443756550900623 0.7510192199490199 0.8566362908822718 0.7518473040810676
5 0.7546044515431964 0.7943873983123865 0.7579580082008324 0.7952235338962563 0.7652227584460753 0.793468702440279 0.768014810634835 0.7870325649847801 0.7677685078398843 0.7820677162528753 0.7602191378212984 0.7694870355260824 0.7479061832800404 0.7688687904351843 0.7428426880337342 0.7725097578259619 0.7417439943037184 0.7769163776901046 0.7431438879370036 0.7843976846254408 0.7471801666915383 0.7896388297830891 0.7546044515431964 0.7943873983123865
5 0.6903891127396719 0.7543052905376028 0.6984220640907142 0.7518504588476719 0.7027173582312208 0.748909491690848 0.7049517734900098 0.7459004568590659 0.7009652351252531 0.7333165555515443 0.697995779020517 0.7321304198506977 0.6952713365310965 0.7323426743273938 0.6787332759079415 0.7355744305232407 0.6713115694155537 0.737958779102667 0.6657772054278123 0.7434882978637916 0.6646963810073576 0.7490137908990049 0.6663744485158106 0.7529983172453016 0.6740424578031492 0.7555788173977802 0.6903891127396719 0.7543052905376028
5 0.2719686399231665 0.5204859953217434 0.29409596164238133 0.5186477984323463 0.29963161480975775 0.5166847382255837 0.3020229863156918 0.5130461862703528 0.2983542279841306 0.509902626379019 0.2996966461498271 0.5033279381380572 0.29789607183371625 0.498644216702989 0.29536303503092814 0.4968982418440159 0.2913267562763933 0.49165709668636765 0.2854924815650176 0.4888651472023751 0.28016610339383463 0.489988851244539 0.2764820541119824 0.49285933529085824 0.2706337776299508 0.49964788829888074 0.26759671182587513 0.5046856355768368 0.26703907489590417 0.5081127382005537 0.26643040839652 0.5153161384197822 0.2687197207636273 0.5192301816555743 0.2719686399231665 0.5204859953217434
5 0.2996749093013608 0.4915096893039007 0.30645092149560715 0.49052453604719953 0.3168586642226574 0.48687873778532875 0.32152018960650264 0.4824688973404573 0.3218506822307189 0.47876227771026814 0.3195422113744154 0.47016290274904343 0.310807379437278 0.4635273931397633 0.3035413400124001 0.46171576604137876 0.2993672634999164 0.46178946973261226 0.2944951739402426 0.4634722077877204 0.2914223695170447 0.4662722087235351 0.2881760287167756 0.4721493121660898 0.28379396638773335 0.4766288305762837 0.28382970500685567 0.4788665769184252 0.2858408434987951 0.48627740074325676 0.28956192057940466 0.489211121593441 0.2996749093013608 0.4915096893039007
5 0.2579673044363752 0.48735155544965325 0.2675723966181388 0.4857344696339565 0.27548284116152316 0.4825804428552541 0.2775245615540447 0.4779631788047795 0.2772616786291678 0.4754459154561658 0.2709003488884033 0.4640529807205841 0.25704970295591145 0.4612682775432312 0.25126903617321916 0.46183294757245086 0.2434096211992481 0.4612106767556418 0.23602494250561756 0.46939923023157143 0.23365144030924467 0.4741566553578732 0.23321631018693156 0.47828295307036156 0.23629169296939959 0.4826158692432708 0.24034455185386056 0.48540942901762785 0.2579673044363752 0.48735155544965325
5 0.45636286811307053 0.4726266568501031 0.4652878165572051 0.473737478569352 0.46895528570913125 0.4733145799063238 0.4739320127669018 0.4712121637689163 0.47670748482573544 0.46722361169670845 0.4778227586856774 0.4603694064492746 0.4743096674216263 0.45302987088012997 0.47374945213238523 0.4493240563951231 0.47074425740852677 0.4459001743521349 0.4661847911635082 0.4427574196059834 0.45876179549148527 0.44157530963104774 0.45450095079046593 0.4431875645756513 0.45015333790091094 0.44633837077362476 0.4498751640257429 0.4498351513626643 0.4516412889023666 0.4558475850099528 0.4518735899266614 0.4703929362338727 0.45636286811307053 0.4726266568501031
5 0.5402915242547619 0.25863313790658465 0.5453741779902643 0.25967750224123964 0.5495827039422353 0.2582750863377858 0.5535283469693293 0.2543554070857183 0.5562310526102835 0.2423249037748655 0.5562986623096229 0.2361010207960629 0.5535384812010802 0.23407552893061756 0.5385891415385726 0.23569744561740752 0.5288602533695161 0.2330488777899709 0.5276403420114775 0.24032276111970408 0.5304732895378999 0.2503902042237943 0.5328672394031039 0.253884569377287 0.5402915242547619 0.25863313790658465
5 0.4904411738220971 0.2430836796071197 0.49440597533838754 0.24384933208048487 0.504726949876902 0.2417420850719841 0.51440094093764 0.2374675748318466 0.5192538720081176 0.2310995050513057 0.5195128873940894 0.22291739273683361 0.5145859007260972 0.21767705272436774 0.5061343993826679 0.22181059674349587 0.49686108900475573 0.22328752148336534 0.49338502553946206 0.2217521908107242 0.48959376040024283 0.21790943583061884 0.48634484124070365 0.21665362216444978 0.4815786783587617 0.22148314069162062 0.48035876700072305 0.22875702402135376 0.481320952152425 0.23323171156045458 0.4872968921606547 0.2414081878586513 0.4904411738220971 0.2430836796071197
5 0.49914911219222813 0.2236351061647957 0.506972788547077 0.22201963063946334 0.511774690048141 0.21942785845443397 0.5153362325223354 0.21585817931934326 0.5180568074728508 0.2049465491795613 0.5177926353683387 0.19886282727658572 0.513896732731023 0.19543975037877984 0.504079787193796 0.19076327525035136 0.4964653858351406 0.19153939461108513 0.49327007460428485 0.19364020045812821 0.48829463672614937 0.19930907514989754 0.4871078856279629 0.20168778771304846 0.48677868218338166 0.20896086589759957 0.4885805456791276 0.2172110458870297 0.49277378068080757 0.22182267392122887 0.49914911219222813 0.2236351061647957
5 0.5778274517612043 0.2211863459707936 0.5817399345284462 0.22216183748530832 0.5959389423947156 0.22235879420354285 0.6015792330601888 0.2199760559144809 0.6042500676209258 0.2164071819245724 0.603863388708756 0.2096242649328254 0.6001933411975597 0.20291424648712977 0.5912313649546677 0.1959992198713775 0.5781310508184142 0.19139564328900036 0.5704120119616621 0.19259144073203327 0.5651213724096015 0.1959528911163389 0.5630630718871539 0.20301774055010444 0.5632047371840079 0.2084022673643086 0.5653205131740441 0.2153934131068409 0.5694601402470406 0.2166484216278278 0.5778274517612043 0.2211863459707936
5 0.9420175525592842 0.30463397863611785 0.9453187904678719 0.30567995326113745 0.9476591324043925 0.30581769890141797 0.9522517589092633 0.3040652828809873 0.955149737775755 0.30077592589755087 0.9563709383134287 0.29706850112217975 0.9568187810267625 0.2797952423633145 0.95265999546457 0.2738549021168948 0.9486773246387183 0.2719703764724589 0.9452893185415954 0.27246295310080954 0.9369080052567756 0.2775055312498587 0.9319134088894439 0.2784890742161956 0.9295041680739488 0.2810087530003557 0.9288597629554423 0.2859744068774428 0.9308887707569428 0.29450410387334497 0.9376852306200203 0.3017707408964384 0.9420175525592842 0.30463397863611785
5 0.9288571845961722 0.2788414897687189 0.9324200162500016 0.2788382691879902 0.9409940244010887 0.2754039202576335 0.9473489082436781 0.2689645622214056 0.9502455979305348 0.2621087466836075 0.9502608888808257 0.25609470274595436 0.9462947981849001 0.2517625917182273 0.942084983053294 0.2495985490673193 0.936041433345725 0.24764595574792528 0.9325309204409441 0.2474393372875045 0.9252317207562142 0.2505228809557022 0.923433724799373 0.25297207662935767 0.9227191316222572 0.2570286963765236 0.9227753179102107 0.2675182329984597 0.9252586143232205 0.2766069640073063 0.9288571845961722 0.2788414897687189
4 0.6215761699180659 0.750521311155798 0.6456623113801718 0.7563037771323821 0.6549190416281578 0.7572744377758036 0.6602977385483892 0.75594089469249 0.6628818049205907 0.7539105719559516 0.664050686709216 0.7504129862217301 0.6633143566836337 0.7426513571347394 0.6534067754189657 0.7288140575965953 0.6437467861288837 0.7235080653447178 0.6283239993656707 0.7198856162931309 0.6260181068686373 0.7184191584406299 0.6207619167560638 0.7204518966127149 0.6148613215249839 0.727450288661887 0.6120884278254202 0.7385717578428186 0.6128413379809285 0.743885801546518 0.6161259957595899 0.7473793615548286 0.6215761699180659 0.750521311155798
4 0.5068063801471705 0.7762895798536065 0.5119936713807695 0.7769142661059621 0.5200444920413729 0.7755783075871021 0.5254576384010914 0.7729160522915681 0.5316032472474872 0.7673160504199389 0.5323880284832129 0.7641684648026941 0.5273206656980016 0.7571100565303859 0.5190579916819347 0.752152454105121 0.5095013507103143 0.7428603252165823 0.5060776059940689 0.7411151555027914 0.4980625239525878 0.744688860363793 0.49593274619189553 0.7472782171132757 0.4905744969404955 0.7568635504763839 0.4889181662805087 0.7646972729642435 0.4915048110119802 0.7697998673364289 0.4957848142021958 0.772872944117258 0.5068063801471705 0.7762895798536065
4 0.47708492553280213 0.7383441397935359 0.4987247983806554 0.7408420796577767 0.5005062142075701 0.7408404693674123 0.5033174248855262 0.7390896636373461 0.504259162368397 0.7353125608966522 0.50120164889549 0.7320985178948138 0.49662560252054533 0.7314033485319534 0.4749308325643735 0.7219823306001384 0.47059979980474453 0.7226855514148208 0.46834880441602966 0.7281421716298939 0.46890901970527066 0.7318479861149008 0.47090099970801386 0.7345734782142997 0.47708492553280213 0.7383441397935359
4 0.412493221254188 0.7200107834619004 0.41738446930305795 0.7230133771322248 0.42175124068180914 0.7245479026596839 0.4281087028836684 0.7252414617321798 0.4363853786703915 0.7206185616654299 0.4505958099480468 0.7041020987829257 0.4535435292043166 0.6934699856496158 0.452335041257664 0.6840304493786101 0.45057020556067534 0.6815844742856835 0.44697163528772366 0.6793499485242708 0.42955686852176733 0.6730020073732849 0.423199406319908 0.6723084483007888 0.41036326428816644 0.6737885936213871 0.4086520365198611 0.6746992380416726 0.4065924468177785 0.6781976289210765 0.40343674174495014 0.6932355567733468 0.40656959999500675 0.711624468122554 0.4081251606958018 0.7149097993800793 0.412493221254188 0.7200107834619004
4 0.33778319232974824 0.6363014786123614 0.3505338553525892 0.6399263430994951 0.37687228138304507 0.6438186474153678 0.39077266770531527 0.6392605944428472 0.3923435193564014 0.6365318817627196 0.38916220989620165 0.6290521851177477 0.3914808149842561 0.6173716819238718 0.39109542525172125 0.6141552234864868 0.38281488192609314 0.6080787478901509 0.37608989930126013 0.6052876035513405 0.3719502722282636 0.6040325950303537 0.36471997142250806 0.6044587142741106 0.3571757581224623 0.6061438677647654 0.35308973897814916 0.6082454787569906 0.349423559005858 0.6122348359743807 0.33171661659407775 0.6189641779044491 0.3299709393862853 0.621203534536955 0.32899475246392745 0.6263093494898693 0.32971192400031357 0.6293856468514271 0.3325078437279786 0.6336488850590138 0.33778319232974824 0.6363014786123614
4 0.420613871562742 0.6219607658929694 0.4275123905646462 0.6216748077250397 0.43259375512051335 0.619152713505333 0.44462595742733324 0.6161348220765466 0.44748948685433765 0.6141741773053307 0.45089278390175175 0.607667556739327 0.4511173498482363 0.6008141566370754 0.44954391983788006 0.5964099522084791 0.4455076410833452 0.5911688070508312 0.4372628363768394 0.5873300777966368 0.4224347143423546 0.5860847310178363 0.4179122758960935 0.5887461811681881 0.4014316907405269 0.6060339325403329 0.4001058527047566 0.6101610353980035 0.4042467689573881 0.6149825024733523 0.4108326646446371 0.6195220371066824 0.420613871562742 0.6219607658929694
4 0.4928642024605903 0.5202863193165582 0.5003739663211489 0.519929878038124 0.5051235490731647 0.5175479448942442 0.5076195580771956 0.5134897148567139 0.5127175027629889 0.5085200352537159 0.5141135288573687 0.5053019665259664 0.5130632863374962 0.4987993716858738 0.509673991060738 0.49572548975986236 0.5001543778878751 0.49223756576782723 0.4951942309600306 0.49189239652194355 0.4930989026388257 0.4931530410592059 0.48964328684236313 0.4998695006663592 0.478537531068123 0.5051243332921047 0.47661831748325933 0.5104407924313508 0.47854139860702816 0.5158237089551904 0.4832578210991918 0.518336946577893 0.4928642024605903 0.5202863193165582
4 0.8795530476820923 0.2765783484462758 0.8863124797464128 0.27804078057286585 0.8920408277800563 0.27768594958479575 0.9096610020033011 0.2724951589080974 0.9206442509698831 0.26654113119358047 0.9230011730363303 0.26423129145057 0.9224562486973802 0.2545114330279099 0.9250556060198726 0.24646706635371843 0.9225735987864979 0.2409447938992338 0.9181889580981857 0.23829139520070397 0.9079011438195232 0.23550347144262235 0.9005662055156709 0.2363492687686785 0.8950305523482942 0.2383123289754412 0.8822837568643586 0.24538684015139337 0.8785473888334578 0.24846716323886206 0.8744294986089276 0.2590304035520318 0.8728254866979892 0.2666542869987417 0.8736830343515944 0.2715486526201417 0.8767405478245014 0.2747626956219803 0.8795530476820923 0.2765783484462758
3 0.5631890530807293 0.45490758569757944 0.5666995659855104 0.4551142041580004 0.5710829174941876 0.4542011443021683 0.5740510844192888 0.45182082144865293 0.5757788923175201 0.4484625916450763 0.5766848911812685 0.4424477425622412 0.5731526414280212 0.43042287526766376 0.569640839343605 0.4266497982528811 0.5576749575564897 0.4198773481485025 0.5540942565930991 0.4187616955581606 0.5476678955122652 0.4207255609101053 0.5409870757084104 0.4276780844662092 0.5357429090628123 0.43045669136531617 0.534992577266574 0.43227556477034046 0.5472405004677625 0.4462506099487652 0.5565865772635542 0.4528156364475405 0.5631890530807293 0.45490758569757944
2 0.8516672989023115 0.7753484715446466 0.8585836872137772 0.7761813865477878 0.8634034580244023 0.774708487533829 0.8716278150620769 0.7702954265082289 0.8779125108460569 0.7629470343420801 0.8805667652768676 0.7618257457354626 0.882730992477047 0.7579076767737595 0.8800052608079916 0.7545534726960939 0.8748524190138799 0.7526000742315176 0.8611944679476554 0.7514236002728574 0.853702573396658 0.7528989147223625 0.8400267530208725 0.7506035675926316 0.838702204164737 0.758297129004664 0.8402935034846543 0.7638202066043309 0.845535691826572 0.7713679709242609 0.8516672989023115 0.7753484715446466
2 0.5805079926583762 0.7759432357970117 0.5892594047254398 0.7801311600230008 0.6027782688540803 0.7830560242761806 0.6111966099376573 0.7838176510236348 0.6188275914262387 0.78059394627961 0.6226507276456749 0.775975071938771 0.623957407192249 0.7671626373556677 0.611220745940064 0.7539572703765192 0.608424826212399 0.7496940321689325 0.6040223162145257 0.7459217602993318 0.5965457126138193 0.741383030811184 0.5918471594312168 0.7399886663595521 0.5881796902792906 0.7404115650225801 0.5802692457359062 0.7435655918012826 0.5762699947801286 0.7441286515401379 0.5732852477251014 0.7489565597769441 0.5715242795670179 0.7572099603471031 0.5711593375033144 0.7622452921895126 0.5733095629328379 0.7679077257198246 0.5805079926583762 0.7759432357970117
2 0.47863404033542195 0.7237971782792517 0.492642931694694 0.7295188228875176 0.504555205553126 0.7329346534786838 0.5078385741521524 0.7328617549326323 0.5114358552454691 0.7315298221396832 0.5149973977196634 0.7279601430045924 0.5167788135465782 0.7279585327142281 0.5147000653552992 0.7267715918681992 0.5140007631284742 0.7248141676777122 0.5154312386623413 0.7202673867377422 0.5195682873760679 0.7143894781500053 0.5187286090320239 0.7106139856996758 0.5140274774901512 0.7020867041393203 0.5070396119404413 0.6967782964518963 0.47264778689011183 0.6870890335461598 0.4657492678882077 0.6873749917140894 0.4620639294267204 0.6866790172060468 0.45823950402764907 0.6877314329925239 0.45631900126315034 0.6894814335774081 0.45358055700307387 0.6992741905461193 0.4544559739662402 0.7052874293385901 0.4718388696519794 0.7200969998105202 0.47863404033542195 0.7237971782792517
2 0.38566734635237065 0.7204546158996656 0.38884607745330035 0.7208013954359137 0.3968968981139037 0.7194654369170534 0.4058371375083295 0.7145622146986492 0.4067086869325907 0.7098760778280344 0.403543957602317 0.6999487957997713 0.40336784286597566 0.6958929811977876 0.4066268962572657 0.6768689167088561 0.40618918777568264 0.6738622973126207 0.40201382208356373 0.6703695424494922 0.4002502755662102 0.6714900259109273 0.39467888377971144 0.6712153397755485 0.39085445838064026 0.6722677555620253 0.3840797353660289 0.6768193673730887 0.3759856202138224 0.7033303748136317 0.377176238850914 0.7116510379135665 0.379972158578579 0.7159142761211534 0.38566734635237065 0.7204546158996656
2 0.44386180306576833 0.6763457445635819 0.4463948398685564 0.678091719422555 0.4533814162386314 0.6798336685556172 0.45621049622614845 0.6792017359966216 0.46373812939626824 0.6799641678892578 0.46817379965399386 0.6788412689922763 0.47601405613876874 0.6747782080836527 0.4819491008093359 0.6664511038222604 0.48371006896741936 0.6581977032521014 0.48231017533413434 0.650716396316765 0.4755673233997403 0.6468063788068841 0.47296409853834265 0.6441513698179897 0.4585889759357321 0.6398985984977716 0.45469436247805123 0.6400419801543276 0.4479017701538788 0.6434747187943198 0.4407965545150513 0.651732950235572 0.43931376023213575 0.6564895702166915 0.4334476144405429 0.6621592500536432 0.43051389695492903 0.6632108606949381 0.42896091461340397 0.6670584465461366 0.4298350423969353 0.6695052267842454 0.4344646967005633 0.6735570156603182 0.4392334379417754 0.6758604142418712 0.44386180306576833 0.6763457445635819
2 0.40469167490079305 0.4929532334257713 0.4130576972353218 0.4939246992143752 0.4209515616487801 0.49321825781896395 0.4288607170125293 0.48649777248589965 0.4382373757089032 0.4810347111093689 0.44838094633144143 0.4713051909445226 0.4501087542296728 0.4679469611409459 0.4515379405839048 0.45983372164661407 0.4499810907034748 0.45298193183472685 0.44735999653251596 0.44920804967476186 0.44072178209621854 0.4448783540825814 0.42743006227333274 0.44223300683587363 0.4188547649426105 0.4421008972118684 0.4099489749876721 0.4456754072180523 0.40610796945867467 0.4491754083878205 0.4027404110303827 0.4579197752959656 0.3970325106655701 0.4665263965638303 0.39142795861921914 0.4711468811950336 0.3889332387948235 0.4787715697869258 0.390542407424302 0.4854135205576634 0.3960806389509485 0.49058337745962477 0.40469167490079305 0.4929532334257713
2 0.5342925582184309 0.23507195421986954 0.544387677630826 0.2362516487592586 0.5468326570654434 0.2359697163172399 0.5503074313511022 0.23393858843551923 0.5572582691020547 0.2334427912264398 0.5652031630849264 0.228960052235517 0.5663197261245033 0.22567230554244505 0.5656025545881171 0.22259600818088723 0.5616185945826306 0.2171450239820894 0.5632391866234951 0.20707355515208822 0.5623637696603289 0.20106031635961727 0.5597605447989312 0.1984053073707231 0.550082686199288 0.19198044194777503 0.542362358162901 0.18960978083644608 0.5361797215177478 0.18940557781157183 0.5243567942071217 0.19158411307575934 0.5205681074271726 0.194874275204378 0.5195932096844497 0.20354654871165398 0.5160865643185739 0.21403930591431886 0.5163494472434507 0.2165565692629326 0.5277066625311819 0.23053241958653953 0.5342925582184309 0.23507195421986954