5 0.24107142857142855 0.6102941176470589 0.24827188940092165 0.6100778546712803 0.2560483870967742 0.6068339100346021 0.2623847926267281 0.6057525951557093 0.26180875576036866 0.6020761245674742 0.25921658986175117 0.598832179930796 0.25460829493087556 0.5938581314878892 0.25144009216589863 0.592128027681661 0.24711981566820276 0.5919117647058825 0.24222350230414746 0.5934256055363323 0.23502304147465441 0.5986159169550174 0.23473502304147464 0.6055363321799309 0.24107142857142855 0.6102941176470589
5 0.6330645161290323 0.7417820069204153 0.6385368663594471 0.7448096885813149 0.6466013824884793 0.7450259515570935 0.6509216589861752 0.7439446366782008 0.6546658986175116 0.7413494809688582 0.6589861751152074 0.7346453287197232 0.6598502304147466 0.7272923875432526 0.6543778801843319 0.7214532871972319 0.6480414746543779 0.7197231833910035 0.643721198156682 0.719506920415225 0.6362327188940092 0.7233996539792388 0.631336405529954 0.7324826989619377 0.6310483870967742 0.7378892733564014 0.6330645161290323 0.7417820069204153
5 0.4902073732718894 0.35380622837370246 0.5046082949308757 0.3531574394463668 0.5164170506912442 0.35380622837370246 0.5195852534562212 0.3494809688581315 0.5195852534562212 0.3414792387543253 0.5184331797235023 0.3382352941176471 0.5141129032258065 0.33434256055363326 0.5086405529953917 0.3321799307958478 0.5028801843317973 0.3336937716262976 0.494815668202765 0.3375865051903114 0.49078341013824883 0.34126297577854675 0.4879032258064516 0.3483996539792388 0.4876152073732719 0.3522923875432526 0.4902073732718894 0.35380622837370246
0 0.5576036866359447 0.2993079584775087 0.5642281105990784 0.30298442906574397 0.5705645161290323 0.30211937716262977 0.5748847926267281 0.3001730103806229 0.5780529953917051 0.2975778546712803 0.5806451612903226 0.29303633217993086 0.5806451612903226 0.2893598615916955 0.5794930875576038 0.2874134948096886 0.5760368663594471 0.2852508650519031 0.5673963133640554 0.28287197231833916 0.5619239631336406 0.28265570934256057 0.5570276497695852 0.28352076124567477 0.5532834101382489 0.28568339100346024 0.5515552995391706 0.2887110726643599 0.5532834101382489 0.2954152249134948 0.5576036866359447 0.2993079584775087
1 0.40610599078341014 0.37737889273356406 0.4118663594470046 0.38019031141868515 0.41877880184331795 0.38256920415224915 0.42713133640552997 0.3832179930795848 0.4392281105990784 0.3799740484429066 0.4418202764976959 0.37326989619377166 0.4418202764976959 0.3682958477508651 0.44009216589861755 0.3650519031141869 0.43289170506912444 0.361159169550173 0.42569124423963134 0.3596453287197232 0.4086981566820277 0.36072664359861595 0.40466589861751157 0.3618079584775087 0.402073732718894 0.36548442906574397 0.40236175115207373 0.3730536332179931 0.40610599078341014 0.37737889273356406
0 0.20650921658986174 0.6089965397923877 0.2131336405529954 0.6109429065743945 0.22091013824884795 0.6113754325259516 0.22551843317972353 0.6102941176470589 0.22955069124423963 0.6066176470588236 0.23099078341013826 0.5955882352941176 0.22724654377880188 0.5932093425605537 0.22091013824884795 0.592128027681661 0.21342165898617513 0.5929930795847751 0.20622119815668202 0.5958044982698962 0.2033410138248848 0.6007785467128028 0.2033410138248848 0.6055363321799309 0.20650921658986174 0.6089965397923877
0 0.6120391705069125 0.7597318339100346 0.616647465437788 0.7608131487889274 0.6226958525345623 0.7608131487889274 0.628168202764977 0.7584342560553634 0.6298963133640554 0.7541089965397925 0.6298963133640554 0.7482698961937717 0.6290322580645162 0.745242214532872 0.6267281105990784 0.7435121107266436 0.6126152073732719 0.7422145328719724 0.6082949308755761 0.7441608996539794 0.6071428571428572 0.747188581314879 0.6071428571428572 0.7554065743944637 0.6120391705069125 0.7597318339100346
0 0.6947004608294931 0.7508650519031143 0.6987327188940092 0.7543252595155711 0.7047811059907835 0.7556228373702423 0.7111175115207373 0.7556228373702423 0.7148617511520737 0.7545415224913495 0.7171658986175116 0.7528114186851211 0.7214861751152074 0.7445934256055364 0.7194700460829494 0.7411332179930796 0.7134216589861752 0.7370242214532873 0.7099654377880185 0.7352941176470589 0.707373271889401 0.7350778546712803 0.7016129032258065 0.7370242214532873 0.6952764976958525 0.742430795847751 0.6935483870967742 0.7445934256055364 0.6947004608294931 0.7508650519031143
1 0.6984447004608295 0.6957179930795848 0.6978686635944701 0.6993944636678202 0.6949884792626728 0.7028546712802768 0.695852534562212 0.7045847750865052 0.7067972350230415 0.7084775086505191 0.7134216589861752 0.7130190311418685 0.7168778801843319 0.7130190311418685 0.7197580645161291 0.7115051903114187 0.7237903225806452 0.7136678200692043 0.7269585253456221 0.7134515570934257 0.7292626728110599 0.7097750865051904 0.7307027649769585 0.7093425605536333 0.7379032258064516 0.7132352941176471 0.7548963133640554 0.7136678200692043 0.7652649769585254 0.7078287197231835 0.7736175115207373 0.6996107266435987 0.7727534562211982 0.6963667820069205 0.7652649769585254 0.6920415224913495 0.7589285714285714 0.6907439446366783 0.754320276497696 0.6918252595155711 0.7456797235023042 0.6911764705882353 0.7471198156682027 0.6825259515570935 0.7451036866359447 0.6753892733564014 0.7456797235023042 0.6680363321799309 0.7413594470046083 0.6606833910034602 0.7341589861751152 0.6611159169550174 0.7229262672811061 0.6639273356401385 0.7142857142857143 0.6712802768166091 0.7096774193548387 0.6812283737024222 0.6964285714285714 0.6836072664359862 0.6926843317972351 0.6853373702422145 0.6926843317972351 0.6905276816608997 0.6984447004608295 0.6957179930795848
1 0.5849654377880185 0.6929065743944637 0.5941820276497696 0.6929065743944637 0.5993663594470047 0.6870674740484429 0.6019585253456221 0.6859861591695502 0.6008064516129032 0.684688581314879 0.595910138248848 0.6831747404844292 0.5953341013824885 0.6820934256055364 0.5884216589861752 0.6812283737024222 0.5846774193548387 0.682742214532872 0.5832373271889402 0.6866349480968859 0.5849654377880185 0.6929065743944637
1 0.6016705069124424 0.7065311418685122 0.6016705069124424 0.7099913494809689 0.6036866359447004 0.7132352941176471 0.6175115207373272 0.7225346020761246 0.622983870967742 0.7236159169550174 0.6241359447004609 0.7231833910034602 0.6275921658986175 0.7192906574394464 0.6330645161290323 0.7065311418685122 0.6324884792626728 0.7026384083044983 0.6287442396313364 0.6963667820069205 0.6310483870967742 0.6929065743944637 0.6307603686635945 0.689446366782007 0.628168202764977 0.6892301038062285 0.6163594470046083 0.6926903114186851 0.6126152073732719 0.6922577854671281 0.6080069124423964 0.6955017301038062 0.6048387096774194 0.6993944636678202 0.6039746543778802 0.7030709342560554 0.6016705069124424 0.7065311418685122
1 0.5532834101382489 0.5335207612456748 0.5682603686635945 0.5328719723183392 0.5817972350230415 0.5298442906574394 0.5887096774193549 0.5259515570934257 0.5901497695852534 0.5229238754325259 0.5898617511520737 0.5196799307958477 0.5849654377880185 0.5116782006920416 0.5846774193548387 0.5051903114186851 0.5780529953917051 0.4984861591695502 0.5745967741935484 0.4974048442906575 0.5694124423963134 0.497621107266436 0.5619239631336406 0.5017301038062284 0.5552995391705069 0.5084342560553633 0.5550115207373272 0.5121107266435987 0.5501152073732719 0.5220588235294118 0.5501152073732719 0.5313581314878892 0.5532834101382489 0.5335207612456748
1 0.6278801843317973 0.4945934256055364 0.629320276497696 0.5017301038062284 0.6370967741935484 0.509515570934256 0.6428571428571429 0.5123269896193772 0.646889400921659 0.5121107266435987 0.648905529953917 0.5088667820069205 0.648905529953917 0.4996756055363322 0.6506336405529953 0.4969723183391004 0.6572580645161291 0.49351211072664364 0.6575460829493088 0.49178200692041524 0.6630184331797235 0.48486159169550175 0.6707949308755761 0.48096885813148793 0.6719470046082949 0.4764273356401384 0.6693548387096774 0.47361591695501737 0.6647465437788018 0.47145328719723184 0.6566820276497696 0.46280276816608995 0.6509216589861752 0.46107266435986166 0.6463133640552996 0.46280276816608995 0.6411290322580645 0.4679930795847751 0.6339285714285714 0.47231833910034604 0.6255760368663594 0.4794550173010381 0.6255760368663594 0.4900519031141869 0.6278801843317973 0.4945934256055364
1 0.5224654377880185 0.49091695501730104 0.5443548387096774 0.4915657439446367 0.5544354838709677 0.4883217993079585 0.5630760368663594 0.48291522491349487 0.5642281105990784 0.48075259515570934 0.5610599078341014 0.4757785467128028 0.557315668202765 0.47404844290657444 0.5509792626728112 0.47534602076124577 0.5351382488479263 0.4762110726643599 0.5296658986175116 0.4772923875432526 0.5244815668202765 0.4796712802768167 0.5204493087557605 0.48226643598615915 0.518721198156682 0.4861591695501731 0.5190092165898618 0.4889705882352942 0.5224654377880185 0.49091695501730104