5 0.7257385038624751 0.21257039443498305 0.7202858717763807 0.210174071306907 0.7165200679822676 0.21001554402255423 0.713221716136039 0.21058793001627046 0.7090499405468389 0.21299260776806425 0.7019519539235732 0.21362006689710653 0.7030913046757211 0.22299678860926528 0.7018333764944854 0.23462132329095708 0.7028297605430516 0.23937726816131072 0.7130383986587745 0.25040938259766654 0.7205023442811529 0.2511536380057299 0.7270037368378889 0.24692834812376066 0.7352934506353781 0.24430005282647813 0.7400741839172087 0.23805056752046455 0.7405001621102831 0.23351990269769182 0.7392393120113762 0.22675144203119596 0.7329256198084115 0.21874477235405076 0.7257385038624751 0.21257039443498305
5 0.7378675272552675 0.24645941627907114 0.7348059922895065 0.2455365993350353 0.7284937610453773 0.24672642733198394 0.7237530405595208 0.2490409930647453 0.7181865518985535 0.2547281095028525 0.7170362984791401 0.2619905237719344 0.7201807809545214 0.27343649691765376 0.7279306599840634 0.28342230600932716 0.7327128542247298 0.2863693183774075 0.7396416859333758 0.28680986134675956 0.7412994040966481 0.2763434407824945 0.73899597534015 0.2724752739724704 0.7401400469465129 0.2689341788569619 0.7425711568628206 0.2664727654677498 0.7495476441393272 0.2684535673843702 0.7539762430069821 0.26258622690819816 0.7546528626654606 0.2583142185146206 0.7523156029260386 0.2546596521242755 0.7439844153737393 0.2520263693207163 0.7378675272552675 0.24645941627907114
5 0.5210178061487712 0.4225331254239795 0.5136215224922408 0.4213616691765584 0.5101878467143164 0.4227884568489902 0.507689074832161 0.42567707107756 0.5068571248439995 0.43277094093647916 0.5079550018413374 0.4368860845477962 0.5130631422851419 0.4451397310262344 0.5200811033164586 0.4523821110436965 0.5235286036793197 0.452709182738212 0.5305036299969907 0.4454934869807385 0.5363684156912227 0.44160528591909454 0.5391378354367696 0.4370078683330937 0.537586331076484 0.43391567081065496 0.53093432904428 0.42804500533029854 0.5210178061487712 0.4225331254239795
5 0.5456807017483158 0.43804415655196616 0.5404587047296383 0.4378739496397114 0.5379122772796222 0.4392223049210127 0.5280725200806831 0.44795490036995045 0.525303100335136 0.45255231795595136 0.5243081772454056 0.45699287075969164 0.5248785831008973 0.4662794804528179 0.5278524497028234 0.46959695802283763 0.5347274440305583 0.4722185611984947 0.538662402739291 0.471309086384453 0.5453744239654568 0.4712773725049312 0.5512868652275493 0.4689294303905557 0.5551265128005608 0.46493943768197743 0.5569748532352756 0.4606340529067857 0.5585925586025735 0.45410255191577287 0.5572225727830087 0.442499713987793 0.5541472132323108 0.4398230376768099 0.5456807017483158 0.43804415655196616
5 0.5725749812620038 0.43026106230705297 0.5685385296044994 0.4318113383801313 0.5601011282492134 0.442736673663276 0.5587417071192059 0.4550020096040045 0.5610789668586279 0.4586565759943498 0.5651492494990562 0.4568926995015926 0.5782397029763635 0.4460474591116704 0.5912563126747724 0.43935073871467917 0.5912086571069117 0.43781047976741083 0.5871983936604451 0.4336719769002896 0.5799236093506737 0.4298922596072058 0.5725749812620038 0.43026106230705297
0 0.4238588318980443 0.4191873853183923 0.4143159107735343 0.4205223984696994 0.4123860837880349 0.42350112471730184 0.41259671245746465 0.427694700719749 0.4170344150558412 0.4364990364381914 0.4203804224699305 0.43746690939174354 0.42367877431615913 0.43689452339802726 0.4308244165072854 0.43780732321625326 0.43834219951057485 0.4363705184180116 0.44127459235769084 0.4344264178871898 0.44327208130903795 0.4310204908002298 0.4435765601553533 0.42909808702311986 0.4418420762955114 0.4253200322321282 0.4369445645211366 0.42125996175613734 0.43309727417623894 0.4197747759441951 0.4238588318980443 0.4191873853183923
0 0.3768790661913907 0.4469988754973274 0.3664088839429981 0.45234724061301695 0.36554928478496324 0.45593339173804176 0.37432173607410907 0.4649863667598694 0.3776677434881983 0.46595423971342154 0.38767811656059287 0.46535013984018336 0.3925341545801576 0.4641486322153325 0.3946469610652133 0.46185576323628325 0.3953912426895397 0.45715655400334787 0.390635236659911 0.4485207626950681 0.3813153078309318 0.4466067135416759 0.3768790661913907 0.4469988754973274
0 0.6316463415054383 0.4991738187435952 0.6276098898479339 0.5007240948166733 0.6235872627753662 0.504028230256699 0.6219357264251444 0.5107733316673906 0.6228844549058499 0.513989017590476 0.6256415110252957 0.5168342383116218 0.6402849298217241 0.5182776931182322 0.6434003021683965 0.517019449855963 0.6452962981709718 0.5142543240280399 0.6466971930557894 0.507250566188153 0.6423548015931341 0.5015267483642473 0.63711897998952 0.4996026820850451 0.6316463415054383 0.4991738187435952
0 0.6329224771481176 0.5168926364511323 0.6267455698356842 0.5172280627693654 0.6224046393318644 0.5207007426195536 0.6216541758944876 0.5291212710060623 0.6228397212556605 0.5308417539913954 0.6269376530659623 0.5325855962325328 0.6404770130520022 0.5336352265813995 0.6445811266753545 0.5316577496689635 0.6459143595943242 0.5250811926684344 0.6429266684074615 0.5200098557314674 0.6397836468909157 0.5177603802598421 0.6329224771481176 0.5168926364511323
0 0.6839521811195042 0.5297920394160152 0.6799357358599869 0.5293748557024672 0.6721811359762301 0.5323068634384611 0.6705496060239955 0.5370845050625268 0.6711123691076011 0.5408959362351324 0.6739847427607555 0.5448542150641889 0.6766264813464928 0.5465863776774242 0.6875040963488082 0.5478713051996819 0.6911207516262887 0.5471303747958028 0.6927799307483967 0.5458604519056318 0.6952310470626918 0.5414315787297935 0.6955893632899183 0.5373281147463786 0.6949727628254014 0.535697743780078 0.6902582305505829 0.5323235305726398 0.6839521811195042 0.5297920394160152
0 0.6588644303080128 0.5685154806348439 0.6540760542542957 0.569289787420337 0.6448652611459745 0.5722101155284287 0.640389006710459 0.5765371970573323 0.6411623984634942 0.5845422042323853 0.6429168887213235 0.586352799236751 0.6564362423093761 0.5893698893722439 0.6681534500717392 0.5890361255561029 0.6710043563680705 0.5857653664976914 0.6723575956850276 0.5772213497105362 0.6708060913247421 0.5741291521880975 0.6630976860500102 0.5694049211972658 0.6588644303080128 0.5685154806348439