2 0.4274193548387097 0.4320934256055364 0.4317396313364055 0.4338235294117648 0.4392281105990784 0.4338235294117648 0.44614055299539174 0.43014705882352944 0.4533410138248848 0.4240916955017301 0.4639976958525346 0.41933391003460213 0.47263824884792627 0.4078719723183391 0.47350230414746547 0.405060553633218 0.47292626728110604 0.40116782006920415 0.4697580645161291 0.3985726643598616 0.4579493087557604 0.39446366782006925 0.45276497695852536 0.3910034602076125 0.4495967741935484 0.39035467128027684 0.43980414746543783 0.39900519031141873 0.4311635944700461 0.40181660899653987 0.4294354838709678 0.4031141868512111 0.42367511520737333 0.4152249134948097 0.4233870967741936 0.4251730103806229 0.4274193548387097 0.4320934256055364
2 0.5938940092165899 0.5058391003460209 0.5953341013824885 0.5069204152249135 0.6059907834101382 0.5058391003460209 0.6169354838709677 0.5008650519031141 0.629320276497696 0.4878892733564014 0.629320276497696 0.48421280276816614 0.6270161290322581 0.4777249134948097 0.6221198156682027 0.47469723183391005 0.6192396313364055 0.47469723183391005 0.6100230414746544 0.4772923875432526 0.5987903225806452 0.4775086505190312 0.5930299539170507 0.48161764705882354 0.5907258064516129 0.49026816608996543 0.5904377880184332 0.4984861591695502 0.5938940092165899 0.5058391003460209
3 0.6569700460829494 0.7378892733564014 0.6612903225806452 0.7450259515570935 0.6667626728110599 0.7491349480968859 0.6751152073732719 0.7506487889273357 0.6831797235023042 0.747188581314879 0.6892281105990784 0.7456747404844292 0.6915322580645162 0.736159169550173 0.6995967741935484 0.724264705882353 0.6998847926267281 0.7169117647058825 0.695852534562212 0.7130190311418685 0.6889400921658987 0.7095588235294119 0.6800115207373272 0.7078287197231835 0.6716589861751152 0.7082612456747406 0.6673387096774194 0.7097750865051904 0.6641705069124424 0.7123702422145329 0.6569700460829494 0.723832179930796 0.6561059907834101 0.7272923875432526 0.6569700460829494 0.7378892733564014
4 0.8611751152073733 0.05709342560553634 0.868663594470046 0.06444636678200692 0.8732718894009217 0.07115051903114188 0.8764400921658986 0.0730968858131488 0.8836405529953918 0.07050173010380624 0.8940092165898618 0.06963667820069205 0.896889400921659 0.06682525951557095 0.8977534562211982 0.05990484429065744 0.8963133640552996 0.056877162629757796 0.8925691244239632 0.05363321799307959 0.8853686635944701 0.05147058823529412 0.8804723502304148 0.046064013840830455 0.8764400921658986 0.044766435986159175 0.8698156682027649 0.04541522491349481 0.8631912442396313 0.050605536332179936 0.8611751152073733 0.05363321799307959 0.8611751152073733 0.05709342560553634
4 0.7168778801843319 0.12889273356401384 0.7197580645161291 0.13213667820069205 0.7246543778801844 0.13256920415224915 0.7376152073732719 0.1392733564013841 0.7410714285714286 0.138840830449827 0.7488479262672811 0.13343425605536335 0.7508640552995393 0.13040657439446368 0.7502880184331797 0.12326989619377164 0.7376152073732719 0.11159169550173012 0.7243663594470047 0.10575259515570937 0.7203341013824885 0.10553633217993082 0.7168778801843319 0.10791522491349481 0.7142857142857143 0.11375432525951559 0.7142857142857143 0.11959342560553635 0.7168778801843319 0.12889273356401384
4 0.37298387096774194 0.23680795847750868 0.3813364055299539 0.247621107266436 0.383352534562212 0.2493512110726644 0.38421658986175117 0.2491349480968858 0.3879608294930876 0.24632352941176472 0.39026497695852536 0.24156574394463667 0.3870967741935484 0.229022491349481 0.383352534562212 0.22685986159169552 0.3787442396313364 0.22642733564013842 0.3726958525345622 0.2277249134948097 0.37067972350230416 0.22967128027681666 0.37039170506912444 0.23118512110726647 0.37298387096774194 0.23680795847750868
4 0.3859447004608295 0.2595155709342561 0.3928571428571429 0.2651384083044983 0.39746543778801846 0.26621972318339104 0.40034562211981567 0.2657871972318339 0.40466589861751157 0.26297577854671284 0.40639400921658986 0.2586505190311419 0.4058179723502304 0.2554065743944637 0.39746543778801846 0.2489186851211073 0.39026497695852536 0.2491349480968858 0.3879608294930876 0.25 0.3859447004608295 0.25237889273356406 0.38508064516129037 0.25454152249134954 0.3859447004608295 0.2595155709342561
4 0.2390552995391705 0.9416089965397925 0.24107142857142855 0.9450692041522493 0.24481566820276499 0.948529411764706 0.24798387096774194 0.9498269896193772 0.25518433179723504 0.9487456747404845 0.25864055299539174 0.9474480968858133 0.2632488479262673 0.9433391003460209 0.26526497695852536 0.9366349480968859 0.26497695852534564 0.932742214532872 0.2620967741935484 0.9282006920415226 0.25921658986175117 0.9264705882352942 0.24279953917050695 0.9271193771626299 0.23963133640552997 0.9290657439446367 0.2379032258064516 0.9323096885813149 0.23732718894009217 0.9364186851211074 0.2390552995391705 0.9416089965397925
4 0.25288018433179726 0.9997837370242216 0.2560483870967742 0.9909169550173011 0.24971198156682028 0.9857266435986161 0.24135944700460832 0.9850778546712803 0.23675115207373273 0.9865916955017301 0.22926267281105991 0.9917820069204153 0.2278225806451613 0.9937283737024222 0.2278225806451613 0.9997837370242216 0.25288018433179726 0.9997837370242216
4 0.5702764976958525 0.48399653979238755 0.5745967741935484 0.4868079584775087 0.5815092165898618 0.48551038062283747 0.5875576036866359 0.48291522491349487 0.5921658986175116 0.4772923875432526 0.5904377880184332 0.47037197231833916 0.5889976958525346 0.4684256055363322 0.5849654377880185 0.4662629757785467 0.581221198156682 0.4666955017301039 0.574020737327189 0.469506920415225 0.5699884792626728 0.47145328719723184 0.5679723502304148 0.47383217993079585 0.5679723502304148 0.48096885813148793 0.5702764976958525 0.48399653979238755
4 0.6019585253456221 0.4777249134948097 0.6057027649769585 0.4779411764705883 0.6129032258064516 0.4768598615916956 0.6203917050691244 0.47361591695501737 0.6224078341013825 0.4710207612456748 0.622983870967742 0.4669117647058824 0.619815668202765 0.46258650519031147 0.6088709677419355 0.4599913494809689 0.6022465437788018 0.46172145328719727 0.5987903225806452 0.46453287197231835 0.5967741935483871 0.4677768166089966 0.5970622119815668 0.47469723183391005 0.6019585253456221 0.4777249134948097
4 0.47062211981566826 0.4338235294117648 0.47695852534562216 0.4368512110726644 0.4841589861751152 0.4364186851211073 0.48905529953917054 0.43230968858131497 0.4962557603686636 0.42236159169550175 0.49913594470046085 0.4132785467128028 0.504320276497696 0.41003460207612463 0.5054723502304148 0.4078719723183391 0.4985599078341014 0.4039792387543253 0.4807027649769585 0.4033304498269897 0.4778225806451613 0.4039792387543253 0.47350230414746547 0.4067906574394464 0.4660138248847926 0.42019896193771633 0.46658986175115214 0.427984429065744 0.47062211981566826 0.4338235294117648
4 0.4179147465437788 0.40051903114186854 0.4210829493087558 0.40181660899653987 0.4279953917050691 0.40181660899653987 0.438652073732719 0.39965397923875434 0.4412442396313364 0.39835640138408307 0.4484447004608295 0.3905709342560554 0.44902073732718895 0.386461937716263 0.4470046082949309 0.3799740484429066 0.4412442396313364 0.37846020761245674 0.43490783410138245 0.3782439446366782 0.42367511520737333 0.3799740484429066 0.41849078341013823 0.3823529411764706 0.41273041474654376 0.38775951557093424 0.4133064516129032 0.39424740484429066 0.4179147465437788 0.40051903114186854
5 0.714573732718894 0.15073529411764708 0.7125576036866359 0.1546280276816609 0.7160138248847926 0.1578719723183391 0.7237903225806452 0.1583044982698962 0.7341589861751152 0.155060553633218 0.7402073732718895 0.1485726643598616 0.7413594470046083 0.14467993079584776 0.7358870967741936 0.1392733564013841 0.7278225806451613 0.1332179930795848 0.7237903225806452 0.13170415224913495 0.7168778801843319 0.13192041522491352 0.7131336405529953 0.13775951557093427 0.7105414746543779 0.14424740484429066 0.714573732718894 0.15073529411764708
5 0.28168202764976963 0.4126297577854672 0.2966589861751152 0.4180363321799308 0.3058755760368664 0.4160899653979239 0.3084677419354839 0.4145761245674741 0.31077188940092165 0.41133217993079585 0.31134792626728114 0.4044117647058824 0.30817972350230416 0.39878892733564014 0.3001152073732719 0.3938148788927336 0.2828341013824885 0.39987024221453293 0.2785138248847926 0.4054930795847751 0.27880184331797236 0.40938581314878897 0.28168202764976963 0.4126297577854672
5 0.2603686635944701 0.4260380622837371 0.26843317972350234 0.4288494809688582 0.2828341013824885 0.42971453287197237 0.2903225806451613 0.4266868512110727 0.29464285714285715 0.42214532871972327 0.2923387096774194 0.4178200692041523 0.2903225806451613 0.4163062283737024 0.27620967741935487 0.41306228373702425 0.2646889400921659 0.4132785467128028 0.25921658986175117 0.4186851211072665 0.25806451612903225 0.4219290657439447 0.2603686635944701 0.4260380622837371
5 0.23214285714285715 0.4251730103806229 0.2338709677419355 0.4264705882352941 0.2399193548387097 0.4271193771626298 0.24452764976958527 0.4262543252595156 0.25172811059907835 0.4266868512110727 0.25489631336405527 0.4258217993079585 0.25864055299539174 0.4227941176470589 0.2632488479262673 0.4147923875432526 0.2609447004608295 0.41111591695501737 0.2534562211981567 0.40938581314878897 0.24654377880184333 0.40938581314878897 0.24107142857142855 0.4108996539792388 0.23271889400921658 0.4147923875432526 0.23099078341013826 0.4178200692041523 0.23127880184331798 0.4225778546712803 0.23214285714285715 0.4251730103806229
5 0.25864055299539174 0.44009515570934254 0.26180875576036866 0.44355536332179935 0.26497695852534564 0.44420415224913495 0.27505760368663595 0.4429065743944637 0.285426267281106 0.4355536332179931 0.2842741935483871 0.4312283737024222 0.2828341013824885 0.43014705882352944 0.2736175115207373 0.4288494809688582 0.26555299539170507 0.42928200692041524 0.25777649769585254 0.4344723183391004 0.2572004608294931 0.4359861591695502 0.25864055299539174 0.44009515570934254
5 0.2799539170506912 0.45285467128027684 0.283410138248848 0.4558823529411765 0.28629032258064513 0.4569636678200692 0.2929147465437788 0.45501730103806237 0.30126728110599077 0.45047577854671284 0.30558755760368667 0.4429065743944637 0.3058755760368664 0.4390138408304499 0.30414746543778803 0.4368512110726644 0.3001152073732719 0.434688581314879 0.2897465437788019 0.43317474048442917 0.2828341013824885 0.4344723183391004 0.28110599078341014 0.4355536332179931 0.2793778801843318 0.43987889273356406 0.27476958525345624 0.44420415224913495 0.2744815668202765 0.4461505190311419 0.2799539170506912 0.45285467128027684
5 0.20650921658986174 0.9459342560553633 0.20996543778801846 0.9480968858131489 0.2168778801843318 0.9496107266435987 0.2266705069124424 0.9459342560553633 0.2315668202764977 0.9426903114186851 0.2341589861751152 0.9323096885813149 0.23070276497695855 0.9320934256055364 0.22551843317972353 0.9297145328719724 0.2168778801843318 0.9284169550173011 0.21025345622119818 0.9303633217993081 0.20823732718894009 0.931877162629758 0.2056451612903226 0.9375 0.20535714285714288 0.9426903114186851 0.20650921658986174 0.9459342560553633
5 0.8778801843317974 0.9885380622837371 0.8870967741935484 0.9932958477508651 0.900921658986175 0.9932958477508651 0.9058179723502304 0.9911332179930797 0.9063940092165899 0.9818339100346021 0.905241935483871 0.978589965397924 0.903225806451613 0.9759948096885814 0.8966013824884793 0.9712370242214533 0.8922811059907835 0.9703719723183392 0.8833525345622121 0.9705882352941178 0.8787442396313365 0.9753460207612458 0.8758640552995391 0.9807525951557095 0.8755760368663594 0.9850778546712803 0.8778801843317974 0.9885380622837371
5 0.8758640552995391 0.08153114186851211 0.886520737327189 0.08520761245674742 0.8940092165898618 0.08520761245674742 0.898905529953917 0.08196366782006921 0.8940092165898618 0.0726643598615917 0.8899769585253458 0.07050173010380624 0.8839285714285715 0.07050173010380624 0.8770161290322582 0.07352941176470588 0.8752880184331797 0.07547577854671281 0.8744239631336406 0.07893598615916955 0.8758640552995391 0.08153114186851211