3 0.3865951902265027 0.42950417919021955 0.38143182610460774 0.4272199658624408 0.37683391062215577 0.4220494167226224 0.3688213131194209 0.4174552193379298 0.36282123271984507 0.41547640264735924 0.35715280423137574 0.4138976363617142 0.3514239914700378 0.41449975884597495 0.3336117202737121 0.42137335088070216 0.32903610270133254 0.4246811724317241 0.32660120341454013 0.4290687207006704 0.3261788212309069 0.43607164966373907 0.3216258092950471 0.43959454947933035 0.3183767993670936 0.4445025726500543 0.31781135072765054 0.4473889084620938 0.32084142920064906 0.4514195186355618 0.31874561446165395 0.4590332408730471 0.32018525028867934 0.46170883381559535 0.3277079564246689 0.4643974329433777 0.3336098739150272 0.4709531054383288 0.34203711323825714 0.4739815427226106 0.35633653950508226 0.4722611582473896 0.36210313090276913 0.4692630687286541 0.365540418559572 0.46890179523809766 0.3700404788592538 0.47038590775602546 0.3765155853521933 0.4686180755762794 0.38008107419142434 0.4667211481095251 0.3864583255015938 0.46126687930788857 0.39018979415960175 0.45543833083046137 0.3959037416475581 0.44918396121897375 0.39626573955832284 0.44436192102581096 0.3944492405471513 0.44085612114919853 0.38905982006005824 0.4364211251757271 0.3865951902265027 0.42950417919021955
3 0.5004688715644139 0.6615191996551055 0.49356425797759773 0.6592005448080357 0.48027496044392126 0.6595100351989889 0.47269930267175375 0.6618284484047257 0.46587737126787865 0.6658072754785904 0.4661335609465578 0.6682447574509539 0.4593490054123137 0.6808454124181267 0.45811994522421007 0.6911949398465864 0.46206972988427786 0.6929543428775096 0.47238902549137707 0.6946966459694539 0.48035641172107235 0.698860686825008 0.48799957867635185 0.7054508008392502 0.4997433371106473 0.7124797421727869 0.505343948689557 0.7134132736647241 0.5099195662619367 0.7101054521137021 0.5144425399245859 0.703541350469928 0.5165764410263773 0.6852683687716967 0.5160187327500726 0.6827175357210786 0.5130490385499427 0.6765060367777049 0.5052175938658138 0.6653691730832954 0.5004688715644139 0.6615191996551055
3 0.7948418395607357 0.3624583097015409 0.7873869503343055 0.36041494536746627 0.7698840331390141 0.35921021711627865 0.7662507273902237 0.3604619097893252 0.7564659189700146 0.377581946335972 0.7476915470094015 0.38502779637208 0.741924647885267 0.3962891783170867 0.7411631811538365 0.4000659333116163 0.7432661208030749 0.4035416270640157 0.7508566438486239 0.4068754609855058 0.7518968108549833 0.40850576872942074 0.7527180464063876 0.4190747098175277 0.7562531892459604 0.4223998729488618 0.7592758350822681 0.42360435955871634 0.7660222092134455 0.4244174665538013 0.7727837563444522 0.42261952824984234 0.7768543095502572 0.4200171537409541 0.7795530438385968 0.41538442108322543 0.7820631926716394 0.41446823117160037 0.7852818565999348 0.41478229859896476 0.7906712770870279 0.4192172945724363 0.8038401138014144 0.4150062892950233 0.80515928880915 0.4137803673511117 0.8061093409958773 0.40628706961047867 0.8008707273277322 0.4005314979253785 0.8008406890545217 0.39749029609719577 0.8037428740715393 0.39479326782059054 0.8087027874647561 0.395141776767246 0.8121100368483483 0.3917393014485069 0.8143715236796728 0.3884572506266199 0.8133691353096625 0.38443097584823 0.8109497167491465 0.37794418639186106 0.8042714672539759 0.3695130217642126 0.7948418395607357 0.3624583097015409
4 0.2306336952138583 0.5024344881585922 0.22259075171146528 0.5030623813719879 0.21570100339803072 0.5063959736521448 0.21071074400515602 0.5112695553035779 0.2087583034484181 0.514736578265821 0.20561458133992555 0.526157161622049 0.20615680888995377 0.5395823323979824 0.2108677525550048 0.5458282728606471 0.2098876620950668 0.5502803687730975 0.21025678491607472 0.5565477445698191 0.21493769030791512 0.559752483204301 0.22649317101336117 0.5622346748576703 0.2381316416281956 0.562751056005703 0.24326496747688003 0.5619940675052992 0.25730829910529635 0.5550816985562029 0.26275841159170576 0.5490725133334976 0.2652763007878866 0.5427191545592148 0.26231465467734244 0.5228071943269125 0.2551842924517756 0.5100744644078788 0.2409077795479178 0.5037466347213979 0.2306336952138583 0.5024344881585922
4 0.6118065795624348 0.37343283064739846 0.6027086037803009 0.3667781689896522 0.5927435657208282 0.36565099456720274 0.585672972315235 0.3672639607308056 0.5743958841582701 0.3784521242421522 0.5718931679619181 0.38219443771739064 0.5722545504197878 0.39389898237677 0.5748096027994227 0.40167624142055464 0.5734749470654107 0.4137765010897813 0.5756457036242085 0.41789742963588844 0.5788718001891947 0.42103762062686634 0.5850753313174489 0.4249521416985601 0.592266385542332 0.42724069042141705 0.5987037133989228 0.4278688252761459 0.606437610626729 0.4270559599223939 0.6159731415923252 0.4240966473180274 0.6224860267216137 0.4199328481038064 0.6261722841065819 0.4136741430972407 0.6283811270281761 0.40713581218260186 0.6288939317578885 0.4009931962778103 0.6274468632941727 0.39549147977164856 0.6182962436023085 0.38558053802115033 0.6175124789608054 0.38087892232483955 0.6118065795624348 0.37343283064739846
4 0.6242966317283317 0.37929606228544965 0.6216960603492098 0.3793519391387978 0.6180853602369393 0.3808187100764135 0.6190499699706008 0.3872409518892783 0.6255699800101325 0.3941665686649419 0.6275521511136335 0.4020040399571525 0.6248983203718861 0.41533022157029087 0.6232775317262548 0.4191972949374595 0.6201567229807294 0.4225696641319857 0.6202545781634995 0.42625610075387604 0.6309055256817053 0.42839845425074585 0.637094191536578 0.4266607281952128 0.6405014409201701 0.4232582528764737 0.646434012136634 0.41632854234706523 0.6483186357838123 0.41221628459111426 0.6468644424098531 0.3956251520950679 0.6369600963496965 0.3840537964764417 0.6323017965943759 0.381064136106529 0.6242966317283317 0.37929606228544965
4 0.3673804935885568 0.6489779378945859 0.36419186793347186 0.6517050722954043 0.3613045481898356 0.6600543476992363 0.3607840030969848 0.6716341324666855 0.3636933130242459 0.6800265201799647 0.3711556348873669 0.6848960080776528 0.3724450793483391 0.6723655918792876 0.37414885790335894 0.6665327080067824 0.3897981129040251 0.6501010185632905 0.38992631408645323 0.6485653645870926 0.3883584770769998 0.6474254256207422 0.3854262537867713 0.6470812520691648 0.3673804935885568 0.6489779378945859
5 0.26277199875734625 0.3866327883716889 0.2561312201720772 0.3840689491358367 0.24566855038272087 0.3864733453191346 0.23813810388359294 0.38922191505400977 0.23327604567314636 0.3925598427292449 0.2313688163894482 0.3964570222206266 0.23110467366145362 0.40496549903568 0.23573262741711615 0.4131772500036811 0.23678022706016622 0.4176336813112095 0.2391243960744318 0.42064911241025726 0.2438053014662723 0.4238538510447392 0.2501596394134745 0.42644779640480446 0.26111963320626685 0.4287751220420305 0.2679412568836945 0.43305958739443673 0.2714615344498858 0.4307325033985439 0.27369267528155233 0.43267254317474535 0.2817130131474256 0.4318295716967803 0.28492424443903014 0.4293175155605313 0.28840674336887256 0.4293863985991135 0.29518346349970803 0.4249774149961101 0.29911095024970363 0.41825844733619294 0.2974077871475787 0.4075647463561559 0.29375218348871596 0.400338068338362 0.2817597630527026 0.3909432660945634 0.26277199875734625 0.3866327883716889
5 0.40414578050641364 0.36503272456037694 0.3869289962227417 0.37206118261124743 0.380574350549092 0.37773052967745324 0.37363908323617023 0.38889725785474283 0.37210097677347986 0.3990618131428462 0.375628071523467 0.41608743756310923 0.37808526872033177 0.4201782599850031 0.383753697208801 0.4217570262706481 0.39221871516837986 0.42238949652045504 0.4039853869656425 0.4213702236922899 0.4107695397331688 0.41978736365290004 0.41631750740234824 0.4174646150520852 0.41816435241317784 0.41574832433060915 0.4228080946215642 0.4048224451470238 0.423584734352824 0.39843464485345004 0.4222587421612928 0.38030785838120584 0.42070607815166844 0.37655687411581124 0.4161007300325257 0.3685602014123794 0.411178595275658 0.365815725431249 0.40414578050641364 0.36503272456037694
5 0.5825416536685439 0.4504431306244293 0.5764359777230599 0.45021504617462604 0.5636666098293392 0.45547133665067224 0.554379740865461 0.4607965101653007 0.5493290971997179 0.4678509805866392 0.54747451182575 0.4750044401707729 0.5479266245561465 0.47930600546215824 0.5524037714928609 0.488838332141788 0.5639289061986489 0.49654261439324554 0.5677882683126374 0.49744170436589163 0.5746176323532034 0.4962890008556403 0.578476994467192 0.49718809082828636 0.5849294953236118 0.4952051803839711 0.5930479960987025 0.48978535310162546 0.5969906558485271 0.48045534014266406 0.599606400227478 0.47778841799027194 0.6001040319573616 0.4742568473845245 0.5987173477665142 0.4665742421084572 0.5956497983836144 0.456676306543193 0.5879462471554662 0.4522670812988566 0.5825416536685439 0.4504431306244293
5 0.1801074224579325 0.49839448227096883 0.1763836941630627 0.49878586188573826 0.1675114670196797 0.5025452752999557 0.16249860199028515 0.5072037786868193 0.16017673088609202 0.5126667182786121 0.1609831011641148 0.517583412239492 0.16603312937696302 0.5270555266706957 0.16725444920192847 0.5221431681048937 0.1750487307026034 0.5191494139812362 0.18707923750141314 0.5178849567642887 0.19292107844535028 0.5183582256028743 0.19662963374039083 0.520577891287149 0.2004889958543795 0.5214769812597951 0.20427310842211782 0.5189047128751201 0.20388881260128086 0.5152483823774425 0.20183108422508217 0.5122028451541819 0.1961251848267114 0.5047567534767408 0.19237141825863122 0.5021069312633274 0.1801074224579325 0.49839448227096883
5 0.1833254709333328 0.5152351345508753 0.18228530392697356 0.5136048268069604 0.1807927164637704 0.5159362461979312 0.1774458513530468 0.5171578327467646 0.1761492819818313 0.5185988329552454 0.1698249823078397 0.5190460894233629 0.16827975093490616 0.5181212287215817 0.16798587766014847 0.5153252112821812 0.1667797308350122 0.5176265245489391 0.16422437072892987 0.5181125579314256 0.16665896228927468 0.5219883020887506 0.16420145736596253 0.5261607720931274 0.1627311678128318 0.5369705621749388 0.16481119409910283 0.5484944700890398 0.1671401901135393 0.5541209464871317 0.1781227895428516 0.556663350388927 0.18601492622629662 0.5573560328871598 0.19475895218725142 0.5551322734491403 0.20285484732582248 0.5494973679022255 0.20525970833940418 0.5420686178050964 0.20470230778954698 0.5312544923282071 0.20115229967659257 0.5222770820696462 0.19278544462623132 0.5170677560154586 0.1833254709333328 0.5152351345508753