5 0.39372119815668205 0.40051903114186854 0.39746543778801846 0.4054930795847751 0.4032258064516129 0.40916955017301043 0.40783410138248855 0.41068339100346024 0.42194700460829493 0.40960207612456745 0.4277073732718894 0.4078719723183391 0.43001152073732724 0.4059256055363322 0.43202764976958524 0.39446366782006925 0.43029953917050695 0.38948961937716264 0.4274193548387097 0.38624567474048443 0.4196428571428571 0.3827854671280277 0.41618663594470046 0.3819204152249135 0.41013824884792627 0.3819204152249135 0.3986175115207373 0.38343425605536335 0.3957373271889401 0.3853806228373703 0.3922811059907834 0.39035467128027684 0.3919930875576037 0.39511245674740486 0.39372119815668205 0.40051903114186854
5 0.46860599078341014 0.3925173010380623 0.470910138248848 0.39749134948096887 0.4775345622119816 0.4035467128027682 0.4807027649769585 0.4041955017301039 0.48444700460829493 0.4076557093425606 0.4876152073732719 0.40895328719723184 0.4982718894009217 0.4078719723183391 0.5051843317972351 0.4044117647058824 0.5144009216589862 0.3873269896193772 0.5144009216589862 0.3838667820069205 0.5120967741935484 0.381704152249135 0.5072004608294931 0.3799740484429066 0.5008640552995391 0.37413494809688586 0.49135944700460826 0.3695934256055363 0.4841589861751152 0.3682958477508651 0.4804147465437788 0.36851211072664364 0.47263824884792627 0.37240484429065746 0.4697580645161291 0.37608131487889274 0.467741935483871 0.3814878892733564 0.4663018433179723 0.38711072664359863 0.46860599078341014 0.3925173010380623
5 0.09245391705069125 0.38754325259515576 0.10080645161290322 0.3923010380622838 0.1189516129032258 0.3946799307958478 0.13076036866359447 0.38581314878892736 0.14717741935483872 0.3788927335640139 0.14919354838709678 0.3767301038062284 0.14948156682027652 0.3745674740484429 0.1483294930875576 0.36937716262975784 0.14372119815668202 0.36548442906574397 0.13421658986175117 0.36397058823529416 0.12615207373271892 0.36397058823529416 0.11693548387096775 0.3615916955017301 0.09936635944700462 0.3626730103806229 0.09533410138248848 0.36375432525951557 0.08986175115207373 0.36591695501730104 0.0869815668202765 0.3680795847750865 0.08410138248847927 0.37240484429065746 0.08467741935483872 0.37651384083044986 0.09245391705069125 0.38754325259515576
5 0.20910138248847926 0.4085207612456748 0.2168778801843318 0.41284602076124577 0.22379032258064516 0.4154411764705882 0.23761520737327188 0.4171712802768166 0.2439516129032258 0.4143598615916956 0.25172811059907835 0.40808823529411764 0.25489631336405527 0.39770761245674746 0.25489631336405527 0.3938148788927336 0.25 0.38862456747404844 0.24539170506912442 0.38581314878892736 0.23271889400921658 0.381704152249135 0.2278225806451613 0.3814878892733564 0.21370967741935484 0.38408304498269896 0.20938940092165897 0.38581314878892736 0.20535714285714288 0.3901384083044983 0.20478110599078342 0.39641003460207613 0.20506912442396313 0.4031141868512111 0.20910138248847926 0.4085207612456748
5 0.4959677419354839 0.20307093425605535 0.4982718894009217 0.20501730103806232 0.501152073732719 0.20566608996539792 0.5120967741935484 0.20523356401384082 0.5192972350230415 0.20328719723183392 0.5224654377880185 0.19269031141868515 0.5221774193548387 0.17171280276816608 0.5190092165898618 0.168901384083045 0.5129608294930875 0.16695501730103807 0.5051843317972351 0.16717128027681663 0.5002880184331797 0.1708477508650519 0.4959677419354839 0.1786332179930796 0.49452764976958524 0.18490484429065746 0.4959677419354839 0.20307093425605535
4 0.753168202764977 0.21453287197231835 0.7612327188940092 0.2188581314878893 0.7649769585253456 0.21864186851211076 0.7690092165898618 0.21993944636678203 0.7793778801843319 0.22794117647058826 0.7900345622119815 0.22837370242214536 0.7969470046082949 0.22210207612456748 0.7986751152073733 0.21366782006920415 0.7986751152073733 0.2069636678200692 0.7946428571428572 0.19723183391003463 0.7929147465437788 0.1952854671280277 0.7897465437788018 0.19420415224913495 0.7857142857142858 0.19442041522491352 0.7793778801843319 0.19225778546712805 0.7724654377880185 0.19290657439446368 0.7672811059907835 0.1970155709342561 0.7623847926267281 0.19896193771626297 0.753168202764977 0.20653114186851212 0.7505760368663594 0.20977508650519033 0.753168202764977 0.21453287197231835
4 0.43202764976958524 0.37737889273356406 0.4435483870967742 0.3884083044982699 0.45622119815668205 0.3957612456747405 0.46255760368663595 0.39770761245674746 0.467741935483871 0.39749134948096887 0.46889400921658986 0.3957612456747405 0.46687788018433185 0.38797577854671284 0.4680299539170507 0.3788927335640139 0.47235023041474655 0.3715397923875433 0.47868663594470046 0.3687283737024222 0.48127880184331795 0.36634948096885817 0.47839861751152074 0.36224048442906576 0.46486175115207373 0.35618512110726647 0.4550691244239632 0.3503460207612457 0.4415322580645161 0.3488321799307959 0.43519585253456217 0.3503460207612457 0.4314516129032258 0.3527249134948097 0.4279953917050691 0.356401384083045 0.42569124423963134 0.3628892733564014 0.4251152073732719 0.36678200692041524 0.43202764976958524 0.37737889273356406
4 0.12125576036866359 0.41154844290657444 0.12557603686635946 0.4147923875432526 0.14429723502304148 0.4234429065743945 0.15610599078341014 0.4260380622837371 0.16215437788018433 0.4260380622837371 0.17050691244239632 0.4234429065743945 0.18231566820276499 0.4227941176470589 0.1995967741935484 0.41133217993079585 0.20247695852534564 0.4078719723183391 0.20391705069124427 0.40289792387543255 0.20506912442396313 0.3899221453287197 0.20046082949308755 0.3827854671280277 0.19268433179723504 0.37867647058823534 0.18404377880184333 0.37240484429065746 0.17828341013824883 0.3706747404844291 0.17223502304147467 0.37002595155709345 0.1653225806451613 0.3704584775086505 0.1592741935483871 0.3721885813148789 0.1509216589861751 0.37781141868512114 0.13162442396313365 0.38494809688581316 0.12586405529953917 0.38905709342560557 0.11923963133640554 0.4007352941176471 0.11952764976958526 0.4087370242214533 0.12125576036866359 0.41154844290657444
2 0.7102534562211982 0.2688148788927336 0.7171658986175116 0.2757352941176471 0.7376152073732719 0.2807093425605537 0.7517281105990784 0.28114186851211076 0.769873271889401 0.2690311418685121 0.7724654377880185 0.26448961937716264 0.7759216589861752 0.254757785467128 0.7759216589861752 0.2448096885813149 0.777073732718894 0.23724048442906578 0.7796658986175116 0.23075259515570937 0.7793778801843319 0.22664359861591699 0.7730414746543779 0.22383217993079585 0.7713133640552996 0.22102076124567477 0.7681451612903226 0.21929065743944637 0.7618087557603687 0.2188581314878893 0.7572963709677419 0.21741630622837374 0.751152073732719 0.21215397923875434 0.7482718894009217 0.21085640138408307 0.7410714285714286 0.21064013840830453 0.7301267281105991 0.21323529411764705 0.7258064516129032 0.21583044982698962 0.7168778801843319 0.22750865051903119 0.7079493087557605 0.25519031141868515 0.7085253456221199 0.2655709342560554 0.7102534562211982 0.2688148788927336
2 0.5253456221198156 0.20999134948096887 0.5328341013824885 0.2164792387543253 0.5360023041474655 0.21777681660899656 0.5434907834101382 0.21496539792387542 0.5466589861751152 0.21020761245674743 0.5515552995391706 0.21128892733564014 0.5518433179723503 0.2169117647058824 0.5532834101382489 0.2179930795847751 0.565668202764977 0.22426470588235295 0.570852534562212 0.22556228373702422 0.5745967741935484 0.2253460207612457 0.579205069124424 0.22037197231833913 0.5832373271889402 0.21020761245674743 0.5835253456221199 0.2058823529411765 0.5820852534562213 0.19896193771626297 0.5760368663594471 0.1859861591695502 0.5763248847926268 0.18209342560553635 0.5711405529953917 0.1753892733564014 0.5642281105990784 0.17106401384083045 0.560483870967742 0.16998269896193774 0.556163594470046 0.16998269896193774 0.55213133640553 0.17149653979238755 0.5466589861751152 0.1753892733564014 0.5432027649769585 0.19204152249134948 0.5394585253456221 0.19247404844290658 0.5345622119815668 0.1911764705882353 0.5342741935483871 0.19247404844290658 0.5325460829493088 0.19290657439446368 0.5293778801843319 0.1916089965397924 0.5264976958525346 0.19463667820069205 0.5241935483870968 0.20155709342560554 0.523905529953917 0.2069636678200692 0.5253456221198156 0.20999134948096887
1 0.33150921658986177 0.44269031141868515 0.3453341013824885 0.4459342560553633 0.3490783410138249 0.44355536332179935 0.35685483870967744 0.44269031141868515 0.3652073732718894 0.44031141868512114 0.3715437788018433 0.4355536332179931 0.3726958525345622 0.432742214532872 0.37067972350230416 0.42690311418685123 0.369815668202765 0.4173875432525952 0.35627880184331795 0.4132785467128028 0.3522465437788019 0.4126297577854672 0.34763824884792627 0.41306228373702425 0.34389400921658986 0.41760380622837373 0.3323732718894009 0.4253892733564014 0.3289170506912443 0.4353373702422146 0.32862903225806456 0.43966262975778553 0.33150921658986177 0.44269031141868515
1 0.27131336405529954 0.4844290657439447 0.2721774193548387 0.48572664359861595 0.27563364055299544 0.4872404844290658 0.2825460829493088 0.4868079584775087 0.29493087557603687 0.4907006920415225 0.3004032258064516 0.4937283737024222 0.3035714285714286 0.4937283737024222 0.3064516129032258 0.4900519031141869 0.3133640552995392 0.4915657439446367 0.31797235023041476 0.490484429065744 0.3199884792626728 0.4876730103806229 0.320852534562212 0.48269896193771633 0.3257488479262673 0.4796712802768167 0.33093317972350234 0.4783737024221454 0.3332373271889401 0.4768598615916956 0.33294930875576034 0.47318339100346024 0.3245967741935484 0.47188581314878897 0.3228686635944701 0.4690023788927336 0.32373271889400923 0.46301903114186854 0.32776497695852536 0.4563148788927336 0.3257488479262673 0.45177335640138416 0.32114055299539174 0.4483131487889274 0.31509216589861755 0.448961937716263 0.3070276497695853 0.4485294117647059 0.3027073732718894 0.45371972318339104 0.2986751152073733 0.4554498269896194 0.2914746543778802 0.4545847750865052 0.28859447004608296 0.45501730103806237 0.28110599078341014 0.4591262975778547 0.2721774193548387 0.4673442906574395 0.27102534562211983 0.47037197231833916 0.27131336405529954 0.4844290657439447
1 0.3945852534562212 0.5979671280276817 0.39746543778801846 0.5990484429065744 0.4038018433179723 0.5986159169550174 0.40812211981566826 0.6005622837370242 0.4130184331797235 0.6046712802768167 0.41589861751152074 0.6092128027681661 0.4147465437788019 0.6163494809688582 0.41618663594470046 0.620242214532872 0.4182027649769585 0.6213235294117647 0.4262672811059908 0.6206747404844292 0.42857142857142855 0.622188581314879 0.43029953917050695 0.6250000000000001 0.43519585253456217 0.6273788927335641 0.438652073732719 0.6271626297577855 0.4432603686635945 0.6254325259515572 0.4553571428571429 0.6200259515570934 0.46082949308755766 0.6165657439446368 0.464573732718894 0.61310553633218 0.4711981566820277 0.6022923875432526 0.470910138248848 0.5983996539792388 0.4619815668202765 0.5903979238754327 0.45852534562211983 0.583044982698962 0.45593317972350234 0.5808823529411765 0.45305299539170507 0.5800173010380624 0.4481566820276498 0.580233564013841 0.4392281105990784 0.5839100346020761 0.432315668202765 0.592128027681661 0.42713133640552997 0.5940743944636678 0.4153225806451613 0.594506920415225 0.4014976958525346 0.5914792387543253 0.39746543778801846 0.5914792387543253 0.39343317972350234 0.5940743944636678 0.3925691244239632 0.5953719723183392 0.3945852534562212 0.5979671280276817
0 0.3758640552995392 0.43187716262975784 0.383352534562212 0.4355536332179931 0.38997695852534564 0.4375 0.39400921658986177 0.4366349480968858 0.40437788018433185 0.42841695501730104 0.4049539170506913 0.4249567474048443 0.40293778801843316 0.42084775086505194 0.39717741935483875 0.4156574394463668 0.3879608294930876 0.4152249134948097 0.3810483870967742 0.416522491349481 0.37672811059907835 0.4186851211072665 0.3752880184331797 0.42149653979238755 0.3747119815668203 0.4288494809688582 0.3758640552995392 0.43187716262975784