5 0.08525345622119816 0.4390138408304499 0.1005184331797235 0.4368512110726644 0.11347926267281105 0.42949826989619383 0.11261520737327188 0.41133217993079585 0.10944700460829493 0.4041955017301039 0.1054147465437788 0.40116782006920415 0.10224654377880185 0.40008650519031147 0.09648617511520738 0.40030276816608995 0.09014976958525346 0.4037629757785467 0.08093317972350231 0.41825259515570934 0.07862903225806453 0.4251730103806229 0.07920506912442396 0.43230968858131497 0.08525345622119816 0.4390138408304499
5 0.031105990783410135 0.42171280276816614 0.032834101382488476 0.42322664359861595 0.039746543778801845 0.4251730103806229 0.04349078341013825 0.4251730103806229 0.05357142857142857 0.4236591695501731 0.058179723502304145 0.42149653979238755 0.06048387096774194 0.4169550173010381 0.05961981566820277 0.40743944636678203 0.05789170506912442 0.4037629757785467 0.05213133640552996 0.39878892733564014 0.045218894009216595 0.39597750865051906 0.032834101382488476 0.3966262975778547 0.03168202764976959 0.39727508650519033 0.029953917050691246 0.40289792387543255 0.029377880184331802 0.4154411764705882 0.031105990783410135 0.42171280276816614
5 0.01152073732718894 0.4147923875432526 0.019009216589861752 0.41998269896193774 0.027649769585253458 0.41933391003460213 0.029089861751152073 0.4169550173010381 0.031394009216589865 0.40138408304498274 0.03456221198156682 0.39749134948096887 0.031394009216589865 0.39359861591695505 0.025921658986175117 0.3899221453287197 0.015552995391705068 0.38948961937716264 0.01065668202764977 0.3929498269896194 0.008928571428571428 0.39749134948096887 0.008352534562211982 0.4048442906574395 0.01152073732718894 0.4147923875432526
5 0 0.46280276816608995 0.008640552995391706 0.4632352941176471 0.019297235023041474 0.46020761245674746 0.02361751152073733 0.458044982698962 0.026785714285714284 0.45523356401384085 0.027649769585253458 0.45285467128027684 0.02131336405529954 0.44247404844290666 0.015552995391705068 0.4377162629757786 0.002304147465437788 0.43403979238754326 0 0.43403979238754326 0 0.46280276816608995
5 0.012096774193548387 0.4844290657439447 0.017569124423963134 0.49480968858131497 0.022465437788018433 0.5002162629757786 0.02476958525345622 0.4982698961937716 0.029089861751152073 0.497188581314879 0.033122119815668205 0.4974048442906575 0.036290322580645164 0.4987024221453288 0.043202764976958526 0.4982698961937716 0.05357142857142857 0.4945934256055364 0.05731566820276498 0.4915657439446367 0.05933179723502304 0.4878892733564014 0.058467741935483875 0.4844290657439447 0.05357142857142857 0.48010380622837373 0.04723502304147466 0.476643598615917 0.029377880184331802 0.4697231833910035 0.022465437788018433 0.4697231833910035 0.014976958525345623 0.47210207612456745 0.011232718894009217 0.476643598615917 0.010944700460829493 0.48096885813148793 0.012096774193548387 0.4844290657439447
5 0.05011520737327189 0.5646626297577855 0.05443548387096775 0.5683391003460209 0.060771889400921666 0.5698529411764707 0.0673963133640553 0.5681228373702423 0.07805299539170507 0.5670415224913495 0.08006912442396313 0.564446366782007 0.07805299539170507 0.5538494809688582 0.07430875576036866 0.5462802768166091 0.06797235023041474 0.5413062283737025 0.06048387096774194 0.5376297577854672 0.05357142857142857 0.5363321799307958 0.048963133640553 0.5389273356401384 0.046370967741935484 0.5464965397923875 0.046370967741935484 0.5575259515570934 0.05011520737327189 0.5646626297577855
5 0.029089861751152073 0.603589965397924 0.032834101382488476 0.6064013840830451 0.0440668202764977 0.6102941176470589 0.06422811059907835 0.6098615916955017 0.07114055299539171 0.6085640138408305 0.07546082949308755 0.6057525951557093 0.07661290322580645 0.6001297577854672 0.08035714285714286 0.5953719723183392 0.07286866359447006 0.5852076124567475 0.06682027649769585 0.5808823529411765 0.06048387096774194 0.5776384083044983 0.05616359447004608 0.5765570934256056 0.04608294930875576 0.57590830449827 0.03513824884792627 0.5780709342560554 0.026209677419354836 0.5808823529411765 0.02217741935483871 0.5860726643598617 0.021601382488479263 0.5919117647058825 0.029089861751152073 0.603589965397924
5 0.08496543778801843 0.5947231833910035 0.08755760368663594 0.5960207612456748 0.08870967741935484 0.598832179930796 0.09619815668202766 0.5996972318339101 0.1005184331797235 0.5977508650519032 0.10080645161290322 0.5964532871972319 0.10426267281105991 0.5942906574394464 0.10973502304147467 0.5934256055363323 0.1137672811059908 0.5895328719723184 0.11434331797235024 0.5813148788927336 0.11261520737327188 0.5795847750865052 0.10915898617511521 0.578287197231834 0.10685483870967742 0.5789359861591696 0.10455069124423963 0.5780709342560554 0.10599078341013826 0.5743944636678201 0.09475806451612903 0.5743944636678201 0.08496543778801843 0.5785034602076126 0.08122119815668202 0.578287197231834 0.08122119815668202 0.58780276816609 0.08496543778801843 0.5947231833910035
5 0.13277649769585254 0.5761245674740485 0.1370967741935484 0.578719723183391 0.13940092165898618 0.578287197231834 0.14688940092165897 0.5800173010380624 0.15034562211981567 0.5793685121107267 0.15610599078341014 0.5761245674740485 0.1615783410138249 0.5709342560553634 0.1627304147465438 0.5633650519031141 0.16215437788018433 0.5523356401384084 0.15697004608294932 0.5490916955017301 0.15034562211981567 0.5488754325259516 0.14400921658986177 0.5501730103806228 0.12932027649769587 0.5635813148788927 0.12586405529953917 0.5679065743944637 0.13277649769585254 0.5761245674740485
5 0.1005184331797235 0.6416522491349481 0.10455069124423963 0.6451124567474049 0.11261520737327188 0.6492214532871973 0.11981566820276499 0.6494377162629759 0.13047235023041476 0.6477076124567475 0.1336405529953917 0.6457612456747406 0.13738479262672812 0.6405709342560554 0.13565668202764977 0.6342993079584776 0.13162442396313365 0.6288927335640139 0.12672811059907835 0.6245674740484429 0.1103110599078341 0.622188581314879 0.09850230414746544 0.6224048442906576 0.09504608294930876 0.6239186851211074 0.09389400921658987 0.626946366782007 0.09447004608294932 0.6338667820069205 0.1005184331797235 0.6416522491349481
5 0.08122119815668202 0.7618944636678202 0.08842165898617513 0.7696799307958477 0.0956221198156682 0.7709775086505191 0.10714285714285714 0.763840830449827 0.111463133640553 0.7592993079584776 0.11232718894009217 0.7545415224913495 0.10973502304147467 0.747188581314879 0.10570276497695852 0.7413494809688582 0.10195852534562214 0.7385380622837371 0.09821428571428573 0.7372404844290659 0.08842165898617513 0.7365916955017302 0.07891705069124424 0.740484429065744 0.07776497695852534 0.7413494809688582 0.08122119815668202 0.7618944636678202
3 0.22379032258064516 0.6070501730103807 0.23070276497695855 0.6118079584775087 0.23847926267281108 0.6122404844290659 0.24481566820276499 0.6137543252595157 0.24827188940092165 0.6169982698961938 0.2505760368663595 0.617863321799308 0.27592165898617516 0.6217560553633218 0.2860023041474654 0.622188581314879 0.290610599078341 0.6206747404844292 0.29925115207373276 0.6146193771626298 0.3035714285714286 0.6128892733564014 0.3061635944700461 0.6096453287197232 0.3064516129032258 0.6051038062283738 0.30213133640552997 0.5964532871972319 0.3004032258064516 0.5858564013840831 0.29694700460829493 0.5823961937716263 0.2900345622119816 0.5804498269896194 0.28197004608294934 0.5806660899653979 0.27592165898617516 0.5798010380622838 0.26555299539170507 0.5810986159169551 0.2566244239631336 0.5862889273356402 0.2379032258064516 0.5891003460207613 0.23070276497695855 0.5912629757785467 0.2266705069124424 0.5936418685121108 0.2226382488479263 0.5996972318339101 0.22235023041474652 0.6029411764705883 0.22379032258064516 0.6070501730103807
3 0.29781105990783413 0.5503892733564014 0.3024193548387097 0.5579584775086506 0.3064516129032258 0.5612024221453288 0.3165322580645161 0.5650951557093425 0.32258064516129037 0.5657439446366783 0.3389976958525346 0.5605536332179931 0.3433179723502304 0.5573096885813149 0.3525345622119816 0.5436851211072665 0.3513824884792627 0.5356833910034602 0.3490783410138249 0.530060553633218 0.3485023041474654 0.5222750865051904 0.3453341013824885 0.5155709342560554 0.34043778801843316 0.5086505190311419 0.32862903225806456 0.5036764705882353 0.32142857142857145 0.5049740484429066 0.3159562211981567 0.5080017301038062 0.3122119815668203 0.5103806228373703 0.3018433179723502 0.5211937716262975 0.29896313364055305 0.5257352941176471 0.2963709677419355 0.5361159169550174 0.2960829493087558 0.5436851211072665 0.29781105990783413 0.5503892733564014
3 0.6716589861751152 0.31336505190311426 0.6751152073732719 0.31250000000000006 0.6785714285714286 0.31293252595155713 0.6800115207373272 0.31163494809688586 0.6846198156682027 0.3103373702422146 0.6900921658986175 0.31314878892733566 0.6926843317972351 0.3187716262975779 0.6995967741935484 0.3222318339100346 0.7079493087557605 0.3213667820069205 0.7174539170506913 0.3183391003460208 0.7203341013824885 0.3163927335640139 0.724078341013825 0.3105536332179931 0.7246543778801844 0.30320069204152256 0.7237903225806452 0.3001730103806229 0.7203341013824885 0.296280276816609 0.7142857142857143 0.29325259515570934 0.695852534562212 0.29130622837370246 0.6736751152073733 0.29649653979238755 0.6710829493087558 0.29974048442906576 0.6696428571428572 0.3070934256055363 0.6690668202764977 0.3105536332179931 0.6716589861751152 0.31336505190311426
3 0.7082373271889402 0.3471020761245675 0.7188940092165899 0.3499134948096886 0.7307027649769585 0.35618512110726647 0.7413594470046083 0.35618512110726647 0.7514400921658987 0.3509948096885813 0.7626728110599078 0.3488321799307959 0.7690092165898618 0.34666955017301043 0.7759216589861752 0.34039792387543255 0.7793778801843319 0.3345588235294118 0.7759216589861752 0.32698961937716264 0.7724654377880185 0.3243944636678201 0.768721198156682 0.32331314878892736 0.7482718894009217 0.32093425605536335 0.7252304147465438 0.3213667820069205 0.7203341013824885 0.3196366782006921 0.7168778801843319 0.3196366782006921 0.7108294930875576 0.3211505190311419 0.7099654377880185 0.3243944636678201 0.7119815668202765 0.32634083044982704 0.7134216589861752 0.33174740484429066 0.706221198156682 0.34191176470588236 0.7056451612903226 0.34537197231833916 0.7082373271889402 0.3471020761245675
2 0.8107718894009217 0.4312283737024222 0.8142281105990783 0.43057958477508657 0.8173963133640554 0.427984429065744 0.824020737327189 0.4266868512110727 0.8349654377880185 0.4266868512110727 0.8372695852534562 0.4258217993079585 0.8424539170506913 0.4264705882352941 0.8453341013824884 0.42993079584775085 0.842741935483871 0.4357698961937716 0.8430299539170507 0.4390138408304499 0.8533986175115208 0.44096020761245674 0.8580069124423962 0.4463667820069205 0.8623271889400922 0.4480968858131488 0.8669354838709677 0.4461505190311419 0.870967741935484 0.4429065743944637 0.8752880184331797 0.432742214532872 0.8747119815668203 0.4256055363321799 0.8701036866359446 0.41846885813148793 0.86463133640553 0.414143598615917 0.8591589861751153 0.41133217993079585 0.8499423963133641 0.40981833910034604 0.8415898617511521 0.40981833910034604 0.8211405529953918 0.4137110726643599 0.814516129032258 0.41846885813148793 0.8099078341013826 0.4253892733564014 0.8090437788018434 0.4290657439446367 0.8107718894009217 0.4312283737024222
2 0.8159562211981568 0.49243079584775085 0.831221198156682 0.5017301038062284 0.8387096774193548 0.5041089965397925 0.8418778801843319 0.5062716262975779 0.8459101382488481 0.5047577854671281 0.8591589861751153 0.5080017301038062 0.8712557603686637 0.5092993079584776 0.8804723502304148 0.5092993079584776 0.8899769585253458 0.5073529411764707 0.8940092165898618 0.5075692041522492 0.900921658986175 0.4954584775086506 0.9012096774193548 0.49113321799307963 0.8986175115207373 0.4868079584775087 0.8934331797235023 0.4805363321799308 0.8868087557603687 0.4749134948096886 0.8790322580645162 0.4697231833910035 0.8732718894009217 0.4671280276816609 0.8522465437788019 0.46172145328719727 0.8453341013824884 0.46150519031141873 0.8375576036866359 0.46388408304498274 0.8211405529953918 0.46539792387543255 0.8185483870967742 0.4669117647058824 0.8136520737327189 0.4779411764705883 0.8133640552995391 0.48378027681660907 0.8159562211981568 0.49243079584775085