2 0.32690092165898615 0.5103806228373703 0.3352534562211982 0.5142733564013842 0.3415898617511521 0.5190311418685122 0.34475806451612906 0.5177335640138409 0.3487903225806452 0.5183823529411765 0.3551267281105991 0.5144896193771626 0.3626152073732719 0.5123269896193772 0.369815668202765 0.5080017301038062 0.3715437788018433 0.5051903114186851 0.37211981566820274 0.5012975778546713 0.3709677419354839 0.4978373702422146 0.3649193548387097 0.49026816608996543 0.353110599078341 0.4865916955017301 0.34475806451612906 0.4868079584775087 0.33122119815668205 0.4907006920415225 0.32776497695852536 0.49480968858131497 0.3263248847926267 0.4987024221453288 0.3251728110599078 0.5060553633217993 0.32690092165898615 0.5103806228373703
2 0.30961981566820274 0.5365484429065744 0.31192396313364057 0.5397923875432526 0.31768433179723504 0.5436851211072665 0.33842165898617516 0.55060553633218 0.34130184331797236 0.5490916955017301 0.3453341013824885 0.5497404844290659 0.3588709677419355 0.548659169550173 0.3626152073732719 0.5471453287197232 0.3663594470046083 0.5436851211072665 0.36693548387096775 0.5335207612456748 0.36347926267281105 0.5285467128027682 0.3522465437788019 0.5218425605536333 0.33813364055299544 0.5196799307958477 0.334389400921659 0.5168685121107266 0.3320852534562212 0.5136245674740485 0.3245967741935484 0.5127595155709342 0.31768433179723504 0.5147058823529412 0.31134792626728114 0.5188148788927336 0.30961981566820274 0.5220588235294118 0.30817972350230416 0.5257352941176471 0.30961981566820274 0.5365484429065744
2 0.41244239631336405 0.5075692041522492 0.4150345622119816 0.5080017301038062 0.42569124423963134 0.5058391003460209 0.4357718894009217 0.5056228373702423 0.4392281105990784 0.5030276816608997 0.4415322580645161 0.4980536332179931 0.4412442396313364 0.490484429065744 0.4392281105990784 0.48399653979238755 0.435483870967742 0.48075259515570934 0.43260368663594473 0.4803200692041523 0.4248271889400922 0.48010380622837373 0.41906682027649766 0.4811851211072665 0.41445852534562216 0.48399653979238755 0.41071428571428575 0.4887543252595156 0.40754608294930883 0.49307958477508657 0.4058179723502304 0.4980536332179931 0.4055299539170507 0.5049740484429066 0.41244239631336405 0.5075692041522492
2 0.6503456221198156 0.5955882352941176 0.6503456221198156 0.5996972318339101 0.6543778801843319 0.6053200692041523 0.6612903225806452 0.6085640138408305 0.6705069124423964 0.6083477508650519 0.682315668202765 0.6068339100346021 0.6912442396313364 0.6022923875432526 0.691820276497696 0.5977508650519032 0.6900921658986175 0.5927768166089966 0.6857718894009217 0.58780276816609 0.679147465437788 0.583044982698962 0.6751152073732719 0.5806660899653979 0.6696428571428572 0.5798010380622838 0.6647465437788018 0.5800173010380624 0.6612903225806452 0.583044982698962 0.658410138248848 0.5891003460207613 0.6503456221198156 0.5955882352941176
3 0.2502880184331797 0.49113321799307963 0.258352534562212 0.4980536332179931 0.2620967741935484 0.5 0.2767857142857143 0.5004325259515572 0.28110599078341014 0.4989186851211073 0.283410138248848 0.4915657439446367 0.2865783410138249 0.4872404844290658 0.290610599078341 0.48421280276816614 0.29176267281105994 0.48075259515570934 0.2860023041474654 0.4768598615916956 0.277073732718894 0.47383217993079585 0.26843317972350234 0.47361591695501737 0.26497695852534564 0.47556228373702425 0.258352534562212 0.476643598615917 0.25489631336405527 0.4783737024221454 0.2508640552995392 0.48161764705882354 0.24855990783410137 0.4865916955017301 0.24827188940092165 0.48810553633218 0.2502880184331797 0.49113321799307963
3 0.28629032258064513 0.5069204152249135 0.2897465437788019 0.5097318339100346 0.2932027649769585 0.5101643598615917 0.3064516129032258 0.5092993079584776 0.3125 0.5069204152249135 0.3185483870967742 0.5021626297577855 0.32258064516129037 0.495242214532872 0.32258064516129037 0.49091695501730104 0.3191244239631337 0.48572664359861595 0.31509216589861755 0.48313148788927335 0.3038594470046083 0.48096885813148793 0.29176267281105994 0.48334775086505194 0.28629032258064513 0.4868079584775087 0.28225806451612906 0.49264705882352944 0.28168202764976963 0.4980536332179931 0.28629032258064513 0.5069204152249135
3 0.326036866359447 0.4762110726643599 0.33381336405529954 0.4852941176470589 0.33813364055299544 0.4883217993079585 0.3522465437788019 0.48464532871972327 0.35627880184331795 0.48096885813148793 0.35944700460829493 0.47404844290657444 0.35944700460829493 0.47037197231833916 0.35714285714285715 0.467560553633218 0.3487903225806452 0.4641003460207613 0.339573732718894 0.46215397923875434 0.334389400921659 0.46193771626297575 0.32862903225806456 0.46388408304498274 0.3251728110599078 0.46993944636678203 0.3245967741935484 0.47383217993079585 0.326036866359447 0.4762110726643599
4 0.6316244239631337 0.4876730103806229 0.6373847926267281 0.4915657439446367 0.6509216589861752 0.49243079584775085 0.6610023041474655 0.4891868512110727 0.6699308755760369 0.4844290657439447 0.6745391705069125 0.4775086505190312 0.6754032258064516 0.4697231833910035 0.6719470046082949 0.46366782006920415 0.6682027649769585 0.46128892733564014 0.6647465437788018 0.45977508650519033 0.6526497695852534 0.4593425605536333 0.6399769585253456 0.46215397923875434 0.6350806451612903 0.4660467128027682 0.631336405529954 0.47383217993079585 0.6296082949308757 0.4844290657439447 0.6316244239631337 0.4876730103806229
4 0.6442972350230415 0.5564446366782008 0.6506336405529953 0.5609861591695502 0.6589861751152074 0.5631487889273357 0.6647465437788018 0.5625000000000001 0.6679147465437788 0.5605536332179931 0.6696428571428572 0.5564446366782008 0.6699308755760369 0.5497404844290659 0.6670506912442397 0.5419550173010381 0.663594470046083 0.5387110726643599 0.6569700460829494 0.5369809688581315 0.6509216589861752 0.5369809688581315 0.6431451612903226 0.541089965397924 0.6405529953917051 0.5456314878892734 0.6419930875576038 0.553416955017301 0.6442972350230415 0.5564446366782008
4 0.6215437788018433 0.5426038062283738 0.6267281105990784 0.5516868512110726 0.633352534562212 0.5516868512110726 0.6379608294930875 0.55060553633218 0.6402649769585254 0.5421712802768167 0.6428571428571429 0.539143598615917 0.6428571428571429 0.5363321799307958 0.6379608294930875 0.5315743944636678 0.6307603686635945 0.5278979238754326 0.6226958525345623 0.5272491349480969 0.6169354838709677 0.5287629757785467 0.611463133640553 0.5324394463667821 0.6131912442396313 0.5363321799307958 0.6215437788018433 0.5426038062283738
4 0.6287442396313364 0.5871539792387543 0.6356566820276498 0.5934256055363323 0.6471774193548387 0.5955882352941176 0.6509216589861752 0.5949394463667821 0.6555299539170507 0.5919117647058825 0.658410138248848 0.5888840830449827 0.6621543778801844 0.5819636678200693 0.6607142857142858 0.5774221453287198 0.658410138248848 0.5743944636678201 0.6509216589861752 0.5705017301038062 0.6480414746543779 0.5702854671280277 0.6362327188940092 0.5705017301038062 0.6324884792626728 0.5717993079584776 0.6270161290322581 0.5761245674740485 0.6252880184331797 0.5804498269896194 0.6255760368663594 0.583044982698962 0.6287442396313364 0.5871539792387543
4 0.5967741935483871 0.5778546712802768 0.6022465437788018 0.5843425605536333 0.6039746543778802 0.5849913494809689 0.6091589861751152 0.5858564013840831 0.6201036866359447 0.5839100346020761 0.6232718894009217 0.5826124567474049 0.625 0.5800173010380624 0.626152073732719 0.5746107266435987 0.6252880184331797 0.5709342560553634 0.6226958525345623 0.5670415224913495 0.6192396313364055 0.5646626297577855 0.6117511520737328 0.5631487889273357 0.606278801843318 0.5635813148788927 0.5987903225806452 0.5674740484429066 0.5967741935483871 0.5713667820069205 0.595910138248848 0.5741782006920416 0.5967741935483871 0.5778546712802768
4 0.6074308755760369 0.5990484429065744 0.6097350230414746 0.6014273356401384 0.6140552995391706 0.6029411764705883 0.6226958525345623 0.6031574394463668 0.6307603686635945 0.599264705882353 0.6356566820276498 0.5953719723183392 0.6345046082949308 0.5919117647058825 0.6238479262672811 0.583044982698962 0.6108870967741936 0.5854238754325259 0.6065668202764977 0.5884515570934257 0.6059907834101382 0.5955882352941176 0.6074308755760369 0.5990484429065744
4 0.36146313364055305 0.5999134948096886 0.3643433179723502 0.6020761245674742 0.3689516129032258 0.6033737024221454 0.37644009216589863 0.6033737024221454 0.38680875576036866 0.5999134948096886 0.391705069124424 0.5955882352941176 0.3931451612903226 0.592560553633218 0.3925691244239632 0.5845588235294118 0.3908410138248848 0.5813148788927336 0.38364055299539174 0.576340830449827 0.37730414746543783 0.5748269896193772 0.369815668202765 0.5750432525951558 0.36347926267281105 0.5776384083044983 0.3585829493087558 0.5815311418685122 0.35714285714285715 0.5858564013840831 0.35743087557603687 0.5927768166089966 0.36146313364055305 0.5999134948096886
4 0.3784562211981567 0.6187283737024222 0.38392857142857145 0.6198096885813149 0.3896889400921659 0.622188581314879 0.39746543778801846 0.6284602076124568 0.404089861751152 0.626946366782007 0.40783410138248855 0.6247837370242215 0.413594470046083 0.6204584775086506 0.41705069124423966 0.6157006920415226 0.4173387096774194 0.6122404844290659 0.4153225806451613 0.6072664359861593 0.4118663594470046 0.6046712802768167 0.4055299539170507 0.6029411764705883 0.39026497695852536 0.6027249134948097 0.3856566820276498 0.6038062283737025 0.3787442396313364 0.6092128027681661 0.37788018433179726 0.611159169550173 0.37759216589861755 0.6172145328719724 0.3784562211981567 0.6187283737024222
4 0.3234447004608295 0.617863321799308 0.3326612903225806 0.6243512110726643 0.3418778801843318 0.626946366782007 0.3485023041474654 0.6252162629757786 0.35743087557603687 0.6189446366782008 0.36031105990783413 0.6167820069204153 0.36347926267281105 0.610726643598616 0.36319124423963134 0.6059688581314879 0.36059907834101385 0.6025086505190311 0.35339861751152074 0.5983996539792388 0.34994239631336405 0.5975346020761246 0.3461981566820277 0.598832179930796 0.34360599078341014 0.6068339100346021 0.33842165898617516 0.6120242214532873 0.33352534562211983 0.610726643598616 0.3289170506912443 0.6059688581314879 0.3254608294930876 0.6040224913494809 0.32114055299539174 0.6027249134948097 0.3197004608294931 0.6038062283737025 0.3199884792626728 0.6122404844290659 0.3234447004608295 0.617863321799308
4 0.3620391705069125 0.6438148788927336 0.3663594470046083 0.6459775086505191 0.38018433179723504 0.6490051903114187 0.3859447004608295 0.6477076124567475 0.391705069124424 0.6440311418685122 0.39602534562211983 0.6368944636678201 0.3977534562211982 0.6304065743944637 0.39372119815668205 0.6245674740484429 0.3870967741935484 0.6213235294117647 0.3807603686635945 0.6204584775086506 0.37298387096774194 0.6204584775086506 0.3663594470046083 0.622188581314879 0.36031105990783413 0.6267301038062285 0.35829493087557607 0.6301903114186851 0.35829493087557607 0.6373269896193772 0.3620391705069125 0.6438148788927336
4 0.31509216589861755 0.6429498269896194 0.31682027649769584 0.6477076124567475 0.320852534562212 0.6522491349480969 0.33122119815668205 0.6544117647058825 0.3358294930875576 0.6541955017301039 0.3450460829493088 0.6520328719723184 0.3487903225806452 0.6522491349480969 0.3557027649769585 0.6498702422145329 0.3591589861751152 0.6474913494809689 0.3591589861751152 0.6438148788927336 0.3539746543778802 0.6362456747404844 0.33842165898617516 0.6280276816608997 0.3245967741935484 0.6241349480968859 0.32056451612903225 0.6247837370242215 0.3165322580645161 0.6299740484429066 0.3145161290322581 0.6371107266435987 0.31509216589861755 0.6429498269896194