5 0.7419354838709677 0.9857266435986161 0.7456797235023042 0.9896193771626299 0.751152073732719 0.9928633217993081 0.758352534562212 0.9954584775086506 0.7724654377880185 0.997621107266436 0.7788018433179724 0.9967560553633218 0.7822580645161291 0.9928633217993081 0.7897465437788018 0.9878892733564015 0.7955069124423964 0.9751297577854672 0.7952188940092166 0.9703719723183392 0.7926267281105991 0.9666955017301039 0.7862903225806452 0.9630190311418685 0.780241935483871 0.9621539792387545 0.7661290322580645 0.9621539792387545 0.747983870967742 0.9649653979238755 0.7439516129032258 0.9669117647058825 0.7402073732718895 0.9701557093425606 0.7390552995391706 0.9731833910034602 0.7376152073732719 0.9772923875432526 0.7419354838709677 0.9857266435986161
5 0.21975806451612906 0.682742214532872 0.22983870967741934 0.6855536332179931 0.23819124423963137 0.6842560553633218 0.24308755760368667 0.6782006920415226 0.2436635944700461 0.6717128027681661 0.24164746543778803 0.6643598615916956 0.23761520737327188 0.659385813148789 0.2341589861751152 0.6567906574394464 0.23041474654377883 0.6554930795847751 0.2203341013824885 0.6557093425605537 0.2168778801843318 0.6587370242214534 0.21457373271889404 0.6647923875432526 0.2154377880184332 0.6753892733564014 0.21975806451612906 0.682742214532872
5 0.24625576036866362 0.6200259515570934 0.2505760368663595 0.6254325259515572 0.25259216589861755 0.6262975778546713 0.26526497695852536 0.6271626297577855 0.26900921658986177 0.6262975778546713 0.2741935483870968 0.6224048442906576 0.27620967741935487 0.6195934256055364 0.2764976958525346 0.6146193771626298 0.2733294930875576 0.6089965397923877 0.2669930875576037 0.6051038062283738 0.25864055299539174 0.6025086505190311 0.25460829493087556 0.6033737024221454 0.24942396313364057 0.6061851211072665 0.24683179723502305 0.6092128027681661 0.24567972350230413 0.61310553633218 0.2451036866359447 0.6165657439446368 0.24625576036866362 0.6200259515570934
5 0.37442396313364057 0.3527249134948097 0.3761520737327189 0.35596885813148793 0.3822004608294931 0.3596453287197232 0.39055299539170507 0.3618079584775087 0.39631336405529954 0.35748269896193774 0.4017857142857143 0.35532006920415227 0.40466589861751157 0.35596885813148793 0.40812211981566826 0.35467128027681666 0.40956221198156684 0.3525086505190312 0.40812211981566826 0.3488321799307959 0.3980414746543779 0.3438581314878893 0.3908410138248848 0.34191176470588236 0.38392857142857145 0.34342560553633217 0.37989631336405527 0.33888408304498274 0.37644009216589863 0.34126297577854675 0.37413594470046085 0.3488321799307959 0.37442396313364057 0.3527249134948097
5 0.388536866359447 0.38970588235294124 0.3977534562211982 0.3907871972318339 0.40437788018433185 0.3933823529411765 0.4115783410138249 0.3938148788927336 0.41589861751152074 0.3925173010380623 0.4182027649769585 0.3938148788927336 0.4254032258064516 0.38408304498269896 0.4254032258064516 0.3799740484429066 0.42252304147465436 0.37564878892733566 0.4173387096774194 0.3728373702422146 0.39717741935483875 0.37240484429065746 0.3908410138248848 0.3730536332179931 0.3853686635944701 0.37651384083044986 0.3845046082949309 0.37867647058823534 0.3859447004608295 0.3868944636678201 0.388536866359447 0.38970588235294124
5 0.3461981566820277 0.40289792387543255 0.34965437788018433 0.4046280276816609 0.35685483870967744 0.4061418685121107 0.3726958525345622 0.4052768166089966 0.3747119815668203 0.4046280276816609 0.3787442396313364 0.40095155709342567 0.3787442396313364 0.39359861591695505 0.37730414746543783 0.3901384083044983 0.375 0.3873269896193772 0.37010368663594473 0.3855968858131488 0.36031105990783413 0.386461937716263 0.35023041474654376 0.38948961937716264 0.3464861751152074 0.39273356401384085 0.34447004608294934 0.39727508650519033 0.34418202764976963 0.40116782006920415 0.3461981566820277 0.40289792387543255
5 0.38421658986175117 0.4063581314878893 0.3859447004608295 0.4078719723183391 0.3914170506912443 0.40916955017301043 0.41100230414746547 0.40808823529411764 0.41705069124423966 0.4044117647058824 0.4182027649769585 0.40116782006920415 0.4173387096774194 0.3957612456747405 0.4147465437788019 0.3925173010380623 0.4115783410138249 0.393166089965398 0.3986175115207373 0.3905709342560554 0.3888248847926267 0.39273356401384085 0.38508064516129037 0.3957612456747405 0.3822004608294931 0.39987024221453293 0.3824884792626728 0.4035467128027682 0.38421658986175117 0.4063581314878893
4 0.35195852534562216 0.38797577854671284 0.36578341013824883 0.3855968858131488 0.37067972350230416 0.3855968858131488 0.37672811059907835 0.38797577854671284 0.38364055299539174 0.38819204152249137 0.3853686635944701 0.38516435986159175 0.38421658986175117 0.37781141868512114 0.3882488479262673 0.37326989619377166 0.3873847926267281 0.3695934256055363 0.383352534562212 0.36678200692041524 0.3761520737327189 0.36613321799307963 0.37010368663594473 0.36764705882352944 0.3539746543778802 0.37608131487889274 0.35023041474654376 0.3799740484429066 0.3487903225806452 0.38494809688581316 0.35195852534562216 0.38797577854671284
4 0.4858870967741936 0.48096885813148793 0.48819124423963134 0.48269896193771633 0.49308755760368667 0.48486159169550175 0.5002880184331797 0.48551038062283747 0.5146889400921659 0.48378027681660907 0.518721198156682 0.48161764705882354 0.5201612903225807 0.4749134948096886 0.5195852534562212 0.4666955017301039 0.5123847926267281 0.4567474048442907 0.5086405529953917 0.45350346020761245 0.497983870967742 0.4491782006920416 0.49135944700460826 0.4491782006920416 0.4858870967741936 0.45263840830449825 0.4838709677419355 0.456098615916955 0.4835829493087558 0.4591262975778547 0.48271889400921664 0.4733996539792388 0.4858870967741936 0.48096885813148793
4 0.9173387096774194 0.6278114186851211 0.9182027649769585 0.6375432525951558 0.9213709677419356 0.6451124567474049 0.9265552995391705 0.6477076124567475 0.9386520737327189 0.6492214532871973 0.9455645161290323 0.6479238754325259 0.9498847926267281 0.6457612456747406 0.9524769585253458 0.6440311418685122 0.9544930875576038 0.6405709342560554 0.9536290322580646 0.6301903114186851 0.9516129032258064 0.6265138408304499 0.935483870967742 0.6161332179930796 0.9282834101382489 0.6126730103806228 0.9182027649769585 0.610726643598616 0.9144585253456222 0.6128892733564014 0.913594470046083 0.6200259515570934 0.9173387096774194 0.6278114186851211
3 0.23070276497695855 0.6500865051903115 0.23271889400921658 0.6531141868512111 0.23819124423963137 0.6578719723183392 0.27246543778801846 0.6673875432525952 0.2793778801843318 0.6665224913494809 0.283410138248848 0.6643598615916956 0.28629032258064513 0.6650086505190311 0.28801843317972353 0.6559256055363323 0.2860023041474654 0.6509515570934257 0.2730414746543779 0.6347318339100346 0.26612903225806456 0.6280276816608997 0.24827188940092165 0.6267301038062285 0.24452764976958527 0.6275951557093425 0.23963133640552997 0.6301903114186851 0.22955069124423963 0.6405709342560554 0.22926267281105991 0.6444636678200693 0.23070276497695855 0.6500865051903115