2 0.47263824884792627 0.38019031141868515 0.4982718894009217 0.3925173010380623 0.5048963133640554 0.39770761245674746 0.5086405529953917 0.39922145328719727 0.5120967741935484 0.39792387543252594 0.5132488479262672 0.39597750865051906 0.5210253456221199 0.3920847750865052 0.521889400921659 0.38970588235294124 0.519873271889401 0.38775951557093424 0.5210253456221199 0.3832179930795848 0.5195852534562212 0.3767301038062284 0.5155529953917051 0.3698096885813149 0.5135368663594471 0.3624567474048443 0.5100806451612903 0.3585640138408305 0.5077764976958525 0.35769896193771633 0.49308755760368667 0.35748269896193774 0.4870391705069125 0.358780276816609 0.4804147465437788 0.3624567474048443 0.47667050691244245 0.36699826989619383 0.4711981566820277 0.37651384083044986 0.47263824884792627 0.38019031141868515
2 0.41849078341013823 0.5743944636678201 0.42223502304147464 0.576340830449827 0.4314516129032258 0.5789359861591696 0.438652073732719 0.5800173010380624 0.44873271889400923 0.5798010380622838 0.45593317972350234 0.5813148788927336 0.47004608294930883 0.5789359861591696 0.4758064516129032 0.5750432525951558 0.48300691244239635 0.5683391003460209 0.48473502304147464 0.564446366782007 0.48675115207373276 0.5516868512110726 0.4887672811059908 0.5469290657439447 0.4870391705069125 0.5430363321799309 0.48329493087557607 0.539143598615917 0.4775345622119816 0.5363321799307958 0.45650921658986177 0.5354671280276817 0.44902073732718895 0.5374134948096886 0.43289170506912444 0.5464965397923875 0.42828341013824883 0.5501730103806228 0.41877880184331795 0.5603373702422145 0.4176267281105991 0.5657439446366783 0.4173387096774194 0.5713667820069205 0.41849078341013823 0.5743944636678201
2 0.5504032258064516 0.5434688581314879 0.556163594470046 0.5471453287197232 0.5662442396313364 0.5497404844290659 0.5815092165898618 0.5493079584775087 0.5918778801843319 0.5473615916955017 0.5964861751152074 0.5451989619377163 0.603110599078341 0.5400086505190311 0.6059907834101382 0.5294117647058825 0.6028225806451613 0.5220588235294118 0.5933179723502304 0.5121107266435987 0.5884216589861752 0.5092993079584776 0.5774769585253456 0.506704152249135 0.570852534562212 0.506704152249135 0.5616359447004609 0.5101643598615917 0.5535714285714286 0.511461937716263 0.5501152073732719 0.5131920415224914 0.5483870967741936 0.515787197231834 0.5455069124423964 0.5263840830449827 0.5452188940092166 0.529628027681661 0.5504032258064516 0.5434688581314879
4 0.5673963133640554 0.2171280276816609 0.5780529953917051 0.23313148788927335 0.5852534562211982 0.23356401384083045 0.5910138248847926 0.23226643598615918 0.5976382488479263 0.23291522491349484 0.6100230414746544 0.22923875432525956 0.6111751152073733 0.22750865051903119 0.6108870967741936 0.2240484429065744 0.6071428571428572 0.21496539792387542 0.595910138248848 0.2026384083044983 0.5913018433179723 0.19917820069204153 0.5858294930875576 0.19744809688581316 0.5777649769585254 0.19788062283737026 0.574020737327189 0.19896193771626297 0.5673963133640554 0.20480103806228372 0.5662442396313364 0.20653114186851212 0.5673963133640554 0.2171280276816609
4 0.556163594470046 0.40289792387543255 0.5665322580645162 0.41219723183391005 0.5711405529953917 0.4134948096885814 0.5858294930875576 0.41198096885813157 0.6022465437788018 0.40289792387543255 0.6057027649769585 0.39965397923875434 0.6068548387096774 0.39770761245674746 0.6068548387096774 0.3938148788927336 0.6051267281105991 0.38905709342560557 0.6045506912442397 0.3825382785467128 0.6048387096774194 0.36937716262975784 0.6002304147465438 0.3626730103806229 0.595910138248848 0.3488321799307959 0.5921658986175116 0.34666955017301043 0.5858294930875576 0.34515570934256057 0.5777649769585254 0.34537197231833916 0.5734447004608295 0.3471020761245675 0.5705645161290323 0.3494809688581315 0.5570276497695852 0.37846020761245674 0.5547235023041475 0.3905709342560554 0.5544354838709677 0.39749134948096887 0.556163594470046 0.40289792387543255
4 0.44038018433179726 0.3940311418685122 0.44902073732718895 0.4076557093425606 0.459389400921659 0.4158737024221454 0.46658986175115214 0.41933391003460213 0.47033410138248855 0.4225778546712803 0.47667050691244245 0.4249567474048443 0.4807027649769585 0.4238754325259516 0.4916474654377881 0.4240916955017301 0.4982718894009217 0.42236159169550175 0.5057603686635945 0.41825259515570934 0.5089285714285714 0.41219723183391005 0.5092165898617511 0.4078719723183391 0.5077764976958525 0.4024653979238755 0.5060483870967742 0.3994377162629758 0.4982718894009217 0.3925173010380623 0.48127880184331795 0.38494809688581316 0.47695852534562216 0.3821366782006921 0.4599654377880184 0.3767301038062284 0.445852534562212 0.37802768166089973 0.4412442396313364 0.38019031141868515 0.44009216589861755 0.3830017301038063 0.4395161290322581 0.38948961937716264 0.44038018433179726 0.3940311418685122
4 0.11952764976958526 0.2281574394463668 0.16129032258064518 0.24199826989619377 0.1627304147465438 0.2378892733564014 0.16129032258064518 0.2346453287197232 0.15754608294930877 0.23291522491349484 0.1532258064516129 0.22880622837370246 0.15005760368663595 0.22383217993079585 0.14775345622119815 0.2171280276816609 0.14400921658986177 0.21301903114186854 0.133352534562212 0.20609861591695502 0.13018433179723504 0.20458477508650522 0.12586405529953917 0.20436851211072665 0.11981566820276499 0.2063148788927336 0.11520737327188942 0.21820934256055366 0.11520737327188942 0.22383217993079585 0.11952764976958526 0.2281574394463668
4 0.13738479262672812 0.5227076124567475 0.14112903225806453 0.5268166089965398 0.14948156682027652 0.5291955017301039 0.1543778801843318 0.5315743944636678 0.1615783410138249 0.5328719723183392 0.1713709677419355 0.5287629757785467 0.17511520737327188 0.5257352941176471 0.17914746543778803 0.5181660899653979 0.18087557603686638 0.4984861591695502 0.1728110599078341 0.48075259515570934 0.1676267281105991 0.4757785467128028 0.1650345622119816 0.47469723183391005 0.15380184331797236 0.47361591695501737 0.14544930875576037 0.4762110726643599 0.13882488479262672 0.4835640138408305 0.13162442396313365 0.5 0.13191244239631336 0.5131920415224914 0.13738479262672812 0.5227076124567475
5 0.681163594470046 0.28308823529411764 0.685483870967742 0.2858996539792388 0.6898041474654378 0.28503460207612463 0.6926843317972351 0.28633217993079585 0.6921082949308757 0.2854671280276817 0.6949884792626728 0.28352076124567477 0.6995967741935484 0.28287197231833916 0.7013248847926268 0.2791955017301038 0.7065092165898618 0.27422145328719727 0.7119815668202765 0.2655709342560554 0.7131336405529953 0.2584342560553633 0.709389400921659 0.254757785467128 0.7033410138248848 0.25259515570934254 0.6872119815668203 0.25454152249134954 0.6820276497695853 0.25756920415224915 0.6779953917050692 0.2655709342560554 0.6779953917050692 0.27422145328719727 0.681163594470046 0.28308823529411764
5 0.6195276497695853 0.21820934256055366 0.6212557603686636 0.21950692041522496 0.6270161290322581 0.22102076124567477 0.6336405529953917 0.22102076124567477 0.6368087557603687 0.22015570934256057 0.6405529953917051 0.21366782006920415 0.6445852534562213 0.19723183391003463 0.6431451612903226 0.18966262975778547 0.6376728110599078 0.18036332179930797 0.633352534562212 0.17841695501730107 0.622983870967742 0.1786332179930796 0.619815668202765 0.18230968858131488 0.6143433179723503 0.19679930795847753 0.6143433179723503 0.20609861591695502 0.6195276497695853 0.21820934256055366
5 0.5311059907834101 0.20371972318339102 0.5449308755760369 0.21777681660899656 0.5498271889400922 0.21993944636678203 0.5578917050691244 0.21950692041522496 0.5599078341013825 0.21410034602076125 0.5596198156682027 0.20653114186851212 0.5576036866359447 0.20371972318339102 0.5460829493087558 0.19506920415224915 0.5420506912442397 0.19247404844290658 0.5296658986175116 0.1887975778546713 0.5250576036866359 0.18944636678200694 0.5201612903225807 0.19247404844290658 0.5184331797235023 0.19636678200692043 0.5311059907834101 0.20371972318339102
5 0.3695276497695853 0.22058823529411767 0.37211981566820274 0.2240484429065744 0.37298387096774194 0.2272923875432526 0.37730414746543783 0.23118512110726647 0.3870967741935484 0.23183391003460208 0.3951612903225806 0.22556228373702422 0.39602534562211983 0.22210207612456748 0.3957373271889401 0.21301903114186854 0.39055299539170507 0.20285467128027684 0.3870967741935484 0.19788062283737026 0.3824884792626728 0.1961505190311419 0.37644009216589863 0.1985294117647059 0.3715437788018433 0.20242214532871974 0.3692396313364056 0.20566608996539792 0.3686635944700461 0.21345155709342561 0.3695276497695853 0.22058823529411767
5 0.35426267281105994 0.20242214532871974 0.35599078341013823 0.20436851211072665 0.3591589861751152 0.20566608996539792 0.3640552995391705 0.2063148788927336 0.3689516129032258 0.20523356401384082 0.37327188940092165 0.20242214532871974 0.37932027649769584 0.1961505190311419 0.37960829493087556 0.19247404844290658 0.37672811059907835 0.185121107266436 0.3663594470046083 0.17841695501730107 0.3626152073732719 0.17928200692041524 0.35829493087557607 0.18209342560553635 0.3522465437788019 0.18901384083044986 0.35195852534562216 0.19269031141868515 0.35426267281105994 0.20242214532871974
5 0.32430875576036866 0.2342128027681661 0.32690092165898615 0.2480536332179931 0.3317972350230415 0.2584342560553633 0.3415898617511521 0.26470588235294124 0.3522465437788019 0.26470588235294124 0.35743087557603687 0.26275951557093424 0.3611751152073733 0.2601643598615917 0.36319124423963134 0.256704152249135 0.36347926267281105 0.2512975778546713 0.3626152073732719 0.2480536332179931 0.3522465437788019 0.23161764705882354 0.3487903225806452 0.2285899653979239 0.34475806451612906 0.22664359861591699 0.3392857142857143 0.22166955017301038 0.33150921658986177 0.2173442906574395 0.3245967741935484 0.2184256055363322 0.320852534562212 0.22058823529411767 0.3197004608294931 0.22253460207612458 0.3197004608294931 0.2272923875432526 0.32430875576036866 0.2342128027681661
5 0.19153225806451613 0.21280276816608995 0.1961405529953917 0.21950692041522496 0.19988479262672812 0.21993944636678203 0.20478110599078342 0.2169117647058824 0.20276497695852536 0.21020761245674743 0.204205069124424 0.20480103806228372 0.20938940092165897 0.20242214532871974 0.2203341013824885 0.2022058823529412 0.22148617511520738 0.20025951557093427 0.22091013824884795 0.19333910034602078 0.21831797235023043 0.19009515570934257 0.21370967741935484 0.18750000000000003 0.20766129032258066 0.18706747404844293 0.2033410138248848 0.18771626297577856 0.19815668202764977 0.18923010380622837 0.19210829493087558 0.19290657439446368 0.19038018433179724 0.19961072664359863 0.19009216589861752 0.2071799307958478 0.19153225806451613 0.21280276816608995
5 0.15898617511520738 0.217560553633218 0.17050691244239632 0.22469723183391005 0.17482718894009217 0.22599480968858132 0.17857142857142858 0.2253460207612457 0.18346774193548387 0.22058823529411767 0.1863479262672811 0.21042387543252597 0.18404377880184333 0.20307093425605535 0.18058755760368664 0.19982698961937717 0.17857142857142858 0.19831314878892736 0.17569124423963134 0.19788062283737026 0.16877880184331798 0.19917820069204153 0.1627304147465438 0.20198961937716264 0.15754608294930877 0.2067474048442907 0.15697004608294932 0.2119377162629758 0.15898617511520738 0.217560553633218
5 0.33294930875576034 0.32461072664359863 0.3366935483870968 0.3289359861591696 0.3415898617511521 0.3313148788927336 0.3493663594470046 0.3321799307958478 0.3557027649769585 0.3304498269896194 0.3591589861751152 0.3280709342560554 0.36088709677419356 0.32374567474048443 0.36088709677419356 0.31617647058823534 0.35656682027649766 0.30990484429065746 0.35109447004608296 0.3055795847750865 0.34735023041474655 0.30363321799307963 0.33813364055299544 0.3025519031141869 0.33496543778801846 0.30298442906574397 0.3300691244239632 0.3070934256055363 0.3297811059907834 0.31141868512110726 0.33294930875576034 0.32461072664359863
5 0.17511520737327188 0.4811851211072665 0.18202764976958524 0.4859429065743945 0.18577188940092165 0.4863754325259516 0.20046082949308755 0.4788062283737025 0.2033410138248848 0.47296712802768165 0.2044930875576037 0.46345155709342567 0.2033410138248848 0.4565311418685122 0.20017281105990783 0.4485294117647059 0.19441244239631336 0.4422577854671281 0.19268433179723504 0.4413927335640139 0.18605990783410137 0.44117647058823534 0.18173963133640553 0.44182525951557095 0.17799539170506912 0.44355536332179935 0.1742511520737327 0.4493944636678201 0.17021889400921658 0.4658304498269897 0.16993087557603687 0.47404844290657444 0.17511520737327188 0.4811851211072665
5 0.18433179723502305 0.5056228373702423 0.18951612903225806 0.5190311418685122 0.19297235023041476 0.5224913494809689 0.19671658986175117 0.5248702422145329 0.20996543778801846 0.5259515570934257 0.2168778801843318 0.5237889273356402 0.22436635944700462 0.5198961937716263 0.2269585253456221 0.5155709342560554 0.22523041474654376 0.5049740484429066 0.21745391705069123 0.49567474048442917 0.2157258064516129 0.4913494809688582 0.21255760368663595 0.4876730103806229 0.20305299539170507 0.4805363321799308 0.18894009216589863 0.48399653979238755 0.18519585253456222 0.4876730103806229 0.18317972350230416 0.49113321799307963 0.18433179723502305 0.5056228373702423
5 0.043202764976958526 0.4835640138408305 0.04665898617511521 0.4885380622837371 0.057027649769585256 0.4982698961937716 0.0673963133640553 0.5010813148788927 0.0722926267281106 0.5008650519031141 0.07862903225806453 0.4989186851211073 0.08755760368663594 0.49329584775086505 0.08928571428571429 0.49026816608996543 0.08928571428571429 0.4874567474048443 0.0869815668202765 0.48096885813148793 0.07805299539170507 0.47404844290657444 0.06595622119815668 0.4669117647058824 0.058467741935483875 0.46431660899653987 0.05011520737327189 0.46366782006920415 0.04579493087557604 0.4656141868512111 0.04262672811059908 0.47058823529411764 0.04176267281105991 0.4785899653979239 0.043202764976958526 0.4835640138408305
5 0.10944700460829493 0.5477941176470589 0.11578341013824885 0.548659169550173 0.12672811059907835 0.5477941176470589 0.13277649769585254 0.5449826989619377 0.13421658986175117 0.5432525951557093 0.13623271889400923 0.5291955017301039 0.13565668202764977 0.5257352941176471 0.1284562211981567 0.5168685121107266 0.12298387096774195 0.5129757785467128 0.11607142857142858 0.5105968858131489 0.10944700460829493 0.509515570934256 0.09879032258064516 0.5099480968858132 0.09504608294930876 0.5144896193771626 0.10253456221198157 0.5432525951557093 0.10944700460829493 0.5477941176470589
5 0.5351382488479263 0.9567474048442908 0.5391705069124424 0.9625865051903115 0.5466589861751152 0.9666955017301039 0.5498271889400922 0.9656141868512111 0.5538594470046083 0.9658304498269897 0.5642281105990784 0.9606401384083046 0.5754608294930875 0.9461505190311419 0.5780529953917051 0.9372837370242216 0.5771889400921659 0.9288494809688583 0.5731566820276498 0.9247404844290659 0.5682603686635945 0.9236591695501731 0.5535714285714286 0.9264705882352942 0.5506912442396313 0.9275519031141869 0.5423387096774194 0.9342560553633218 0.5374423963133641 0.93901384083045 0.5354262672811061 0.9424740484429066 0.5345622119815668 0.9537197231833912 0.5351382488479263 0.9567474048442908
5 0.47350230414746547 0.9833477508650519 0.47695852534562216 0.9911332179930797 0.4873271889400922 0.9954584775086506 0.49107142857142855 0.9961072664359862 0.5014400921658987 0.9958910034602078 0.5051843317972351 0.9941608996539794 0.5126728110599078 0.9883217993079585 0.5161290322580645 0.9842128027681663 0.5192972350230415 0.9772923875432526 0.519873271889401 0.973832179930796 0.5184331797235023 0.9692906574394465 0.5195852534562212 0.9669117647058825 0.5169930875576038 0.9636678200692043 0.5086405529953917 0.9584775086505191 0.5023041474654378 0.9569636678200693 0.49452764976958524 0.9567474048442908 0.48329493087557607 0.9586937716262977 0.4758064516129032 0.9656141868512111 0.47321428571428575 0.9703719723183392 0.47350230414746547 0.9833477508650519
5 0.43058755760368667 0.9595588235294118 0.4392281105990784 0.9612889273356402 0.445852534562212 0.9608564013840832 0.45852534562211983 0.956098615916955 0.4619815668202765 0.9530709342560554 0.4634216589861751 0.9491782006920417 0.46370967741935487 0.9457179930795849 0.4611175115207374 0.9385813148788928 0.45650921658986177 0.934688581314879 0.45276497695852536 0.9336072664359862 0.44297235023041476 0.9264705882352942 0.4357718894009217 0.9269031141868513 0.4308755760368664 0.9325259515570934 0.4291474654377881 0.93901384083045 0.42828341013824883 0.9509083044982699 0.42713133640552997 0.9528546712802768 0.42684331797235026 0.9565311418685122 0.43058755760368667 0.9595588235294118
5 0.3816244239631337 0.9426903114186851 0.39055299539170507 0.9548010380622838 0.4006336405529954 0.9599913494809689 0.40783410138248855 0.9617214532871973 0.4179147465437788 0.960423875432526 0.4233870967741936 0.9526384083044983 0.4254032258064516 0.9465830449826991 0.4254032258064516 0.9426903114186851 0.4216589861751152 0.9342560553633218 0.41445852534562216 0.9266868512110727 0.405241935483871 0.9214965397923877 0.39746543778801846 0.9193339100346021 0.39372119815668205 0.9193339100346021 0.3876728110599078 0.9210640138408305 0.3819124423963134 0.9247404844290659 0.3810483870967742 0.9262543252595157 0.38018433179723504 0.929930795847751 0.3816244239631337 0.9426903114186851