4 0.7353745393283095 0.5948654827827934 0.7385113965614939 0.5936618019014651 0.742023790511086 0.590328346467775 0.7427165431877403 0.5847409187555775 0.738266172044649 0.5784662187296057 0.7358675821545597 0.5804588736048109 0.7304991363049694 0.5810494660224537 0.7198709251233114 0.5782970289113755 0.7172973729647386 0.5763060479641606 0.713709871671865 0.5800654583083233 0.7136595119105038 0.5853269588621606 0.7155738845666632 0.5893977004856814 0.7186020612823253 0.5921276415507172 0.7248629696589737 0.5947688028866618 0.7284752185337678 0.5958449381858641 0.7353745393283095 0.5948654827827934
4 0.291012200765032 0.41637518685173874 0.29952632944012675 0.4062377008735113 0.300903009201115 0.4034060581283727 0.3009365823753557 0.39989839109248126 0.298851227948113 0.3951387032271957 0.2953308730037208 0.39188277949957523 0.28995844665673054 0.3891786823365627 0.2856079304388413 0.38731357304348346 0.2826963952355015 0.3872393891933944 0.27454984228201434 0.3886577214579492 0.2704118420042494 0.3905632705320538 0.26673244678097385 0.39650246930463456 0.26236427937844414 0.41132378537006825 0.26269343683089075 0.4177502009521989 0.2651167743029005 0.42059309172035864 0.27098137887862084 0.4238231715459557 0.281417841204675 0.42434580635255975 0.291012200765032 0.41637518685173874
4 0.36207224735552995 0.442959337885397 0.3654056985392385 0.43234755704863137 0.3648887727285879 0.4269860287426817 0.3609681334858675 0.4210243339240584 0.3572975638549122 0.41862032001738275 0.3471615309019842 0.4163938655688891 0.34243547796768725 0.4166585308281718 0.3353859424865825 0.4184898960521875 0.33317512095469715 0.41941766365121164 0.33194865588027195 0.4213973965754053 0.33105532875569355 0.43309823466238495 0.33257339761092464 0.43775789477555815 0.35164374602427595 0.4490260822401037 0.3552935485707108 0.44988924008406983 0.35929812074903306 0.4470817673129643 0.36207224735552995 0.442959337885397
4 0.3333722370125408 0.4730346206386982 0.34476830821413473 0.46977367512710666 0.352089544989045 0.45810825503718117 0.3526488695662565 0.4516189036279828 0.35136010323827016 0.44897606836404763 0.33246073659600234 0.4383968271412667 0.3248646826274065 0.4416690206758795 0.3182569656136708 0.449287869116317 0.3166381772357176 0.45515121011081855 0.31745553241949437 0.45880891877487856 0.3224188488758361 0.4671504575261446 0.3269235602776885 0.47145834657893443 0.3301395053515545 0.4731234003677892 0.3333722370125408 0.4730346206386982
4 0.12354285711919508 0.44394161012593597 0.1298333581726842 0.4397804148453339 0.14286500433935173 0.4289022948212951 0.14534752716504276 0.418140472356361 0.14354581552380583 0.4134307983671316 0.14000469349489317 0.4086340185768015 0.13707239120703302 0.4070189786640029 0.1306820352283419 0.40677058321171256 0.11163158930199094 0.4119758436504436 0.10710524621809799 0.4210596903755114 0.104868812506772 0.4320845041717378 0.10654107654596631 0.4391869440446216 0.10903952136125752 0.44160387990230887 0.11335248390750599 0.4436819666506245 0.12019746444328645 0.44466932222073574 0.12354285711919508 0.44394161012593597
5 0.1332516068895146 0.405466874578272 0.13551676868016113 0.40257229600606587 0.13594664565533 0.3984757104805219 0.13488320135718818 0.3945550104851695 0.13245986388517844 0.39171211971700987 0.12871418691094164 0.3897340607208067 0.12247404561881356 0.3886337554475715 0.10956388605938865 0.3905297304266452 0.10155474170274426 0.39614467596885633 0.09989441915575012 0.39892630483793856 0.10003182775259298 0.40312291811559486 0.10417778902515792 0.40780674820280105 0.11181935766019477 0.41091095637426267 0.11928596402674799 0.4100315287233042 0.1332516068895146 0.405466874578272
5 0.10736812191958338 0.41956884818885803 0.11503530273406075 0.41257601016311735 0.11170669664527247 0.4115498887399712 0.10839885764100458 0.41206462337953464 0.1048241624378512 0.4107755106250962 0.10081959025952907 0.4135829833962018 0.09768671352374472 0.41808135385818535 0.09606792514579145 0.42394469485268677 0.09671429855848473 0.42691345727498203 0.09815327957303424 0.4287043827179723 0.10176552844782835 0.42978051801717443 0.10433510010900102 0.42847680938373395 0.10736812191958338 0.41956884818885803
5 0.17414479864067356 0.4372725558576539 0.17687341058072964 0.4267737247240119 0.1767527885710072 0.4208232779284099 0.17364950451206357 0.41851929177384656 0.17060454120928106 0.4175431842267566 0.1646727902850793 0.42132843847294243 0.15552509428701153 0.4234486389302736 0.14706132537327787 0.4283246243546638 0.14773244636789157 0.43612893242032397 0.15199504915277895 0.4434685197224768 0.15574072612701587 0.44544657871868 0.1619601003346235 0.4450060279292057 0.16991490443250676 0.4413578933601766 0.17414479864067356 0.4372725558576539
5 0.3053772633286066 0.4294488956382767 0.30783019347745705 0.4254894297898895 0.30846462539795005 0.41857412347021866 0.3054532352694083 0.4140903488872373 0.29843727296254435 0.41241404707536117 0.29409073724205514 0.4138436273629372 0.2858562708555661 0.42073643763656554 0.2825524123486983 0.42454586185678433 0.28573478424832355 0.4297185826815305 0.29114476426695457 0.4322097023893069 0.29842360227530396 0.43239516201452943 0.30233628052322425 0.43176747767184215 0.3053772633286066 0.4294488956382767
5 0.3512588616082284 0.3964740125287982 0.3545043993589351 0.3913367097011061 0.3556893302643194 0.38627526465149326 0.35394195888184365 0.37959877968908196 0.35076356747961845 0.377720748444991 0.3474932821469913 0.37802250562931816 0.3447695153018554 0.3768834345030482 0.34386026618767673 0.37540551426740637 0.3371655003384594 0.3735662488763503 0.3328940719612517 0.3745698742534539 0.329156355981815 0.3791811944185614 0.32684481492720746 0.3906319631252602 0.3273785273249784 0.3942396579132642 0.3293472402398988 0.39634358856360297 0.3389199681182152 0.40176470484063964 0.3450642349825413 0.4017501089616375 0.3512588616082284 0.3964740125287982
5 0.48926570209337994 0.45638340931358423 0.4967994548084147 0.44848864759084267 0.4969456889975777 0.4443420481892425 0.49476446014253306 0.43846745917171975 0.49198237254123595 0.43600050943797636 0.4818631261754283 0.432020221471537 0.4718397542374226 0.42915483465733484 0.46809805776058583 0.430471465241787 0.46473189800015674 0.42965832127387704 0.45796600530505793 0.4315397003739487 0.4554923080716871 0.4339583101596263 0.45358987690772806 0.43977163727807167 0.45694323057843683 0.4456333043445827 0.4622988703383067 0.450091235025541 0.4780949529216308 0.45836649009375846 0.48359682687066374 0.4586778213731167 0.48926570209337994 0.45638340931358423
5 0.5521985761100716 0.43783428357214993 0.5589061480490092 0.4346250258646049 0.5665238336996458 0.4179610965521344 0.5665198532022456 0.41466640697147905 0.5625992139595253 0.40870471215285564 0.5548242172250457 0.4046985802843931 0.5434617191976926 0.40445185876009315 0.5376594158755335 0.4058443471226246 0.5313313611504036 0.410218519858463 0.5289111395782738 0.4256029105115259 0.5297660484336914 0.42904764172034965 0.5334949388208078 0.4327795342344986 0.5414616844108913 0.4390154684074356 0.5441854512560271 0.4401545395337056 0.5521985761100716 0.43783428357214993
5 0.5070521292736652 0.453370859254283 0.5105517171335368 0.4550859269191939 0.5160160374109289 0.4556102356537881 0.5203625731314182 0.4541806553662121 0.5238749670810103 0.4508471999325219 0.5295438423037266 0.44855278787298936 0.5354795737253285 0.4480622232074589 0.5360804324715809 0.4446545839236796 0.5350337747605594 0.43898005041038146 0.5255114066436041 0.42829743357950745 0.5122888762188528 0.4220131594585048 0.5050851455537849 0.42140174492280985 0.4978646283015967 0.4225441639050606 0.49593744955571717 0.42352194538014104 0.49567457385423175 0.42501278756679445 0.49475649914773295 0.43187808001040906 0.4955570677443892 0.4372896221924149 0.49919804469850393 0.44649599271563745 0.5070521292736652 0.453370859254283
5 0.5760475885214407 0.47673617848536515 0.5800945594663239 0.46207782599911174 0.5756026541541918 0.45272141384772063 0.5704347827525258 0.44719859589058136 0.5675024804646656 0.4455835559777828 0.5605448389139628 0.4452351327733802 0.5488898725082836 0.45328161005228057 0.5481387990754681 0.4575411591570046 0.5491646897019693 0.46167483660759306 0.5578233233711868 0.4772559349088999 0.561927750474711 0.47885805287068683 0.5709835525423768 0.4789176408417738 0.5760475885214407 0.47673617848536515
5 0.5337384341426126 0.4778403010874926 0.5365956290871912 0.4798812959107635 0.5423603787377094 0.4787017850034682 0.5498941314527441 0.4708070232807267 0.5487476188165206 0.46072289903453606 0.5474380854040138 0.4565392077078914 0.5455069261607342 0.4542222996023164 0.5410980891866837 0.45102931170176375 0.5351415906805616 0.44997902030458475 0.5239708415088122 0.45196210108475904 0.518643929828263 0.4556344056278211 0.5163412143659756 0.45874196165526354 0.5167079254900632 0.46495539978215794 0.5185096371313 0.46966507377138733 0.5218422237174885 0.4739858847751887 0.5241696867616962 0.47571387439111124 0.5337384341426126 0.4778403010874926
5 0.7534660613595219 0.4375285050952754 0.7560899732794557 0.43425798548865285 0.7557064755682479 0.4297983808797043 0.7481528203662129 0.4212196946991691 0.7384378387961336 0.423239867404388 0.7323351061008483 0.42633617540880914 0.7294651050665494 0.4293437036841392 0.7303032273348465 0.43454226841090876 0.7334272784783106 0.4383871106281817 0.7408227579989823 0.44122832746835094 0.747968167907889 0.4405118633965726 0.7534660613595219 0.4375285050952754
5 0.7014595765952547 0.4239663750441086 0.699128133053647 0.4189436958475309 0.6966336687357557 0.41982144957049883 0.6921329378313034 0.41880825009836425 0.6851377426089598 0.41867280434919785 0.6801863676448183 0.4202153343398979 0.6785507926797446 0.42783250885234503 0.6802941835648203 0.4312143042341011 0.6911684838608435 0.4342297326764716 0.6967079114815171 0.4343280865005935 0.7003873067047925 0.4283888877280127 0.7014595765952547 0.4239663750441086
5 0.69879724640616 0.44238246394653447 0.6949309474222006 0.43445395815472915 0.6801815225498979 0.4318532365998097 0.6768361298739893 0.4325809486946093 0.673607378710403 0.43596441800435565 0.6735985531180828 0.4443076306836121 0.6757214612169664 0.44885434109366146 0.6791667088180771 0.4525362197317544 0.6926105807752728 0.45424793954068443 0.6965024919386729 0.45207939913528755 0.69879724640616 0.44238246394653447
5 0.7260371732577929 0.4609472198643873 0.7345441984376935 0.4552735914909193 0.7366719516314972 0.44818239964105666 0.7337732225178777 0.4430596926923666 0.7307450458022156 0.4403297516273308 0.7239751726097167 0.43891644114674716 0.7159412806711518 0.4396958410455934 0.7098721211501072 0.4392844820141229 0.7049958535292472 0.44040105709435046 0.7005742104654764 0.44225659229239894 0.6967238334711173 0.447506844823215 0.695689117252296 0.45171638005188297 0.6965983663664748 0.4531943002875248 0.7035392213300572 0.45529655700987315 0.716403001625521 0.4619567721652921 0.7197691613859502 0.46276991613320195 0.7260371732577929 0.4609472198643873
5 0.7234393885267049 0.5431315788233688 0.726371690814565 0.5447466187361675 0.7335171007234716 0.5440301546643891 0.7396246785136771 0.5292959444000561 0.7361586638280461 0.5240732096992538 0.7300687372224812 0.5221209946050738 0.7215426670551861 0.5223744118413352 0.7151938452455359 0.5252077285144641 0.7111141657239319 0.528441156196042 0.7095121639330991 0.5325506636725976 0.7100290897437498 0.5379121919785472 0.7137539996334663 0.5383493949120408 0.7174996766077031 0.5403274539082441 0.7197144786369885 0.5426943758898752 0.7234393885267049 0.5431315788233688
5 0.7311224913307826 0.5493174991202496 0.7296251895600718 0.546198695069786 0.7279984401873184 0.5454726569029767 0.7237062447255903 0.5449354262173708 0.7163858725482002 0.5416682544667292 0.7096911066989828 0.5398289890756731 0.7049690342620858 0.5433883439156111 0.7001758349793075 0.550668343246677 0.6993536347006104 0.5586485368425287 0.7127471468964452 0.5656217572052963 0.7158088967863481 0.5648440312344405 0.7217198806260294 0.559517920925545 0.7298081128233554 0.5567717100535169 0.7311224913307826 0.5493174991202496
5 0.7438935130983244 0.573090094544654 0.7441316412178894 0.5667637067146357 0.7422923759050116 0.5622670101806426 0.737921092602602 0.5588610448248537 0.7312263267533845 0.5570217794337976 0.7273136485054643 0.5576494637764849 0.7193963980792218 0.5610846208902778 0.7168851471742103 0.5637162081311917 0.716292249422758 0.5737132265762817 0.7178854256212707 0.5779469317789825 0.7304615826333287 0.58126244347769 0.7359426894978413 0.5800329186943385 0.7421580832080489 0.5762976783242088 0.7438935130983244 0.573090094544654
5 0.7733923628429298 0.5782915376544928 0.7785275256678752 0.5723894308069566 0.7792410454290498 0.5683428591574687 0.7762088882159877 0.5623182285117776 0.7731431578286848 0.5598012649019781 0.7698521054115373 0.5585621660235958 0.7624398393037451 0.5574747827013722 0.7571465007974365 0.5576394202085426 0.7538218752060483 0.5599079883660518 0.7514064987288387 0.5636544767592029 0.7557481893544076 0.5738627987315388 0.7586053842989864 0.5759037935548097 0.763314650646163 0.5773929618134728 0.7698384347242968 0.578543280962764 0.7733923628429298 0.5782915376544928
5 0.7328989332827794 0.48616657052319 0.7345592558297735 0.4833849416541078 0.7348389181183792 0.48014026594950865 0.7323948135618491 0.47575651911863925 0.7298212614032763 0.4737655381714244 0.7213287644102221 0.4705112883717944 0.7186257646496067 0.4709130733082339 0.7149759621031716 0.4700499154642679 0.7094573015670186 0.47149241770285555 0.7065873005327196 0.4744999459781857 0.707196120273772 0.477681685855717 0.713043938262372 0.48266559919926005 0.7234468274141854 0.48669590104175553 0.7288735940199369 0.48743318723158613 0.7328989332827794 0.48616657052319