5 0.24868530524443616 0.6740747492653707 0.25348436174409683 0.6720907632643067 0.26096724377919317 0.666284607949014 0.26612649944359884 0.660167109204877 0.2673156147612129 0.6553404755167965 0.2661584670488617 0.6497705652100991 0.2631577282835812 0.6475456698675096 0.25200166056160855 0.6437991393341923 0.2482851889398321 0.6444270308854737 0.24498084265799305 0.6474154812603892 0.24428774646077178 0.650700201344033 0.24154732927714945 0.6534425376838299 0.23872768378606596 0.6546731078594223 0.24032624635427244 0.6686657153666882 0.2419454581981045 0.6720458122842898 0.24403805250305483 0.6734520624076821 0.24868530524443616 0.6740747492653707
5 0.2182970691512601 0.6665718191722128 0.22924741955611197 0.6553865072181384 0.23234803590447933 0.6485106581352683 0.2327195533988617 0.6445931119870817 0.2316755889828836 0.6411828676292479 0.22712354835159485 0.6368736749383748 0.21702742884823176 0.6313391167655025 0.2115173049650693 0.630761651068162 0.20667297514685945 0.6318817706896804 0.19653356970859615 0.6365277899166994 0.19610546056602723 0.6393655030904544 0.19884121227665535 0.6420374053429326 0.19932124759441672 0.6456937637358848 0.19803692016670996 0.6542069032571497 0.20764367340632345 0.6669135802216204 0.21492481289159712 0.66826446997781 0.2182970691512601 0.6665718191722128
5 0.15953793772969496 0.6735493305039588 0.16858343996043682 0.6700434391318358 0.17264879241732106 0.6650660682425948 0.17820885509202683 0.6610931617272054 0.1780277618178298 0.6576376962090236 0.1720649047491748 0.6484215667162283 0.16860210185241342 0.6483864847627347 0.16448482322033675 0.6468697840852685 0.1614727661254189 0.6444289221477926 0.1548913756940096 0.645423517495121 0.152642312157786 0.6520381788227566 0.14911825213984384 0.6563375024871062 0.1474670726907489 0.6633539495642825 0.14768212095385788 0.6674573148671236 0.14988789855518125 0.6710232309393794 0.15636275854686052 0.6734991748303492 0.15953793772969496 0.6735493305039588
5 0.4481597367818755 0.5949712922844564 0.4526598512379718 0.5927864134086221 0.4576220298255489 0.5884117211436922 0.4606547361960923 0.5802400724915038 0.45816133488084193 0.576689230139364 0.45549349314803766 0.5753131274562038 0.44962783557312436 0.5734549359096612 0.4458887272920733 0.57365089427117 0.4427701397574254 0.574680571571992 0.43474596528338694 0.5811647741121762 0.4315095289793719 0.5854490240564096 0.4319669276378586 0.5886734492595893 0.44029203153911045 0.5934345833736125 0.4441103681276227 0.5947503911763083 0.4481597367818755 0.5949712922844564
5 0.24418795361112408 0.5662471235366079 0.2549818347847026 0.5630827230335613 0.2572149145182948 0.5616663337033148 0.2595205697027051 0.5561315053501109 0.25846528695708965 0.5525052943973907 0.2539472013147129 0.548844001491177 0.24324853225122695 0.5483218961610391 0.2348575057558003 0.5533094062571347 0.2321963168796392 0.5575635087611361 0.23260844221957672 0.5599240675847701 0.23488212979872397 0.5647857832263442 0.2369973607629489 0.5666239665395093 0.24418795361112408 0.5662471235366079
5 0.5751051257352533 0.4417074065320702 0.5835753805381412 0.4382316626001793 0.5892646103118515 0.4312201500362646 0.590532953936927 0.42790528251238885 0.590322571146812 0.4183876786172725 0.5877093336785453 0.4070469651291074 0.5837778137936599 0.4035714913775478 0.5799481588755102 0.40203971697996554 0.5761977322648218 0.40201970874658793 0.5713986757651612 0.40400369474765185 0.5680603744944103 0.4063442453379082 0.5653991856182492 0.41059834784190974 0.5627945883902745 0.4159322833203432 0.5618930967865874 0.4207438432883075 0.562814546960204 0.4328228988818282 0.5674910892175034 0.4395077241164512 0.5716310045088546 0.44145635798369015 0.5751051257352533 0.4417074065320702
5 0.5565701130620084 0.3632013522145752 0.5622659956923619 0.36182004483782226 0.5653393099084605 0.35992650115745467 0.5659871327871325 0.35577791469426556 0.5637294290106167 0.34571792705530247 0.5593065554783325 0.3383701283159043 0.5557079326259234 0.3357434472237741 0.5519914610041469 0.3363713387750556 0.5455798455172973 0.34060543304567953 0.5418294189066089 0.3405854248123018 0.5371501985599647 0.35035928194939114 0.5372587163833437 0.3579331864905301 0.5400397414125211 0.36146895512255395 0.5468022251181274 0.3639298252934074 0.5565701130620084 0.3632013522145752
5 0.36890294092025494 0.397940944742756 0.3745309135727846 0.3952638377966849 0.38081336196062954 0.39406834957458614 0.38851794511547805 0.3979957647492961 0.3931359083409417 0.39255631323005036 0.39261059970463097 0.38803608845755255 0.38957590595043856 0.38516329333030397 0.372678682279563 0.3819342037941942 0.3672251500445872 0.3824365710712857 0.3559126130913412 0.3867109519889961 0.35481870988381975 0.3878510798438921 0.35612766135445023 0.3908143172918371 0.3595405254596682 0.3953997714580607 0.36401333778349576 0.39819719798472897 0.36890294092025494 0.397940944742756
5 0.3669262080010228 0.3822356781965153 0.3715441712264865 0.3767962266772694 0.3696533194713588 0.3682329314823949 0.3605672093950619 0.3654607178826971 0.35162823760404993 0.36549607001652207 0.3496488265954728 0.36624948584199357 0.34498559005146 0.3708250709816939 0.34448490545807303 0.3777812231784059 0.3454496415665899 0.379679701372035 0.3488511873421706 0.38404918894337225 0.3530137392927965 0.38642975600038393 0.3669262080010228 0.3822356781965153
5 0.2639109543909085 0.4142713297696668 0.2684789788248287 0.41338225046315075 0.2737966911041568 0.410288284047423 0.2765031532988671 0.4068980479229668 0.27799121066004556 0.4022723071096568 0.27820427153950555 0.39533122863306086 0.27577878020207897 0.39307618585023923 0.2731335751285493 0.3921320163568518 0.2615833532529197 0.3918710987819486 0.25595538060038997 0.39454820572801974 0.25237472893426127 0.3977676964179377 0.2507621699470724 0.4000178046874977 0.2512422052648337 0.40367416308044984 0.2558961108628583 0.4099270551253002 0.2606905018895248 0.41335730771651163 0.2639109543909085 0.4142713297696668
5 0.266083467709016 0.38968621990611435 0.2714124983179814 0.3868082200852728 0.2743386742487949 0.38210711067138253 0.27438861304033824 0.3775567384586527 0.2724817774825792 0.37419171526116707 0.268917109619082 0.3722129339536961 0.26212732378120684 0.3747343691853451 0.2469804664368171 0.3828912142977487 0.24545845408672676 0.38686905532639965 0.2503094367615798 0.3913791408920429 0.2558987889522034 0.39346837275358804 0.266083467709016 0.38968621990611435
5 0.3749917657597516 0.2609726322441182 0.3847143803850833 0.2593802927857405 0.3875340258761668 0.258149722610148 0.39192095703589 0.25380517778545014 0.3942765510118436 0.24371997721951658 0.39405018441909734 0.23940064532178917 0.3897178575239117 0.23378057934148194 0.3864634500336161 0.23221865750366755 0.38065438410688934 0.23144029893155685 0.37604108635441985 0.23146551185852732 0.36949365091192254 0.23310800699051484 0.3597164320220533 0.24466495725389775 0.35874703044054235 0.24818071765254382 0.35928365740649026 0.2529169090199279 0.3615233899967257 0.2571307248768429 0.3677445812633898 0.2602696422725877 0.3749917657597516 0.2609726322441182
5 0.35489473886311806 0.2462170100651888 0.36076506191102553 0.2426609630194561 0.36878258352842075 0.23054655529211057 0.3689956444078807 0.22360547681551454 0.3650075328748087 0.21905017008952318 0.36176444371415034 0.21770421484659522 0.3583355958063009 0.2183170326777606 0.3498087493552265 0.2207129436352196 0.34253426272659593 0.2249922590661916 0.3371666116557245 0.2326365976946494 0.3382398655876203 0.24210898042941748 0.3421827038021431 0.24580042077586345 0.3488885958595628 0.24718145797228522 0.35489473886311806 0.2462170100651888
5 0.4244983809555011 0.2040215998665173 0.43186341422123026 0.20147001719463611 0.43764319063203916 0.1961862373898125 0.44001675579427324 0.191947208605927 0.4395367204765119 0.18829085021297481 0.43440277956072604 0.17838159977517226 0.4230383164322875 0.17616190912617552 0.41642297101196635 0.1765086046888448 0.41188890156695807 0.17804558378002003 0.4096671401630033 0.17967793970515303 0.4073388483193184 0.184780834868584 0.40782553649372294 0.1940673984486978 0.41074238147854825 0.20019476621935822 0.41668726736092276 0.2035647239301052 0.4244983809555011 0.2040215998665173
5 0.385347600872516 0.20542372601764164 0.3985782917131585 0.20473033489230308 0.4033094382349952 0.20145054932192102 0.40625825082508327 0.1971813730978035 0.40703524080276 0.18999418058608902 0.40554519605793243 0.1835754776199622 0.401901299886974 0.18008493014828647 0.397519034200245 0.17901523638070915 0.38598013065425274 0.17897028540069218 0.37712038717070195 0.18051740369872168 0.3721355719238502 0.18446016277387897 0.3702580258820089 0.18715727795332793 0.3690349555754829 0.19133601185674914 0.36980261460717123 0.19497729652958534 0.3723865625595202 0.20025587164081618 0.3765943878286953 0.20350030507737338 0.385347600872516 0.20542372601764164
5 0.32436472066334704 0.2029891494950838 0.33323578247653507 0.20165799779194052 0.3405894974126268 0.1988904485251731 0.3425236351026547 0.19727316632015604 0.34379197872773004 0.19395829879628018 0.34062613049088386 0.1830796659381199 0.3352338553770887 0.1792476275973678 0.31475598004008454 0.1792380287511759 0.30391682554795674 0.181538562874677 0.2998175181021606 0.18586803397925897 0.3001231130023681 0.19169913204119085 0.30413386119471475 0.19668637195695501 0.308595355188905 0.19926783188873692 0.32436472066334704 0.2029891494950838
5 0.34936137234842407 0.17915691509634027 0.35926974572094694 0.1756058025638692 0.3616319925535437 0.17115080718509718 0.3613490343126109 0.16575164231293807 0.3579588068666675 0.16159812133648715 0.34778345905584324 0.15455179699941027 0.3413085990641639 0.15207585310844052 0.33670661964133175 0.1523170326302974 0.32708586998273587 0.1558530714426524 0.3252988705779931 0.16027791938119235 0.32650129160889363 0.16671169606743522 0.3323736020404501 0.17420009280113935 0.3421820978298862 0.17974972469412806 0.34936137234842407 0.17915691509634027
4 0.6240904070619904 0.4023250369408455 0.6358942976626349 0.40192298101097357 0.6378737086712121 0.4011695651855022 0.6399709684491566 0.39716157671661895 0.6399916177247821 0.38654906612695483 0.6361599754229835 0.3739728479499356 0.6349755255783636 0.37338524304574067 0.6306838065287329 0.37404328203725423 0.6057351062515501 0.38228070044383095 0.6038915151986208 0.3856257154079389 0.6042763384062896 0.3929685796340755 0.6097092213656399 0.40307872294664826 0.61484782775442 0.40757373479217557 0.6240904070619904 0.4023250369408455
2 0.529027188980475 0.6851532655442749 0.5393703243522101 0.6843946450252106 0.548415826582952 0.6808887536530877 0.5545398183558745 0.6766697331025799 0.5577356468143344 0.6661073781865254 0.5572216565076611 0.6618031200089141 0.5559013867073933 0.6586239159660827 0.5528666929532009 0.655751120838834 0.5407458891227114 0.6501061121118876 0.5308534995528199 0.6484589526469697 0.5208319428839239 0.6498503992305772 0.5149163465174671 0.6525425798967645 0.5094921037984091 0.6591070855507902 0.5053315392314321 0.6677709622732155 0.5064320952955967 0.6722610396054811 0.5111086375528962 0.6789458648401043 0.5176174525334873 0.6820697085157329 0.529027188980475 0.6851532655442749
2 0.4788158922193665 0.30490706639735904 0.48801985106503076 0.3044247073536452 0.4984695168764957 0.300195547596283 0.505123482758723 0.29508251322599743 0.5108173780054275 0.28265676206980755 0.5093046966013255 0.27580612591390796 0.507166828977826 0.27353600941097034 0.5001167215582926 0.2710902129602328 0.49315050791921455 0.2647419440814246 0.4893095346714277 0.26299420308895594 0.4820736685047032 0.26250717971231186 0.4721313401432684 0.2654103924601239 0.46711256990750466 0.2687052517506221 0.463357477823822 0.27409948210951973 0.4616903145720957 0.2863142011840848 0.46231748817514207 0.2927781253105599 0.4664187830045873 0.29949309798541507 0.47031634790056087 0.3023206719523155 0.4788158922193665 0.30490706639735904
1 0.4794611345803155 0.9445907917849258 0.48318892453172924 0.9441788668285305 0.4864932708135683 0.9411904164536153 0.49557540612256723 0.921873742494439 0.4986260836793912 0.9195482656242987 0.5078866341732421 0.9201457395550168 0.511118405004263 0.9212757282030586 0.5165219984476954 0.9253237331386968 0.5208589908158753 0.9255295605267289 0.5252572403052357 0.9214009822969171 0.5289104674221825 0.9140630525840422 0.5287180558183481 0.9103916204709737 0.519845006621511 0.9006783283946801 0.5084399356475175 0.8921805327738628 0.5047008273664664 0.8923764911353714 0.5027327346875266 0.8933458735557294 0.4886278543754658 0.8938685192465297 0.48427289082100555 0.8878165200764496 0.4804432359028559 0.8862847456788675 0.45951461476400823 0.8886809268166577 0.45174410901498485 0.8945021558520665 0.4501655050167079 0.8974001639062857 0.4502174311919004 0.9038942354729927 0.4532408066164554 0.9065510640053549 0.45663569953539307 0.9052903463895305 0.46009850243215455 0.9053254283430242 0.4634820770214546 0.9038487441323133 0.46670252952283836 0.9047627661854687 0.4665280891052845 0.9069375058544484 0.45907916205910004 0.9133915609544001 0.45729216265435735 0.9178164088929399 0.45863506911389973 0.921427546125544 0.46248736069132396 0.923391253712899 0.4635992350851258 0.9280972976400509 0.4630872321621016 0.9348374832418767 0.4647177623355711 0.9384335467543646 0.46920189298903586 0.9414469398759195 0.4794611345803155 0.9445907917849258
1 0.39087233998510085 0.97673662373182 0.3974084570979608 0.974878162004946 0.40606447064803985 0.9694436449989619 0.4150260790983264 0.9698402260549097 0.42682530422597686 0.974852408717313 0.42912629393739304 0.9747318189563845 0.4355718644131545 0.9711456244704199 0.4402191171545359 0.9717683113281084 0.4394920659684026 0.974405131627093 0.4432151904468222 0.9794074452629731 0.4464582796074805 0.9807534005059011 0.45405434493895 0.977106911139472 0.4563713184529975 0.9717880493811547 0.45628077181589904 0.9700603166220638 0.44948899859437486 0.961537308074276 0.4415647017034233 0.958920766189 0.4397757149150315 0.9523011703481028 0.43242666545193387 0.9496544810225952 0.4292221967531817 0.9435421869720511 0.4203105270944385 0.9385952337033734 0.41063318578765606 0.9410514395412968 0.3991282372305757 0.9416543883459388 0.3932239591937563 0.9445625356070124 0.39160008187693013 0.946596677281686 0.38516582973080593 0.9503988383625372 0.3797915258032913 0.9524129718038333 0.3777055843549842 0.9566369268676027 0.3781423337378454 0.9704738626604467 0.3807036450309197 0.9753205045819046 0.38769716080226646 0.9766864680582102 0.39087233998510085 0.97673662373182
0 0.42243776709399683 0.9131462574602753 0.4292162346022345 0.9104088556337402 0.43056380653477105 0.908605754274069 0.4331004937849217 0.9019760192263171 0.43157649405118237 0.8949094164755313 0.42464423540101637 0.889209047381382 0.41410402295245274 0.8917104743796536 0.4104894162974121 0.8942820652849125 0.4086118702555709 0.8969791804643611 0.4075971953555106 0.899631074483462 0.4086411597714886 0.9030413188412958 0.4125839979860114 0.9067327591877415 0.42148434931511725 0.9114637458615327 0.42243776709399683 0.9131462574602753
0 0.3984990762438802 0.9241460204400269 0.4058867461688839 0.9220263709579184 0.4108036514379118 0.9167878123134429 0.41068381528489556 0.9089979411774175 0.4090646034410635 0.905617844259816 0.4043833957107701 0.9043472576174683 0.398309342729391 0.9040159059552462 0.3908877178154754 0.9054876556526956 0.3863716195567476 0.9128708065259186 0.3846185751409168 0.9179435542491176 0.38501938215121695 0.9200881464778652 0.38716856810435374 0.9225742295756895 0.39475996796282914 0.9243419788015356 0.3984990762438802 0.9241460204400269