4 0.2729455521474161 0.4475610766854337 0.27854523377533813 0.44703773072035285 0.289462243323802 0.4376526005619429 0.2950490222698981 0.4310125683992174 0.2975285291715007 0.42371744931385535 0.2960737847697078 0.4195820086359389 0.2906561219506609 0.414671227779948 0.27912854256644215 0.4097753074133504 0.2722375091633629 0.41120910730133664 0.2681986303361523 0.41304375137411575 0.2635878897186646 0.41894740351482085 0.2613176378646923 0.42889259126951573 0.2579824845903291 0.43606745709943995 0.25852138664143753 0.4405109611606476 0.2602771109328499 0.4425048186449187 0.266986125527054 0.4465051455780042 0.2729455521474161 0.4475610766854337
4 0.35134541236952993 0.4712459808012543 0.3555046831525884 0.468554703451017 0.35961952238975553 0.4641100751273843 0.36151283394415173 0.45891645481718835 0.3625519300008908 0.44945340434666986 0.35832099143318585 0.44230713523310694 0.35329317159554097 0.43876147313026176 0.3409687109413822 0.43746615977438175 0.33083424910592907 0.4412831736293141 0.3284908985922069 0.44553999182509346 0.327603723355381 0.4497830737939047 0.33010760474553213 0.4588705040087165 0.3338297392510906 0.4613591107417071 0.33890199063462667 0.4666581238179478 0.3473824939522759 0.47047064062317984 0.35134541236952993 0.4712459808012543
4 0.33135598065579697 0.4955168005491366 0.34186595191572283 0.4910973961545899 0.3452598702929066 0.4876433905908212 0.35041237471170944 0.47788488870155466 0.3503392760519596 0.47219651914263905 0.3482682383139984 0.47037673555925313 0.338166736217714 0.4656812372850518 0.33485020912559016 0.4623760816930823 0.3284407435459022 0.46038334847123624 0.32383143380351787 0.46213782370705686 0.3182446548574217 0.4687778558697822 0.31653193123679724 0.47268652626379104 0.31711383395869347 0.48303255820327884 0.31856857836048635 0.4871679988811953 0.32284537934918583 0.49191844206326907 0.327137944769918 0.4944872176332182 0.33135598065579697 0.4955168005491366
4 0.12311716775332542 0.4706185102835101 0.14130215100444463 0.4550480127926149 0.14249173700599338 0.44451417072527377 0.13781075947896265 0.4364310994972943 0.13576981972996338 0.4343971575945439 0.13243752820580695 0.4332736696146989 0.1094067439259179 0.4398643781816771 0.10465984692054975 0.44880633121196495 0.10273500650208815 0.45836328674641 0.10438324151947864 0.467330463705784 0.10909574791057482 0.47105019970951434 0.11239794144576927 0.47238784600872386 0.11784713312888155 0.47293529164046566 0.12311716775332542 0.4706185102835101
4 0.7383412681310026 0.6025073885776862 0.742560734891985 0.5993877945887197 0.743222890649148 0.5946763115627002 0.7423084791735668 0.5908351980411068 0.7384215211662694 0.5874498736121787 0.7319661931655868 0.5878529663218217 0.7248057087369533 0.5870650141792042 0.7208126923307374 0.5865038323204942 0.7175706947734668 0.5847378693825558 0.7137869334148811 0.5868267561931787 0.7132150716246041 0.5908957642611047 0.714609620048473 0.5954595215777501 0.7188563230482105 0.6004241230791885 0.7220381246275571 0.6026184026558561 0.7287629036537939 0.604437061976817 0.7383412681310026 0.6025073885776862
5 0.13297929200712205 0.42941881986613745 0.13326593833981232 0.4253097273797321 0.13140558652458478 0.4219908355607944 0.12720331507073845 0.41877958503275164 0.11728097003312232 0.41694831374724783 0.1092490747996957 0.41822177596131693 0.10246266892043158 0.4209806101839697 0.0976871048012049 0.42598754462873745 0.09670963559749317 0.4308731015556423 0.10064102515068189 0.43601177695796584 0.10641986383727224 0.43835265798158246 0.11364054424382955 0.4387122934854709 0.1307864314382097 0.4326048464650942 0.13297929200712205 0.42941881986613745
5 0.16243390022952398 0.4702476321553709 0.1661273676212238 0.4688012203028416 0.17181877409113505 0.46348622247478255 0.1741950843440259 0.4507168921498696 0.17376080981673261 0.4475984224233283 0.17251532046257007 0.4461130504147448 0.16977567562653298 0.44594640675855607 0.16582063942529526 0.44408023277441944 0.16154097668638898 0.4476281434021147 0.14750236153650229 0.45439067734512806 0.14589569631479632 0.4554752051689189 0.14595446141761684 0.45919606543507446 0.14944871469330562 0.4695146249206258 0.15126463496264186 0.47108016576616796 0.15326114316574993 0.4713607566955229 0.16243390022952398 0.4702476321553709
5 0.5421086662682477 0.45699900435377705 0.546492956530969 0.4547761280607481 0.5534441859119721 0.45291401153403277 0.5572136137136285 0.44885761543064984 0.5628175879668607 0.43588673875091527 0.5628949792519206 0.4291275775951771 0.5584834527504439 0.42326625839780146 0.5522545751045278 0.4199885752597682 0.5427220730483135 0.41952242272740997 0.5319125527738715 0.42193423341071734 0.5290747317549324 0.42350089851868444 0.5275870276139708 0.42787796996990163 0.5263960107373186 0.4425609889421273 0.5271155007221987 0.44571954308714795 0.5361793376368476 0.45572891492698303 0.5388810022679064 0.45720055070859844 0.5421086662682477 0.45699900435377705
5 0.4979404092628658 0.4649868011775376 0.5006865054398159 0.46821178793254853 0.5085363818643674 0.472372452539551 0.5137003580898928 0.47287981375281357 0.5179040604188425 0.47194188737597187 0.5333988508456253 0.4651656172059904 0.53388184954412 0.45758990719127335 0.5266496973308401 0.44696440858485575 0.5207361331314726 0.4435126515459372 0.5102892195996775 0.4392053854919856 0.5001260906503657 0.439087380761398 0.4946611345352208 0.4407216027417807 0.4940448411990525 0.4430372598363112 0.49539495807703016 0.44584766617956123 0.4956486446705518 0.4502510858222896 0.49378543110511747 0.45523054781312117 0.4958263708541167 0.45726448971587164 0.4979404092628658 0.4649868011775376
5 0.4842758726623484 0.4752961214858213 0.4893509857960914 0.47229678075229276 0.49402192239150294 0.4659648119728585 0.4945636861928181 0.4621099622242971 0.49135321749961286 0.4559806640621096 0.4874361615033534 0.452809497952546 0.4799460300712419 0.4502281104180536 0.4629678281288075 0.44893392132459864 0.45910953723536857 0.44948361548119065 0.4556109913343698 0.451612586710293 0.4537778757578974 0.45637789038175985 0.4531300535576638 0.4630568827005395 0.45488577784907613 0.46505074018481063 0.4599135976867211 0.46859640228765587 0.473512214808901 0.4753121062376395 0.4792165239606382 0.47611379460722514 0.4842758726623484 0.4752961214858213
5 0.5371109692254603 0.49669846227317294 0.5430417287319638 0.4938193747950824 0.5449049422973979 0.4888399128042509 0.5480136452169948 0.48534582282200295 0.5493064278672554 0.48028619199421285 0.5443259013257085 0.47019552705499407 0.5378720042001293 0.46644944285975243 0.530876343273235 0.46655820841307233 0.5229490755636235 0.46915670496180795 0.5152611608906041 0.47419111186051194 0.5142091621520393 0.47753747613338576 0.5149429856938486 0.4826635395711662 0.520284688102939 0.4901843046780107 0.5236614111729867 0.4930611436312512 0.5302213666974845 0.4939830852562747 0.5371109692254603 0.49669846227317294
5 0.6921592083917945 0.442708325622678 0.6953883032672391 0.438357602362972 0.6954800281092284 0.43356595049999375 0.693469186349191 0.43131785027787883 0.6907374237291702 0.4300603728156279 0.679298707436734 0.4286711543958212 0.6771216112998543 0.4296755133826534 0.6751838681995668 0.43311578271945395 0.6738609875603443 0.43838957186660854 0.6758417313314197 0.44085183040808806 0.6805098061766246 0.4428182154384229 0.6881805255425077 0.44411465305672815 0.6899821122549147 0.44371268460951024 0.6921592083917945 0.442708325622678
5 0.6892096054735232 0.4636958409204016 0.691101486152816 0.46265139751509016 0.6930994252310274 0.4587828115395606 0.6937472474312611 0.45210381922078086 0.6913924251108163 0.4460947743140311 0.6888713484135291 0.44333818861622853 0.6764866917814466 0.44247119189907763 0.6705860302639051 0.44513612105780365 0.6692774831816118 0.45237741949771826 0.6705817376385949 0.4575836517724573 0.6725022854317463 0.4604742269526659 0.6751738520738433 0.46216002105364595 0.6860120394621438 0.4636832289558586 0.6892096054735232 0.4636958409204016
5 0.7301774347173189 0.4639937859418672 0.7317998643710576 0.4607275905059519 0.7315920401985306 0.45392834493173445 0.7228119878663654 0.44810823441526304 0.7052174925877626 0.44912970241633865 0.6963141865495428 0.4524645789870944 0.6931897191979133 0.4581403365814669 0.6923326419500493 0.46216926023091365 0.693353111824549 0.4631862311822889 0.7128065280432758 0.46963283190503563 0.7191113660991486 0.4703005307922153 0.7278197506466675 0.4662830948448865 0.7301774347173189 0.4639937859418672
5 0.7467715171787648 0.4473261486626381 0.7490088092935684 0.44589347303707694 0.7508863564159318 0.4428815203390054 0.7512331987265461 0.438344111213871 0.7500034738044162 0.4346770715931629 0.7467170447012543 0.4311577576818289 0.7433847531770978 0.430034269701984 0.7320950959543681 0.4317234365902392 0.7255480431116963 0.4369181811628603 0.7251109068341962 0.4420980652460882 0.7266860431918369 0.4453768726465466 0.7298076487932598 0.44799946886194314 0.7356466834577738 0.44991203324683077 0.7409009536501852 0.44977691950199966 0.7467715171787648 0.4473261486626381
5 0.7345617745918315 0.5486894663320496 0.7388299655240151 0.5348756926018251 0.7320908529408491 0.5310895239881043 0.7210419796298149 0.5310654243214432 0.7183245505667233 0.5317754561519523 0.7135045549016054 0.5350290396233246 0.7087590887713405 0.5398218157487278 0.7077515215786667 0.5449215309949972 0.7087562270211338 0.5481201695584969 0.7184377881470543 0.551664707398917 0.7283601331846704 0.553495978684421 0.7326842274694678 0.551701419030121 0.7345617745918315 0.5486894663320496
5 0.72981344671136 0.5617805962672219 0.7256871356674701 0.5559593614883255 0.7119380286004805 0.5503144491351646 0.7081700316739273 0.5502216683336629 0.7002255686571799 0.5591510093994077 0.6988123940510715 0.5650672735046558 0.6996522759917995 0.5673691943722182 0.7117646198481212 0.5743127928685345 0.7146769704019137 0.5742853204145983 0.7301574272717672 0.5655415409518568 0.72981344671136 0.5617805962672219
5 0.7449700048840444 0.5781059521346731 0.7440856913974254 0.5740506802937151 0.7412349676966601 0.5695006592040379 0.7377077546818027 0.56769461184762 0.7303523487624684 0.5662241003284296 0.7261486464335187 0.5671620267052714 0.7220194736394222 0.569639145736144 0.7190913586535971 0.5718482858022048 0.7168383021067607 0.5754626290398906 0.715770538936163 0.580990660924889 0.7177054202862438 0.5858487453978577 0.7309901548369784 0.588589346343842 0.7357341900921398 0.5879457471233233 0.7406588132810729 0.5860171979866176 0.7449700048840444 0.5781059521346731
4 0.7383412681310026 0.6025073885776862 0.742560734891985 0.5993877945887197 0.7425034006642679 0.5915177574176796 0.7413482052769911 0.5893899104510025 0.7381363057086825 0.5874097891936996 0.7296242735269681 0.5879606076127165 0.7208126923307374 0.5865038323204942 0.7175706947734668 0.5847378693825558 0.7137869334148811 0.5868267561931787 0.7132752676025279 0.5904674476223757 0.714609620048473 0.5954595215777501 0.7188563230482105 0.6004241230791885 0.7220381246275571 0.6026184026558561 0.7290481191113808 0.6044771463952963 0.7383412681310026 0.6025073885776862
5 0.770398612155166 0.5834268163527245 0.7795584665371142 0.5761970056149279 0.7803854457960162 0.5723822402848459 0.7794108383425112 0.5689694434019815 0.7742626265490185 0.5662804145765944 0.759116109307953 0.564370098716557 0.7543118780748678 0.5654420145758048 0.7526894484211291 0.5687082100117201 0.7528370766157322 0.5759357722246665 0.7547576244088836 0.578826347404875 0.7590501898296156 0.5813951229748244 0.7663153017820643 0.5835081094521082 0.770398612155166 0.5834268163527245