2 0.6103294533199831 0.5153693394308395 0.6178610609082094 0.515052284862134 0.6236043472556824 0.516332224878115 0.6268150307380758 0.5145099502458473 0.6299718768395581 0.5105066154072747 0.6312527333364524 0.505705614527405 0.6285986311246139 0.4999951388334935 0.6191448393227745 0.4918582886340762 0.606818673867781 0.4876797172637154 0.601745825365736 0.4869504664877387 0.5966591522787541 0.4879750750787091 0.5935837927280563 0.49065175138969214 0.5920446519938718 0.5011865872192777 0.5936147017933091 0.5092583471575589 0.5974743557643077 0.5152157996527633 0.6028178521297443 0.5176538537861712 0.6103294533199831 0.5153693394308395
2 0.46190317321398283 0.6203303969375492 0.46879053116781877 0.6251514320690389 0.4727393144614882 0.6243070475161334 0.47974345090786813 0.6188185268656184 0.48818995599387593 0.6150721859541488 0.4901274257512614 0.6125757336812303 0.49040571638653896 0.6088093585181408 0.4877516141747004 0.6030988828242293 0.4779933435265459 0.5930396288477022 0.46918852221331164 0.592682505775757 0.45819705063612337 0.5858839937318314 0.45305654016823044 0.5847275421164968 0.4441702323042117 0.5856970775721411 0.44167764223510675 0.5865297824971447 0.4394218690464693 0.5888576903599003 0.4375982558639566 0.5994375821990021 0.43859317895368716 0.6038781350027423 0.4448701182560568 0.6140508602541059 0.44723356620651666 0.6160850728039603 0.46190317321398283 0.6203303969375492
3 0.648797406985039 0.27586661755991093 0.6558415562273935 0.2743130164826483 0.6628795236566973 0.2690380962518123 0.6663684977743685 0.2634494464564551 0.6657395336837506 0.2576371791156092 0.6520477652856989 0.23747195265094656 0.6497519793010869 0.23586494094045 0.6435412410057294 0.23531591420253797 0.6385498790544689 0.23326000489897178 0.6351023786916079 0.23358707659348718 0.6318240332433664 0.23498215038639705 0.6256394831590468 0.2401219025886844 0.623803506350433 0.24325915612063942 0.6213771172883404 0.25371555955909464 0.6225612016906777 0.2611915742478554 0.624876994073277 0.264766045744978 0.6315198923747593 0.273567056459236 0.6386378853960122 0.2761619753749045 0.648797406985039 0.27586661755991093
4 0.19625062929203457 0.12508092515497707 0.1992783332748718 0.12394450779126212 0.20263816527389772 0.12122277547076292 0.20373604227123562 0.11710763185944587 0.20268728180059395 0.11048601884940065 0.1997010515725668 0.10636085811227378 0.18900023425675716 0.10323860921240521 0.18605401682470446 0.10304836804853057 0.18185459206563093 0.1041514090306312 0.17631283065686584 0.11334956920681742 0.17549942610785604 0.1174196568086181 0.17659584214635834 0.122501010871395 0.17849183814893377 0.12526613669931824 0.18227764834103408 0.1270750692015917 0.19625062929203457 0.12508092515497707
4 0.17377988981407824 0.06974004470861965 0.17918486633231204 0.06888398052781186 0.18160979443556916 0.06762407476345071 0.18451599907164737 0.06387939635407322 0.18492961363862062 0.06096742286969903 0.17895715318256628 0.052717101395445366 0.17204978883074312 0.04592860647732957 0.1609553633459475 0.04768579084846118 0.15690362614467077 0.057085871816424036 0.15770174514990823 0.06396614125566442 0.16267928251623207 0.06777590992617802 0.16969578258871318 0.06973002758280974 0.17377988981407824 0.06974004470861965
4 0.9487138788404568 0.9027573756237167 0.9547769295780174 0.8950093623757667 0.9591593338366474 0.8932204641251131 0.9640230146280983 0.8889467932294434 0.9643289544332492 0.8816726993324593 0.962297634498978 0.8780531718258203 0.9582950138243976 0.8767164961724209 0.9461103541141501 0.8771136456343491 0.9410375056121051 0.8763843948583722 0.9380974699931031 0.8799154728480708 0.934377860808015 0.8877302388592492 0.9286807690695669 0.8941065375700937 0.9296080301934497 0.8981198895344761 0.9381207362864696 0.9039972471364581 0.9431259228226668 0.9042992970730772 0.9487138788404568 0.9027573756237167
4 0.7846373402479078 0.8665602696022091 0.7908418967302147 0.863387977186548 0.7999526578485996 0.856471006361509 0.8080546712923177 0.8468673420996773 0.8086112525628728 0.8393345917734981 0.8063631221461213 0.8361873211157331 0.795208677467364 0.8320421261269864 0.7912937251566186 0.8331001110995709 0.780408467382417 0.839860217142349 0.77699479800248 0.8404008892565434 0.7709779418739442 0.8558051412313192 0.7718713720149031 0.8596048927760229 0.7735505575349982 0.8628422754528202 0.7785957568671699 0.8670792449626916 0.7846373402479078 0.8665602696022091
4 0.428971922125769 0.7972098319546757 0.4314445057968867 0.7944096672430458 0.4323255723117444 0.7907667804806028 0.43138594756176063 0.7793107902090737 0.43009272743876525 0.7766691527817968 0.42577180333293285 0.7751639327182348 0.4224119713339068 0.777885665038734 0.41430231511830273 0.7929645078210865 0.41313677615511707 0.7966524505930458 0.4138748759663929 0.7976303406724078 0.4187647449688815 0.7990454487169375 0.4257274076604515 0.7988185061672641 0.428971922125769 0.7972098319546757
4 0.4419667264896468 0.7706282803891855 0.4446222896603208 0.7671422584090031 0.4451850527439266 0.7633308272363972 0.44322139477550315 0.7601385005691161 0.4373427844963345 0.7580041588744196 0.43068460065107994 0.7601535052012027 0.4250213398955559 0.766743404331726 0.4259486010194385 0.7707567562961086 0.4297882485924499 0.7747467490046869 0.4362834593361355 0.7752507197330829 0.4419667264896468 0.7706282803891855
5 0.7838559677452781 0.8395331454478339 0.7910092527082905 0.8331451671090871 0.7940646058610011 0.828501031011478 0.7960159002033232 0.8242507193716122 0.7946211871315562 0.8209682806852989 0.7912351669214924 0.8180012340655989 0.7844016463485677 0.815361259140414 0.7766532282778613 0.8161505705579938 0.7735502195572901 0.8223349656028711 0.7707255014719965 0.8247529854846591 0.7674733442347927 0.8318368382177684 0.7686174158411556 0.835377933333277 0.7735472976396188 0.8407279609510588 0.7771639529170996 0.841468891354938 0.7838559677452781 0.8395331454478339
5 0.49202488271267236 0.6061443618350598 0.4970500756468568 0.608413871558305 0.5148703469427549 0.604934541699748 0.5217253348725025 0.6003454787374648 0.5206827562149113 0.597445184880993 0.5143028630049342 0.5958281560446865 0.5096512718417486 0.586711753263815 0.5016536732644737 0.5785632234364957 0.4961410219844177 0.5750571672046936 0.48896154881036746 0.5757563666032406 0.483861051138449 0.5785348345611583 0.4801352601403105 0.5826282814187633 0.47836694529754464 0.586192735790076 0.4791788888877188 0.5913191458623691 0.48141319471953353 0.5962202758870812 0.4845824044471169 0.5996595793556553 0.49202488271267236 0.6061443618350598
5 0.4534675707952407 0.6407158738302596 0.46677011390081324 0.6381710405436406 0.46941185248655054 0.6364388779304054 0.47149847076056844 0.6330429679692553 0.4702190752225097 0.6286474711750312 0.4645849245956947 0.6225331538975662 0.45697947322857024 0.6187016884733407 0.44679994524155625 0.6170295865017081 0.43615914711970827 0.619809716961718 0.43262251743417657 0.6269386257043437 0.4332514815247944 0.6327508930451895 0.4367251700986932 0.6381126002908735 0.44678938055199885 0.6408977603704166 0.4534675707952407 0.6407158738302596
5 0.6156300149717739 0.532265469339183 0.6217530849032962 0.530419835451111 0.6244286544719575 0.5289012732575549 0.627551669590516 0.5246843379993033 0.6280467707082737 0.5204457059873397 0.6269703610677588 0.517331811711189 0.6234351923410627 0.5152642227797206 0.6137431226999202 0.5148286673166452 0.6077692012850304 0.5157748435164853 0.6028855140955921 0.5180810546255289 0.6016661377514951 0.5195879371911832 0.6028502221538325 0.527063951879944 0.606405397278516 0.5310990005980385 0.6101235455047684 0.5324807322609539 0.6156300149717739 0.532265469339183
5 0.5910038722728245 0.5295971055386608 0.5944651972206222 0.5275161744771981 0.5976020369241174 0.5215453798519994 0.5964579653177544 0.5180042847364908 0.5913451040197348 0.5133401143872618 0.5858186281547422 0.5115879175224067 0.5781855276177442 0.5112641708320758 0.5740537648245185 0.5127944126535342 0.5720824640842092 0.5150772645067737 0.5709031005360867 0.52051906664568 0.5716950377282737 0.5236780169313471 0.5760697992150173 0.527364297201214 0.5870212579962312 0.5302278896718875 0.5910038722728245 0.5295971055386608
5 0.313645372067186 0.6453448368427555 0.320574203775832 0.6449042938734035 0.32622363994641934 0.6400682541098274 0.3285947306687653 0.636627288139161 0.3293881288197879 0.630589740750734 0.32751978198708587 0.6243168961889164 0.3228467234670774 0.6224295312955126 0.31702195056881977 0.622476249807121 0.31054674622312156 0.6239397388653514 0.2990110570014793 0.6321166154547514 0.29727657314163736 0.6358946702457431 0.2986036242475566 0.6387499080926987 0.3020911374063921 0.6423577559714355 0.3065135544609964 0.6445037772940342 0.313645372067186 0.6453448368427555
5 0.2918115774294419 0.6308483550666726 0.30905672201563317 0.6237378180735745 0.3107235439096273 0.6195325624432252 0.3067147414219963 0.6144745676362525 0.3015403999711794 0.613104515601239 0.29404262336587716 0.6136351705896235 0.28248074593319716 0.6161232682388241 0.27781386922623924 0.6179572224989938 0.27612704093425794 0.6201950183427172 0.2754766094868172 0.621611788889339 0.27670834945701517 0.6275475446308314 0.2802973555646225 0.6317961937686049 0.2832774039795991 0.6322000353521584 0.2918115774294419 0.6308483550666726
5 0.27013019120370957 0.6375667301041189 0.27369300910027905 0.6361266003016929 0.2791256347883862 0.6317628173869907 0.27435872609149203 0.6237594727140299 0.270153119519368 0.6211411945425572 0.26059637380992134 0.6215600407581973 0.2569120565665928 0.6203919095149606 0.25385052160083155 0.6213147264589965 0.24753064758481624 0.6256000769825685 0.24713703941583026 0.6304795102535685 0.24868090100422974 0.6328624912516503 0.256354014337202 0.6371211575152336 0.265260328599208 0.6381190818462155 0.27013019120370957 0.6375667301041189
5 0.28390310817483766 0.6158979881912432 0.29635223393542587 0.6134883229331727 0.29967823495152796 0.6105529901929945 0.2990692772588973 0.6067081826387747 0.3006546126021068 0.6038295855360147 0.2888497364759087 0.6011011610938899 0.2750597350244646 0.6024094478719519 0.27135395042431326 0.6084703545161829 0.27241653547989164 0.613338108159281 0.27414337656784743 0.6150352318888099 0.277793862828252 0.6159897627123677 0.28390310817483766 0.6158979881912432
5 0.311755219899953 0.6057937203184565 0.31759381738314724 0.603993142439901 0.3196804356571651 0.6005972324787509 0.31970808482703844 0.5970895137448563 0.3180288993069433 0.5938521310680591 0.3085951139030912 0.587682740655268 0.30075902746854977 0.5860773914468637 0.2977313234857125 0.5872138088105784 0.2912484763681281 0.5941524763893292 0.2890127095774778 0.5984478440387111 0.2893371948217804 0.6023377076024471 0.29678731585922197 0.6033473115613309 0.3006069570342462 0.6053698444832831 0.311755219899953 0.6057937203184565
5 0.16161265256185509 0.13100495915531063 0.1728562265632831 0.12834831709594727 0.1738187796289253 0.12337877180591476 0.1726823507944485 0.11436249816988556 0.16830758930770484 0.11067621790001861 0.16162321725141246 0.10713678528660227 0.1544775750602862 0.10804958510482825 0.14807003268043575 0.10994027500241624 0.1448931801809661 0.11197615005436265 0.14292806125370727 0.11798032106117562 0.14459342218886576 0.1229715631049201 0.14652324917436504 0.1259502893525223 0.1553680832835737 0.13024233199771978 0.16161265256185509 0.13100495915531063