5 0.6298963133640554 0.18923010380622837 0.6327764976958525 0.19096020761245674 0.6405529953917051 0.19225778546712805 0.6509216589861752 0.18814878892733566 0.6581221198156683 0.18295847750865052 0.6607142857142858 0.17841695501730107 0.6682027649769585 0.16284602076124569 0.6693548387096774 0.1583044982698962 0.6682027649769585 0.15527681660899656 0.6647465437788018 0.15289792387543252 0.6512096774193549 0.1477076124567474 0.6480414746543779 0.14792387543252597 0.6442972350230415 0.1494377162629758 0.6376728110599078 0.15441176470588236 0.6350806451612903 0.1578719723183391 0.6316244239631337 0.16371107266435986 0.6270161290322581 0.1758217993079585 0.6273041474654378 0.185121107266436 0.6298963133640554 0.18923010380622837
5 0.5259216589861752 0.1766868512110727 0.5290898617511521 0.1753892733564014 0.5308179723502304 0.17063148788927338 0.5362903225806452 0.16587370242214533 0.5420506912442397 0.16414359861591696 0.5504032258064516 0.16500865051903116 0.5492511520737328 0.1578719723183391 0.5472350230414746 0.1546280276816609 0.5432027649769585 0.15008650519031144 0.5362903225806452 0.14554498269896193 0.5293778801843319 0.14511245674740486 0.5262096774193549 0.14641003460207613 0.5213133640552996 0.152681660899654 0.5221774193548387 0.16500865051903116 0.5259216589861752 0.1766868512110727
5 0.5311059907834101 0.1855536332179931 0.5397465437788018 0.19744809688581316 0.5432027649769585 0.20090830449826994 0.5483870967741936 0.20307093425605535 0.5529953917050692 0.20415224913494812 0.560483870967742 0.20415224913494812 0.5642281105990784 0.20134083044982704 0.5682603686635945 0.1903114186851211 0.5671082949308757 0.18209342560553635 0.5625 0.17474048442906576 0.5501152073732719 0.16371107266435986 0.5469470046082949 0.16262975778546712 0.5432027649769585 0.16371107266435986 0.5397465437788018 0.16349480968858132 0.5325460829493088 0.16760380622837373 0.5299539170506913 0.17192906574394465 0.5290898617511521 0.17517301038062286 0.5311059907834101 0.1855536332179931
5 0.5898617511520737 0.24783737024221458 0.5956221198156683 0.25281141868512114 0.5985023041474655 0.25367647058823534 0.6025345622119815 0.25367647058823534 0.6094470046082949 0.2521626297577855 0.6192396313364055 0.24826989619377166 0.6238479262672811 0.24502595155709345 0.6267281105990784 0.2378892733564014 0.6247119815668203 0.23118512110726647 0.6212557603686636 0.22794117647058826 0.6163594470046083 0.22512975778546712 0.6091589861751152 0.22339965397923875 0.6025345622119815 0.2244809688581315 0.5985023041474655 0.22664359861591699 0.5910138248847926 0.23248269896193774 0.5881336405529953 0.23724048442906578 0.5878456221198156 0.24243079584775087 0.5898617511520737 0.24783737024221458
5 0.1713709677419355 0.5709342560553634 0.1788594470046083 0.5769896193771626 0.19239631336405533 0.5778546712802768 0.201036866359447 0.5743944636678201 0.20305299539170507 0.5689878892733564 0.20276497695852536 0.5646626297577855 0.1984447004608295 0.5542820069204153 0.19326036866359447 0.5497404844290659 0.18865207373271892 0.548659169550173 0.17857142857142858 0.55060553633218 0.17367511520737328 0.5536332179930796 0.17021889400921658 0.5614186851211074 0.16964285714285715 0.5646626297577855 0.1713709677419355 0.5709342560553634
5 0.1457373271889401 0.5849913494809689 0.15408986175115208 0.5888840830449827 0.15956221198156684 0.5895328719723184 0.16733870967741934 0.5893166089965398 0.1725230414746544 0.5871539792387543 0.1762672811059908 0.5821799307958477 0.17684331797235026 0.5778546712802768 0.1679147465437788 0.5640138408304499 0.1630184331797235 0.560121107266436 0.15495391705069125 0.5566608996539792 0.1509216589861751 0.5564446366782008 0.14400921658986177 0.5592560553633218 0.1382488479262673 0.5642301038062284 0.13652073732718895 0.5715830449826991 0.1457373271889401 0.5849913494809689
5 0.10627880184331798 0.5730968858131489 0.12269585253456221 0.5776384083044983 0.12672811059907835 0.5769896193771626 0.12932027649769587 0.5752595155709342 0.13220046082949308 0.5672577854671281 0.13220046082949308 0.5607698961937717 0.13018433179723504 0.5566608996539792 0.12586405529953917 0.5523356401384084 0.11952764976958526 0.5499567474048443 0.10570276497695852 0.5484429065743945 0.10195852534562214 0.55060553633218 0.09850230414746544 0.5551470588235294 0.09879032258064516 0.560121107266436 0.10627880184331798 0.5730968858131489
5 0.07373271889400922 0.5990484429065744 0.0881336405529954 0.6061851211072665 0.0956221198156682 0.6083477508650519 0.10138248847926268 0.6076989619377163 0.10743087557603688 0.6042387543252595 0.11203917050691245 0.5955882352941176 0.111463133640553 0.5919117647058825 0.10915898617511521 0.5888840830449827 0.09475806451612903 0.5849913494809689 0.07776497695852534 0.5834775086505191 0.07344470046082949 0.5849913494809689 0.06941244239631336 0.5895328719723184 0.06970046082949309 0.5953719723183392 0.07373271889400922 0.5990484429065744
5 0.09879032258064516 0.6319204152249135 0.10915898617511521 0.6358131487889274 0.11549539170506913 0.6366782006920416 0.12039170506912442 0.6358131487889274 0.12960829493087558 0.6267301038062285 0.1298963133640553 0.6230536332179931 0.12788018433179724 0.620242214532872 0.12096774193548387 0.615916955017301 0.1137672811059908 0.6135380622837371 0.10944700460829493 0.6128892733564014 0.09936635944700462 0.6133217993079585 0.09475806451612903 0.6163494809688582 0.09331797235023041 0.6195934256055364 0.09418202764976959 0.6282439446366783 0.09879032258064516 0.6319204152249135
5 0.2540322580645161 0.6405709342560554 0.258352534562212 0.642733564013841 0.26555299539170507 0.6420847750865052 0.26900921658986177 0.6401384083044983 0.27534562211981567 0.6321366782006921 0.27620967741935487 0.6284602076124568 0.27534562211981567 0.622621107266436 0.2733294930875576 0.6204584775086506 0.27131336405529954 0.6198096885813149 0.25892857142857145 0.6198096885813149 0.2534562211981567 0.6297577854671281 0.25259216589861755 0.6351643598615918 0.2540322580645161 0.6405709342560554
5 0.3361175115207373 0.7951989619377163 0.34043778801843316 0.7980103806228375 0.3453341013824885 0.7982266435986161 0.3490783410138249 0.7958477508650519 0.3525345622119816 0.7906574394463669 0.35426267281105994 0.7833044982698962 0.3528225806451613 0.7770328719723184 0.3490783410138249 0.7750865051903115 0.3453341013824885 0.7755190311418685 0.33294930875576034 0.7858996539792388 0.33294930875576034 0.7904411764705883 0.3361175115207373 0.7951989619377163
5 0.396889400921659 0.9087370242214533 0.40754608294930883 0.9126297577854672 0.4115783410138249 0.9126297577854672 0.41445852534562216 0.911332179930796 0.4179147465437788 0.9087370242214533 0.42050691244239635 0.904628027681661 0.41676267281105994 0.8992214532871973 0.407258064516129 0.8938148788927336 0.4006336405529954 0.893598615916955 0.3977534562211982 0.8953287197231834 0.3951612903225806 0.8987889273356402 0.3951612903225806 0.9039792387543253 0.396889400921659 0.9087370242214533
5 0.6042626728110599 0.8594290657439447 0.6126152073732719 0.8665657439446367 0.6209677419354839 0.8663494809688583 0.6273041474654378 0.8626730103806229 0.6287442396313364 0.8596453287197232 0.6284562211981567 0.8522923875432526 0.622983870967742 0.8460207612456749 0.616647465437788 0.8440743944636679 0.6091589861751152 0.8445069204152249 0.6059907834101382 0.8458044982698963 0.6039746543778802 0.8499134948096886 0.6033986175115207 0.8566176470588236 0.6042626728110599 0.8594290657439447
5 0.6440092165898618 0.8817041522491349 0.6460253456221199 0.8830017301038063 0.6509216589861752 0.8836505190311419 0.6612903225806452 0.8817041522491349 0.665610599078341 0.8784602076124568 0.6664746543778802 0.8695934256055364 0.6624423963133641 0.865484429065744 0.6586981566820277 0.8635380622837371 0.6538018433179723 0.8633217993079585 0.648905529953917 0.8644031141868513 0.6431451612903226 0.8665657439446367 0.6414170506912443 0.8685121107266436 0.6431451612903226 0.8791089965397925 0.6440092165898618 0.8817041522491349
5 0.6647465437788018 0.8819204152249135 0.6765552995391706 0.8814878892733565 0.6857718894009217 0.8849480968858133 0.6875 0.8758650519031143 0.685483870967742 0.869377162629758 0.6797235023041475 0.8665657439446367 0.6748271889400922 0.8665657439446367 0.6702188940092166 0.8678633217993081 0.6664746543778802 0.8711072664359862 0.6638824884792627 0.8799740484429066 0.6647465437788018 0.8819204152249135
5 0.6601382488479264 0.9026816608996541 0.6661866359447004 0.9044117647058825 0.6719470046082949 0.9039792387543253 0.6788594470046083 0.90030276816609 0.6846198156682027 0.893598615916955 0.6857718894009217 0.887975778546713 0.6851958525345623 0.8838667820069205 0.679147465437788 0.8812716262975779 0.6751152073732719 0.8806228373702423 0.6684907834101382 0.8808391003460209 0.6650345622119815 0.8819204152249135 0.6610023041474655 0.8868944636678201 0.6589861751152074 0.8940311418685122 0.6586981566820277 0.8981401384083046 0.6601382488479264 0.9026816608996541
5 0.6238479262672811 0.918468858131488 0.6296082949308757 0.9234429065743945 0.6370967741935484 0.9266868512110727 0.6408410138248848 0.9262543252595157 0.6442972350230415 0.9245242214532873 0.648905529953917 0.9186851211072666 0.6500576036866359 0.9152249134948098 0.6494815668202765 0.911764705882353 0.644873271889401 0.9083044982698963 0.6399769585253456 0.9063581314878894 0.6339285714285714 0.9061418685121108 0.6255760368663594 0.9115484429065746 0.6235599078341014 0.9145761245674742 0.6238479262672811 0.918468858131488
3 0.5774769585253456 0.18403979238754326 0.5817972350230415 0.18382352941176472 0.5846774193548387 0.18468858131487892 0.5889976958525346 0.18771626297577856 0.5979262672811061 0.20004325259515573 0.6022465437788018 0.21085640138408307 0.6059907834101382 0.21172145328719724 0.6100230414746544 0.20999134948096887 0.6126152073732719 0.2082612456747405 0.6163594470046083 0.20350346020761245 0.6169354838709677 0.19485294117647062 0.6201036866359447 0.1868512110726644 0.619815668202765 0.1814446366782007 0.6224078341013825 0.17387543252595156 0.6224078341013825 0.171280276816609 0.6206797235023042 0.16825259515570937 0.6091589861751152 0.15895328719723184 0.606278801843318 0.15765570934256057 0.5993663594470047 0.1578719723183391 0.5915898617511521 0.16025086505190314 0.5849654377880185 0.16457612456747406 0.5774769585253456 0.17560553633217996 0.5763248847926268 0.1786332179930796 0.5774769585253456 0.18403979238754326
3 0.37644009216589863 0.46388408304498274 0.37788018433179726 0.4669117647058824 0.38364055299539174 0.4701557093425606 0.39112903225806456 0.47231833910034604 0.4009216589861751 0.47318339100346024 0.40437788018433185 0.47231833910034604 0.41215437788018433 0.4679930795847751 0.4173387096774194 0.46345155709342567 0.41906682027649766 0.4586937716262976 0.4182027649769585 0.4493944636678201 0.4147465437788019 0.4446366782006921 0.40812211981566826 0.4422577854671281 0.39400921658986177 0.43944636678200694 0.383352534562212 0.44052768166089973 0.3787442396313364 0.44269031141868515 0.3752880184331797 0.45090830449826996 0.375 0.4599913494809689 0.37644009216589863 0.46388408304498274
3 0.3090437788018433 0.4569636678200692 0.3136520737327189 0.46345155709342567 0.31480414746543783 0.467560553633218 0.32056451612903225 0.4697231833910035 0.32776497695852536 0.47058823529411764 0.33150921658986177 0.47058823529411764 0.3346774193548387 0.469506920415225 0.34101382488479265 0.4584775086505191 0.34735023041474655 0.45090830449826996 0.347926267281106 0.44247404844290666 0.3453341013824885 0.4392301038062284 0.3294930875576037 0.43230968858131497 0.32430875576036866 0.4312283737024222 0.32056451612903225 0.43187716262975784 0.31105990783410137 0.4368512110726644 0.3067396313364056 0.4431228373702423 0.30558755760368667 0.4463667820069205 0.3090437788018433 0.4569636678200692
3 0.39372119815668205 0.8983564013840832 0.4035138248847926 0.8942474048442908 0.4092741935483871 0.8951124567474048 0.4179147465437788 0.9009515570934257 0.41849078341013823 0.9024653979238755 0.4210829493087558 0.9026816608996541 0.4254032258064516 0.8990051903114187 0.4277073732718894 0.8912197231833912 0.42713133640552997 0.8875432525951558 0.42194700460829493 0.8804065743944637 0.40466589861751157 0.872621107266436 0.3980414746543779 0.8730536332179932 0.3922811059907834 0.8758650519031143 0.3888248847926267 0.8832179930795849 0.3876728110599078 0.8901384083044983 0.3876728110599078 0.8944636678200693 0.39372119815668205 0.8983564013840832
2 0.31710829493087556 0.7865484429065744 0.32114055299539174 0.7882785467128028 0.3283410138248848 0.7882785467128028 0.33122119815668205 0.7874134948096886 0.3433179723502304 0.7770328719723184 0.3461981566820277 0.7722750865051904 0.3467741935483871 0.7655709342560554 0.3418778801843318 0.759515570934256 0.3346774193548387 0.7590830449826991 0.33150921658986177 0.7577854671280277 0.32430875576036866 0.7575692041522493 0.3199884792626728 0.7601643598615918 0.31480414746543783 0.7690311418685122 0.31422811059907835 0.7761678200692043 0.31710829493087556 0.7865484429065744
3 0.2793778801843318 0.7467560553633219 0.2828341013824885 0.7523788927335641 0.2865783410138249 0.7551903114186852 0.2897465437788019 0.7558391003460209 0.29349078341013823 0.7523788927335641 0.3035714285714286 0.7497837370242215 0.30760368663594473 0.7445934256055364 0.3061635944700461 0.7413494809688582 0.30097926267281105 0.7372404844290659 0.29809907834101385 0.736159169550173 0.29377880184331795 0.7355103806228375 0.2790898617511521 0.7357266435986161 0.2764976958525346 0.7372404844290659 0.2767857142857143 0.7411332179930796 0.2793778801843318 0.7467560553633219
3 0.28801843317972353 0.7740051903114187 0.2929147465437788 0.7766003460207613 0.2975230414746544 0.7763840830449827 0.3067396313364056 0.7742214532871973 0.31163594470046085 0.7711937716262977 0.3159562211981567 0.7655709342560554 0.3162442396313364 0.7616782006920416 0.315668202764977 0.7599480968858132 0.3101958525345622 0.7571366782006921 0.3038594470046083 0.7512975778546713 0.2995391705069125 0.7506487889273357 0.2960829493087558 0.7512975778546713 0.2911866359447005 0.7536764705882353 0.2888824884792627 0.7569204152249135 0.28629032258064513 0.7651384083044983 0.2860023041474654 0.7692474048442908 0.28801843317972353 0.7740051903114187
2 0.2932027649769585 0.5051903114186851 0.3035714285714286 0.509515570934256 0.3084677419354839 0.509515570934256 0.31480414746543783 0.5075692041522492 0.3300691244239632 0.5049740484429066 0.33870967741935487 0.5010813148788927 0.3418778801843318 0.4984861591695502 0.3433179723502304 0.495242214532872 0.3430299539170507 0.4913494809688582 0.34101382488479265 0.48810553633218 0.34014976958525345 0.4779411764705883 0.33870967741935487 0.47534602076124577 0.33496543778801846 0.47253460207612463 0.3245967741935484 0.47080449826989623 0.31422811059907835 0.47058823529411764 0.31077188940092165 0.47166955017301043 0.29896313364055305 0.48248269896193774 0.2952188940092166 0.4874567474048443 0.2914746543778802 0.4954584775086506 0.2911866359447005 0.5006487889273357 0.2932027649769585 0.5051903114186851