2 0.4807027649769585 0.41933391003460213 0.4841589861751152 0.42019896193771633 0.4873271889400922 0.4234429065743945 0.49107142857142855 0.4249567474048443 0.49711981566820274 0.4236591695501731 0.4982718894009217 0.42171280276816614 0.5017281105990784 0.41998269896193774 0.5132488479262672 0.41955017301038067 0.5210253456221199 0.41306228373702425 0.5331221198156683 0.40895328719723184 0.5371543778801844 0.4046280276816609 0.5371543778801844 0.40095155709342567 0.5227534562211982 0.3899221453287197 0.5109447004608295 0.3855968858131488 0.49942396313364057 0.3832179930795848 0.48646313364055305 0.38516435986159175 0.47955069124423966 0.3914359861591696 0.47667050691244245 0.3994377162629758 0.47695852534562216 0.4156574394463668 0.4807027649769585 0.41933391003460213
3 0.5797811059907835 0.4770761245674741 0.5838133640552996 0.48226643598615915 0.5898617511520737 0.4859429065743945 0.601094470046083 0.4889705882352942 0.6149193548387097 0.4954584775086506 0.6275921658986175 0.4965397923875433 0.6503456221198156 0.49307958477508657 0.6532258064516129 0.49113321799307963 0.6581221198156683 0.4852941176470589 0.658410138248848 0.479022491349481 0.6558179723502304 0.47383217993079585 0.6408410138248848 0.45523356401384085 0.6353686635944701 0.44961072664359863 0.6307603686635945 0.4476643598615917 0.6080069124423964 0.4422577854671281 0.6022465437788018 0.44182525951557095 0.5976382488479263 0.44355536332179935 0.5809331797235023 0.45328719723183397 0.5783410138248848 0.4565311418685122 0.5769009216589862 0.46107266435986166 0.5769009216589862 0.47058823529411764 0.5797811059907835 0.4770761245674741
3 0.5227534562211982 0.5049740484429066 0.5305299539170507 0.5188148788927336 0.5342741935483871 0.5227076124567475 0.5432027649769585 0.5268166089965398 0.5466589861751152 0.5270328719723183 0.5613479262672811 0.5235726643598617 0.5711405529953917 0.5231401384083045 0.5780529953917051 0.5203287197231834 0.5884216589861752 0.5101643598615917 0.5918778801843319 0.5008650519031141 0.5918778801843319 0.4965397923875433 0.589573732718894 0.4907006920415225 0.5849654377880185 0.4861591695501731 0.5705645161290323 0.4775086505190312 0.5547235023041475 0.47404844290657444 0.5466589861751152 0.47383217993079585 0.536578341013825 0.4770761245674741 0.5319700460829493 0.48313148788927335 0.5241935483870968 0.4907006920415225 0.5236175115207373 0.49243079584775085 0.5224654377880185 0.4980536332179931 0.5227534562211982 0.5049740484429066
4 0.4251152073732719 0.40051903114186854 0.432315668202765 0.40268166089965407 0.44297235023041476 0.4016003460207613 0.44642857142857145 0.40289792387543255 0.4501728110599078 0.40203287197231835 0.4570852534562212 0.3985726643598616 0.45881336405529954 0.3940311418685122 0.45593317972350234 0.3811273788927336 0.4579493087557604 0.3734861591695502 0.45650921658986177 0.3695934256055363 0.45103686635944706 0.36591695501730104 0.44614055299539174 0.36440311418685123 0.43260368663594473 0.36591695501730104 0.4279953917050691 0.3674307958477509 0.4173387096774194 0.37867647058823534 0.41244239631336405 0.386461937716263 0.41215437788018433 0.3905709342560554 0.4251152073732719 0.40051903114186854
4 0.5570276497695852 0.3948961937716263 0.560483870967742 0.3966262975778547 0.5627880184331797 0.3957612456747405 0.574020737327189 0.3966262975778547 0.5806451612903226 0.39597750865051906 0.5884216589861752 0.39359861591695505 0.5982142857142858 0.38667820069204156 0.6033986175115207 0.37802768166089973 0.6042626728110599 0.3728373702422146 0.5996543778801844 0.36613321799307963 0.5944700460829493 0.3613754325259516 0.5887096774193549 0.35986159169550175 0.5789170506912442 0.3602941176470588 0.5745967741935484 0.3615916955017301 0.5610599078341014 0.3687283737024222 0.5576036866359447 0.3719723183391004 0.5524193548387097 0.3799740484429066 0.5524193548387097 0.38905709342560557 0.5570276497695852 0.3948961937716263
4 0.6042626728110599 0.39424740484429066 0.6059907834101382 0.40116782006920415 0.6094470046082949 0.4057093425605537 0.6129032258064516 0.4076557093425606 0.6238479262672811 0.41025086505190317 0.6405529953917051 0.40960207612456745 0.6440092165898618 0.4085207612456748 0.6480414746543779 0.4054930795847751 0.6517857142857143 0.4007352941176471 0.6549539170506913 0.39359861591695505 0.6558179723502304 0.37586505190311426 0.6526497695852534 0.36634948096885817 0.6471774193548387 0.3613754325259516 0.6399769585253456 0.3579152249134948 0.633352534562212 0.35748269896193774 0.6301843317972351 0.3581314878892734 0.6177995391705069 0.36548442906574397 0.6126152073732719 0.3695934256055363 0.6077188940092166 0.37564878892733566 0.606278801843318 0.379757785467128 0.6039746543778802 0.3868944636678201 0.6042626728110599 0.39424740484429066
4 0.533410138248848 0.46993944636678203 0.5362903225806452 0.4749134948096886 0.5443548387096774 0.47383217993079585 0.5622119815668203 0.47469723183391005 0.5671082949308757 0.47383217993079585 0.568836405529954 0.47253460207612463 0.5722926267281105 0.4671280276816609 0.5722926267281105 0.46280276816608995 0.5547235023041475 0.4446366782006921 0.543778801843318 0.44009515570934254 0.5362903225806452 0.44009515570934254 0.5325460829493088 0.44355536332179935 0.5299539170506913 0.4493944636678201 0.5299539170506913 0.4554498269896194 0.533410138248848 0.46993944636678203
5 0.24625576036866362 0.34191176470588236 0.24827188940092165 0.3429930795847751 0.25864055299539174 0.34645328719723184 0.26526497695852536 0.34731833910034604 0.2727534562211982 0.3471020761245675 0.27880184331797236 0.34429065743944637 0.2860023041474654 0.3382352941176471 0.28801843317972353 0.33174740484429066 0.2865783410138249 0.3276384083044983 0.28744239631336405 0.32396193771626297 0.2736175115207373 0.31163494809688586 0.27246543778801846 0.3094723183391004 0.26900921658986177 0.3079584775086505 0.26612903225806456 0.3088235294117647 0.2557603686635945 0.3090397923875433 0.24971198156682028 0.3105536332179931 0.24539170506912442 0.31314878892733566 0.24078341013824883 0.3189878892733564 0.2436635944700461 0.33801903114186854 0.24625576036866362 0.34191176470588236
5 0.28830645161290325 0.4480968858131488 0.2955069124423963 0.45328719723183397 0.30529953917050695 0.4578287197231834 0.31538018433179726 0.46064013840830453 0.3228686635944701 0.46172145328719727 0.3346774193548387 0.46064013840830453 0.3415898617511521 0.455666089965398 0.3421658986175115 0.4478806228373703 0.34014976958525345 0.44247404844290666 0.32430875576036866 0.43252595155709345 0.3099078341013825 0.43014705882352944 0.290610599078341 0.4344723183391004 0.28197004608294934 0.4353373702422146 0.28225806451612906 0.43987889273356406 0.28830645161290325 0.4480968858131488
5 0.3461981566820277 0.45977508650519033 0.3548387096774194 0.4682093425605537 0.3600230414746544 0.4710207612456748 0.3640552995391705 0.47210207612456745 0.369815668202765 0.47210207612456745 0.3761520737327189 0.47080449826989623 0.38277649769585254 0.4677768166089966 0.3876728110599078 0.46366782006920415 0.39055299539170507 0.4567474048442907 0.3882488479262673 0.4467993079584775 0.38479262672811065 0.4422577854671281 0.37211981566820274 0.4344723183391004 0.3620391705069125 0.4329584775086506 0.3513824884792627 0.4353373702422146 0.3453341013824885 0.43858131487889274 0.3430299539170507 0.4448529411764707 0.3430299539170507 0.45242214532871977 0.3461981566820277 0.45977508650519033
5 0.38421658986175117 0.42863321799307963 0.3914170506912443 0.43317474048442917 0.39400921658986177 0.4338235294117648 0.4014976958525346 0.4329584775086506 0.4115783410138249 0.4336072664359862 0.4150345622119816 0.4320934256055364 0.4245391705069125 0.4154411764705882 0.4254032258064516 0.4041955017301039 0.4248271889400922 0.40095155709342567 0.42223502304147464 0.39770761245674746 0.4153225806451613 0.3925173010380623 0.4115783410138249 0.39121972318339104 0.404089861751152 0.3905709342560554 0.3994815668202765 0.3918685121107267 0.39631336405529954 0.3940311418685122 0.3859447004608295 0.4063581314878893 0.3807603686635945 0.41933391003460213 0.3807603686635945 0.4251730103806229 0.38421658986175117 0.42863321799307963
5 0.40034562211981567 0.4472318339100346 0.40293778801843316 0.45134083044982704 0.4173387096774194 0.4571799307958478 0.4210829493087558 0.4578287197231834 0.42684331797235026 0.4567474048442907 0.432315668202765 0.4539359861591696 0.4423963133640553 0.4459342560553633 0.44470046082949305 0.43879757785467133 0.4498847926267281 0.43230968858131497 0.44902073732718895 0.4249567474048443 0.44614055299539174 0.4171712802768166 0.44671658986175117 0.40743944636678203 0.445852534562212 0.4044117647058824 0.44268433179723504 0.40268166089965407 0.4334677419354839 0.4035467128027682 0.43058755760368667 0.4044117647058824 0.42828341013824883 0.4067906574394464 0.4254032258064516 0.4072231833910035 0.4251152073732719 0.4150086505190312 0.4179147465437788 0.4275519031141869 0.41589861751152074 0.43317474048442917 0.4118663594470046 0.43490484429065746 0.40437788018433185 0.4336072664359862 0.4009216589861751 0.4338235294117648 0.39976958525345624 0.43490484429065746 0.3991935483870968 0.44009515570934254 0.40034562211981567 0.4472318339100346
5 0.3726958525345622 0.49567474048442917 0.3747119815668203 0.5015138408304499 0.38018433179723504 0.5075692041522492 0.3859447004608295 0.509515570934256 0.40437788018433185 0.5099480968858132 0.40783410138248855 0.5088667820069205 0.41244239631336405 0.5025951557093425 0.41388248847926273 0.49589100346020765 0.41215437788018433 0.4878892733564014 0.4069700460829493 0.4803200692041523 0.3991935483870968 0.4783737024221454 0.38306451612903225 0.4794550173010381 0.3787442396313364 0.481401384083045 0.37442396313364057 0.4861591695501731 0.37211981566820274 0.49113321799307963 0.3726958525345622 0.49567474048442917