2 0.3220046082949309 0.41976643598615915 0.33122119815668205 0.4256055363321799 0.3358294930875576 0.4271193771626298 0.34014976958525345 0.4273356401384083 0.3528225806451613 0.4240916955017301 0.3577188940092166 0.42041522491349487 0.3660714285714286 0.4180363321799308 0.3683755760368664 0.416522491349481 0.3761520737327189 0.40830449826989623 0.378168202764977 0.4046280276816609 0.3787442396313364 0.40051903114186854 0.37759216589861755 0.39684256055363326 0.3695276497695853 0.38602941176470595 0.36664746543778803 0.3836505190311419 0.3626152073732719 0.3823529411764706 0.35627880184331795 0.3832179930795848 0.33842165898617516 0.38343425605536335 0.33410138248847926 0.3853806228373703 0.32430875576036866 0.3929498269896194 0.3194124423963134 0.40008650519031147 0.31739631336405527 0.4054930795847751 0.31797235023041476 0.4139273356401384 0.3220046082949309 0.41976643598615915
2 0.4210829493087558 0.37629757785467133 0.42396313364055305 0.37802768166089973 0.4254032258064516 0.3821366782006921 0.4245391705069125 0.38754325259515576 0.4274193548387097 0.3918685121107267 0.4277073732718894 0.3946799307958478 0.4254032258064516 0.395544982698962 0.4248271889400922 0.39727508650519033 0.4254032258064516 0.40095155709342567 0.43202764976958524 0.4031141868512111 0.435483870967742 0.4052768166089966 0.4455645161290323 0.4067906574394464 0.4556451612903226 0.4076557093425606 0.4642857142857143 0.4072231833910035 0.47004608294930883 0.405060553633218 0.476094470046083 0.39749134948096887 0.478110599078341 0.3938148788927336 0.47839861751152074 0.3905709342560554 0.4740783410138249 0.3788927335640139 0.4711981566820277 0.37543252595155713 0.4611175115207374 0.3680795847750865 0.45276497695852536 0.3650519031141869 0.4418202764976959 0.36375432525951557 0.4357718894009217 0.3641868512110727 0.42569124423963134 0.36678200692041524 0.42079493087557607 0.370242214532872 0.4196428571428571 0.3737024221453288 0.4210829493087558 0.37629757785467133
2 0.5008640552995391 0.41133217993079585 0.508352534562212 0.42149653979238755 0.5141129032258065 0.42063148788927335 0.5504032258064516 0.42149653979238755 0.554147465437788 0.41976643598615915 0.556163594470046 0.41306228373702425 0.5544354838709677 0.4057093425605537 0.5518433179723503 0.40095155709342567 0.5388824884792627 0.3905709342560554 0.5259216589861752 0.3838667820069205 0.5195852534562212 0.3827854671280277 0.511520737327189 0.3830017301038063 0.5054723502304148 0.3853806228373703 0.5014400921658987 0.3905709342560554 0.4997119815668203 0.39749134948096887 0.49942396313364057 0.4054930795847751 0.5008640552995391 0.41133217993079585
2 0.560483870967742 0.5592560553633218 0.5745967741935484 0.5726643598615917 0.5987903225806452 0.5743944636678201 0.6033986175115207 0.5715830449826991 0.6071428571428572 0.5670415224913495 0.6100230414746544 0.5579584775086506 0.6097350230414746 0.5471453287197232 0.6051267281105991 0.5421712802768167 0.5953341013824885 0.5365484429065744 0.581221198156682 0.536764705882353 0.5699884792626728 0.539143598615917 0.5613479262672811 0.5436851211072665 0.5587557603686636 0.5469290657439447 0.5578917050691244 0.5501730103806228 0.5576036866359447 0.5538494809688582 0.560483870967742 0.5592560553633218
3 0.3035714285714286 0.31314878892733566 0.3050115207373272 0.31769031141868515 0.31480414746543783 0.32158304498269896 0.33410138248847926 0.32331314878892736 0.3364055299539171 0.32504325259515576 0.33813364055299544 0.3291522491349481 0.3418778801843318 0.3321799307958478 0.34763824884792627 0.3298010380622838 0.35599078341013823 0.3146626297577855 0.35599078341013823 0.3105536332179931 0.35455069124423966 0.30839100346020765 0.3522465437788019 0.29671280276816614 0.3487903225806452 0.29217128027681666 0.3461981566820277 0.2906574394463668 0.3418778801843318 0.28308823529411764 0.3303571428571429 0.28114186851211076 0.3251728110599078 0.28200692041522496 0.3136520737327189 0.289143598615917 0.3101958525345622 0.29325259515570934 0.3087557603686636 0.2971453287197232 0.3084677419354839 0.3003892733564014 0.3035714285714286 0.31314878892733566
4 0.5567396313364055 0.41284602076124577 0.560483870967742 0.4160899653979239 0.5673963133640554 0.418901384083045 0.5820852534562213 0.41933391003460213 0.5884216589861752 0.42063148788927335 0.5999423963133641 0.41760380622837373 0.6028225806451613 0.4147923875432526 0.6036866359447004 0.40830449826989623 0.5999423963133641 0.40095155709342567 0.5967741935483871 0.38754325259515576 0.5861175115207373 0.37932525951557095 0.5815092165898618 0.3775951557093426 0.5705645161290323 0.37737889273356406 0.5645161290322581 0.379757785467128 0.560483870967742 0.3830017301038063 0.5550115207373272 0.40138408304498274 0.5544354838709677 0.405060553633218 0.5567396313364055 0.41284602076124577
4 0.3084677419354839 0.36937716262975784 0.31048387096774194 0.3719723183391004 0.3182603686635945 0.37737889273356406 0.32747695852534564 0.3788927335640139 0.3352534562211982 0.37867647058823534 0.34965437788018433 0.3752162629757786 0.35195852534562216 0.37413494809688586 0.3536866359447005 0.3717560553633218 0.35627880184331795 0.3626730103806229 0.3548387096774194 0.35596885813148793 0.34994239631336405 0.3499134948096886 0.3453341013824885 0.34666955017301043 0.33870967741935487 0.34515570934256057 0.32661290322580644 0.3447231833910035 0.3101958525345622 0.3531574394463668 0.3064516129032258 0.35834775086505194 0.3061635944700461 0.36375432525951557 0.3084677419354839 0.36937716262975784
4 0.4821428571428571 0.572015570934256 0.4876152073732719 0.5767733564013842 0.4916474654377881 0.5789359861591696 0.494815668202765 0.5793685121107267 0.5172811059907835 0.5661764705882353 0.5216013824884793 0.5646626297577855 0.5221774193548387 0.5633650519031141 0.5184331797235023 0.5625000000000001 0.5120967741935484 0.5648788927335641 0.4985599078341014 0.5646626297577855 0.494815668202765 0.5637975778546713 0.49308755760368667 0.5625000000000001 0.4876152073732719 0.5562283737024222 0.4841589861751152 0.5562283737024222 0.48156682027649766 0.5642301038062284 0.48099078341013823 0.5681228373702423 0.4821428571428571 0.572015570934256
4 0.4582373271889401 0.6957179930795848 0.47033410138248855 0.7000432525951558 0.4737903225806452 0.7002595155709344 0.4804147465437788 0.6911764705882353 0.4870391705069125 0.6868512110726643 0.49308755760368667 0.6849048442906576 0.4965437788018433 0.6797145328719724 0.49711981566820274 0.6751730103806228 0.4959677419354839 0.6704152249134949 0.49135944700460826 0.6591695501730104 0.48819124423963134 0.6567906574394464 0.48473502304147464 0.6559256055363323 0.47004608294930883 0.6561418685121108 0.4674539170506913 0.657006920415225 0.459389400921659 0.6699826989619377 0.4547811059907835 0.682742214532872 0.45449308755760376 0.6887975778546713 0.4582373271889401 0.6957179930795848
5 0.47465437788018433 0.5155709342560554 0.4772465437788019 0.5235726643598617 0.4804147465437788 0.52530276816609 0.49452764976958524 0.5164359861591696 0.501152073732719 0.5153546712802768 0.5060483870967742 0.5155709342560554 0.5054723502304148 0.5082179930795848 0.5034562211981567 0.5032439446366783 0.5017281105990784 0.5017301038062284 0.4804147465437788 0.5045415224913495 0.4775345622119816 0.5056228373702423 0.476094470046083 0.5075692041522492 0.4743663594470046 0.5118944636678201 0.47465437788018433 0.5155709342560554
5 0.44614055299539174 0.5376297577854672 0.4516129032258065 0.5402249134948097 0.4599654377880184 0.5419550173010381 0.4639976958525346 0.541089965397924 0.47062211981566826 0.5363321799307958 0.4755184331797235 0.5294117647058825 0.47523041474654376 0.5222750865051904 0.4717741935483871 0.5136245674740485 0.4599654377880184 0.5097318339100346 0.45593317972350234 0.5092993079584776 0.45276497695852536 0.5099480968858132 0.4495967741935484 0.511461937716263 0.44671658986175117 0.5142733564013842 0.44441244239631333 0.5214100346020761 0.4432603686635945 0.5328719723183392 0.44614055299539174 0.5376297577854672
5 0.2995391705069125 0.5088667820069205 0.3101958525345622 0.5173010380622838 0.31797235023041476 0.5168685121107266 0.32402073732718895 0.5151384083044983 0.3297811059907834 0.5084342560553633 0.3303571428571429 0.5045415224913495 0.3320852534562212 0.5017301038062284 0.3283410138248848 0.497188581314879 0.31134792626728114 0.49307958477508657 0.30328341013824883 0.4945934256055364 0.2995391705069125 0.497188581314879 0.2975230414746544 0.5006487889273357 0.2975230414746544 0.5051903114186851 0.2995391705069125 0.5088667820069205
5 0.2793778801843318 0.5363321799307958 0.283410138248848 0.5397923875432526 0.2897465437788019 0.5430363321799309 0.3001152073732719 0.5458477508650519 0.3035714285714286 0.5443339100346021 0.3070276497695853 0.5449826989619377 0.31105990783410137 0.5434688581314879 0.3136520737327189 0.532006920415225 0.31134792626728114 0.5276816608996541 0.3038594470046083 0.5222750865051904 0.29493087557603687 0.5209775086505191 0.28629032258064513 0.5216262975778547 0.2814899193548387 0.524149437716263 0.27793778801843316 0.5278979238754326 0.27764976958525345 0.5328719723183392 0.2793778801843318 0.5363321799307958
5 0.8418778801843319 0.7365916955017302 0.8533986175115208 0.7400519031141869 0.8557027649769585 0.7417820069204153 0.8626152073732719 0.7439446366782008 0.8663594470046083 0.7439446366782008 0.8738479262672811 0.7342128027681661 0.8741359447004609 0.7305363321799309 0.8654953917050692 0.7169117647058825 0.8629032258064516 0.7145328719723184 0.8574308755760368 0.7130190311418685 0.8519585253456221 0.7141003460207613 0.847062211981567 0.7173442906574394 0.8441820276497696 0.7208044982698962 0.8436059907834101 0.7236159169550174 0.838421658986175 0.7298875432525952 0.8392857142857142 0.7342128027681661 0.8418778801843319 0.7365916955017302
5 0.9003456221198156 0.7720588235294119 0.9084101382488481 0.7772491349480969 0.9144585253456222 0.7785467128027682 0.9213709677419356 0.7778979238754327 0.925979262672811 0.7759515570934257 0.929147465437788 0.7727076124567475 0.9317396313364055 0.7735726643598617 0.9326036866359446 0.7727076124567475 0.9323156682027649 0.7688148788927336 0.9268433179723502 0.7616782006920416 0.9233870967741936 0.7582179930795848 0.9179147465437788 0.7547577854671281 0.9104262672811061 0.7541089965397925 0.9046658986175116 0.7554065743944637 0.8986175115207373 0.7625432525951558 0.8983294930875576 0.7688148788927336 0.9003456221198156 0.7720588235294119
5 0.8701036866359446 0.8006055363321799 0.8732718894009217 0.8075259515570934 0.8778801843317974 0.8112024221453288 0.8798963133640554 0.8118512110726644 0.8931451612903226 0.8114186851211074 0.8974654377880185 0.8107698961937716 0.9014976958525345 0.8083910034602078 0.9049539170506913 0.7967128027681661 0.9020737327188941 0.7919550173010381 0.8940092165898618 0.7874134948096886 0.8870967741935484 0.7856833910034602 0.8798963133640554 0.7869809688581315 0.8715437788018434 0.7934688581314879 0.8695276497695852 0.7967128027681661 0.8701036866359446 0.8006055363321799
5 0.80213133640553 0.7714100346020761 0.800979262672811 0.7830882352941178 0.8024193548387097 0.7865484429065744 0.8070276497695852 0.7897923875432526 0.8171082949308757 0.7884948096885813 0.8211405529953918 0.7908737024221454 0.8280529953917052 0.7902249134948097 0.8300691244239632 0.786764705882353 0.8300691244239632 0.7835207612456748 0.8349654377880185 0.7742214532871973 0.836405529953917 0.7621107266435987 0.8349654377880185 0.761029411764706 0.8306451612903226 0.7618944636678202 0.827188940092166 0.7601643598615918 0.8208525345622121 0.7545415224913495 0.8122119815668203 0.7515138408304499 0.8052995391705069 0.7515138408304499 0.7998271889400922 0.7554065743944637 0.7983870967741936 0.7592993079584776 0.80213133640553 0.7714100346020761
5 0.48099078341013823 0.7063148788927336 0.48444700460829493 0.7082612456747406 0.494815668202765 0.7110726643598617 0.49884792626728114 0.7110726643598617 0.5025921658986175 0.7093425605536333 0.508352534562212 0.6998269896193772 0.5080645161290323 0.6926903114186851 0.5051843317972351 0.6883650519031143 0.49539170506912444 0.685121107266436 0.4841589861751152 0.6881487889273357 0.47955069124423966 0.6924740484429066 0.478110599078341 0.6955017301038062 0.47839861751152074 0.701340830449827 0.48099078341013823 0.7063148788927336
5 0.4495967741935484 0.6738754325259516 0.45305299539170507 0.67560553633218 0.45650921658986177 0.673659169550173 0.46284562211981567 0.6647923875432526 0.46543778801843316 0.6578719723183392 0.4642857142857143 0.654628027681661 0.4602534562211981 0.6535467128027682 0.4567972350230415 0.6539792387543253 0.45074884792626724 0.6563581314878892 0.4470046082949309 0.6604671280276817 0.44642857142857145 0.6682525951557093 0.4495967741935484 0.6738754325259516
5 0.4216589861751152 0.6918252595155711 0.4251152073732719 0.6946366782006921 0.4279953917050691 0.6950692041522493 0.4389400921658987 0.6935553633217993 0.4452764976958526 0.6859861591695502 0.4438364055299539 0.6823096885813149 0.4389400921658987 0.6773356401384084 0.4277073732718894 0.6775519031141869 0.4216589861751152 0.6805795847750866 0.41906682027649766 0.6833910034602076 0.41849078341013823 0.6857698961937717 0.4216589861751152 0.6918252595155711
5 0.42396313364055305 0.7130190311418685 0.42885944700460826 0.7179930795847752 0.435483870967742 0.7205882352941176 0.4409562211981567 0.7212370242214534 0.445852534562212 0.7203719723183392 0.45074884792626724 0.7177768166089966 0.4536290322580645 0.7134515570934257 0.45449308755760376 0.705233564013841 0.45247695852534564 0.7000432525951558 0.44873271889400923 0.6972318339100346 0.44038018433179726 0.6950692041522493 0.4291474654377881 0.6961505190311419 0.4228110599078341 0.6996107266435987 0.4216589861751152 0.7019896193771626 0.4213709677419355 0.7067474048442908 0.42396313364055305 0.7130190311418685