2 0.7102822331477558 0.466173307494374 0.7149794971507233 0.4640012133916439 0.72377936042793 0.4572799229133975 0.7257508927618421 0.45175362473300185 0.7243701576177531 0.4489576495230982 0.7160372955430766 0.44309101296791215 0.7042296591827413 0.43925550429444665 0.6958636368482127 0.43828403850584274 0.6922484864453349 0.4384970981277213 0.6879876417443155 0.4401093530723248 0.6848816770612655 0.44780452477472166 0.6871875695582987 0.44927098262722265 0.6908052983204468 0.45619084011406796 0.6926250311257538 0.4655598932745689 0.6972189468102596 0.4673739358085001 0.7031744391496582 0.46729862182690224 0.7102822331477558 0.466173307494374
2 0.43672657788467567 0.5049523360745184 0.4467349291085352 0.5076705818672774 0.450909005621019 0.507596878176044 0.45333611574607513 0.5061960725629546 0.4576824394559951 0.49947880781061904 0.45872881443696256 0.4952820269876259 0.45839445427384107 0.4882892709547293 0.4555985345461761 0.48402603274714256 0.43257663737459867 0.4751656591186362 0.427145621705319 0.4767090412430994 0.42519195868096826 0.4833542125945659 0.4277109937131002 0.4946806899455539 0.4330756888626757 0.5029276493542553 0.43672657788467567 0.5049523360745184
2 0.3525864615405081 0.4721610196782938 0.35650023348738513 0.47670296974717064 0.3639589677785303 0.4801228260642477 0.3740196377514381 0.4826312328158571 0.38201813966299314 0.4815051133381466 0.38715182296790873 0.4787731800772902 0.3910974659950029 0.4748535008252227 0.3933305920741567 0.4682780074390787 0.39282269553396404 0.4643623539129223 0.3894857190062542 0.46107863294576124 0.3744801930557931 0.45221101301061506 0.3673889791876215 0.4508887419598523 0.35638657173184307 0.45215743794893654 0.3527012332703557 0.4514614634408939 0.3509900055020505 0.45237210786117943 0.34889596636048065 0.45719921095280364 0.3495621083274534 0.46405180590987316 0.3529514036042117 0.4671256878358844 0.35370302458008507 0.46887327298522197 0.3525864615405081 0.4721610196782938
2 0.34644711938695805 0.44678176773173667 0.35168672936960543 0.4471966149429428 0.3535383332551296 0.44810403878249944 0.3562449064349889 0.44677291113473255 0.3620255732176812 0.4462082411055128 0.36908233764636555 0.448859224368496 0.37454909193476754 0.44955358858617434 0.3931811916994924 0.44149472929870315 0.3964454018093226 0.43673649902721934 0.3976129944183129 0.4296724547386358 0.39481707469064786 0.42540921653104896 0.39149796747249915 0.42324436873495885 0.36933232877489197 0.41571190217349063 0.36206757852964916 0.41746673362946796 0.35838352924779693 0.42033721767578713 0.3484287859526209 0.4209755913962403 0.34147923738130337 0.4250378471596816 0.340169979475459 0.426717364634061 0.3402235874041425 0.43007398414727327 0.33776202783959897 0.43280350197258316 0.3382341857606693 0.43448140915659816 0.3409088878603115 0.4416119108297754 0.34335515647456394 0.4448964369421186 0.34644711938695805 0.44678176773173667
3 0.36136476717457805 0.5024330269558869 0.3667613334043705 0.5022183570436441 0.3729426808698886 0.4988561015141563 0.37360495529795623 0.4950093208081402 0.37271166902522884 0.4878772088445985 0.3693045044389095 0.4836844537475165 0.366719148887073 0.482148317929693 0.36268415931217324 0.4804736313264068 0.3565538414160685 0.48005958926038284 0.35234531546409753 0.4814620051638368 0.34997181326772464 0.4862194302901385 0.3427070630224818 0.4879742617461157 0.34108389262234723 0.49091281346739307 0.34108518180198233 0.494479272021755 0.3444923463883016 0.4986720271188371 0.34718233943823484 0.49978848485436134 0.36136476717457805 0.5024330269558869
3 0.28721642192434377 0.47480754173571277 0.29687512203479066 0.4765470754332283 0.3030577586799438 0.4767512784581025 0.3112297969685701 0.4725480564736519 0.3102854811264293 0.46919224210562194 0.3053061757093887 0.46416174113430547 0.30301428498301125 0.4531147807897896 0.29779125513029 0.4502523481952923 0.2891802191804455 0.4478824922291456 0.2818975996256416 0.44851845051405215 0.2728527227331191 0.4538413508147558 0.2709845387176688 0.4553815123584902 0.27004280123479807 0.4591586150991841 0.27093479832789047 0.4627242685083637 0.27388767430270067 0.46635798959250147 0.2832682005379796 0.4715943038790565 0.28721642192434377 0.47480754173571277
3 0.3178322727857452 0.4746400057236908 0.3233692151327567 0.4762434040712901 0.32983131483271283 0.476517285061487 0.3380390917404614 0.47455180941917774 0.3411297654732204 0.47287068165443397 0.3427516466937198 0.46636567137879464 0.3414921291776539 0.4607024327033007 0.33610956471851733 0.4513366001235286 0.3304845650033351 0.44770529447493723 0.3141187515776164 0.44429348960968207 0.31113271534295406 0.44555493929212664 0.30339838553591103 0.4527647806728128 0.30334735596649764 0.45654107826832424 0.3052717262699015 0.4654904533465259 0.3080676459975665 0.4697536915541127 0.3178322727857452 0.4746400057236908
4 0.6430290769765091 0.5739971282131722 0.6518506771021823 0.5790940865690821 0.6577895893116545 0.5814663579707753 0.6637629509606142 0.5825099171602484 0.6677098831673434 0.5821566964625426 0.6730885800875747 0.5808231533792291 0.678745450882974 0.575992829706876 0.6801223184881576 0.5680894292536939 0.6784787004191919 0.5627761906951767 0.6763118948597425 0.559561342548156 0.6702147372234899 0.5542521297155497 0.6614977745959136 0.5487354932773405 0.6511576415682028 0.5461574085604085 0.6437525152057411 0.5460941717565436 0.6382002819084385 0.5505048173465973 0.6371717762370321 0.5558204713406611 0.6369650796001088 0.5637927446139835 0.6380497715594686 0.5689666272418559 0.6430290769765091 0.5739971282131722
4 0.6757859498046591 0.5057152692609328 0.6825798313084666 0.5058489891753023 0.6878704708605274 0.5024875387909968 0.6916757377704025 0.4967497912790872 0.6931227934341956 0.48975542495582614 0.6920381014748359 0.48458154232795386 0.688823631754784 0.48199701644956433 0.681837055384709 0.48025506731650225 0.6748160295751469 0.47984183039566053 0.6696823462702314 0.48257376365651705 0.6631526368709358 0.48852376564512295 0.6616519732784591 0.49216151245517176 0.6624393328734548 0.49614684394665065 0.6648511520482201 0.5007600822712144 0.668904010932681 0.5035536420455713 0.6757859498046591 0.5057152692609328
4 0.6730664848284493 0.4713818113650808 0.6774677056466878 0.47158762468031934 0.686182089914994 0.4699713440098049 0.6900932835026008 0.46738037696995766 0.6913668027893228 0.4634631131534368 0.6898265330388188 0.45416373795825826 0.6868034690053991 0.4496209827441994 0.6830823919247895 0.4466872618940153 0.6690403403056654 0.44586078805233187 0.6557524880216847 0.4539148164687098 0.6559464720675872 0.45908950424176426 0.6593715059634676 0.46440113250991705 0.6633720460988801 0.4674045313254237 0.6730664848284493 0.4713818113650808
4 0.6419261572969293 0.4700812792342372 0.6467637974171156 0.46972725339134935 0.6514087426710349 0.4677649983297691 0.6552497482000322 0.4642649971600008 0.6558252544395643 0.46195676770735467 0.6544074914967182 0.45335658760094766 0.6530446256621902 0.4516794855621149 0.6368178991740556 0.44651929040234 0.6324524169749394 0.4485512234292429 0.6267610967400528 0.45471025931381626 0.6269729500955165 0.4610038202579415 0.628178859682899 0.4633104394202232 0.6327561952374788 0.46757206733744566 0.6419261572969293 0.4700812792342372
4 0.6600477821621913 0.4509738493118859 0.6671721562902151 0.44740094959606636 0.6700701351567068 0.4441115926126299 0.6669424336251903 0.4399885154808703 0.6583122391861498 0.43293332778929106 0.6506620992083721 0.43147170080788316 0.6444973318727801 0.4323863709540797 0.6426814666063783 0.4337166934566645 0.6387205326289931 0.44365041664638516 0.6395946604125243 0.4460971968844941 0.6461626867902123 0.4495178583467534 0.65466908524196 0.4523073923951995 0.6600477821621913 0.4509738493118859
4 0.41029973607539005 0.4014090312776618 0.41850880216277375 0.40301001418971466 0.42505767005126527 0.4017453439265413 0.43068009140717745 0.39824373246640876 0.4341357072036399 0.39152727285925537 0.43455296801639187 0.38628210197569623 0.43385366578956697 0.38432467778520907 0.4285247092591139 0.37831546471864924 0.4203322233016563 0.37426689642330524 0.41535420706425086 0.3728028540063509 0.41179137541042143 0.3728060745870797 0.4061855341844355 0.3738601006639211 0.40206506560063504 0.37729042386836686 0.3998829690908946 0.3800896196589993 0.3983312759290046 0.38750366406455966 0.39934577982975483 0.39176851256251083 0.40490188066596255 0.39805724263554276 0.41029973607539005 0.4014090312776618
4 0.43470734590426696 0.3785196677435234 0.4492394247540227 0.3821429219402927 0.4568538261126781 0.38136680257955896 0.46176036511183904 0.3783553523122304 0.46432527299484416 0.3716396978502593 0.45478521215314993 0.35989998357842945 0.4478330852225624 0.35682932223314695 0.440202103733981 0.36005302697717184 0.4275931060079941 0.36181268930424226 0.4255335163059114 0.3653110801836461 0.4254122986778886 0.36817834364923663 0.4262175275824453 0.3732825483117864 0.42808700077753076 0.3753088453224137 0.43470734590426696 0.3785196677435234
4 0.3846451421161386 0.35667664849993336 0.38649674600166284 0.35758407233949013 0.3900787361446884 0.3622661834841939 0.3923004388124564 0.3724041096987888 0.3934361603412295 0.37380169473114944 0.3970691800536684 0.3747075082803417 0.4070928222278189 0.3714117101354478 0.40927491873755945 0.3686125143448154 0.40983126648789536 0.36161895316673665 0.40785586661507817 0.35644587568404656 0.39794957453004537 0.34617503470026434 0.394805292868603 0.34449954295179586 0.38994978343885534 0.3437346956236129 0.3789473759830768 0.3450033916126973 0.3704614252001604 0.3504656478440458 0.36517207482773467 0.35739355678271323 0.36456211914871545 0.3610304984475798 0.37020369899382366 0.3622142187128798 0.379091619639201 0.3575208355356251 0.3846451421161386 0.35667664849993336
4 0.4287454076666933 0.3607626889533118 0.43220360182242584 0.3611791464548824 0.439643177624375 0.35991367104652683 0.44556293134465114 0.3576006107227874 0.44779734660344006 0.3545915758910055 0.4481609994875086 0.3459897854942341 0.44536379058020864 0.3381600887322854 0.4428128844678594 0.3352952407022415 0.437310391560335 0.3323631301424218 0.4265338392306761 0.3303448845836162 0.4188671191229725 0.33133084298549964 0.4165446464960129 0.3323119705162898 0.41211026541792234 0.33700132796763355 0.4102076319629848 0.3398702017235884 0.4098771393387685 0.3435768213537774 0.41288362324226197 0.3505671619511274 0.4147530964373473 0.35259345896175487 0.4287454076666933 0.3607626889533118
4 0.376030238627389 0.34360741687070095 0.38257910651588073 0.34234274660752767 0.39941321032376476 0.3367330829937122 0.402539622675646 0.3372897015711097 0.40707993043146845 0.33574712459182876 0.4120553683096039 0.3300782499000593 0.4121587166280656 0.3260921132633981 0.4096078105157163 0.32322726523335427 0.4037033477457312 0.3195262816194406 0.39682140887375306 0.3173646544040791 0.394008909016162 0.31554900157978355 0.3881401848652991 0.31408576430801133 0.38139862211054004 0.31374220535249203 0.37862186087207117 0.31416429887033803 0.374378885480613 0.31689542698601236 0.3711848634293922 0.32256269138741733 0.37015635775798594 0.32787834538148114 0.3716277286295156 0.33983514500110046 0.37306078252265285 0.3424212811698544 0.376030238627389 0.34360741687070095