5 0.612761767441483 0.6043820131603528 0.6201443596675253 0.6069742251950174 0.6262323213325232 0.6074919355706367 0.6293792268174083 0.6066647948847392 0.6372933247560394 0.6018333609480673 0.6390483025110463 0.5993531589425644 0.6437708439154853 0.584019026584142 0.6445081989328468 0.5744233888653912 0.6358534860799695 0.5670984530346128 0.6334250543942335 0.5660939022432446 0.6189179965473356 0.563632490361198 0.6155877516918876 0.5639734006574412 0.6109777599584973 0.5660164223305216 0.6089421456640938 0.5684318342858103 0.6041335620579258 0.5828582959151383 0.6044178273133197 0.5880288100697694 0.6059593295124464 0.5941554349846315 0.6098806148128924 0.601497330860582 0.612761767441483 0.6043820131603528
5 0.5696265226792403 0.5735600086702518 0.5732635427242921 0.5757313903915712 0.5776564301858049 0.5771894715344391 0.5837443918508027 0.5777071819100583 0.5909661546404921 0.5771549414180004 0.5960887708682588 0.5754522200150685 0.6096344808130357 0.5641526408411962 0.6141435466615948 0.557425335403139 0.6145065966867231 0.5532920720780308 0.611487124555989 0.5446047151144688 0.606312231027808 0.541412432582704 0.5914871430242014 0.537767839751629 0.585960454437997 0.5373797094764381 0.5783121093556602 0.538499320427442 0.5716291097105546 0.5418393631569967 0.5678011240438324 0.545616586218974 0.5645492951390059 0.5533000024172625 0.5634565163476236 0.5605940682881707 0.5638867273562685 0.5651324219336417 0.5665620306800868 0.5701890959808267 0.5696265226792403 0.5735600086702518
5 0.3068788256471058 0.5490780307400741 0.30702840011635396 0.5535515943353309 0.32492560637022155 0.5541322646828801 0.3290229736092355 0.5517489427396511 0.33153019006470585 0.5434497160512801 0.3380861251747732 0.5329778875894 0.3391077454475287 0.5285527640252803 0.3357252232916664 0.5239986703868268 0.3201068742542868 0.519948987235389 0.3082602360481048 0.5187676363646447 0.298976720313805 0.5192877868446429 0.2968100439492531 0.5261119723449741 0.29477442965484973 0.5285273843002628 0.2943627310453046 0.5328713677950911 0.2958181910427022 0.538090321980859 0.29822411279422856 0.5417530949092957 0.3068788256471058 0.5490780307400741
5 0.837267429717951 0.4795397713050719 0.8526763007345604 0.4806557220995071 0.863142266177969 0.4788549005821118 0.8753632093763841 0.47457387705921344 0.8805083355383605 0.4702129335192131 0.8810060763496347 0.466776620753479 0.8794907128007152 0.4630974978059652 0.872568467768635 0.4559505821067522 0.8649912812049247 0.45420125075096757 0.858233494325195 0.45530451168289404 0.8382070053240878 0.46266641773449024 0.8318420358356905 0.4671896414130735 0.8307717669785182 0.47182548514691336 0.8315425180780815 0.47488879760434444 0.8340943855828586 0.477919410023621 0.837267429717951 0.4795397713050719
5 0.8998729943949562 0.4413908802204272 0.9205130337752715 0.4390535582039563 0.9273532341407325 0.43375224389670725 0.9274730412437762 0.43067258142019876 0.9211981114922183 0.4245629165505086 0.912142954996901 0.4202528531460244 0.90526173229813 0.41933005245004235 0.8841838556580625 0.42356385599399327 0.8785148500346048 0.42891361033237924 0.8773846776259105 0.43508928530447316 0.8785595010839116 0.44024344944002697 0.8812199207246276 0.4415235104513293 0.8998729943949562 0.4413908802204272
5 0.6680149950280232 0.21141073688650086 0.678858894179662 0.20925326507987968 0.6831022071719267 0.20623778262749076 0.6855756587260824 0.20192588914472226 0.6855458913598779 0.1943726630729572 0.68242912206031 0.1861067464488353 0.678096138150319 0.18310883406771322 0.6710802246654023 0.18148908281235698 0.6594056708626782 0.18212307339980122 0.6535758358028674 0.1843283752114646 0.6499910930582298 0.187051997424842 0.6472631436148847 0.1937466028247447 0.6475100152529666 0.1977987260805616 0.6487821358798015 0.20253144987667532 0.6548250776763798 0.2083656045264312 0.6680149950280232 0.21141073688650086
5 0.9072352301263351 0.5183321720237148 0.910748814352346 0.5184774921171258 0.9262887474391039 0.5151846693665185 0.9293608656893653 0.5121207468829926 0.9307978132876633 0.5084573639284613 0.9282945943673029 0.5052160313394647 0.9075500003861594 0.4977633454865421 0.9040139062259387 0.5002762475301995 0.8998228705340884 0.5081867339172852 0.8997030634310447 0.5112663963937935 0.900387772328879 0.5134220381221304 0.904013537406826 0.5169225309119839 0.9072352301263351 0.5183321720237148
4 0.6420950197493256 0.5605491677281211 0.648587053772761 0.563157729781863 0.6572980414611627 0.5638371102699705 0.6628472399815768 0.5615670184080928 0.6709896971591903 0.5519053705869382 0.6750572970319998 0.5419688225719442 0.6737216441376457 0.5336702059096678 0.6665637824345884 0.521142055886104 0.6612915917375735 0.518371213693779 0.6520792345219003 0.516022421866989 0.6425150822482039 0.5164777822967729 0.6348442272316572 0.520255615384845 0.6288720751345929 0.5281988018100849 0.6276072119397529 0.5336775262228048 0.6290289070358359 0.5428838136141754 0.6339641863579296 0.552235421098957 0.6420950197493256 0.5605491677281211
4 0.9185376918515026 0.42328285553920625 0.9318510450221869 0.42835404952718426 0.935937157294096 0.4272998386524895 0.9433498857054554 0.4207989933771348 0.9494229636873511 0.4175400907168715 0.954287453309931 0.4131143571266569 0.9561135895835642 0.4077652128143656 0.9555860814060857 0.4036482995083347 0.9535094447783727 0.39983959646039235 0.9483084125999847 0.39419981196127907 0.940996978892569 0.38873865761982607 0.9330418586206285 0.38734597655326714 0.9268079512023799 0.3874604266868079 0.9222952566378234 0.38908200802044834 0.9187105138931859 0.39180563023382575 0.9135541327641045 0.39749568484236014 0.9113874563995527 0.40431987034269135 0.9123825692029881 0.41409352819300754 0.9152299569302643 0.4209655436983811 0.9185376918515026 0.42328285553920625
4 0.7033363300982405 0.2850410258418197 0.7084139264575877 0.28865474871302454 0.7168591612896948 0.2930459521868004 0.7200921089763089 0.2931264822299971 0.7255926589123064 0.2910671105378394 0.7340792848968356 0.2850361456330618 0.7358680275531571 0.2785686104219563 0.7318309326847776 0.2627658177451465 0.7241379365531342 0.2525555895885024 0.7193896253176005 0.24879593659779192 0.7102259166863443 0.24623642460128176 0.7061510593815401 0.2459615244074423 0.7015036740308378 0.24688615518170845 0.6927251565398069 0.25418144110480617 0.6905922450765696 0.25701829339953475 0.6902778436358583 0.2609408365549231 0.6907567032289201 0.2652684700306741 0.6935554423717791 0.27235120570576754 0.7033363300982405 0.2850410258418197
4 0.40771756145273913 0.046999096451930455 0.41682136653247354 0.051098439686694606 0.42379988640007815 0.05159980004323659 0.4310702977741845 0.05083683938145853 0.43645866685824564 0.045422294992858346 0.43811271872842106 0.03825780922237883 0.4339296781067909 0.023087177054728958 0.42932368390851067 0.013589639450441648 0.4269551557742964 0.011045257420819254 0.42223298318896985 0.009733106397457104 0.4115350297905819 0.011258417694918244 0.4009568834952374 0.009704066515871013 0.3978735102778714 0.014097100067931124 0.3963654041609467 0.02062942532925085 0.3960618888682276 0.03986914079788946 0.3972479672933334 0.043694193864909005 0.40771756145273913 0.046999096451930455
4 0.24511375478696967 0.482437867580238 0.2553139673740836 0.4843488690485108 0.2681971095361232 0.48488170939101777 0.2731026214920125 0.4866800908040342 0.2763355691786266 0.486760620847231 0.28892319111816733 0.4834520581036411 0.3020459474862942 0.47782557349313126 0.30442210187161606 0.47393512034980284 0.3038049227764111 0.46380481221026076 0.3007516857443623 0.4591047884523015 0.28652163572086375 0.45160244251605236 0.2748583368852447 0.4509073220349623 0.2560593174616652 0.45167211277502456 0.24868035395162025 0.45418562484477676 0.24090094679913499 0.459714009340823 0.23766037286141337 0.4660683144705772 0.2369567827453666 0.4716766189837254 0.23882757006830677 0.47765731377908194 0.24217269860685708 0.4810930165187212 0.24511375478696967 0.482437867580238
3 0.29572888894408866 0.5154306437655636 0.3083575332169387 0.5183461960252048 0.3185203521867407 0.5191388065946635 0.331758918122801 0.521973218785013 0.3396018575428055 0.5200107271551293 0.3442604978606127 0.517756985312329 0.3519052142269521 0.5115316502569086 0.35479399310665033 0.5079814973837284 0.35546018960538506 0.501254801971766 0.35400472960798746 0.49603584778599796 0.35085419540710483 0.49175726436747863 0.3403922274988066 0.4820175266075064 0.3355466190944392 0.47867931395623575 0.3217841736968975 0.4768337125642719 0.3135745555357674 0.47782374341484707 0.3059374654205355 0.47761424329731667 0.27688558729031504 0.4882193120161936 0.27208462993525445 0.4962109384725707 0.27166167635860433 0.5018840330359333 0.2725783732114185 0.5043151849842044 0.27868121855951844 0.5086095083957062 0.29572888894408866 0.5154306437655636
3 0.3201573669342674 0.43650685015674656 0.3255755033845331 0.4386455318399115 0.3354987081482478 0.4455974673623868 0.34298222625912134 0.4528739631620282 0.3540878807319444 0.4585452276471065 0.35961456931814884 0.45893335792229717 0.37337338599969316 0.4556732352098443 0.3785072571945648 0.45264140273837833 0.3807374658266359 0.44938311010420956 0.383143756397275 0.4363995996508617 0.38215227230983684 0.4317316659049622 0.37663320997474 0.4249087004568205 0.3671627261538799 0.4198368964427478 0.3640982341547263 0.4164659837533227 0.3609251900196339 0.4148456224718718 0.34921324259959796 0.4143612221605018 0.3397202488445281 0.4119476402834973 0.3216397032200976 0.41088073954629395 0.3171756572399581 0.4122916007102143 0.3127863984944426 0.4159392436717632 0.3108854749861852 0.4190516061864262 0.3098525997463248 0.42480584081908007 0.3110873267558476 0.42842017371637964 0.3142865095411471 0.43248803696517896 0.3201573669342674 0.43650685015674656