5 0.3179312480184807 0.48974691272283855 0.3281189643582595 0.4868567536521501 0.3373827720055612 0.4856654893601201 0.33458632520559944 0.4749644902015411 0.3290332472662264 0.4689279129105037 0.3230715668425602 0.46633938366857813 0.3152998063789901 0.4660679878128847 0.30677122069891416 0.47096363818167963 0.3034917358823087 0.47409503801298447 0.3019317614774867 0.4775028792686603 0.3018034545043157 0.48117711025034826 0.30290199414177427 0.48273023568330276 0.30790202852791304 0.48809831587497143 0.3138938988276194 0.4898223201800292 0.3179312480184807 0.48974691272283855
5 0.29961939185191866 0.4611925197188002 0.3085878090500781 0.46020733496262817 0.31209475709473516 0.4588150367034177 0.3180327559536211 0.4538289210493917 0.31916044630936974 0.4462944829468761 0.31813738136201186 0.4425800451717522 0.31619040772217677 0.4405645021752866 0.3113574568120093 0.4386645734294479 0.3047597106759982 0.4377849906645398 0.296071588988961 0.4389963583532879 0.2908073931874703 0.4411928713592118 0.2869522224106005 0.44430416779379867 0.28390774829105697 0.448958537962981 0.28404464189098805 0.45329121434567865 0.28650692173900716 0.45705591061259765 0.2910142923239921 0.460026443831162 0.29961939185191866 0.4611925197188002
5 0.46039634993041334 0.47870868868178 0.4702584859450096 0.4768891340838173 0.47350023341656466 0.4748383904235971 0.4771052985583526 0.47063638611956654 0.47881622234337573 0.4629059201795521 0.4781942124113009 0.45595956558953327 0.475762122439322 0.4513303443857465 0.46533835624473124 0.44447449451995497 0.4539841730464033 0.4477567092656412 0.4509849837409202 0.4511142920295219 0.4503887336891258 0.46818865953265965 0.4530407394201463 0.47477311354275775 0.4566921285337446 0.4774973604320281 0.46039634993041334 0.47870868868178
5 0.501051176507898 0.48640383564105133 0.5056642116590238 0.48634853158057856 0.5062700874953284 0.4855041100404288 0.5082613067914739 0.4779998270329903 0.5077686429903199 0.4756022800598861 0.4995645984776765 0.4712042873573529 0.49498930067160096 0.470178935246741 0.48548944316948733 0.4616241906022909 0.48229298051199254 0.4623781468572094 0.48017996255393625 0.46511749101351646 0.4776055098285165 0.472817801858454 0.47777259330448774 0.47628595330428397 0.4804396939735285 0.48243814484594816 0.48297744851164814 0.48404152877069795 0.501051176507898 0.48640383564105133
5 0.4691347331567896 0.33576048370883793 0.47321736716171114 0.3343882888463455 0.47795116181699776 0.330874885038402 0.47513311176775586 0.3290453181810764 0.46617771119211654 0.3131521632716097 0.45954222771105513 0.31335323667778636 0.4574216622839889 0.31630871206831024 0.4577256393598912 0.3241095398968378 0.4612034366862582 0.3318048051730977 0.46538522694606066 0.33584594286438757 0.4691347331567896 0.33576048370883793
5 0.44610417727296114 0.3102872320443094 0.44959603037959817 0.30932719625353294 0.45372394919858 0.3066582139857389 0.45618518988884915 0.3021998716540555 0.45463927126429693 0.29695241184269505 0.451275725130831 0.29423821665178373 0.4392919845314182 0.29079020804166794 0.43551983591365906 0.2915240608998685 0.4325734788912462 0.2933687250242307 0.4298243952208449 0.2978170156575552 0.42878727449321696 0.3027578789494676 0.43040112033885947 0.30606015765287575 0.4346281954127223 0.30880450793886405 0.44610417727296114 0.3102872320443094
5 0.4534038380269075 0.29106661002704276 0.4616898655409115 0.28486412055458726 0.4638179784369879 0.2816925139298463 0.4645144239014133 0.2782545175790935 0.46163495494234097 0.26993096199690086 0.45796847089072257 0.2676389775760644 0.4508252286704872 0.26587476647757036 0.44386416486424346 0.2671464443564726 0.4341313749805682 0.2735148065713501 0.4326166853898064 0.27562586042172427 0.4317240057311196 0.28468326886211737 0.4364437446061363 0.28982516612121 0.44589727813643937 0.29145365957235925 0.4534038380269075 0.29106661002704276
5 0.50539124455344 0.304350974541881 0.5111933889701448 0.3032552211037597 0.5153137603201168 0.3008023700701827 0.5177372636653355 0.2974246839095839 0.5197058405544507 0.2905687946047962 0.5136676462829338 0.28191853910643744 0.5100388995763657 0.2785458985145163 0.5080315461844502 0.27825940539178623 0.4923597182841388 0.2813908446620873 0.48845171522419867 0.28601505973619257 0.48738440462053045 0.29182044796497264 0.4895135566743571 0.2968718799388343 0.49370289440316945 0.30069688639590736 0.50539124455344 0.304350974541881
5 0.8593509313259695 0.28619985270544623 0.8667593741193069 0.28862250920495 0.8702285848189139 0.28831086711682424 0.8737506278015911 0.28648630638917993 0.8773405980053587 0.2827165645535834 0.885905881872735 0.2685172194151013 0.8782161044105251 0.25764534138441925 0.8712852304803217 0.25805249432645366 0.863938206596815 0.262123826551817 0.8537655851950561 0.2645817231540716 0.8502058048673286 0.26748694005280044 0.8497519175689752 0.27223177550721395 0.853107916233431 0.27516210193234225 0.8560477649445838 0.2817566076407994 0.8593509313259695 0.28619985270544623
5 0.8200104035139846 0.24912090959103117 0.8301754774467336 0.24687914422299354 0.8390371909210019 0.24069675814725597 0.8480131555881713 0.23949544215686697 0.847989474023391 0.23192079726091533 0.8456479536795329 0.2246980012465254 0.8425722505261989 0.221993857753973 0.8436772984749176 0.2151078133541083 0.8426542335275595 0.21139337557898422 0.8404118694385823 0.20958391211837663 0.8381393154735648 0.20863897359463687 0.8291558033373851 0.21005642081924294 0.8242775676131572 0.2094532794787057 0.8196343425859915 0.21037310847604623 0.816097204665294 0.2126299316721242 0.813620869037005 0.21752053647224154 0.8169391303564106 0.22153151906845453 0.8122969444869949 0.23067438666439738 0.8101623232796582 0.24228516312195772 0.8120791070434533 0.24516523105529098 0.8160107916681737 0.24811566087713718 0.8200104035139846 0.24912090959103117
5 0.9182931667122455 0.24887430774976754 0.9228609170493106 0.25011579109459636 0.9272012041583242 0.24961817286733085 0.9351239140020955 0.24556694403868556 0.945257758901054 0.23596666500891325 0.9452114349292435 0.22904041381561244 0.941537403408615 0.2269645606289928 0.93184131171224 0.22402922807418318 0.9240242664346094 0.2250546196237913 0.9073832450277608 0.23118174107805228 0.9051494675655436 0.23737918498183036 0.9056647737737276 0.2391283382522838 0.9070511563913183 0.24069151538359734 0.912171950281618 0.2426014958277951 0.9182931667122455 0.24887430774976754
5 0.9041092293646653 0.2176509324779353 0.9114713481861922 0.2131473377841382 0.9162353327175191 0.2087694090393269 0.9170298952790752 0.20252170664375382 0.9154915241235331 0.19705811559817632 0.9138399409328406 0.1948364930658531 0.9107340479034663 0.19299687451016845 0.9015985472293357 0.19051390782051056 0.8947205055822025 0.18940814212302656 0.8912512948825955 0.18971978421115213 0.8894789521877419 0.1909562614262997 0.8821631573380253 0.20238610731339773 0.8820046604888143 0.20692486323195322 0.890640989050531 0.21544945278132613 0.8971934503724818 0.2176258229515359 0.9041092293646653 0.2176509324779353
4 0.5704067322099761 0.6130363988614784 0.5784587881846683 0.6135339776497477 0.5845638705195257 0.6120160134415515 0.594289112934191 0.6058637824608911 0.5970155541975618 0.6020638855302176 0.5993851861019601 0.5919760794105349 0.6039368023432552 0.5854267866251951 0.6024588109397938 0.5782341457058823 0.5971558386355027 0.5732882762842884 0.5894520053930231 0.5710716993206426 0.579620059254467 0.5720267289817378 0.5715755507487847 0.5713130189592514 0.566333997354324 0.5728611382625246 0.5575024737560959 0.5781789994013943 0.5548827362166157 0.5871760976516335 0.5567089503522898 0.5926497403955698 0.5583087404176623 0.6046073201660143 0.5604907247545592 0.6081458335003573 0.5655586863617884 0.6115687325840735 0.5704067322099761 0.6130363988614784
4 0.33871993224156294 0.6371885423742301 0.34716549576252825 0.6346703355818214 0.35189174294880476 0.6313730630080947 0.3558450308228054 0.625452060528688 0.35656411869426086 0.6213656704752841 0.35396494524631067 0.6132682978256676 0.34919237408822373 0.6096393192060934 0.3418141211709266 0.606352137769722 0.32172549231375114 0.6039194690108555 0.3167491394923926 0.6061260337151383 0.3098872319410296 0.6128110441478228 0.3074033488437304 0.6179177801821572 0.30752514750564136 0.6226827190332885 0.3116541054823734 0.6282367753640972 0.3257971880116529 0.6358716910112067 0.33871993224156294 0.6371885423742301
4 0.497369870883019 0.4267667122642145 0.5037929860740487 0.4243942748175097 0.5136098372745846 0.4238715076248485 0.5175362398150417 0.42422501542053803 0.5247451438716209 0.42685709867145327 0.5262070011793122 0.4262589634605975 0.5239495421523147 0.42488176246842374 0.5225933494107642 0.4224540604002424 0.5005567077560035 0.40978281004630795 0.497655635547651 0.41033068676536855 0.4903010641951341 0.41461815022494886 0.48868071003823166 0.41975504135436015 0.4887572238860824 0.42581676761079323 0.49023521528954384 0.43300940853010605 0.49375725827222106 0.4311848478024619 0.497369870883019 0.4267667122642145
4 0.4853822470173654 0.33264914783525495 0.4975018420589592 0.33220679422946586 0.5007964218135846 0.32864313192972705 0.5045071515215133 0.3214152903466596 0.5065210132246888 0.3132626136365703 0.5055885179054516 0.30695460105084316 0.5033763436925144 0.30428061265336787 0.49539221493891256 0.30183785275714614 0.4900515052895712 0.297972639506637 0.4846040919163389 0.2889102249365624 0.4808923230506602 0.2879150279210276 0.475961255043362 0.28882480522000886 0.46718256372820405 0.2926297477193602 0.4647741553210055 0.2955751714115252 0.46409280479460013 0.29858090529384407 0.4639494028834091 0.30268739874396583 0.46548777403895103 0.3081509897895433 0.4688976441442277 0.3177914361737555 0.4762316514052145 0.330598443614031 0.4853822470173654 0.33264914783525495
3 0.32786568694863955 0.7004295742832378 0.3353345094940573 0.7011231809090062 0.33823558170240975 0.7005753041899454 0.34120458113185276 0.6980822463629324 0.3514818279420021 0.6843754738830384 0.3530870871608845 0.6796708452220608 0.3517686317643843 0.6761624869827949 0.33926203748777745 0.6711814563364426 0.33572489956708007 0.6734382795325207 0.3290365838029483 0.6751522715782159 0.3076909184591031 0.6757052333049502 0.3078504544660644 0.6793895159849971 0.30986639448474007 0.6876829164721127 0.32104047758457666 0.6978108899462352 0.32786568694863955 0.7004295742832378
2 0.5118829984572629 0.605366440306599 0.5225709260672057 0.6046576969747979 0.5412419432730002 0.5981686749406161 0.5507321749906035 0.5904934736220782 0.5553064336389288 0.5832957871340876 0.5564190290566574 0.5761936115000059 0.5526081039360979 0.5697850819306887 0.5483432915171847 0.5681213878157849 0.5425864319145404 0.5679203538486046 0.5096968574893657 0.5689357725778461 0.5061597195686683 0.5711925957739243 0.5006992895729161 0.5790085208694885 0.49937536502290597 0.5921623710616444 0.5001332293971619 0.5952183634357584 0.5048001359891081 0.6018731793343697 0.50761063856934 0.6039188774259122 0.5118829984572629 0.605366440306599
2 0.45165041923502686 0.6218730248889391 0.4603913732051345 0.6191487385606724 0.4677233021506212 0.6155096688037431 0.47491079002716685 0.6077540538983329 0.48025696883001806 0.5949570587174202 0.4720518851596244 0.5823360274162847 0.46835521123196583 0.5809085679323159 0.4563186383494826 0.5789734779617187 0.435813859539004 0.580204988486181 0.4291179963058621 0.582135111766093 0.4255355735711044 0.5856887223674726 0.4268464814985946 0.5894132118409556 0.4237577617227409 0.603587408014042 0.42008476935986244 0.6097345934260249 0.42023675789781373 0.6136350073402885 0.425562372609135 0.6179324830592317 0.4372431752903954 0.6218027024394222 0.45165041923502686 0.6218730248889391
2 0.3452068180226828 0.599978769425163 0.35644778918585984 0.5999385231927308 0.36333337830200313 0.6008281576559978 0.36624199797936563 0.6000641497027204 0.3784058386772697 0.5901019700930272 0.38058678385641653 0.5854174448287679 0.379366445557047 0.5790993805446817 0.37555552043648743 0.5726908509753643 0.3719343211989294 0.5691020791492264 0.3674118556759244 0.5665638083990958 0.3605715513738414 0.5643773865305272 0.3535717110647972 0.5585066819819116 0.34357268145026976 0.5559935601971766 0.3328847538403271 0.5567023035289778 0.3264012588972169 0.560803790849418 0.3215165148617292 0.5686398193417003 0.3206389301410625 0.5772649653136596 0.32463958114462355 0.5864932526261559 0.3340866063636667 0.5965609159101244 0.3452068180226828 0.599978769425163
2 0.5934144266233027 0.45760280135675313 0.5974366808761438 0.4579596563679962 0.6006406910026486 0.45698956887886083 0.6098128898640796 0.4501688407988314 0.6130923746806849 0.44703744096752657 0.6149477395346492 0.4434235201759929 0.6157724919722456 0.43631129284355213 0.612991140110304 0.4251780312165394 0.6110743563465091 0.4222979632832062 0.6056959093521173 0.4195134062037817 0.5919096361818107 0.41816639974568126 0.579153975427872 0.4203176998284877 0.572950775995884 0.42464537008150405 0.5666721018737955 0.4311343526766896 0.5641278390244159 0.43797013858475936 0.5639844371132248 0.4420766320348811 0.5650603343436531 0.4442781511704864 0.5720601746526974 0.45014885571910196 0.5794233326319744 0.4538682996239073 0.5934144266233027 0.45760280135675313