4 0.511440849222659 0.4788195951206067 0.5157378218652147 0.4774468156719685 0.5251390762097988 0.4714427263622225 0.5337103756388066 0.4673997872376667 0.5367459950438851 0.45977644314954225 0.5357461962075307 0.45200724163013967 0.533957959858457 0.44857772071260593 0.5319157177269616 0.44709929675074794 0.5255425341687546 0.44504758189660987 0.5108407340359097 0.4444390190977118 0.5002536126408609 0.4485171445255684 0.4902726348537715 0.4543150570269493 0.483743577556259 0.45983642011336273 0.48093554376814784 0.4639950569806525 0.48019994658633725 0.4713619581128391 0.4816926597501324 0.4743640455693704 0.4840266507575558 0.4760536729543509 0.4878005145978658 0.477718167265545 0.49733386976972166 0.4792821292815934 0.511440849222659 0.4788195951206067
4 0.5793746181679016 0.7235622663286282 0.5813753428965402 0.7226621598738079 0.5888966504117057 0.7244775382310371 0.5931785258168589 0.7222398386308795 0.5981809011664204 0.711770317747016 0.6002355932818977 0.6974589223288882 0.6004065642586057 0.6907507645398557 0.5974739782619238 0.6877738101571107 0.5951437615638512 0.6863004128100101 0.591703164002326 0.6872256523386169 0.5863712966833303 0.6953216694205595 0.5805778365676287 0.6934761313747864 0.5819346745948015 0.6886939374676435 0.5804495100497076 0.6861243100868718 0.5740876494195526 0.6847212853463731 0.5709576722807084 0.6869388784875017 0.5699265519136192 0.6938783461586857 0.5651102447781682 0.6985046294050362 0.5637307608948915 0.7019894430849 0.5631385874684046 0.7175730856565206 0.5646463978696025 0.7214400932645713 0.5680530266469719 0.7185687833950459 0.5750172565757359 0.7214753651711889 0.5756309488023966 0.7236276123204728 0.5793746181679016 0.7235622663286282
4 0.5553134742348902 0.7808680817749103 0.5619180177194151 0.7796713194460937 0.5678824488118248 0.7748086997028343 0.5765416844118267 0.7593005419558896 0.5769515639335541 0.749776367059662 0.5740001063901192 0.7457182624875177 0.5719503156399224 0.7438073784499002 0.5607306304714595 0.7446521065390737 0.554937170355758 0.7428065684933007 0.5522963332350042 0.7400408175336783 0.5474007656031901 0.7401262699845521 0.5439903625164698 0.7427813498161976 0.5401625312893212 0.7545281444683111 0.5400066575500159 0.7621012224088629 0.5417986682084401 0.7657469733642766 0.5431204103955274 0.7754572186098403 0.5443025031366416 0.7771669524538499 0.5515622562506841 0.7805009676909954 0.5553134742348902 0.7808680817749103
4 0.6000827599375739 0.7712184983197009 0.6052134618050565 0.7681007987237519 0.608589896107621 0.7634996485511879 0.6222854758413402 0.7394680402612984 0.6225092871489569 0.7357871030025838 0.610517388761107 0.7253979223515201 0.6061864473343956 0.7248246314592397 0.6013210741773864 0.7266399242131523 0.5921172109749646 0.7274494659990248 0.5852360158519144 0.7292999450562383 0.5818293870745449 0.7321712549257636 0.5798777283674644 0.735882351873022 0.5808877230759408 0.7607387529996893 0.5823766619303854 0.7635246104183409 0.5856198683497481 0.7677939184136076 0.5879463107384704 0.7690510857228283 0.5925878725878627 0.7709167302276304 0.6000827599375739 0.7712184983197009
5 0.5503804519136253 0.4982554222659562 0.5537682091442416 0.49430296220703174 0.5604267200156052 0.4796949109149075 0.55339455251853 0.47289618845692727 0.54962068867822 0.4712316941457333 0.5392611529001384 0.47184511235275506 0.5307238222552862 0.4778341218182294 0.5259301609759389 0.48375778529185876 0.5235271053442745 0.4946145267186665 0.5232995197273071 0.49807923393950126 0.525667479518886 0.5017149316654004 0.5357881067519485 0.5039175305655738 0.5398235249933814 0.5040633879968517 0.5435520971214838 0.5031331218534876 0.5503804519136253 0.4982554222659562
5 0.3409772571581586 0.44978325222118654 0.34441408041033317 0.4486417826546999 0.3489650588353106 0.44531790625038575 0.3540240488251315 0.43809183593471995 0.3598337332341655 0.4243637846383869 0.36030777601485325 0.4185155203861166 0.35762164718189193 0.4131550089719361 0.3541433065268606 0.4119179481217444 0.34030920440309825 0.4115105355164544 0.3351558566795118 0.4133308548851242 0.32918765127775157 0.4179772445905038 0.3225668834998944 0.4347475962614265 0.32176712305912303 0.43843858674965563 0.3224261069979914 0.4431855943534976 0.32361952266715743 0.44554401831114676 0.32857925355793216 0.44913447650423033 0.3306101727613758 0.4499642103524487 0.3409772571581586 0.44978325222118654
5 0.2872238044785113 0.571847236696811 0.2917181682632294 0.5652799097242992 0.2958377483663059 0.5537443184953084 0.2960615596739226 0.5500633812365937 0.2939664772115184 0.545557736744418 0.2875857450346103 0.5430735618145202 0.27806748710015683 0.5423745199499911 0.2723570617901689 0.5452860427375747 0.2666088933866747 0.5460352651463598 0.26432396840080946 0.5471566282538174 0.2629407102081823 0.5504252118958014 0.26378463530523116 0.5657674913557555 0.26617524095291395 0.5707005693089338 0.2705363768544303 0.5730037005042528 0.2768906888658841 0.5739742651689917 0.2829343804546568 0.573652476221209 0.2872238044785113 0.571847236696811
5 0.22900274895240838 0.5864901318789694 0.2353004463236028 0.5842172459755106 0.2395370300165486 0.579384785920795 0.24118939122899996 0.5750300254746544 0.24210728231557047 0.561603656667075 0.23882633280270144 0.5551720482930099 0.23299890390284417 0.5513804399063184 0.2280127528466151 0.5462763714480758 0.22485635554231664 0.5469803543240457 0.22143840383689528 0.5492029740799313 0.2174180828328649 0.5499220368001729 0.20899775577788202 0.5626141774399221 0.20882301049182345 0.5691061051910749 0.21212660586079618 0.5768350937924189 0.21741960303035568 0.5830152858253033 0.2217882875505733 0.585750877096382 0.22554705415348075 0.5865504512560568 0.22900274895240838 0.5864901318789694
5 0.19756332811799454 0.6006655518887005 0.20262231810781536 0.5934394815730346 0.19990599480004903 0.5863491298558154 0.19204009807804695 0.5812953275451458 0.189691009833221 0.5787407800086458 0.17650456872027512 0.5824316848935583 0.17080169202898843 0.5857756677569016 0.16656888264539327 0.5908243578494973 0.16407146927996316 0.5962753483293088 0.1644198327961504 0.599730002320629 0.16710596162911176 0.6050905137348095 0.17380486284740215 0.6092995023529889 0.18333066940055684 0.6104310042932776 0.18676749265273135 0.609289534726791 0.19756332811799454 0.6006655518887005
5 0.2090649594318243 0.6324765861341405 0.21389258949532713 0.6284989930014294 0.22068320119396242 0.6214589930350998 0.22292283446762026 0.6177428694730842 0.2256214132845633 0.6073135615072789 0.22520888650941542 0.6001829968720014 0.21503164463609373 0.5947369474036304 0.20666905927730003 0.594234029117952 0.19301234969301698 0.6039894282930145 0.1868241072929907 0.6125329852949887 0.1870052741418206 0.6229120271132211 0.1894109770269059 0.6287100252179186 0.19669337599705214 0.6333414206823431 0.2010280917331142 0.6341309416125032 0.20563191048900037 0.6338342857385069 0.2090649594318243 0.6324765861341405
5 0.254694394524889 0.6225956927967792 0.25718803358096853 0.6169284722790878 0.2576167846494488 0.6084854475722593 0.2560787797734461 0.6028885996611699 0.24910322691663023 0.5993333277713873 0.2390278913957753 0.599725489325772 0.2281792155996034 0.6053222516335447 0.22621245965512043 0.6081684284292836 0.2248669445559995 0.6135993124500663 0.22407095842457886 0.6175065329761752 0.22527192271244614 0.620297417009584 0.23169794660156176 0.6253763523940401 0.2389275052407993 0.6269805273281467 0.25042384204778756 0.6254820825105764 0.254694394524889 0.6225956927967792
5 0.3940118348283941 0.6991119081541834 0.4113291789724684 0.6845341021539197 0.4118032217531561 0.6786858379016494 0.4088177954255657 0.6726816629885867 0.40034952940495455 0.6661243036422727 0.39401408894025397 0.666234889166933 0.3897208906070488 0.667823898653451 0.37635215558934304 0.6775742712137565 0.3656582264765468 0.6920364650746027 0.3649075320573335 0.6985384460552698 0.3663964709117782 0.7013243034739214 0.3693064110523561 0.7030038776293873 0.37681262133011917 0.7039543358350973 0.3848532633381798 0.7025162103946142 0.3940118348283941 0.6991119081541834
5 0.46155753145613876 0.6905788323983076 0.46322121559664203 0.6868727620658065 0.4647603475285747 0.6760311004832709 0.46008104258567595 0.6720031555996704 0.4525333149050562 0.6686741669772822 0.446463203150829 0.6674823456599059 0.4418631587042935 0.6679952315717822 0.4344362089228936 0.671585604161549 0.4248602092922509 0.6840816212224476 0.4244050380583163 0.6910110356641171 0.4279550905910094 0.6963564672340258 0.4360900903328358 0.700324092740539 0.44272482829216553 0.700857170714761 0.4561501779501307 0.6943502487226533 0.46155753145613876 0.6905788323983076
5 0.3986904058569237 0.7691101210501651 0.40267675807679854 0.766444987989005 0.4052156888450854 0.7633725279258717 0.4062468092121748 0.7564330602546876 0.40410266072821244 0.7491164252700739 0.4011512031847776 0.7450583206979299 0.39479311686397317 0.7438715259953109 0.3844486783232941 0.7453498643538522 0.38073520343259415 0.7471450506487356 0.37707079456345227 0.7517512274360569 0.3768771777306406 0.7571620049978103 0.3801619015528602 0.7638098434097552 0.38456455485723345 0.7684915050217526 0.38834596731624466 0.7705884594087063 0.39268068305230674 0.7713779803388665 0.3986904058569237 0.7691101210501651
5 0.5537682091442416 0.49430296220703174 0.5596231852654832 0.4831696713652568 0.5601311968303266 0.47926747745390513 0.5530990293332514 0.472468754995925 0.5496169143688694 0.47101546410785355 0.5392573785907878 0.4716288823148752 0.5355703238655424 0.4749376788749176 0.5315726487176156 0.4769541218224381 0.5262143612331657 0.4835365286392217 0.5235271053442745 0.4946145267186665 0.5232995197273071 0.49807923393950126 0.525667479518886 0.5017149316654004 0.5363640558851032 0.5039074773360592 0.5435520971214838 0.5031331218534876 0.5475422236507091 0.5006842188302074 0.5537682091442416 0.49430296220703174
5 0.7544332485761513 0.4382404326721325 0.7477418959765622 0.4344639041297129 0.7408154091413045 0.4337196227323683 0.7367988624466247 0.43465491549048957 0.7285721522244535 0.44193627856848555 0.7260445443842184 0.44565742874525843 0.7258131844579004 0.44890590592821333 0.7366305387233374 0.45801781281102716 0.7509802010306446 0.4549554915807252 0.7558267026409005 0.4520590486374133 0.7559184131212453 0.4408100600529042 0.7544332485761513 0.4382404326721325
3 0.46009275865528865 0.7221836042320655 0.4646248655335131 0.7177785776383522 0.4682175625249931 0.7090640301313138 0.4755463802632767 0.6998516765566711 0.47904849383034165 0.6859476081405165 0.4725809525383692 0.6784901423393823 0.4702582844589978 0.6774492050680413 0.4670905642266474 0.6775044978303714 0.46511625966346315 0.6799182145503506 0.4626905581756948 0.6894775757498792 0.4572945275977386 0.6938976821878644 0.44272482829216553 0.700857170714761 0.4389811589266607 0.7009225167066055 0.4320207033072473 0.6982321649683424 0.4285838800550728 0.699373634534829 0.4286857864075396 0.7052118455575848 0.43581231163838047 0.7174163189625611 0.43904042082034067 0.7208207068063084 0.44659569711966185 0.7245821555044563 0.45665970971246483 0.7235413038364321 0.46009275865528865 0.7221836042320655
3 0.9474560189271257 0.9840465452486636 0.9580469146315254 0.9801846498586869 0.9620106209952963 0.976222136570248 0.9645042600513758 0.9705549160525564 0.9693016956400738 0.9648474826168065 0.9701241019369486 0.9624538723558567 0.9691582718847501 0.9566307411773727 0.9644336752296437 0.9500080358392141 0.9516684365664771 0.9448234559415385 0.9404223312325597 0.9441545737655531 0.9338064648199831 0.9447026459807304 0.9158905256866504 0.9579931249832295 0.9076902356299337 0.9667880983263846 0.9049199449353289 0.9731090355724727 0.9056279948957553 0.9806670336687526 0.9082726063258596 0.9836490146662549 0.9129292654126546 0.9863795793225762 0.9195753263000361 0.987561347410438 0.9267746904644687 0.9874356820415059 0.9474560189271257 0.9840465452486636