2 0.9346198156682028 0.3213667820069205 0.9395161290322582 0.3207179930795848 0.9498847926267281 0.32179930795847755 0.9582373271889402 0.3259083044982699 0.9631336405529953 0.32698961937716264 0.974078341013825 0.3267733564013841 0.9778225806451614 0.32461072664359863 0.9775345622119817 0.32093425605536335 0.9749423963133641 0.31704152249134954 0.9637096774193548 0.3040657439446367 0.9567972350230415 0.2995242214532872 0.9507488479262672 0.2993079584775087 0.9464285714285715 0.3003892733564014 0.9389400921658986 0.305363321799308 0.9340437788018434 0.3142301038062284 0.9326036866359446 0.3181228373702422 0.9346198156682028 0.3213667820069205
2 0.6733870967741936 0.2618944636678201 0.685483870967742 0.2690311418685121 0.6895161290322581 0.2690311418685121 0.6995967741935484 0.2668685121107267 0.7099654377880185 0.26167820069204156 0.7252304147465438 0.24870242214532876 0.7272465437788018 0.245242214532872 0.7272465437788018 0.23810553633217996 0.7235023041474655 0.2342128027681661 0.7139976958525346 0.22967128027681666 0.7102534562211982 0.229022491349481 0.6912442396313364 0.22923875432525956 0.6849078341013825 0.23075259515570937 0.67713133640553 0.23659169550173012 0.6722350230414746 0.2448096885813149 0.6713709677419355 0.2491349480968858 0.6733870967741936 0.2618944636678201
2 0.46486175115207373 0.27249134948096887 0.46658986175115214 0.2813581314878893 0.47350230414746547 0.2882785467128028 0.4807027649769585 0.29044117647058826 0.4824308755760369 0.2902249134948097 0.48617511520737333 0.289143598615917 0.4899193548387097 0.28654844290657444 0.4904953917050691 0.2679498269896194 0.49279953917050695 0.2618944636678201 0.4959677419354839 0.2586505190311419 0.49740783410138245 0.2554065743944637 0.49769585253456217 0.2512975778546713 0.4965437788018433 0.24826989619377166 0.48819124423963134 0.2407006920415225 0.4838709677419355 0.23810553633217996 0.47955069124423966 0.23767301038062288 0.4740783410138249 0.23940311418685126 0.47033410138248855 0.24199826989619377 0.4657258064516129 0.2484861591695502 0.46486175115207373 0.25108131487889274 0.46486175115207373 0.27249134948096887
2 0.5181451612903226 0.31314878892733566 0.519873271889401 0.32417820069204156 0.5227534562211982 0.3300173010380623 0.5259216589861752 0.333044982698962 0.5322580645161291 0.33542387543252594 0.5466589861751152 0.33499134948096887 0.5570276497695852 0.330666089965398 0.5610599078341014 0.32244809688581316 0.5610599078341014 0.3137975778546713 0.5587557603686636 0.3070934256055363 0.5535714285714286 0.3001730103806229 0.5446428571428572 0.29584775086505194 0.5328341013824885 0.29282006920415227 0.5221774193548387 0.29346885813148793 0.5155529953917051 0.2947664359861592 0.5106566820276498 0.2975778546712803 0.5095046082949308 0.29974048442906576 0.5092165898617511 0.30384948096885817 0.5181451612903226 0.31314878892733566
2 0.42885944700460826 0.4978373702422146 0.42885944700460826 0.5086505190311419 0.4311635944700461 0.5131920415224914 0.43490783410138245 0.5170847750865052 0.4481566820276498 0.5229238754325259 0.4639976958525346 0.5237889273356402 0.4691820276497696 0.5224913494809689 0.4740783410138249 0.5188148788927336 0.478110599078341 0.5129757785467128 0.47926267281105994 0.5064878892733564 0.47868663594470046 0.5008650519031141 0.470910138248848 0.4868079584775087 0.46226958525345624 0.4785899653979239 0.45881336405529954 0.47253460207612463 0.45305299539170507 0.469506920415225 0.43836405529953915 0.4684256055363322 0.42684331797235026 0.4712370242214533 0.4228110599078341 0.4762110726643599 0.42367511520737333 0.4868079584775087 0.42885944700460826 0.4978373702422146
2 0.4807027649769585 0.7900086505190311 0.48444700460829493 0.7958477508650519 0.4916474654377881 0.7969290657439447 0.497983870967742 0.7990916955017302 0.5054723502304148 0.7999567474048443 0.5152649769585254 0.7982266435986161 0.5244815668202765 0.7926038062283738 0.5264976958525346 0.7884948096885813 0.5279377880184332 0.7768166089965398 0.5311059907834101 0.7724913494809689 0.5311059907834101 0.7653546712802769 0.5290898617511521 0.7629757785467128 0.5152649769585254 0.7541089965397925 0.5092165898617511 0.7530276816608997 0.5002880184331797 0.7541089965397925 0.4858870967741936 0.7642733564013842 0.48300691244239635 0.7681660899653979 0.4821428571428571 0.7720588235294119 0.4824308755760369 0.7828719723183392 0.4807027649769585 0.7900086505190311
2 0.5434907834101382 0.289143598615917 0.5480990783410139 0.2906574394463668 0.5601958525345622 0.29282006920415227 0.5639400921658987 0.29303633217993086 0.568836405529954 0.29108996539792387 0.5852534562211982 0.29173875432525953 0.5950460829493088 0.2902249134948097 0.601094470046083 0.28633217993079585 0.6051267281105991 0.2796280276816609 0.6033986175115207 0.2735006487889273 0.6042626728110599 0.26254325259515576 0.6016705069124424 0.2584342560553633 0.5953341013824885 0.25367647058823534 0.5777649769585254 0.25519031141868515 0.5659562211981567 0.2582179930795848 0.5478110599078342 0.2675173010380623 0.5432027649769585 0.2690311418685121 0.5408986175115207 0.27227508650519033 0.540610599078341 0.2869809688581315 0.5434907834101382 0.289143598615917
3 0.554147465437788 0.5633650519031141 0.559331797235023 0.5709342560553634 0.5639400921658987 0.5748269896193772 0.5679723502304148 0.5765570934256056 0.5815092165898618 0.57590830449827 0.5881336405529953 0.5724480968858132 0.5924539170506913 0.5681228373702423 0.5967741935483871 0.560121107266436 0.5976382488479263 0.552984429065744 0.5956221198156683 0.5484429065743945 0.5924539170506913 0.5458477508650519 0.5875576036866359 0.5439013840830451 0.5815092165898618 0.5434688581314879 0.574020737327189 0.5456314878892734 0.5671082949308757 0.5493079584775087 0.5558755760368663 0.5562283737024222 0.5535714285714286 0.5590397923875433 0.5529953917050692 0.5609861591695502 0.554147465437788 0.5633650519031141
4 0.707373271889401 0.2897923875432526 0.7137096774193549 0.2975778546712803 0.7168778801843319 0.2984429065743945 0.7353110599078342 0.2980103806228374 0.7413594470046083 0.2969290657439446 0.7494239631336406 0.29325259515570934 0.7595046082949308 0.28330449826989623 0.7612327188940092 0.27530276816609 0.7586405529953917 0.270544982698962 0.7548963133640554 0.2681660899653979 0.7505760368663594 0.2668685121107267 0.73963133640553 0.26621972318339104 0.7304147465437788 0.2673010380622838 0.7200460829493088 0.2660034602076125 0.7131336405529953 0.26773356401384085 0.7096774193548387 0.27076124567474047 0.7053571428571429 0.28027681660899656 0.7050691244239632 0.28287197231833916 0.707373271889401 0.2897923875432526
4 0.5950460829493088 0.2378892733564014 0.5979262672811061 0.24264705882352944 0.6022465437788018 0.24610726643598618 0.6094470046082949 0.24589100346020762 0.6169354838709677 0.23897058823529416 0.6273041474654378 0.23594290657439448 0.6345046082949308 0.22988754325259517 0.6350806451612903 0.22685986159169552 0.6336405529953917 0.22383217993079585 0.6273041474654378 0.2171280276816609 0.622983870967742 0.21410034602076125 0.6192396313364055 0.21280276816608995 0.6123271889400922 0.21150519031141873 0.5993663594470047 0.21280276816608995 0.5941820276497696 0.21583044982698962 0.5918778801843319 0.22015570934256057 0.5918778801843319 0.2272923875432526 0.5950460829493088 0.2378892733564014
4 0.5639400921658987 0.2582179930795848 0.5771889400921659 0.2554065743944637 0.5987903225806452 0.2532439446366782 0.6005184331797235 0.25151384083044986 0.5993663594470047 0.2480536332179931 0.5973502304147466 0.24718858131487892 0.5846774193548387 0.24329584775086505 0.5722926267281105 0.24221453287197234 0.5662442396313364 0.24372837370242215 0.5630760368663594 0.24653979238754328 0.5610599078341014 0.2504325259515571 0.5610599078341014 0.2554065743944637 0.5639400921658987 0.2582179930795848
4 0.49539170506912444 0.29044117647058826 0.5046082949308757 0.293901384083045 0.5126728110599078 0.29433391003460213 0.5299539170506913 0.29173875432525953 0.5362903225806452 0.2884948096885813 0.538594470046083 0.28503460207612463 0.5394585253456221 0.2813581314878893 0.5400345622119815 0.2744377162629758 0.5391705069124424 0.2688148788927336 0.5308179723502304 0.25194636678200694 0.5259216589861752 0.2448096885813149 0.521889400921659 0.24307958477508654 0.5158410138248848 0.24221453287197234 0.5086405529953917 0.24286332179930797 0.5048963133640554 0.2443771626297578 0.49884792626728114 0.25 0.49711981566820274 0.2549740484429066 0.4919354838709678 0.2618944636678201 0.4904953917050691 0.2655709342560554 0.4902073732718894 0.28633217993079585 0.49539170506912444 0.29044117647058826
4 0.405241935483871 0.32871972318339104 0.4153225806451613 0.3345588235294118 0.4199308755760369 0.34191176470588236 0.42425115207373276 0.34537197231833916 0.43807603686635943 0.3494809688581315 0.44902073732718895 0.3488321799307959 0.4550691244239632 0.34731833910034604 0.4576612903225807 0.34580449826989623 0.4599654377880184 0.3395328719723184 0.4599654377880184 0.3313148788927336 0.4642857142857143 0.3211505190311419 0.4619815668202765 0.31769031141868515 0.45650921658986177 0.3142301038062284 0.44902073732718895 0.31141868512110726 0.43461981566820274 0.31076989619377166 0.4196428571428571 0.3086072664359862 0.41100230414746547 0.3086072664359862 0.4066820276497696 0.3094723183391004 0.40005760368663595 0.3137975778546713 0.40034562211981567 0.3243944636678201 0.405241935483871 0.32871972318339104
4 0.467741935483871 0.35553633217993086 0.47062211981566826 0.3596453287197232 0.4717741935483871 0.36591695501730104 0.47926267281105994 0.3788927335640139 0.48099078341013823 0.3799740484429066 0.49769585253456217 0.3823529411764706 0.5060483870967742 0.3804065743944637 0.5129608294930875 0.37326989619377166 0.5158410138248848 0.36699826989619383 0.5161290322580645 0.3620242214532872 0.5135368663594471 0.35705017301038067 0.4982718894009217 0.3477508650519031 0.48819124423963134 0.34429065743944637 0.4775345622119816 0.34407439446366783 0.4737903225806452 0.34537197231833916 0.46889400921658986 0.3488321799307959 0.46687788018433185 0.3522923875432526 0.467741935483871 0.35553633217993086
4 0.530241935483871 0.4891868512110727 0.5345622119815668 0.49026816608996543 0.5411866359447004 0.49026816608996543 0.5475230414746544 0.48810553633218 0.5498271889400922 0.48421280276816614 0.5495391705069125 0.48010380622837373 0.543778801843318 0.4679930795847751 0.5411866359447004 0.46539792387543255 0.5360023041474655 0.46301903114186854 0.5293778801843319 0.46193771626297575 0.518721198156682 0.46301903114186854 0.5161290322580645 0.46539792387543255 0.5161290322580645 0.4710207612456748 0.530241935483871 0.4891868512110727
4 0.8450460829493087 0.8215830449826991 0.8482142857142858 0.8285034602076126 0.8554147465437788 0.8343425605536332 0.8591589861751153 0.8397491349480969 0.8637672811059908 0.842128027681661 0.8738479262672811 0.8442906574394465 0.8801843317972351 0.8445069204152249 0.8862327188940092 0.8427768166089965 0.8902649769585255 0.8391003460207613 0.891705069124424 0.835423875432526 0.891705069124424 0.8202854671280277 0.8882488479262672 0.8142301038062284 0.8845046082949309 0.8107698961937716 0.8669354838709677 0.7993079584775087 0.8565668202764977 0.7954152249134949 0.8522465437788019 0.7958477508650519 0.8493663594470047 0.7971453287197232 0.8436059907834101 0.8036332179930797 0.8433179723502304 0.8107698961937716 0.8450460829493087 0.8215830449826991
5 0.9668778801843319 0.34537197231833916 0.9841589861751153 0.3518598615916955 0.9881912442396313 0.3522923875432526 0.9910714285714286 0.351643598615917 0.995967741935484 0.34666955017301043 0.9976958525345623 0.3423442906574395 0.9997119815668203 0.34126297577854675 0.9997119815668203 0.3382352941176471 0.997983870967742 0.33801903114186854 0.9951036866359446 0.33261245674740486 0.9913594470046083 0.3300173010380623 0.988479262672811 0.3293685121107267 0.9841589861751153 0.32871972318339104 0.9665898617511521 0.3304498269896194 0.9628456221198156 0.333044982698962 0.9616935483870968 0.33520761245674746 0.961405529953917 0.3384515570934256 0.9668778801843319 0.34537197231833916
5 0.9412442396313365 0.33109861591695505 0.9458525345622121 0.33499134948096887 0.959389400921659 0.3391003460207613 0.965725806451613 0.3315311418685122 0.961405529953917 0.32785467128027684 0.9493087557603687 0.3211505190311419 0.9351958525345623 0.3205017301038063 0.9314516129032258 0.32374567474048443 0.9323156682027649 0.3291522491349481 0.9412442396313365 0.33109861591695505
5 0.8456221198156681 0.2798442906574395 0.8499423963133641 0.2813581314878893 0.8600230414746545 0.2804930795847751 0.8669354838709677 0.2761678200692042 0.8703917050691243 0.27249134948096887 0.872983870967742 0.26535467128027684 0.8726958525345623 0.2618944636678201 0.870679723502304 0.2586505190311419 0.8672235023041475 0.2564878892733564 0.8629032258064516 0.2556228373702422 0.8554147465437788 0.2577854671280277 0.8487903225806452 0.26124567474048443 0.8456221198156681 0.26535467128027684 0.8438940092165899 0.2703287197231834 0.8433179723502304 0.2761678200692042 0.8456221198156681 0.2798442906574395
5 0.7644009216589862 0.2900086505190312 0.7690092165898618 0.29346885813148793 0.7796658986175116 0.2988754325259516 0.7860023041474655 0.30449826989619383 0.7897465437788018 0.305363321799308 0.7934907834101382 0.30493079584775085 0.7960829493087558 0.29671280276816614 0.798963133640553 0.29325259515570934 0.8001152073732719 0.2900086505190312 0.7978110599078342 0.2858996539792388 0.7949308755760369 0.28352076124567477 0.7880184331797235 0.27941176470588236 0.7790898617511521 0.2761678200692042 0.7716013824884793 0.27465397923875434 0.7641129032258065 0.27465397923875434 0.761520737327189 0.2791955017301038 0.7612327188940092 0.2837370242214533 0.7644009216589862 0.2900086505190312
5 0.31048387096774194 0.43101211072664364 0.31394009216589863 0.4357698961937716 0.31682027649769584 0.4370674740484429 0.32114055299539174 0.4439878892733565 0.3245967741935484 0.4439878892733565 0.3332373271889401 0.44096020761245674 0.33496543778801846 0.43858131487889274 0.33813364055299544 0.4381487889273357 0.34101382488479265 0.4357698961937716 0.34043778801843316 0.42171280276816614 0.33122119815668205 0.414143598615917 0.32430875576036866 0.41068339100346024 0.32114055299539174 0.40960207612456745 0.3185483870967742 0.40981833910034604 0.31422811059907835 0.4124134948096886 0.31077188940092165 0.411764705882353 0.3087557603686636 0.4180363321799308 0.3087557603686636 0.4243079584775087 0.31048387096774194 0.43101211072664364
5 0.9144585253456222 0.8131487889273357 0.9179147465437788 0.8168252595155711 0.9216589861751153 0.8176903114186851 0.9256912442396313 0.8166089965397925 0.9279953917050692 0.8148788927335641 0.9305875576036866 0.8105536332179932 0.9346198156682028 0.7932525951557095 0.933467741935484 0.7893598615916956 0.9274193548387097 0.7846020761245676 0.9228110599078342 0.7841695501730104 0.9179147465437788 0.7854671280276817 0.909562211981567 0.7917387543252595 0.9035138248847927 0.8012543252595157 0.9038018433179724 0.8066608996539794 0.9144585253456222 0.8131487889273357
5 0.8940092165898618 0.8360726643598616 0.8974654377880185 0.8382352941176471 0.9043778801843319 0.8391003460207613 0.9110023041474655 0.8375865051903115 0.9167626728110599 0.8349913494809689 0.9184907834101382 0.8317474048442908 0.9176267281105991 0.8181228373702423 0.9147465437788019 0.8135813148788928 0.9086981566820278 0.8088235294117648 0.9046658986175116 0.8073096885813149 0.9006336405529953 0.807742214532872 0.8954493087557603 0.8140138408304498 0.8928571428571429 0.8213667820069205 0.8928571428571429 0.8341262975778548 0.8940092165898618 0.8360726643598616
5 0.527073732718894 0.8042820069204153 0.5325460829493088 0.8075259515570934 0.5368663594470047 0.8075259515570934 0.5498271889400922 0.8060121107266436 0.560483870967742 0.8021193771626299 0.5694124423963134 0.7934688581314879 0.5697004608294931 0.7897923875432526 0.5673963133640554 0.7852508650519032 0.560483870967742 0.7791955017301039 0.548963133640553 0.7774653979238755 0.5383064516129032 0.7774653979238755 0.5325460829493088 0.7789792387543253 0.5285138248847926 0.7813581314878894 0.5247695852534562 0.7928200692041523 0.5247695852534562 0.7995242214532873 0.527073732718894 0.8042820069204153
5 0.5034562211981567 0.7541089965397925 0.5089285714285714 0.7538927335640139 0.5141129032258065 0.7556228373702423 0.5181451612903226 0.7586505190311419 0.5233294930875576 0.7584342560553634 0.5250576036866359 0.7564878892733564 0.5299539170506913 0.7422145328719724 0.5273617511520737 0.7350778546712803 0.5236175115207373 0.7322664359861593 0.5118087557603687 0.7307525951557093 0.5080645161290323 0.7329152249134949 0.5017281105990784 0.740484429065744 0.49769585253456217 0.7480536332179931 0.497983870967742 0.7558391003460209 0.5034562211981567 0.7541089965397925
5 0.44930875576036866 0.7698961937716263 0.45449308755760376 0.7603806228373703 0.45852534562211983 0.7571366782006921 0.46284562211981567 0.7558391003460209 0.4697580645161291 0.7562716262975779 0.4807027649769585 0.76340830449827 0.48617511520737333 0.7588667820069205 0.48819124423963134 0.7549740484429066 0.4884792626728111 0.7515138408304499 0.48617511520737333 0.7465397923875433 0.4824308755760369 0.742863321799308 0.47292626728110604 0.7363754325259516 0.4660138248847926 0.7346453287197232 0.4614055299539171 0.7355103806228375 0.44930875576036866 0.740916955017301 0.445852534562212 0.751946366782007 0.445852534562212 0.7690311418685122 0.44930875576036866 0.7698961937716263
5 0.45622119815668205 0.784818339100346 0.4596774193548387 0.7874134948096886 0.4639976958525346 0.7887110726643599 0.47235023041474655 0.7889273356401385 0.4758064516129032 0.7874134948096886 0.47897465437788017 0.7846020761245676 0.48156682027649766 0.7794117647058825 0.48156682027649766 0.7681660899653979 0.4798387096774194 0.763840830449827 0.47321428571428575 0.7582179930795848 0.47033410138248855 0.7562716262975779 0.46687788018433185 0.7554065743944637 0.45881336405529954 0.7571366782006921 0.45650921658986177 0.7584342560553634 0.4516129032258065 0.767733564013841 0.4516129032258065 0.7787629757785468 0.45622119815668205 0.784818339100346