5 0.12603214036645746 0.6814138497182796 0.13171159475504995 0.6804277388405833 0.13458574668347342 0.6787113468924368 0.13790039982144384 0.674911473748035 0.13951557092311612 0.6672720426950989 0.13658380206100826 0.6493232781824433 0.1223774353563412 0.6448257243866503 0.10699639875954878 0.645884120447538 0.1024740550621471 0.6536993012729941 0.10339440481491155 0.6607997907310684 0.10708703636053922 0.6670899190839668 0.11911478288477026 0.6793466687315538 0.12603214036645746 0.6814138497182796
5 0.07678444437559494 0.6963036590343622 0.08296130650833931 0.6921164990065549 0.08756163447400225 0.6860534974676107 0.08848760049405172 0.6820980721859854 0.08735437567015975 0.6726107921087433 0.08415634373504156 0.6686475719755838 0.07919911509537789 0.6674903192575956 0.0690240110103251 0.668105443461416 0.06536159199836103 0.668883914653994 0.05900487546179498 0.67222492623826 0.05762927343219161 0.6740649804110318 0.057242870623607 0.6805588510232811 0.060414208557783844 0.6927082386557726 0.06327360941891533 0.6978489091422169 0.06453539837930891 0.6982439908771566 0.07678444437559494 0.6963036590343622
5 0.05916788106376172 0.7062388189009001 0.06375626609577525 0.7015049224266967 0.06604589121177847 0.6970385480370407 0.06213757646138094 0.6938895864348245 0.05664640087753735 0.6791379736465128 0.054743178570118754 0.6771104774239194 0.04615655158579687 0.6782723380741358 0.0399108399847982 0.68490617112054 0.03888019569554602 0.6952955846149853 0.040972407206793224 0.7023680815862287 0.04360699006314774 0.7064510665182464 0.049115724847925646 0.7088176595021174 0.05916788106376172 0.7062388189009001
5 0.046434047193377195 0.6421749642152405 0.04275055044775655 0.640083688167451 0.03807504634747472 0.6388665530500337 0.02702174797697046 0.6381206822765149 0.018659938997425574 0.6403402284811579 0.02464009792449348 0.6684746642289079 0.026893894239548327 0.6679956050334754 0.03908884183487195 0.6616448837746869 0.043734133401490335 0.6557934193466279 0.047773820422032105 0.644322225236692 0.046434047193377195 0.6421749642152405
5 0.04595700678380214 0.6274630361910611 0.06198509299490458 0.6169811398781274 0.06746361524601906 0.6122791333165222 0.07135366039640265 0.6070303903085211 0.07147941639926189 0.6034661493360685 0.06874296340734706 0.6002891952470214 0.06445105398200741 0.5981061468872045 0.0535445893480188 0.5966657823816007 0.046693273200943464 0.5976798857461277 0.04386408487347546 0.5996078148051597 0.03996490492308478 0.6006577055080522 0.03551421882758004 0.6004982559450617 0.03285575010392652 0.5990734811425262 0.02919052295832001 0.6053799097049539 0.025996009555923794 0.6166714566166027 0.025588529013682783 0.6202955799884845 0.026769525572172582 0.6244664398067622 0.03137618020420001 0.6281302479427763 0.039195617838637606 0.6289002137773589 0.04595700678380214 0.6274630361910611
5 0.06226468633704778 0.5545730842347243 0.06882514314473434 0.5494200109645174 0.07398892018916103 0.5432372446267151 0.07607761316768617 0.5350549745531501 0.07584646849654478 0.5242704793237649 0.07333483350940692 0.5221512107891445 0.06268620754750132 0.5233091740135937 0.055846834334075446 0.5229941723133797 0.04996363967436238 0.5257923448770169 0.04650215279987621 0.5302867117535037 0.04432353261944028 0.538045907605298 0.04661667626816557 0.5488343002604503 0.05072592315604117 0.5556991575465754 0.05577307899761565 0.5572794844863342 0.06226468633704778 0.5545730842347243
5 0.0402199019988496 0.5201251355794733 0.049945370074348336 0.5173946402667995 0.05394642016029919 0.5154387187209367 0.05946990601236908 0.5109482492702169 0.06448684932028012 0.5054599766644994 0.06969839809930474 0.4939607900677324 0.06504677986632175 0.49008544482083305 0.06275082808395403 0.4848250095355306 0.05794043318080601 0.4829732630854574 0.050909262629909094 0.4831412180064432 0.03109861767126828 0.486909911744708 0.020920705452573046 0.4930529933183781 0.017842813253029065 0.49658144695246553 0.012946009680692316 0.5095613933254298 0.014723475985251745 0.5151531305204757 0.019746745959527294 0.5193916675897169 0.02906473349278501 0.5202852956489249 0.0402199019988496 0.5201251355794733
5 0.09913335139696353 0.5091503562744225 0.09696034748381245 0.505853637386517 0.0990342893950457 0.504528429747543 0.10142297651296675 0.5046839818847664 0.10453388937981663 0.5026961704263055 0.10586452780846464 0.5006445791426483 0.1035924618933958 0.49272593372786344 0.09883897352485263 0.48975661932393455 0.09330635287277576 0.49004823646954565 0.08947602239063948 0.4886514541538413 0.08892451624552525 0.48744211388795833 0.08429397574619886 0.48643651588142645 0.07714899212609214 0.4888396067101238 0.07660662078098493 0.4918291187493494 0.07434088153228055 0.4936372830095233 0.0721172977508892 0.501184941750432 0.07409569619292669 0.510492574629387 0.07771315160393537 0.5095025663259236 0.08814609436107106 0.5114857698521564 0.09913335139696353 0.5091503562744225
5 0.1542593361793336 0.5233010135490602 0.15865592387387611 0.5190500736960566 0.1569262293039145 0.5081419162420463 0.1542256051129482 0.5009776469587757 0.14779371244176337 0.49703852188668013 0.1414847676397952 0.4950631132119815 0.13796918236434674 0.4951470906724745 0.1310040531480617 0.4983963299447132 0.12866032963109603 0.49845231491837516 0.12497402475183297 0.5018889962404355 0.11992125264297349 0.5113645840403762 0.12420121913466375 0.514876737464934 0.1413569139023731 0.524938035968942 0.1478246353745063 0.5248898458468142 0.1542593361793336 0.5233010135490602
5 0.0934222636765484 0.46150241877732634 0.10898596281080489 0.4557622137901302 0.11287600796118846 0.4505134707821291 0.11569606148864953 0.4443866894179885 0.11608246429723415 0.43789281880573927 0.11134091886234043 0.4335943993370691 0.1078372765205415 0.4323492717328209 0.09705375975576955 0.43287262362461415 0.09005560987217853 0.4345812207212264 0.08302163118763912 0.440277133012062 0.0797969052515795 0.4445000803782346 0.07549937955895482 0.45337294675811746 0.07637476571076386 0.4602618991053064 0.0781311542816668 0.4629838890599848 0.08182659396093693 0.4637460600430332 0.0934222636765484 0.46150241877732634
5 0.061061834720470595 0.34943204270445744 0.06413972692001454 0.34590358907037005 0.0668698532455648 0.3393537334844588 0.06787661166751797 0.3316225301194956 0.06604223882835368 0.32714836087830534 0.06087213511756244 0.3236043175411495 0.048119354710760134 0.3190188888590964 0.04134602283194605 0.3217851715101354 0.03592159898179398 0.33089756748773447 0.03681244659997446 0.3517121818149906 0.03811919916132343 0.35231880066081567 0.048225453778121895 0.35415034947559215 0.057669197314238876 0.35147973656234754 0.061061834720470595 0.34943204270445744
3 0.22510566556888673 0.46733969379570156 0.24400228744112756 0.4661973202743209 0.2538148745848946 0.46941785655326757 0.26422673960837384 0.46853131283913274 0.2699631005315713 0.46642763400758086 0.2778963512352187 0.46496246393445195 0.2842530677717846 0.4616214523501861 0.2869143446290806 0.45751826978287163 0.2864014754185572 0.44679365695291573 0.2888287994710691 0.4374339365260659 0.2876028393116239 0.43305153959690285 0.2843928644428563 0.43041742452848447 0.2798072875444852 0.42962336363283793 0.2700965705362784 0.42549679651092076 0.26527423269948086 0.42497415512558867 0.2555038010230267 0.4274931133273771 0.23152138637462052 0.43657043247307215 0.22944744446338722 0.43789564011204607 0.2267412040051359 0.4417872855684751 0.22085800934542288 0.44458545813211214 0.21334137398402353 0.446625357138468 0.2075691842598777 0.4527163511642433 0.207014869981121 0.4570349682682101 0.20797104853483384 0.46014814253206116 0.21317417291293092 0.4652328280448435 0.21761291607478633 0.4667213826725751 0.22510566556888673 0.46733969379570156
3 0.3141573474771705 0.5288895431052627 0.318314366099644 0.5304379801324234 0.3242966227612748 0.5322617340956656 0.3316095178515537 0.5320338967752507 0.3421260611442356 0.5247133648482958 0.3454765430831544 0.5169261765096705 0.34718164138673757 0.5097098196785053 0.3461264008311069 0.5019747188877748 0.34721114352132143 0.49599569480932343 0.3466743884434992 0.48792929210884955 0.3348264963230897 0.47651869090480375 0.32992617421803083 0.4742438702329599 0.3127887490503355 0.4725802763391691 0.3070074245261827 0.4744724180598359 0.29795641046501486 0.48037597003578963 0.29468672092799986 0.48438738029107686 0.2917528543313291 0.49274929756292885 0.2914563787246553 0.49966624239694885 0.29331182929747607 0.5070101588785066 0.2980056029977719 0.5166249986061413 0.30176708401165375 0.5204684539404426 0.3141573474771705 0.5288895431052627
3 0.7349625617016213 0.6634132803925785 0.7525882598134616 0.6576769728311496 0.757874984727105 0.6534579228907441 0.76044633438249 0.6489316661016591 0.7606620175872599 0.6457904993509771 0.7585698060760129 0.6387180023797339 0.753693369838253 0.6337849715784076 0.7504714520358358 0.6324799615747303 0.740545051822859 0.6314945612034952 0.7321951857769635 0.6323850023433971 0.7261532144470854 0.6372067737038604 0.7247867472174889 0.6432456801817409 0.7200185077816538 0.6471334282124028 0.7152411335458118 0.646822323937956 0.7135627292431701 0.6458525132697893 0.7102719619724985 0.6469941762847091 0.7067114130960948 0.6468666166343165 0.7047604190540782 0.6501555406706878 0.7060432857481282 0.653420369645995 0.7089806708775211 0.660313219418951 0.7121906457462888 0.6629473344873695 0.7349625617016213 0.6634132803925785
3 0.7418876331851563 0.628113864855097 0.743407260817633 0.6311072743200897 0.7496382213513397 0.6313305037082765 0.753018915823922 0.6306119149151275 0.7574485241857702 0.6279016172377505 0.7800764145382297 0.6235340995051949 0.7995842572238321 0.6169555409259917 0.8030218582310192 0.6151193841789869 0.8058629894921367 0.6118623500552139 0.8076699579312802 0.6037399623810782 0.803075246232902 0.598747049180323 0.7950099128600309 0.594049650550946 0.7883623369840762 0.5932516922295323 0.7769254439386298 0.5934717346984131 0.7659859586373352 0.5904907280171827 0.7555621506802066 0.5927063767960586 0.745315388993257 0.6012961313883256 0.7354761078485484 0.6062617626087108 0.733300295801755 0.6084930010906552 0.734583162495805 0.6117578300659625 0.7437395652252551 0.6202030142918464 0.7434550325522308 0.6257908540611253 0.7418876331851563 0.628113864855097
2 0.8528751253052826 0.5171904495162994 0.8610451369473566 0.5154538599328562 0.8697455770008882 0.5120568633749283 0.8745138164367233 0.5081691153442665 0.8789673106658705 0.5028006075374072 0.8819911044644522 0.4948617644873258 0.8810707547116875 0.48776127502925143 0.8747315973760562 0.47871726680907667 0.8701129998103792 0.47638256373780374 0.8652007347716708 0.47543684813070086 0.8613345754885862 0.4780273810092198 0.8579510728823616 0.4842739271722185 0.8482136618732132 0.48833352754963333 0.8486063913481624 0.49156646661234255 0.8523559294283947 0.49673902701138495 0.8502581016498626 0.5007224447798413 0.8453219507438554 0.5024349393022206 0.842888300024979 0.5020678500541118 0.8321827675284684 0.5043433812324168 0.8254333215169533 0.5044514537539736 0.821794788372288 0.5025717148170694 0.8182792030968397 0.5026556922775623 0.8170384918701027 0.5051303577829902 0.8186480467044899 0.5085468414697536 0.8245944745651723 0.5143579106272193 0.8320633381919738 0.5176344318798278 0.8528751253052826 0.5171904495162994
2 0.8376900815150872 0.465144525386972 0.8457912436889066 0.4658546088221255 0.8525076690331159 0.4642058941249422 0.8719494703841064 0.4545460511944862 0.8770443979602789 0.45080995787528055 0.8835718341006593 0.44411624242944725 0.8888824448816017 0.4372389823595598 0.8926495421627687 0.43002652295416144 0.8942857909980975 0.4252568391415929 0.8931047944396076 0.4210859793233152 0.8838254438409407 0.4106770787000342 0.8799262638905502 0.41172696940292663 0.8702246816823503 0.4117992545861182 0.861209496422131 0.41371549136784874 0.8496468473738255 0.4174997748091819 0.8373619725765911 0.42342742184619964 0.8331030838185571 0.4227850156620094 0.8304537498949106 0.4255590931645826 0.8236235114814917 0.4294429437694774 0.8106255457353354 0.4417128067072881 0.8098885689191146 0.45071323273756336 0.8113843106842922 0.4563648523320384 0.8184667715025091 0.4661352441968963 0.8213170375636336 0.467077062378232 0.8376900815150872 0.465144525386972