3 0.18865207373271892 0.3393166089965398 0.19556451612903228 0.3429930795847751 0.20247695852534564 0.34342560553633217 0.2275345622119816 0.3421280276816609 0.23070276497695855 0.3384515570934256 0.2330069124423963 0.33326124567474047 0.23444700460829493 0.3321799307958478 0.24337557603686638 0.3300173010380623 0.2451036866359447 0.3280709342560554 0.24107142857142855 0.32417820069204156 0.2338709677419355 0.32158304498269896 0.2278225806451613 0.3205017301038063 0.21918202764976957 0.32093425605536335 0.20190092165898615 0.3198529411764706 0.1975806451612903 0.3207179930795848 0.18894009216589863 0.3243944636678201 0.1849078341013825 0.32720588235294124 0.18404377880184333 0.3291522491349481 0.1849078341013825 0.3345588235294118 0.18865207373271892 0.3393166089965398
3 0.2975230414746544 0.35510380622837373 0.3001152073732719 0.3665657439446367 0.3018433179723502 0.36851211072664364 0.3035714285714286 0.37391868512110726 0.3061635944700461 0.37608131487889274 0.3453341013824885 0.3728373702422146 0.3513824884792627 0.3698096885813149 0.3525345622119816 0.3665657439446367 0.3522465437788019 0.3626730103806229 0.34965437788018433 0.3548875432525952 0.3456221198156682 0.3514273356401384 0.3407258064516129 0.3496972318339101 0.3346774193548387 0.3423442906574395 0.32776497695852536 0.3384515570934256 0.3136520737327189 0.3328287197231834 0.3070276497695853 0.33261245674740486 0.3001152073732719 0.3391003460207613 0.2952188940092166 0.34688581314878897 0.29493087557603687 0.34904844290657444 0.2975230414746544 0.35510380622837373
3 0.3683755760368664 0.3384515570934256 0.3695276497695853 0.33888408304498274 0.378168202764977 0.3360726643598616 0.38680875576036866 0.33737024221453293 0.39055299539170507 0.33499134948096887 0.391705069124424 0.3323961937716263 0.3942972350230415 0.33023356401384085 0.4014976958525346 0.3274221453287197 0.40783410138248855 0.3282871972318339 0.41849078341013823 0.33477508650519033 0.4216589861751152 0.33347750865051906 0.42396313364055305 0.3293685121107267 0.42713133640552997 0.317257785467128 0.41849078341013823 0.31076989619377166 0.41100230414746547 0.307742214532872 0.40783410138248855 0.30687716262975784 0.4014976958525346 0.307742214532872 0.39055299539170507 0.3112024221453288 0.3788401497695853 0.32215981833910035 0.3692396313364056 0.3282871972318339 0.3683755760368664 0.33023356401384085 0.36722350230414746 0.33564013840830453 0.3683755760368664 0.3384515570934256
5 0.33813364055299544 0.32266435986159175 0.34101382488479265 0.3259083044982699 0.3453341013824885 0.3280709342560554 0.3660714285714286 0.3285034602076125 0.37355990783410137 0.32504325259515576 0.38018433179723504 0.3205017301038063 0.3919930875576037 0.3070934256055363 0.3928571428571429 0.30471453287197237 0.3919930875576037 0.29671280276816614 0.3870967741935484 0.29195501730103807 0.3845046082949309 0.291522491349481 0.36578341013824883 0.29346885813148793 0.3418778801843318 0.30363321799307963 0.33813364055299544 0.3070934256055363 0.3358294930875576 0.31141868512110726 0.3355414746543779 0.3146626297577855 0.33813364055299544 0.32266435986159175
5 0.3822004608294931 0.35921280276816614 0.38623271889400923 0.3626730103806229 0.39400921658986177 0.36634948096885817 0.40034562211981567 0.3680795847750865 0.40437788018433185 0.3680795847750865 0.4112903225806452 0.36526816608996543 0.4176267281105991 0.3527249134948097 0.41877880184331795 0.3438581314878893 0.41647465437788017 0.3345588235294118 0.408410138248848 0.3280709342560554 0.40034562211981567 0.3274221453287197 0.3925691244239632 0.333044982698962 0.388536866359447 0.3382352941176471 0.3870967741935484 0.34558823529411764 0.38306451612903225 0.3522923875432526 0.3845046082949309 0.35618512110726647 0.3822004608294931 0.35921280276816614
5 0.3620391705069125 0.3548875432525952 0.36664746543778803 0.3624567474048443 0.37327188940092165 0.36310553633217996 0.3770161290322581 0.3618079584775087 0.3807603686635945 0.358780276816609 0.3870967741935484 0.34342560553633217 0.3870967741935484 0.3399653979238755 0.38623271889400923 0.3384515570934256 0.38392857142857145 0.33737024221453293 0.37672811059907835 0.33672145328719727 0.36722350230414746 0.3397491349480969 0.3652073732718894 0.3423442906574395 0.36146313364055305 0.351643598615917 0.3620391705069125 0.3548875432525952
5 0.4513248847926268 0.35380622837370246 0.45305299539170507 0.35683391003460213 0.45650921658986177 0.3581314878892734 0.4740783410138249 0.3572664359861592 0.4804147465437788 0.35423875432525953 0.4841589861751152 0.35445501730103807 0.4855990783410139 0.3525086505190312 0.4804147465437788 0.3483996539792388 0.4772465437788019 0.3432093425605537 0.47321428571428575 0.3406141868512111 0.4639976958525346 0.33888408304498274 0.4556451612903226 0.3393166089965398 0.45305299539170507 0.3399653979238755 0.4504608294930875 0.3429930795847751 0.44930875576036866 0.34580449826989623 0.4513248847926268 0.35380622837370246
5 0.4772465437788019 0.3416955017301038 0.48156682027649766 0.3471020761245675 0.4899193548387097 0.3507785467128028 0.5040322580645161 0.3509948096885813 0.5074884792626728 0.3496972318339101 0.5097926267281105 0.3462370242214533 0.5086405529953917 0.33801903114186854 0.5069124423963134 0.33520761245674746 0.4965437788018433 0.32785467128027684 0.4876152073732719 0.3235294117647059 0.4824308755760369 0.32309688581314877 0.4772465437788019 0.32417820069204156 0.4743663594470046 0.3280709342560554 0.4743663594470046 0.33520761245674746 0.4772465437788019 0.3416955017301038
5 0.5155529953917051 0.34558823529411764 0.5195852534562212 0.34580449826989623 0.5253456221198156 0.34429065743944637 0.5394585253456221 0.3432093425605537 0.5414746543778801 0.34191176470588236 0.5455069124423964 0.33499134948096887 0.5449308755760369 0.3267733564013841 0.5432027649769585 0.32093425605536335 0.5403225806451613 0.3179065743944637 0.5362903225806452 0.3163927335640139 0.5259216589861752 0.31704152249134954 0.5184331797235023 0.3213667820069205 0.5118087557603687 0.3315311418685122 0.5118087557603687 0.34191176470588236 0.5155529953917051 0.34558823529411764
5 0.3061635944700461 0.3966262975778547 0.30414746543778803 0.4044117647058824 0.3084677419354839 0.411764705882353 0.3159562211981567 0.41998269896193774 0.3191244239631337 0.42084775086505194 0.33410138248847926 0.42019896193771633 0.34735023041474655 0.411764705882353 0.3487903225806452 0.4076557093425606 0.34418202764976963 0.40008650519031147 0.342741935483871 0.3929498269896194 0.3392857142857143 0.38905709342560557 0.3326612903225806 0.386461937716263 0.33150921658986177 0.3832179930795848 0.3294930875576037 0.3847318339100346 0.3251728110599078 0.3853806228373703 0.31768433179723504 0.3827854671280277 0.31192396313364057 0.3827854671280277 0.3067396313364056 0.38516435986159175 0.30414746543778803 0.38775951557093424 0.3035714285714286 0.3907871972318339 0.3061635944700461 0.3966262975778547
5 0.554147465437788 0.3196366782006921 0.557315668202765 0.32309688581314877 0.5679723502304148 0.32374567474048443 0.574020737327189 0.32266435986159175 0.5852534562211982 0.317257785467128 0.5887096774193549 0.31401384083044986 0.5887096774193549 0.3070934256055363 0.5866935483870968 0.2995242214532872 0.5809331797235023 0.2947664359861592 0.5751728110599078 0.29325259515570934 0.5673963133640554 0.29325259515570934 0.5610599078341014 0.296280276816609 0.557315668202765 0.3003892733564014 0.5529953917050692 0.3105536332179931 0.5527073732718895 0.31487889273356406 0.554147465437788 0.3196366782006921
5 0.5817972350230415 0.37002595155709345 0.5869815668202765 0.37089100346020765 0.5953341013824885 0.3706747404844291 0.6008064516129032 0.3680795847750865 0.603110599078341 0.3633217993079585 0.6033986175115207 0.358780276816609 0.6016705069124424 0.349264705882353 0.5985023041474655 0.34666955017301043 0.5918778801843319 0.34342560553633217 0.5846774193548387 0.3429930795847751 0.5815092165898618 0.34364186851211076 0.5780529953917051 0.34753460207612463 0.5763248847926268 0.35294117647058826 0.5763248847926268 0.36224048442906576 0.5817972350230415 0.37002595155709345