5 0.973237287896627 0.5949291479308643 0.9833259034461268 0.5931174551395098 0.9882951862483103 0.5904593002516804 0.9909774963508591 0.5875203404251296 0.9927190817024456 0.5875162931448191 0.995565511003431 0.5643339868348575 0.9941361530661599 0.5641584837481565 0.9919322903551248 0.5608374644111738 0.9833378719206676 0.5552065739849061 0.973825042054093 0.5546922065657344 0.9675318246220819 0.5563162544294568 0.9637587398234375 0.558685509817944 0.960786515625418 0.5639856304723614 0.9563647209500443 0.5810915552661111 0.9585118294993411 0.5872381380170034 0.9658309824496761 0.5938018808956678 0.973237287896627 0.5949291479308643
5 0.9313545058397082 0.6760698698266359 0.9343753991834335 0.6727367086487221 0.945409792618916 0.6649947765046187 0.9635666411679032 0.6571468800557685 0.9649250166406246 0.6531738132051106 0.9636051245188135 0.649743444735797 0.9593738048687375 0.6463913720617844 0.9512943754474505 0.6436562462841069 0.9432372593450081 0.6431027309672845 0.9354092606682819 0.645409879681712 0.9301500637706278 0.6504291953974077 0.9210792987234193 0.6652212018215622 0.9192992300209222 0.6726286844218442 0.9246740360208154 0.6761211595652175 0.9283640108308603 0.6767921185749914 0.9313545058397082 0.6760698698266359
5 0.5653557639096076 0.634181294029451 0.5711299498204319 0.6320577429623451 0.5734736766818047 0.629512984487157 0.5756673535980444 0.6234636090276646 0.575841658591276 0.6125906573407289 0.5685671322786301 0.610390135383775 0.5666937677927385 0.6114674375858428 0.5519623251581823 0.6227318682492837 0.5508107537923321 0.6273839886703364 0.5549893617886863 0.631165363313052 0.5618725932064341 0.6341893885900716 0.5653557639096076 0.634181294029451
5 0.21761368402763814 0.4790542057860755 0.22057782320962507 0.4785466080220714 0.2292674791567307 0.47394849971445796 0.23452667605438485 0.46892918399876204 0.23292091234511939 0.46546371491210825 0.22627084086110397 0.4629040922211316 0.22014384340629173 0.4584477112883317 0.2069450812376885 0.4548661234141793 0.19865480520151388 0.4538482055113137 0.1895292277218209 0.45490659621728274 0.18461265657335943 0.457135449136409 0.18203576977825434 0.45921580502555404 0.18111735834613668 0.4643323280326498 0.18344895768346012 0.46897635389308157 0.1892150585782516 0.4716453257163892 0.21761368402763814 0.4790542057860755
5 0.13031742654663342 0.4692071214347228 0.13473323698473633 0.47105663721827484 0.14144006263049005 0.4707906964953418 0.14747376430190776 0.46891689702992767 0.15594238783933034 0.456665601800651 0.15646950437654983 0.45237258211362114 0.1543183533192367 0.4486222608079354 0.1448399642955558 0.4431007195139987 0.13787766539722524 0.4407206471900335 0.13518112699186452 0.4366854736653158 0.12349693352789448 0.4444020921664917 0.12161952653398649 0.4478756558137661 0.12106605416990604 0.45238332648514756 0.12689909502123115 0.46159712969102057 0.12741004152638494 0.46688915578481727 0.13031742654663342 0.4692071214347228
5 0.09202081962255279 0.47387403350761215 0.10576901164722005 0.4753442121555899 0.11198720410666455 0.47196785579971534 0.11473031087896832 0.46380707111404806 0.11414433940124806 0.4567627365280993 0.1108273886752732 0.4506904022921976 0.10573845426283426 0.4472330277661645 0.09251333626736997 0.44386609087636353 0.07328087242734913 0.4421583024676251 0.06802976054572792 0.4423850952929077 0.06389577918706282 0.4429669415719024 0.06165747563313401 0.4446530961096845 0.06063768340158883 0.44823196160897966 0.06193121969653903 0.45187698106264473 0.06854685033766053 0.45944377762838623 0.0741284604444252 0.4636153063421541 0.09202081962255279 0.47387403350761215
5 0.0606194125907607 0.4436540897029178 0.07065531648653853 0.4422716988802664 0.08183066422411708 0.4434259719721824 0.08630322882395838 0.44244992434182473 0.08822930496357197 0.440943320171054 0.08787245091156765 0.43675964961635494 0.08543542826680024 0.432974227693329 0.07741275300725177 0.4274135385017419 0.0640598983854991 0.42272359508849167 0.05626229804365017 0.42241983137336103 0.05074762789341912 0.42479313404215857 0.04679005230674802 0.42866494632110613 0.04680832311757623 0.43324281822716804 0.055952171408097294 0.4367622994272608 0.056361737113823675 0.44051666801325673 0.0606194125907607 0.4436540897029178
5 0.08050462881552709 0.42822894726118693 0.08772644347445101 0.4308587711868439 0.09372974681099128 0.431595884150988 0.10337839831988734 0.4286407352031957 0.1096269891142092 0.4226534664177629 0.10945058334221527 0.4193635004178102 0.10620865758880696 0.41504347467406066 0.0907006094017247 0.40899947140033144 0.08059776554941325 0.4038370308404174 0.06882431881006512 0.4028272074981724 0.06317786952552927 0.4062737650887275 0.06218039061282869 0.4120342410488778 0.06497830981761682 0.41760707208139597 0.07014226920262227 0.4228167550995813 0.08050462881552709 0.42822894726118693
4 0.20955589859200927 0.7408366441532168 0.22055079804957742 0.7410972126903866 0.2288147182588911 0.7423297815776038 0.23320821537814954 0.7419976869003007 0.24108892570859775 0.7392612362171702 0.24881150107788025 0.7378126914401486 0.25435252705497224 0.7352247377869997 0.2601875096355514 0.7278793618607776 0.2623548307249302 0.7220446373856365 0.2646052618029083 0.7131696985122347 0.26547904659733684 0.7036899545834284 0.2650025409350769 0.6933907546148669 0.2626790266137863 0.6839542058640218 0.25869299442149185 0.6738777514404324 0.2554510686680834 0.669557725696683 0.2404924503370654 0.6614023131967789 0.23677611970015952 0.6609460051713565 0.2295462200252027 0.6631087041361129 0.2171625467600357 0.669432114879159 0.20294205063063334 0.6859885716363967 0.19830326605359333 0.6930450480632767 0.19473698536182046 0.6960933570221585 0.1923324618306929 0.7038599403564628 0.1910633396333497 0.7165594490505414 0.19261234918087675 0.7228504815511049 0.19847174585906288 0.7318496337726264 0.20955589859200927 0.7408366441532168
4 0.12585988549714594 0.6307677865112667 0.12632620536461064 0.6316965916833531 0.13058388084154773 0.6348340133730141 0.1368466999386813 0.63582087793885 0.14303449406324836 0.6350554340125336 0.1528595513441384 0.635390251064694 0.16191010385126486 0.6325795518665729 0.17269011418592886 0.6369535897237614 0.17903200076364534 0.6372965013365425 0.18259828145541823 0.6342481923776606 0.1852359649202781 0.6269460116293994 0.1937715284142344 0.6212395477826883 0.1958861378498912 0.6158341252762504 0.1955860379596252 0.6088248913076416 0.19830683141308447 0.5984824961611191 0.1982622047753954 0.5941192752394089 0.18994347213359733 0.5791530906340063 0.18707052795624265 0.5718279511093359 0.18658997978596628 0.5639250125859812 0.17795093471382012 0.5539309012380033 0.1681116491301184 0.5466219508345742 0.16450074180065638 0.5453070388717457 0.16047218374943528 0.5450302812133345 0.14832975543403343 0.5470255716520106 0.14185204721399564 0.5501521764061934 0.13865474809827644 0.5501953715841544 0.13126267095413735 0.5560422379002262 0.1249836818249381 0.5646404191152172 0.1226318699475325 0.5719777004808186 0.11918734164477765 0.5953044565404515 0.11965171978298836 0.6127924408446329 0.12167109170599655 0.6176160170720761 0.12870437306887722 0.6241446593334002 0.12585988549714594 0.6307677865112667
4 0.24323329728109835 0.6083565140052398 0.2544613566723989 0.6090814851284527 0.26078092993127083 0.6072427862803788 0.2648662421442304 0.6046939805248803 0.27597869243329165 0.5969071607890243 0.2785069100826913 0.5928598454233756 0.2787379692376612 0.5791613303225303 0.2855298466012683 0.5592959960692411 0.285546016633334 0.5497109502884143 0.28282716490912874 0.5434941663028416 0.2805178788906498 0.5410317509032649 0.2726229402573898 0.536794068235127 0.2661533170533848 0.5351281500988965 0.25958231304995244 0.5319245744548654 0.25274775077791023 0.5308675086543494 0.24531104699608205 0.5323511540487109 0.233758632666417 0.5389945176281292 0.2280817850470037 0.5450519876482424 0.21783713531510046 0.5623145040325943 0.2141715746026626 0.5779880731705639 0.2107289880291617 0.5847556500981016 0.21059316638684042 0.5882251664650656 0.21608358148897291 0.6002294324675082 0.22023583365846608 0.6042254580945752 0.24323329728109835 0.6083565140052398
4 0.4539146729976455 0.6531811095622633 0.46181365413892184 0.6550225307851946 0.4748015696926372 0.6603213265341591 0.4818206227527063 0.6598758354442147 0.4845516020009607 0.6589038350941674 0.490404855392368 0.6561363310740072 0.49857952232630354 0.6486424581178036 0.5001304736030846 0.6383743114862719 0.5028918511862164 0.6347913987066665 0.5051118839293173 0.6285273722628226 0.5041082617298378 0.622521191981291 0.500862293468413 0.6205974276827482 0.48717085560548423 0.6163016856208607 0.4840526239703479 0.6157009278457672 0.4804640299597304 0.6165676263437939 0.46599614559378394 0.6256855471637198 0.45405647887723716 0.6307561526179974 0.4487141719909836 0.6388156827319543 0.44743082149082875 0.6445410580747643 0.4484384861983247 0.6481509769110892 0.45173312360545487 0.6520417006861357 0.4539146729976455 0.6531811095622633
4 0.5791220676955946 0.6095072477645068 0.5859566299676368 0.610564313565023 0.6015152890296783 0.6020160971831607 0.6093027035767322 0.5929494661018164 0.6136069474206123 0.5838909295810926 0.61096716317699 0.5770301926424654 0.6076461699429987 0.5733541198517704 0.5984759658256166 0.570049289636029 0.5909642370712219 0.5697806265382386 0.5801720992125088 0.5725953730166701 0.5622250866514051 0.5793251269520101 0.5584520018527609 0.5816943823404973 0.5569131781000292 0.584773744636409 0.5560617066244451 0.5964350990260702 0.55982266389904 0.601254627973203 0.5682670323883641 0.6033809014151663 0.5791220676955946 0.6095072477645068
4 0.6351870215805139 0.5499356012504526 0.6418898047182512 0.5520659219727262 0.6502591482350087 0.5524398869225374 0.6564732981864368 0.5514597920118693 0.6596219281564506 0.5494496373574047 0.6615337759932525 0.5409688998353656 0.6608383387000718 0.5371794306320293 0.6550985936321413 0.5342958078243703 0.6457362991430131 0.5331462626064789 0.6402636694193953 0.5298596632931222 0.6372812594265802 0.5257893891510644 0.6351260658612508 0.5244353292905852 0.6282124361086255 0.5240222164431237 0.6245184187905644 0.5257475188785564 0.6219374894874428 0.5302241362129081 0.6215908212302337 0.535410860454684 0.6248287044756256 0.5421271476436402 0.6281233418827559 0.5460178714186867 0.6351870215805139 0.5499356012504526
4 0.9655310416089184 0.6175147437460426 0.9698981829013158 0.617397300053091 0.9722155539358276 0.6150671925622544 0.9749201773572214 0.6143098431965587 0.9772031075488391 0.6169869095804869 0.9841167373014643 0.6174000224279483 0.9891874009030751 0.6162795250479197 0.9920074743771993 0.5933118697223095 0.9869935649373272 0.5916068036884286 0.983194124311822 0.5941907100612673 0.9736508961103697 0.5962872550716536 0.9645334036467098 0.5925531228872092 0.9595235367148535 0.5884517954081216 0.9560930776654019 0.5880305880000394 0.9522855520238638 0.5954070172632913 0.9508886932002321 0.6067835194339206 0.951922713734589 0.610178787285894 0.9535061641250098 0.6114626459116927 0.9655310416089184 0.6175147437460426
2 0.514750349643418 0.6162018285185551 0.5236650805082231 0.6168606456873981 0.5215402852777711 0.6128956733973608 0.5211043637451838 0.6093559557957164 0.5266981013759977 0.6063387001738644 0.5316896974970257 0.6058621557468902 0.5380883382364805 0.6033795039457618 0.5416809747551143 0.6001165440025285 0.5426865386838479 0.5895635451519649 0.5391789538830675 0.5732271115648419 0.5350267017135742 0.5692310859377749 0.5319611817321598 0.5682010261939783 0.5279589795077997 0.5677096175512155 0.521146730554602 0.5688341622115547 0.5154475696163443 0.5727100217708126 0.5066301770429501 0.575985123554977 0.4969247713723156 0.581765835916679 0.4932003557193769 0.5861020507816697 0.4915743794700293 0.5946178889210493 0.49271382331183017 0.5971545528356167 0.5049333773785609 0.6110744885759812 0.514750349643418 0.6162018285185551