5 0.2295900492681014 0.5988363450795051 0.22204039323939603 0.5983370882487759 0.21308492264742399 0.6030663767907509 0.2093684052344975 0.6066982950141668 0.20623008796762665 0.6173070404710319 0.20262738362390986 0.6231740946021594 0.20062509931457342 0.6298235173516321 0.20337911150742255 0.6390315830670256 0.21159689488409433 0.6460845929094333 0.21826835662734806 0.6479448447175018 0.22945654580071856 0.646564362611327 0.233421767085721 0.6445329689629664 0.24785014366152258 0.6334497722428971 0.2521631308205187 0.6283969766427128 0.25640726851126056 0.6208975080239316 0.257543301468795 0.6169381853165392 0.253809224854934 0.6081850837355146 0.2508332027909503 0.6055626609443976 0.24155737072500552 0.6007167945228705 0.23664229755265476 0.5961345527601235 0.23201175705332827 0.5971401507666553 0.2295900492681014 0.5988363450795051
5 0.33883103147908683 0.5988413186247327 0.3344491948518364 0.6014474412063201 0.33522832713537004 0.6047083727558601 0.3306905219715969 0.6108188539104711 0.32956643194771196 0.6161072816826046 0.33246727787707686 0.6260098411300831 0.3351615754016787 0.6285723815217711 0.33564704021218106 0.630444325607141 0.33804767026375154 0.6316178785346588 0.34513855548289574 0.6384313587793502 0.3540097151402421 0.6451810591988453 0.37007995681865735 0.6499234610310438 0.3734037447566348 0.6495244818703372 0.3832943161686632 0.6445517663048785 0.3857490446211961 0.6413149298164023 0.38684011397777507 0.6375671442198951 0.386207815430757 0.6350007064024402 0.3812449705238084 0.6251020443807288 0.36018518993750304 0.6022748130274868 0.35441580834699976 0.6017117763715613 0.3492878601035215 0.5995163252279821 0.33883103147908683 0.5988413186247327
5 0.17924005138608992 0.5655824918805303 0.17380016606956622 0.5703957578829983 0.1661331784389292 0.5829161321893658 0.16424470719880252 0.5918006908465498 0.1647421149429545 0.595001739996661 0.16885697809811495 0.5991927974502355 0.1764754835950746 0.6021387272995616 0.1816364525058588 0.6027935362675143 0.189443947206647 0.6006944653681905 0.20564346342064357 0.5937463411280335 0.22499323983516034 0.5775185764957527 0.2264320750657331 0.5707493889474218 0.22233828964422897 0.5636885842534798 0.21931730397928986 0.5612776985732482 0.2128706602408131 0.5583597612107529 0.20582754675626663 0.556862701225026 0.19504402999149478 0.5563393493332328 0.17924005138608992 0.5655824918805303
5 0.39475313119754835 0.26648391700480645 0.38438622977502457 0.2653858361797864 0.37470853343412364 0.26797176112607696 0.371657335235521 0.2726294749913215 0.3721392815133015 0.2897561861214997 0.37487221597249415 0.3018339990772608 0.37979923207849436 0.3077453459047489 0.3852658113959594 0.31111824740161287 0.3900101649644956 0.3123477853027926 0.39352575023994407 0.31243176276328544 0.4006798686600577 0.3106360012868742 0.4080018985503434 0.30666498630218053 0.4137895497408608 0.2988303183478887 0.41741052368459164 0.28456555960654384 0.4167662822039241 0.2806700167243476 0.41321486812752717 0.27659872406963143 0.40579413143486337 0.2748003033738755 0.4020238708205143 0.27245124880595656 0.39795397126630905 0.26804865424149676 0.39475313119754835 0.26648391700480645
5 0.3995607514297296 0.17044535815640166 0.3981282428655214 0.1674877360297741 0.3933600034296863 0.16359998799911213 0.38935895334373544 0.1616440664532493 0.3798161478057007 0.16359538006688407 0.3705192380060995 0.16161926088572448 0.36212721649289104 0.16646831422655767 0.359537597237492 0.17033976204768986 0.3587401953539443 0.17547653510836708 0.357580276529111 0.17677764768627732 0.3556918052889843 0.1856622063434615 0.35597633796200856 0.19125004611274027 0.35657561584172076 0.19535712610582184 0.36044458325844786 0.20347561635419043 0.3752136886427991 0.2198805517719137 0.3819870205216131 0.22264683442295255 0.3860000135412135 0.2259318610335566 0.39050760617132313 0.22688997942442185 0.3938313941093005 0.22649100026371505 0.40265197389840646 0.22239632305439602 0.40921875737245744 0.21782258664964432 0.41112830634624065 0.20606828075209255 0.4095250781782177 0.19975795476389768 0.4099810408541362 0.18791577398008585 0.4079731402775149 0.18350928198985894 0.4021890076197196 0.1760891828993425 0.4016346933409628 0.17177056579537572 0.3995607514297296 0.17044535815640166
5 0.8162777630372855 0.12857558594332524 0.812087723747506 0.1316646651461122 0.8076370376520015 0.13182411470910288 0.8034800190295277 0.13337255173626347 0.8009922699096889 0.13815003040036622 0.7991817829378236 0.1452824097710387 0.7987918615965168 0.15404330620359769 0.8008475339077362 0.1637662184527889 0.8034069406294717 0.16696337017713292 0.8091552444863186 0.170396154073426 0.8163332487737313 0.1712586027264969 0.8255493661714288 0.1694589438243185 0.8319812588426135 0.1655198187522228 0.8414854274460575 0.15405323257451506 0.8439373477649479 0.14528843871618893 0.8433500128188852 0.14251046378784862 0.8409824034346206 0.13979626868470446 0.8362591275997409 0.13569698354315732 0.8279183963538526 0.1306076900981467 0.8237824554650353 0.1292863798849398 0.8162777630372855 0.12857558594332524
5 0.9209807393084436 0.6666441708140542 0.9136917300854638 0.6690745436231216 0.906097110455803 0.6687868239032775 0.9041369816137799 0.6696967521720152 0.9014904558237757 0.6724506320392918 0.8993083171106176 0.6799462032323056 0.9034857030676683 0.6963107433794355 0.9055385672452448 0.7005056982587771 0.91834473565393 0.7122926045753879 0.936548633911826 0.725005739370266 0.9402110529237901 0.7257842105628439 0.9462052525190705 0.7252895616643429 0.9537759862814321 0.7229190712547047 0.956896033948289 0.7207080304080569 0.9606455720285213 0.7155354700090145 0.9619944800571834 0.7091893566824543 0.9605921840266387 0.6991631350103505 0.9589109715903543 0.6946049883086673 0.9460331455797725 0.6748434516036098 0.9419632460255671 0.67044085703915 0.9282816914650731 0.665542903069728 0.9209807393084436 0.6666441708140542
5 0.8335372248990639 0.677684130237686 0.8316220596579958 0.6783825213955381 0.8278964074450623 0.6862132919240629 0.8288012957314551 0.6930384644460557 0.8334346443644242 0.6975608238093737 0.8402529398441935 0.7001155693495273 0.8492231615034574 0.7022433432421431 0.8599048081326691 0.7018606642909658 0.8682069024439667 0.6974346851719033 0.8778368270502697 0.6895323399666482 0.8815983080641516 0.6856888846323468 0.8845925997281492 0.6799136028132466 0.887347322320078 0.668338944113982 0.8872096233835693 0.6634455980767882 0.8864873976346406 0.6613022344811039 0.8805803171076286 0.6558458517879846 0.8531083007856358 0.6756534470957867 0.8441739079273203 0.6775129883973942 0.8335372248990639 0.677684130237686
5 0.8613675626932163 0.6090908318436354 0.8528378422434996 0.6090465391472749 0.8471373101212505 0.6109301755099463 0.8290015509325295 0.621446438148323 0.823471738414095 0.6266827783725618 0.818844006048411 0.6332163337489434 0.8177979002927875 0.636752582234565 0.8188587571157028 0.6400733961835342 0.8157351909161241 0.6575392040749901 0.8178688474956045 0.6655099370376697 0.8234162192149734 0.6726586166178717 0.8299647330890106 0.6764825848233373 0.8364443974947932 0.6778598800102061 0.8481510721459719 0.6768106998137748 0.8558117331102446 0.674017135182366 0.8641018844878925 0.6682620509985622 0.8661399975981775 0.6655999434433129 0.8783834273271784 0.6564843605464077 0.8816594435305583 0.6507689611267364 0.8855530072136638 0.6407629370899293 0.8869110500423327 0.6302179714582605 0.88219690900746 0.6219198340116046 0.8761099740766263 0.6173095997620266 0.8730201389434329 0.6124520410631981 0.8693457769978193 0.610344464805879 0.8613675626932163 0.6090908318436354
4 0.81555252837866 0.6528573951486816 0.8181154536331177 0.6407997798282173 0.8176391236226221 0.6347289834377389 0.8132903076626778 0.6357944638436998 0.8033997362506493 0.6407671794091582 0.7998630732415444 0.6435529491890329 0.7947407412653511 0.6524134127851533 0.7863156990848368 0.6588031083016129 0.7854522558666772 0.6670211657135431 0.7874271357759927 0.6729682998793963 0.791272217325421 0.6784285799982828 0.7966039058400196 0.6824360928278028 0.8027688250391147 0.685294147790869 0.8136542119394468 0.6867235305256326 0.8223068802583805 0.684804106824596 0.8288856066660811 0.6815594754845855 0.8305970316360286 0.6790490226407925 0.8303033641629973 0.6776600351766222 0.8242733357667685 0.6741673688809 0.8199217116731816 0.6697048919170112 0.816640079202517 0.6643643765969829 0.8152405913056147 0.6598661122947289 0.81555252837866 0.6528573951486816
4 0.9631874530119985 0.617688746900436 0.9539116209460536 0.6128428804789089 0.9502492019340893 0.6120644092863309 0.9358960014929067 0.6158674693500388 0.9260623366154832 0.621957752869353 0.916315790806328 0.6220970047970468 0.9092607343881319 0.6192708397465788 0.9059819100511103 0.6194582817964002 0.9033234413274567 0.6208830565989356 0.9023103562391388 0.6228786629089309 0.9035630103995255 0.6266824334790998 0.9081064318305836 0.6316278670641885 0.9137079019509148 0.6343661572283964 0.9151284675814738 0.635994674290283 0.9174180926974769 0.640461048679939 0.9201390842230202 0.6512097565709588 0.926103071284637 0.657783707217934 0.9298223968312062 0.6596797463643675 0.9323010111510379 0.6591011200053736 0.9358826377610981 0.6561038131146135 0.9376179485983448 0.6562515704003027 0.9436030133936182 0.6599557738069104 0.9486199567015292 0.6654440464126277 0.9528008611913016 0.6665538195149492 0.9669861501623123 0.6649260129595238 0.9718864722673708 0.6626511922876798 0.9759626984879407 0.6573269771771812 0.9776980093251872 0.6574747344628703 0.9808454613920651 0.6426671367008966 0.9744620508545578 0.6311399576172987 0.9712043042511922 0.6284576524267526 0.9690495699380552 0.6233566667044406 0.9631874530119985 0.617688746900436
4 0.4409658008552594 0.2513230537914087 0.4417449331387931 0.2545839853409487 0.4402583261736225 0.25603675263031517 0.4327655766795221 0.2566550637534416 0.42528477011907106 0.25860247994130914 0.4235164386145187 0.2599953648312464 0.420297328945744 0.26682833220477353 0.4145996049571375 0.2742399259372946 0.4146234908244364 0.27689813606677677 0.41830066090369256 0.2845336696939458 0.41546514590985995 0.29233255030987226 0.41476961416187264 0.2983753542135199 0.4192561290583258 0.30220321984475274 0.42894857646651874 0.30647435733305295 0.43261099547848286 0.30725282852563096 0.4407332353859588 0.3036729978501097 0.4512083336104074 0.2959502998431419 0.45297385698131737 0.2890294575833548 0.45265349550734457 0.2794543026198526 0.45427218514173895 0.2718389666279804 0.45369117686204075 0.2593341820246816 0.4511078842730062 0.25347882017085543 0.4449429650739113 0.2506207652077893 0.4409658008552594 0.2513230537914087
2 0.5565085904147419 0.5458387178369993 0.5525911408643374 0.5531865317443243 0.5463180248633176 0.559149255613246 0.5422059698417995 0.5604861555295215 0.5410010874160107 0.561998805218317 0.534737106214998 0.5637626767821301 0.5307030354617412 0.5633473974118937 0.5244032254597801 0.5611239537814836 0.5134096417575232 0.568515349878708 0.5126452605412816 0.5721114807637587 0.5136611537632416 0.5756438318236132 0.5184413361327261 0.5808606849190163 0.5235692843762045 0.5830561360625954 0.53073815386361 0.588117437020775 0.5378978885510086 0.5973775902840633 0.5534854735525642 0.6057760054007417 0.5601449923621684 0.606307152144069 0.5714800152720545 0.6056211637699793 0.5760986128377314 0.6032864606987065 0.5819761912301595 0.5950287185226439 0.584844726891298 0.585689195731091 0.5813143905485576 0.578748155836007 0.58050575613044 0.5617730994172853 0.578734616492245 0.5576380269373727 0.5668066423690113 0.5444901256434226 0.5609234477092983 0.5416919530797855 0.5565085904147419 0.5458387178369993
2 0.5202532439027506 0.5321628567190279 0.5168606064965189 0.5301151628611377 0.5132550940191597 0.5304542596224155 0.5122181230635431 0.5297916558029285 0.5082051300439427 0.5265066291923246 0.5076177950978801 0.5237286542639842 0.5004397908104674 0.5228662056109132 0.49622586565338905 0.5232970746842182 0.4941519237421558 0.5219718670452441 0.4894644767082245 0.5218598970979204 0.48696197652109374 0.5197803133274321 0.48382998592058735 0.5206622491093388 0.47978397223368113 0.5189178646743612 0.47336121436250334 0.5186581374413481 0.45825276750508576 0.5218584760849982 0.4544224370229495 0.5232552584007026 0.4495340578515402 0.5268591841372876 0.44581754043861366 0.5304911023607037 0.44411805840231555 0.5343306602692378 0.4409586634017882 0.5478091529664704 0.44024205392014437 0.5567217041104856 0.44052939472681124 0.5678375012496143 0.4423005343650061 0.5719725737295267 0.4527060727221208 0.5825859271186199 0.4582176156405412 0.5857472915045986 0.4728223280874423 0.5890727133857961 0.4807316929237908 0.5878796733294427 0.48804458801406964 0.5881075106498577 0.49233649743940927 0.5859244622900408 0.49608603551964175 0.5807519018909983 0.5024280009889158 0.5772358510406735 0.5077870939035355 0.5686468069548675 0.5124625980038174 0.5674296718374503 0.520482967775733 0.5629438103189587 0.5252125702769773 0.5573162857855474 0.5312580601395775 0.5468832901012026 0.531920571220259 0.5423811283731814 0.5288040420861242 0.5293374021750208 0.5269879388469738 0.5254138668059938 0.5252406850760777 0.5239370044555633 0.5239788961156842 0.5243320861905032 0.5235081823724738 0.5293172045397241 0.5202532439027506 0.5321628567190279