1 0.41895542154630483 0.4516862130834644 0.4186372455008597 0.45539391027466947 0.4217517857298498 0.4586447774925725 0.4309150652312289 0.4616894667248038 0.43644951380448027 0.46238641571983174 0.4470953224329054 0.46185877932980934 0.4518891941681433 0.4602228127549533 0.4582561094859776 0.4563089375780768 0.47129303042449966 0.4445577538630799 0.47191360904728885 0.44104570169164176 0.47052296982681235 0.43767428757210736 0.4487636945496186 0.43204173908094656 0.44044659208439507 0.43284011860887117 0.43122159416163 0.4371706414585058 0.4241586715080479 0.44351788795662594 0.41895542154630483 0.4516862130834644
0 0.4879450719995768 0.42670041745322596 0.48992543063214955 0.4302473854422556 0.4918159625346815 0.428380858030041 0.49556616712905255 0.4283354092465449 0.49651863208885966 0.4295695528159624 0.5006466679735333 0.43079842990242767 0.513833758612463 0.4253236862688305 0.5164655550785181 0.4216709960454891 0.5164209855762524 0.4169047091543615 0.5154685206164452 0.41567056558494403 0.5133667883176292 0.41451678661661406 0.5060933529932725 0.413724648353179 0.5032956133587085 0.41500424070609265 0.49956049450692924 0.41526542565962765 0.4879450719995768 0.42670041745322596
0 0.5225444658360906 0.42189629039989535 0.5270201615258833 0.4239680210162441 0.5313902570175341 0.42452959844232085 0.5348229732919693 0.42407276846901876 0.5415073769297393 0.4205702744819482 0.5429597345716017 0.41656647651961654 0.5426127624919921 0.4116045446087221 0.5413729806974328 0.4103904921895766 0.5326327897141313 0.40926733733742315 0.5303342550361134 0.40942806653959857 0.5230601319862471 0.4127550066571743 0.5195965565011188 0.4168994426714093 0.5225444658360906 0.42189629039989535
0 0.0693204058497218 0.2990167725809324 0.07251037479167058 0.3033463206490298 0.07736390177176596 0.3066923771353402 0.082611033510265 0.3074094172806399 0.09640224157837332 0.30644504206758744 0.0994722123050977 0.30492962239436305 0.10019839112602894 0.3029277234131972 0.09892981329730519 0.2930440418919522 0.09008470984137132 0.2862916554685158 0.07918175586337735 0.28727085534888774 0.07293621421178645 0.2887915415050646 0.0696392696206765 0.29118999700871667 0.0679146808866535 0.295429622291359 0.0693204058497218 0.2990167725809324
0 0.07950680916391795 0.2423723743475746 0.08148716779649068 0.24591934233660417 0.08758047657114537 0.25047945124206017 0.09173868394100232 0.2521398006686032 0.09813508301851051 0.2527764762128152 0.10418451001640908 0.2484512198461329 0.10601469894857429 0.24572174775376276 0.10590978647594174 0.24009251618247968 0.10364211100861656 0.23656563934372205 0.10063317097776861 0.23482492531609128 0.08951901660349057 0.23278381881591897 0.08448308526127543 0.23508708505116357 0.08070202145621161 0.23882013987559278 0.07950680916391795 0.2423723743475746
0 0.051832503121132155 0.25124486451546774 0.0555971057325854 0.25553423028302136 0.058923534083369075 0.2576863255004579 0.06737640823191811 0.25882957150288327 0.07271474215147722 0.2567219502874055 0.07369806632197735 0.25426848781589007 0.07238423126547831 0.24373759778452828 0.06721321596544741 0.2399801601084121 0.06195099848435646 0.2390473837930735 0.057126955263935006 0.24025187802785183 0.05352760809548115 0.24245468851173682 0.05100141182756832 0.2476175319253505 0.051832503121132155 0.25124486451546774
5 0.22559926758968127 0.7791204588534485 0.2188990904838101 0.7865262950514909 0.2101575240494896 0.7936412969613593 0.20982426226145265 0.7971332579825254 0.21198496207961653 0.8073881383930324 0.21113740959244204 0.811783226394898 0.21270907772401926 0.8177434745548992 0.21666979498916494 0.8248374105329583 0.22530369804881478 0.8285694905758503 0.23198741396107522 0.8291860749697904 0.2362368235119921 0.8280217630355559 0.24375369389434492 0.819908444876581 0.24900151335835355 0.8165064066408698 0.25479517045770245 0.8043945570025155 0.25512843224573933 0.8009025959813494 0.2455880091795672 0.7924645024981458 0.24105265824491706 0.7854107488206304 0.23792371999884473 0.7778250670516779 0.23550449938009294 0.7762599068935423 0.23176938052831364 0.7765210918470773 0.22559926758968127 0.7791204588534485
5 0.43018462740138713 0.7609122176488656 0.43205801038479874 0.7711871892096445 0.43598855616476084 0.7778496528476259 0.4411143142370168 0.7809598820136253 0.4510942870148775 0.7832970892849244 0.46405371606391244 0.7828244598627655 0.47338431418481947 0.7800040902034031 0.4822616523024655 0.7748307138238847 0.49059521596129985 0.7660099137039772 0.4910498514155801 0.7601247636621116 0.4888726904038053 0.7578923038435871 0.4502686975253899 0.7467171296467205 0.4429040600199734 0.7487496527440627 0.4359926825178181 0.7531351825615609 0.43221161871275404 0.7568682373859902 0.43018462740138713 0.7609122176488656
5 0.6110289336336896 0.832598077278391 0.6096814884644596 0.8422311068120054 0.6119635619488668 0.8500927982018129 0.6187371045911682 0.8561228779969972 0.6237723482078735 0.8579386901427632 0.6329212296921705 0.8566485648239451 0.6345697019877254 0.8554493370721191 0.636022059629588 0.8514455391097876 0.6350572598292272 0.8335193458462877 0.6338634229879526 0.8288334235562479 0.6292972128426094 0.8254672759196657 0.6218880058349273 0.8227335121258804 0.6183949465901251 0.822327397419027 0.6151432592267905 0.8253730614327957 0.6110289336336896 0.832598077278391
5 0.7442911669689731 0.7771029766809427 0.7480852533401001 0.7859428931695851 0.7550672454766474 0.8114695928693572 0.7639432081432742 0.8145343732518604 0.7673306671899345 0.8134303347684417 0.7708847571306132 0.81058031577444 0.7773133908698334 0.7992912285156974 0.7773593358231181 0.7958193586448032 0.7720381508226792 0.7857854808872874 0.7660813014568595 0.7790479191311708 0.7577045437467786 0.774864275597929 0.7500985343598946 0.773445019974649 0.7451990624265145 0.7735708333592328 0.7442911669689731 0.7771029766809427
5 0.6169296106008172 0.7229227635160103 0.607826674069805 0.7207410189639342 0.6083553627860249 0.7241727065342844 0.6154313080056701 0.7303984313492359 0.6301886913251581 0.7391220926376615 0.6364033737660559 0.7412890125224179 0.6509509321402788 0.7387542106682774 0.6551399987208288 0.7367269540538874 0.6595107819379892 0.7331694530989532 0.6604035916529388 0.7294215736072045 0.6600120500710636 0.7196933548051824 0.6583951247117111 0.7130858981350645 0.6518032987060202 0.705525573999336 0.6483554966889931 0.7057666678025992 0.6345032579250084 0.7099871767165068 0.6285896026104354 0.7162540586135393 0.6169296106008172 0.7229227635160103
5 0.5054205514503771 0.6394511969291624 0.497086987791543 0.64827199704907 0.4955434279686205 0.655100456372179 0.4970691511469131 0.6645325744030744 0.4997750008749075 0.6701967217919489 0.5033887460604436 0.6723287258591137 0.5171943521456339 0.6756991651971109 0.5266456362072748 0.6746046848980597 0.5380937400950992 0.6690347519960551 0.5426462399488697 0.6639470067005767 0.5452032954274757 0.6550965572460301 0.5455825021687973 0.6481327263539698 0.543632315021408 0.645017230705018 0.5353618452349785 0.6382246619810378 0.5288296744741448 0.6356463609064756 0.5253366152293426 0.6352402461996222 0.5130121628201791 0.6365356380013927 0.5054205514503771 0.6394511969291624
3 0.5150144402318211 0.6899430189026299 0.5059409874604828 0.6923118250716427 0.5011011707719601 0.6974196615173929 0.4988156586600052 0.7101533620326397 0.4999182933202201 0.7176639456834568 0.5068289830968659 0.7173974942469694 0.5104735874930948 0.7158418922732013 0.5179287394540617 0.7151037861960923 0.5269871064828083 0.7125192438570407 0.5412775195074623 0.7104360054932499 0.5583800701837626 0.7114079893275952 0.568888731677843 0.7171768841692445 0.5726841934999892 0.717778643895865 0.574560327385439 0.7115773019326007 0.5727322016298025 0.7019495388819383 0.5654752274990565 0.6931349800265204 0.5594271759521772 0.6892220796311813 0.5358527974854101 0.6865347394024294 0.5284737619629114 0.684232447948722 0.5219710749617517 0.6862046975952485 0.5150144402318211 0.6899430189026299