2 0.4337208987478213 0.6169406655915199 0.4417804123026351 0.6172976408426037 0.44669485148120236 0.6163019431040783 0.45574661525366933 0.6093221769115194 0.45610252738855783 0.6054350628444395 0.4452915946858922 0.5976760001578683 0.4341500429578625 0.5758519317795926 0.43097099979746034 0.5764453291309021 0.4199222856057053 0.5823087588307609 0.41461041688939276 0.5895701010530445 0.413894818310265 0.5975605592250841 0.4155094364292101 0.604077620050023 0.4183174702173213 0.6082362569173129 0.4337208987478213 0.6169406655915199
2 0.4633136076226032 0.5553802795809761 0.4765981807786653 0.5534492034810128 0.48125483986546014 0.5507186388246913 0.48360392811028596 0.5481640912881914 0.48835494493084664 0.5400277756848739 0.48848704575811847 0.5324597243590794 0.48572430368221475 0.5257063270372315 0.48205234619437165 0.5215326103256699 0.47691032139883704 0.5190636008433606 0.45995001644558126 0.5170371902696421 0.45591837251349904 0.5169668176630402 0.4524438061678183 0.517987648475352 0.44372908298348673 0.5221614507902304 0.4381443369379994 0.5285528462462372 0.4368678864631195 0.535668331037243 0.4396344028483738 0.542205498321211 0.44528821351810244 0.5483604716769922 0.4561331150049237 0.554173464022645 0.4633136076226032 0.5553802795809761
2 0.35263927043501353 0.5917328294484265 0.3624794717201999 0.5890927438577361 0.378071615718231 0.5869856506379512 0.39577016510671825 0.5797242228123508 0.3995779977311837 0.5761136581602382 0.40285517293470213 0.5698982798240528 0.4028891417188577 0.5679522094831343 0.40098277472398475 0.5616463520813179 0.39397212602708337 0.5507091848183936 0.3759089888290764 0.5458516772932083 0.36521241246285946 0.5480442229638671 0.340531888654785 0.5757318922486349 0.339569832911937 0.581338793389239 0.3469137478876231 0.5896862268123624 0.3503354739023951 0.5916926165303682 0.35263927043501353 0.5917328294484265
2 0.20485969726961334 0.37739962300173036 0.2123357130725713 0.37817900509905933 0.22207778231464145 0.3811609004932447 0.22581767737079575 0.3814424765229693 0.2362791195013442 0.3762176837072354 0.2433301585451725 0.36833781105985597 0.24484929187442206 0.36382211333816566 0.243154286203184 0.34540737381507813 0.241278113683116 0.337371676110223 0.23697736673120956 0.3362151266994645 0.22661405664377732 0.33581793853032255 0.2161677117506314 0.34017781119453716 0.1968481226804277 0.35779314776458343 0.1944688399607968 0.3620775356041219 0.19465490817490733 0.36792077324163497 0.19801247093071875 0.37360307360359835 0.20085447350298552 0.37581564012996954 0.20485969726961334 0.37739962300173036
3 0.40717631163085255 0.5368804300202816 0.41378840373407855 0.5376447322733386 0.42128329108378965 0.5373429641812684 0.4273534028380167 0.5361511428638922 0.43489735620928593 0.5330383842793839 0.4416981637800432 0.5229911846384487 0.44898056275018944 0.5183597891740243 0.4484650025666448 0.5148900553384322 0.4444975218935231 0.511143772087873 0.431905901460485 0.506381770243076 0.42500960910003227 0.5053962113373818 0.4152033765990015 0.5060902265871535 0.40071783915507203 0.5108121867205259 0.3937234147515031 0.5154486087997076 0.39074931135196456 0.5208040935991308 0.3909693483502306 0.5247012608957251 0.3940238393020622 0.5312434547944506 0.40001091625057555 0.534808694310431 0.40717631163085255 0.5368804300202816
4 0.45238905249785794 0.603639876549556 0.45754240022144427 0.6054601959182259 0.4653177135190315 0.6055959145166725 0.4684929823700831 0.6052187472032429 0.47228194344779545 0.6026893327405294 0.47817353560661324 0.5952218137098806 0.4791884316803701 0.5865876920389587 0.47763797682038567 0.5763947205700625 0.47403395690085376 0.5683288631766635 0.4711995029472882 0.5656838365745327 0.4660423809143513 0.5640797472437427 0.45827839054481584 0.5632953385316566 0.4467141161695164 0.5656890343959234 0.43743099247073153 0.5694203234055275 0.4356352075029565 0.573282304398821 0.4358514701918719 0.5773957017332952 0.44361658761733713 0.5946186199390067 0.4475614224343549 0.5996622834168449 0.45238905249785794 0.603639876549556
5 0.26625489459083795 0.37522684137683376 0.2749582948471176 0.371701729175595 0.28431690473291493 0.36364583940839396 0.2897193568736426 0.35119497627699425 0.29613405783470625 0.3467647310061778 0.30261669636408123 0.3384423450535241 0.3032568087561965 0.3347764876390813 0.3013126986678172 0.33063293061606336 0.2967466230054372 0.3281739743632686 0.2889939555639538 0.32674087553754283 0.27832757367254174 0.32720358090516294 0.26849492100605665 0.32941120642009364 0.2632396669300034 0.33342909807417964 0.2543400025874913 0.34819817224517025 0.2478875585329213 0.35479071789478517 0.24639107105977542 0.3580090353891964 0.2468122735095545 0.36688452017178447 0.2536179824455923 0.3730595999865948 0.25963147955956 0.3751112292374163 0.26625489459083795 0.37522684137683376
5 0.5012791500970534 0.31119599062759656 0.5144806884474018 0.31402197536098975 0.522293744838495 0.31199539358063777 0.5241650159932826 0.30380881182974756 0.522254874689059 0.29771918446581097 0.5105800182866613 0.2899450419349679 0.5036875002355592 0.2887432529913939 0.4981933376144867 0.2899451275382846 0.49294185784778416 0.2937467891544907 0.4917408935599168 0.2965376731878995 0.4919760277955854 0.2995699203329746 0.49419678952249013 0.3043671940843894 0.5001612206148998 0.30922981382764886 0.5012791500970534 0.31119599062759656
5 0.44259537471831445 0.29005614107952843 0.4509730573145106 0.2886883026423306 0.45331082263128464 0.2867824452194704 0.45482995596053427 0.28226674749778 0.45436723610789825 0.2757697931318702 0.45214647438099365 0.2709725193804554 0.4464398233803564 0.267844766554992 0.43867583301082097 0.2670603578429059 0.43578476441699615 0.2676587818089725 0.42996110982648944 0.2712341601577843 0.4278848989108385 0.2746586544605608 0.4277641210116185 0.2815780156727157 0.4294278051521216 0.2852840860052167 0.4374156068292737 0.28974943197601744 0.44259537471831445 0.29005614107952843
5 0.5217095131722702 0.24644753241450196 0.5234562321184871 0.24539654191364635 0.5281808287735933 0.23877383657548773 0.5288284897844098 0.2346755190852853 0.5271572570252052 0.231401908828544 0.5237468539384851 0.2287468289968985 0.5171574076913628 0.2266851465165624 0.5059226252854975 0.22670533857890826 0.5007164372310022 0.22791223974055624 0.49751474821449637 0.22980301731914476 0.4954385372988453 0.23322751162192126 0.49496939588343797 0.24360152682539643 0.4983684760421063 0.24690529677068143 0.5060984976274859 0.2496357758236861 0.5217095131722702 0.24644753241450196
5 0.4807529614593328 0.2494096637629252 0.4885546949223743 0.2480317720962128 0.49380240037972634 0.24444634051788666 0.49484371661893756 0.23429860858180587 0.49088378456451726 0.23011986525548692 0.485737985459632 0.2278670858110574 0.48200941333152947 0.22693681966769336 0.4753784496815504 0.2272536676040356 0.46921398019355776 0.23385123986840778 0.4694377915011744 0.23753217712712238 0.47191255901050083 0.244280547834213 0.4750349875306436 0.2469306010511012 0.4807529614593328 0.2494096637629252
5 0.38866943086446837 0.19437724784000182 0.3971150510289757 0.18911726872096715 0.39980495417128764 0.1835405272689067 0.40360523817705196 0.18036242269255381 0.39963775750393027 0.1766161394419945 0.38932351343805616 0.17340796078041457 0.3829654271172518 0.17459475548303333 0.37859674259703413 0.17733034675411202 0.37770262442249725 0.17904510721287892 0.3761344250716896 0.18637179542700721 0.3766537595645848 0.18962529922471938 0.3783325409424905 0.19246644940570104 0.3817618155759638 0.19404037904794738 0.38866943086446837 0.19437724784000182
5 0.3751825652009634 0.1748914969603465 0.3795097323183242 0.17453443610594593 0.3838595452917887 0.17287999502426646 0.38679213128847045 0.16990304064152154 0.387488858320845 0.16299373265888112 0.3843815270381047 0.15947875929047356 0.3820928277428888 0.1585736262208958 0.36510987693352914 0.15784459587445662 0.3647086730864332 0.16432647039609455 0.3666074914626049 0.17106478787367063 0.37116224419693306 0.17417243424010498 0.3751825652009634 0.1748914969603465
5 0.4106362786181973 0.15712519074094827 0.41728988812428014 0.15551096257732705 0.4225451422003334 0.15149307092324107 0.42493952215736674 0.14634376293218304 0.42506030005658674 0.13942440172002807 0.4205281931783624 0.13501937512631482 0.41079367255499355 0.13160501965636956 0.40676202862291133 0.13153464704976764 0.4038709600290864 0.1321330710158343 0.40037374782730184 0.13445128205542525 0.39627039201755787 0.13848928016854037 0.3961911315211948 0.143030110964017 0.40292512857957063 0.1533135614985443 0.40718435812862025 0.15684864132598103 0.4106362786181973 0.15712519074094827
5 0.44518945229812273 0.15794461454970202 0.4486753415718554 0.15627509362375064 0.450444706374176 0.15392672289561604 0.45114898202525183 0.14658495483721587 0.44777632203203793 0.141767574626772 0.4426418458552046 0.13886610506870306 0.43458233230039084 0.13850912981761923 0.42850089761811183 0.14034964124863492 0.42586383480670864 0.1428991621703774 0.42630013449389026 0.1509097268014461 0.43109379577323753 0.15683339027507573 0.43479972204523615 0.15906103664571886 0.44518945229812273 0.15794461454970202
5 0.3803325317567602 0.12739628784814033 0.3869521724786874 0.12772813002543773 0.3938975308606983 0.1259026984386938 0.3956480241162658 0.12463547789995855 0.39804617838264983 0.11926993987102064 0.3972652894886316 0.11449779919339238 0.3950218819056232 0.11099790566925657 0.39132350425232576 0.10833779922285376 0.38703030591912063 0.10674878973633564 0.3832828622442651 0.10689967378237078 0.3742839388027069 0.11085221944461221 0.37191220470177727 0.11470414720839095 0.37210582153458893 0.12011492477014434 0.3740612545510201 0.12360979167952282 0.37718745738051357 0.12604361485853124 0.3803325317567602 0.12739628784814033