5 0.43343232411009885 0.5602469137508326 0.45027767871425367 0.5542944908751615 0.456279249299017 0.5498405959414269 0.4610552617266329 0.5431722644197732 0.462566753290944 0.5361451473240822 0.46002178679976347 0.5256002943686868 0.45668342215756025 0.5210929888017184 0.45336506391334447 0.518553143021376 0.4482722090133122 0.5158564324587731 0.4337579323355289 0.5144329697905257 0.4300597905072636 0.5150186979142364 0.41996028811219854 0.5212164350891082 0.4172032319927528 0.524061655810254 0.41106487651745816 0.536857646739367 0.41308091090795696 0.5514275312870469 0.41434030004802824 0.5538555682946449 0.4231036476064525 0.5594742694674317 0.4274383962972216 0.5592256301640466 0.43343232411009885 0.5602469137508326
5 0.6007398905607368 0.6370965147766475 0.6043565458382176 0.6378374451805265 0.6117866604776719 0.6368795893527842 0.6243649283569054 0.631603006619856 0.6355222949533339 0.6173552062604151 0.6388021013604109 0.6067636347934112 0.6382007864396664 0.5974436487186707 0.6325066166188896 0.5854269520813274 0.6160425065576198 0.5790573033788518 0.6109420088857013 0.5818357713367694 0.5993463004700972 0.5841102685662912 0.5945979372123549 0.5872708813540505 0.5901878837838516 0.5925674983385983 0.5884872309069336 0.5965591535492689 0.5861346856237393 0.6111640769806552 0.587820052956885 0.618122778811026 0.5900405342037629 0.6247777682026852 0.595863846143185 0.6339275473651708 0.6007398905607368 0.6370965147766475
5 0.7214329743484178 0.603748291386524 0.7397868985992127 0.6091617467633497 0.7546194787082479 0.6107537538417598 0.7624693897277262 0.6106052436832169 0.7728733709691065 0.6063299102854549 0.7779876932259615 0.6017975829605899 0.7797898390516512 0.598446729008956 0.7802172782035612 0.5937808961576347 0.7785380926834661 0.5905435134808374 0.7733914004025226 0.5856657427119296 0.7628411925621811 0.5724475384497355 0.7580666410934007 0.5699193722972953 0.7509348234872111 0.569078312748574 0.7484222270201191 0.5679435578869515 0.7395512046998725 0.5579627363015546 0.7388269294735335 0.5552309868552454 0.7351626186281922 0.5560303153986348 0.7373907426469563 0.5572101262697736 0.7386501317870278 0.5596381632773715 0.7374169308579941 0.5628989052099731 0.7358115891167973 0.5638100425261069 0.7327500541510361 0.5647328594701427 0.7296685127872877 0.5636882166275525 0.7273450776328023 0.5655889236509505 0.7223598974945923 0.5672543335009574 0.7126339968705261 0.5666051776182031 0.7087052199748439 0.5694170219577349 0.7077703160790751 0.5708788485138729 0.7107612671613172 0.5879218260786672 0.7132123834756122 0.5923506992545053 0.7187112101707316 0.5976106148532547 0.7214329743484178 0.603748291386524
5 0.8173562727781511 0.49133786133778534 0.8226997691435874 0.4937759154711931 0.8278064486285567 0.4947187666668489 0.8347352803372023 0.49427822369749685 0.8424298610269979 0.49130785207361233 0.8475780142667766 0.48698912516842635 0.848695897662102 0.48484144134373547 0.8491571677969357 0.480389208912093 0.8450068595645582 0.4707554932728316 0.8382471827705322 0.47226403834057795 0.8295500362191202 0.4762690356812428 0.8223705630450702 0.47696823507978986 0.8139655317138723 0.4754529978904179 0.8101120595559242 0.4732168645487868 0.8068137077096956 0.4726444785550707 0.8042396310898061 0.47480384200766357 0.8043473058516284 0.4791659624202736 0.8095754846833565 0.48271707466159197 0.8129815112914075 0.4876515810679183 0.8173562727781511 0.49133786133778534
5 0.8217201315976294 0.47838500562641173 0.8254521044088184 0.4780128779223801 0.8276463974446587 0.47897908837383996 0.8299221770312835 0.4786186402977104 0.8317104982720365 0.4770216457130238 0.8426495934271493 0.4724425998765505 0.8454466623425694 0.473532298728657 0.8429107995821108 0.44831576957864705 0.8388481597135685 0.44107671456536945 0.8324144291226802 0.4372786255227579 0.825431760033123 0.4355381082858051 0.8165792831520283 0.43672124416112823 0.8101717407721779 0.4386119340587162 0.8013592766870575 0.44372998950729164 0.8001322575710745 0.4507120505934664 0.8041657873109077 0.4706553220147326 0.8060279523305592 0.4732068474229769 0.8162951486814084 0.4772736100205933 0.8217201315976294 0.47838500562641173
4 0.4151252704237455 0.6435043168007304 0.4205502533399665 0.6446157124065489 0.4260228918240482 0.6441868490650988 0.4293350682552135 0.643005375691868 0.43391427659833626 0.6387767608057142 0.4409598867995263 0.6280266620543578 0.4422207368984334 0.6212582013878617 0.4386393735627122 0.6115343737295678 0.43814573340379 0.6065765080674373 0.4407612837784895 0.5991555665140027 0.43954955020627884 0.5951872705591364 0.43448434447611994 0.588982841262639 0.42903935516191166 0.5859039858701944 0.416550216605349 0.5843787315550126 0.4043517323101649 0.5865297403838878 0.39562075477582914 0.5903211373048738 0.39132601888103435 0.5945046961815112 0.3892932379879276 0.6000816663489663 0.3892164722913581 0.614326141704223 0.39145077812317275 0.6192272717289351 0.4011337440335933 0.6343345033866251 0.4078719534707969 0.6400549962063464 0.4151252704237455 0.6435043168007304
4 0.37971828481703745 0.6298438649538353 0.3817634293362453 0.631709533093527 0.38551540854542166 0.6333048651761214 0.3965083410814455 0.6309068795459531 0.39549341159372775 0.6244988669555868 0.39036054389772096 0.6178672368197315 0.38924412146123144 0.6108184229703286 0.3904373095942906 0.6036227614644749 0.38982835190165993 0.599777953910255 0.3913936808468822 0.594931897020869 0.3933649815871917 0.5926490451676295 0.39174727621989375 0.5861175441766167 0.39079236592613775 0.5856119109461286 0.3886657348561453 0.5850729013340265 0.38439864813122393 0.5857487414767694 0.37827557819970165 0.5875943753648413 0.37117613061760035 0.5961634139098928 0.3682761077945727 0.6036294114728437 0.36948019859489734 0.6130728859482305 0.3718836593413316 0.6190420180713371 0.37635991377684713 0.6233690996002407 0.37971828481703745 0.6298438649538353
4 0.6792257322442957 0.3354211082603354 0.683296014884724 0.33718498475309255 0.6863713744354218 0.3345083084421093 0.6899541987299787 0.33503563842630946 0.6928465787811202 0.3330448193838791 0.699755404091779 0.3306368166279009 0.7019773462974926 0.3280953083454664 0.7090829756926443 0.3232475889539882 0.7104176695704497 0.3206276482804233 0.7100931843261471 0.31673778471668734 0.7057460720092767 0.3095437857129258 0.7028351465189837 0.30037064729463603 0.6986295399468596 0.29775236912316344 0.6951143776181505 0.29765223997832113 0.6804709588217223 0.29909569478493164 0.6707174090277825 0.3019542576360717 0.6654001008733839 0.3052049824428633 0.6596891845499993 0.31333514052065503 0.6594309003127088 0.3190689754703706 0.6612454097644997 0.3231607598258835 0.6638795055783511 0.3269037757331688 0.6738283984979481 0.33080199392062254 0.6792257322442957 0.3354211082603354
4 0.6459009820350988 0.345954239474572 0.6466943801861215 0.33991669208614506 0.6454841075727462 0.3267518984571848 0.6407033742909154 0.3205024131511712 0.6342696437000271 0.31670432410855975 0.6319723967565796 0.32429381007215713 0.6319032738318962 0.33306310690689334 0.6308868833853427 0.33585159199062076 0.6294030409909049 0.33937099035241736 0.6176090675319724 0.35328170189153313 0.6167280010171148 0.35692458865397614 0.6191391045354353 0.3574185422565621 0.6402915586604859 0.35472519881140024 0.6442341601411046 0.35015949510492134 0.6459009820350988 0.345954239474572
4 0.517159384206903 0.35057987748288344 0.5271159198983862 0.34900291714981657 0.5362328628298219 0.3458072654783511 0.5412656985358925 0.3426015966810757 0.5463400079967731 0.33413434978295875 0.5501625710894685 0.31776388735672306 0.5474131577419088 0.31513392955734837 0.5382562020144988 0.31439466165556157 0.5271694193015892 0.3106766675061727 0.5203973788814618 0.3047425742667724 0.5101440071155493 0.2989219523022088 0.5040485863539005 0.29725986745638616 0.49906340621569034 0.2989252773063932 0.4948163258887563 0.3015685772357621 0.4931495039947622 0.3057738328661116 0.4911090803297694 0.31682598155408714 0.4933419252027485 0.3309236092528932 0.5031063776639535 0.3447041823829936 0.5105626805144458 0.34943510549545104 0.517159384206903 0.35057987748288344
4 0.759542164760536 0.49086053275612135 0.7764198893887791 0.494318207974223 0.7859766350982258 0.49389936175858296 0.790927984253512 0.49202035148889706 0.7967942309065796 0.4867120548764469 0.8017532228337517 0.4793578660862405 0.8031293904663672 0.47147634731183397 0.8008627146104642 0.45716511919334907 0.7970168852244022 0.44945380733119744 0.796644744412239 0.44710420271472967 0.7993956187186343 0.44053766284001056 0.7973981297672872 0.4371317357530506 0.7876183917623096 0.4343015196639913 0.7705638694475607 0.4352510208680157 0.7623818304118939 0.4369848459833432 0.7545042702225424 0.4406410748757805 0.7493222859998394 0.4447462013612876 0.7452843733834993 0.45239242296230336 0.7442403337670727 0.4586886267799253 0.7463178483103687 0.4699643930133897 0.7496485701806856 0.47994687710087874 0.7545646273942122 0.4870507640856078 0.759542164760536 0.49086053275612135
3 0.24179534198693756 0.6593522682960156 0.2448568769526987 0.6584294513519798 0.25074931181680415 0.6588099336797292 0.2568047197824786 0.6565370989522996 0.2589590000223443 0.6535683898305071 0.2600230460367583 0.6492396457995115 0.263681175069049 0.6447189981025486 0.26571395596215575 0.6391420279350937 0.2756719526124746 0.6283685699279328 0.27910708934923456 0.6205988599262707 0.27920240048495576 0.617518342031734 0.27089268028947944 0.6129225869478253 0.268007943010224 0.6094382274697351 0.26656703532943193 0.5984995500565959 0.2636484670672526 0.5948015901588268 0.2570179323918713 0.5934432177517155 0.2526493527181782 0.5934782566354218 0.24273282982266942 0.5989901365417408 0.24019258418570383 0.6013631004140126 0.23781531165030728 0.6010827472311057 0.23602080859650365 0.5989584226622189 0.23486909421825458 0.600892506067231 0.2320920317008215 0.6017702670017506 0.22904432131999702 0.6009392245788394 0.2245127685447348 0.6036275805177246 0.22048868051333143 0.609519942751793 0.21977676891309345 0.6142308316126306 0.2198982682598524 0.6168390926582933 0.22305365340249916 0.6220322554938146 0.2214683180592897 0.6249108525965744 0.21552822762732368 0.6260706292160935 0.21220222661122165 0.6290059619562717 0.21118583616466827 0.6317944470399992 0.21287120349781402 0.6387531488703698 0.21540998817594398 0.6455766826721918 0.2312636795857476 0.6572980214945416 0.24179534198693756 0.6593522682960156
3 0.6282071598698798 0.5766926941302977 0.6338551350816317 0.5810531520408154 0.6455985310550324 0.5870756947971559 0.6524458762128937 0.5879618103553932 0.6587042700761119 0.586970578146037 0.6789232812642292 0.5765425635829192 0.682899713727772 0.5721904602961192 0.6850616367395239 0.5637465726538063 0.6873512409110852 0.5616322652107295 0.6902374391491763 0.5559201270147259 0.6883843778602465 0.5386969254118669 0.6802099815964658 0.5349555720066738 0.6759505376434306 0.5301562336288962 0.6701395893301098 0.5284490927735574 0.6619375438964556 0.5282154581022587 0.6508292938267235 0.5317265018403375 0.6470973210155343 0.5320986295443693 0.6437313072034578 0.5310990427112953 0.6365180030464836 0.5315846416901634 0.6270689320988593 0.5363656083184136 0.6227741962040645 0.5405491671950509 0.612571739901392 0.5553026007849801 0.6124964351636581 0.5603505784661429 0.6140402967520575 0.5627335594642247 0.6242460129501094 0.5700944403760566 0.6282071598698798 0.5766926941302977