4 0.36795963982445123 0.6448632506586094 0.37158293934959236 0.6483702286274745 0.3803818377803805 0.6511620847718085 0.3848314484279156 0.6488503556545278 0.38572037429260997 0.6477166010568391 0.3844346562656778 0.6440310538283434 0.3816443096283489 0.6391814272682153 0.37729668228645047 0.6351968566303214 0.3753376280955793 0.6278855668552096 0.374710302260395 0.6177546305598443 0.37714654618153154 0.6090417322975977 0.3754739986404888 0.6072509709852415 0.37513483989648744 0.6037595777763525 0.37090247939106225 0.6024308243730492 0.3646173835959019 0.6056821540684115 0.356569380043544 0.6212721245726366 0.356019612922851 0.6258972723792141 0.3584247904874238 0.6337606994792023 0.3600989984698212 0.6366704754152791 0.365559443583942 0.640356867429783 0.36795963982445123 0.6448632506586094
4 0.4042153992256533 0.6577616318664216 0.4103375574142313 0.6572406640614973 0.41812396093707915 0.652915384450326 0.42268219665566925 0.6487834140727534 0.42529134083151554 0.6440542416623927 0.42734407612125064 0.6394741585637268 0.4277259243112975 0.6342223287764254 0.42214191015393077 0.622285046408728 0.4244645476799486 0.6120353455356116 0.42295659818684284 0.6086332369565379 0.4171586547700752 0.6025744663568656 0.4105310793482044 0.6000963735958977 0.39928763478950696 0.6004223425952072 0.3886039199996298 0.6028372515302629 0.379538440215268 0.607953042407821 0.37531604235797 0.6133383767468413 0.3739316619081102 0.6181871585209613 0.37612291021328237 0.631929097388975 0.37751891375262403 0.6349134179808994 0.38984244928562567 0.6497465810967139 0.39719933384831746 0.6560593103978725 0.4042153992256533 0.6577616318664216
4 0.7228339387099415 0.4725322607604759 0.7274004766353045 0.47399536350150634 0.7364199460909115 0.4753847663726975 0.7461044495036849 0.47480483867190165 0.7526694101832555 0.4725979789444123 0.7573395918556096 0.46888379655398893 0.7652856121023308 0.4595901258049384 0.7655028622444406 0.4559496432843545 0.7620851897719276 0.440969080428861 0.7572798159668456 0.42859927010004634 0.7574920847848917 0.42160174370830045 0.7534769744215766 0.4166325077844131 0.7381690882880998 0.41625640536114306 0.7241469201815554 0.4195658501663688 0.7116360224508258 0.42851543279810944 0.7078037749903475 0.43424401046843164 0.7065363218183156 0.44286762410086283 0.7106766616662314 0.45720676500166446 0.7128562868819216 0.4631156015036336 0.7191003536723909 0.4697265094281822 0.7228339387099415 0.4725322607604759
4 0.5985272766415662 0.35247417381873497 0.5998590049972532 0.34965452729848157 0.5984397552789477 0.33100400197446844 0.5967605659724867 0.32473718216722963 0.5848338226017229 0.3147233208775992 0.5814953692850556 0.3156178567477692 0.5829622897734703 0.3288822029467539 0.5821409599751399 0.3380579539040614 0.5751464803354134 0.3509028225438805 0.5709240824781154 0.35628815688290094 0.5715957582006999 0.3587948848057964 0.5763828671508818 0.3588555342736842 0.5957468926523648 0.35433863500093066 0.5985272766415662 0.35247417381873497
4 0.6327857917007425 0.3323239289058608 0.636795920739994 0.33393612095858627 0.6406907829427727 0.3328924957767213 0.6460293194550022 0.32944701206175214 0.6495290499368972 0.3247030996774235 0.658317985719558 0.3207808680794336 0.662596356553738 0.3156044277339878 0.6630918111389035 0.31188940055755643 0.6576197429353008 0.30036990617700804 0.6535503200364579 0.2963107908832666 0.6497064494864977 0.2942062661875444 0.6430262219704541 0.29375730868044314 0.6202101367571851 0.297631941212497 0.6143185122415535 0.30346454348660235 0.6124353563238192 0.3097903231897125 0.614066874860171 0.32144332212197985 0.6162974917286795 0.3242040087463617 0.6268775627715654 0.3269663849427598 0.6327857917007425 0.3323239289058608
4 0.46667283257622644 0.36004186909100905 0.47435725279343777 0.36201288923501224 0.48059135693577976 0.36190970941723705 0.48593321433071823 0.3607022549497093 0.5022846617286987 0.3516191677662495 0.5054779602645109 0.32792655143451777 0.5019666066931338 0.32483736145280206 0.4940632758924582 0.3253878092056621 0.4811456233513634 0.32280400226889483 0.46426551254112614 0.31322182415437333 0.4619262706015627 0.3122813787902835 0.4578075164912561 0.31248942799785 0.4527471844220822 0.3158603670569716 0.44875033891366706 0.3232002919940111 0.4475338773944532 0.328675755748855 0.4476607673204083 0.3391646753494899 0.44939426916239683 0.34452137452658277 0.45190475091531557 0.34832653111883777 0.45786895282137474 0.3538929690755132 0.46667283257622644 0.36004186909100905
5 0.7920774391155786 0.47166598144040367 0.7956381238984195 0.47048800692081166 0.8076485857199197 0.46189640759434064 0.8094247770079539 0.4585098837752429 0.8094197956838902 0.45515283990408106 0.8075743478881379 0.44937835273983906 0.802105600567244 0.440096887606732 0.8013879145159051 0.44409535343258566 0.7998322942526899 0.44607942397854056 0.7842018537887576 0.45340207458358783 0.7774130012016589 0.4547733583367785 0.7694503765413921 0.4528768828486228 0.7700150876342762 0.4583228666555309 0.7729683718781875 0.46044213132522105 0.7754228806542242 0.46403839392390156 0.7835584055692006 0.469918595263943 0.7887932983344388 0.4716503966804278 0.7920774391155786 0.47166598144040367
5 0.7789159693707011 0.45481842304469033 0.7847582626748688 0.45325298527189284 0.799944240206454 0.4464972119656898 0.8027179824302373 0.44015669228861165 0.8019277189884706 0.4327561178836844 0.7995225414238979 0.4248926907836961 0.7947254698255884 0.4181179535734846 0.7892123726172946 0.41646069681284725 0.7780232405941246 0.4158765451820109 0.763280065553532 0.420946426565649 0.7591119802317616 0.42542164027452334 0.7610793366294055 0.4383280031682384 0.7634845141939783 0.4461914302682266 0.7673909994862388 0.452980907452406 0.7736284245112899 0.4551157568820722 0.7789159693707011 0.45481842304469033
5 0.6956173597067656 0.5868452529235618 0.70063002100583 0.5888604929894686 0.7164976369081272 0.591325535348485 0.7279633129329982 0.5907161276997535 0.7368658551107776 0.5883306987126333 0.7449304630766811 0.5839308744456145 0.7483758810230488 0.580097082691432 0.7498178948911451 0.5765762095346073 0.7476909217696279 0.5686382377787715 0.7364292123560303 0.5566550459171541 0.727738938996297 0.5520429485125282 0.7197796352187394 0.5523845022718137 0.7158814521332518 0.5511900982062374 0.7062889693779878 0.538759638409535 0.698779109856841 0.5418913587411383 0.6981717093179114 0.5451885979304204 0.6931113772487375 0.5485595369895421 0.691001008540766 0.5518117114709126 0.6879950722026817 0.5517215820550891 0.6828804275979803 0.5560026417443568 0.6802219522106704 0.5649989786560253 0.6825151838214791 0.5724446177688645 0.6857516538325096 0.5778463816538689 0.6899856747792894 0.580294149680893 0.6956173597067656 0.5868452529235618
5 0.5905352993875919 0.6308982315595804 0.5967084492289881 0.6272291138770687 0.6005473384548846 0.6259765947016291 0.607108978251746 0.6215317057266987 0.6122153206496745 0.6116555729188279 0.6151963503674404 0.594960482978842 0.609775273816656 0.5802928387207065 0.6061519742915149 0.5767858607518415 0.6010290274800407 0.5754718473225059 0.5836634247327652 0.5763187841267398 0.5807167822542723 0.5786755779519321 0.5740975090391742 0.5817925583095673 0.5682042240821882 0.5865061459599522 0.5653761693228774 0.5937567862671763 0.5653334798768318 0.6025000092633668 0.5629515484912229 0.6103027868954671 0.5683659832765889 0.6204943726587203 0.5797379782025962 0.6317763378837662 0.5841365971973128 0.6326127586440728 0.5905352993875919 0.6308982315595804
5 0.40220106844090886 0.5756852562956023 0.41377869041954407 0.57549363663402 0.4203419906577599 0.57216776228281 0.43263065692231584 0.5635016183004915 0.4361303874042111 0.5587577059161628 0.4371262778986057 0.5546846954344617 0.43700270885535974 0.546433805081268 0.4327587252604525 0.5372719493119203 0.42746287819426876 0.531974210030699 0.4237869265749546 0.5304963673157006 0.41961385992912054 0.5316145371534131 0.4129879449486043 0.530255459016166 0.40719996417996407 0.5309107761588174 0.3990793832371785 0.5351017064322615 0.3930758127677829 0.5405165207192176 0.3904123560564091 0.5461558137597244 0.38714648013016945 0.5584493898606754 0.38643211496153945 0.5646858849339702 0.38849813378211107 0.5690579188250695 0.38961427243704255 0.5709977694491207 0.39534960111150996 0.5723715875603359 0.40220106844090886 0.5756852562956023
2 0.23264697631108025 0.6851502239082279 0.24288290728590112 0.6810641630245751 0.24839268361148575 0.680483390537771 0.2501755166649381 0.681572925213556 0.253904120378425 0.6810216326746877 0.2558548723625234 0.6827378493311965 0.2559634974335784 0.6809176080709045 0.26146829243509934 0.6769797917129385 0.2644592848009925 0.6669987895152765 0.27184889616160246 0.6578542080779208 0.2758424207873086 0.6482762538934401 0.27216314828528543 0.6445603819310005 0.26731840591686695 0.6431718238458174 0.2629214473635047 0.6434544177092314 0.2593557812566002 0.6412753483576618 0.2585161866033697 0.6381419384540423 0.25989724617052035 0.631055127432481 0.25922391000658146 0.627429384885865 0.25393470470581575 0.6266077040995262 0.24831298242646702 0.626770688599181 0.24441812022368853 0.6278143137810459 0.23896929819904958 0.6319610241325865 0.22822961043229037 0.6341670390740676 0.21699280763901113 0.6389690665682595 0.213163881061242 0.646935673486023 0.21935529575753848 0.6555757166644384 0.21946890215265702 0.6571125192753081 0.2106832872527054 0.6632727801207393 0.20935321933837306 0.6672114412647132 0.21086448971418795 0.6728515790912282 0.2231270709462439 0.6841188043423063 0.231814023423268 0.686492872499491 0.23264697631108025 0.6851502239082279
3 0.5983489663551214 0.5699209941258064 0.6062046263856877 0.5747567254979747 0.6196260357187209 0.5792205783769138 0.6289203887346745 0.578297407344816 0.6337041768021473 0.5761200275652627 0.6469394023496341 0.5676480376025508 0.6519404405592168 0.5618301753024133 0.653708329640478 0.5528485783647126 0.6585431093607692 0.5475230487075718 0.6592081433179354 0.5455537181355848 0.6595373394138093 0.5423310236021501 0.6569609220358813 0.5316028852739966 0.6510526931067042 0.5262453413108957 0.6449272140354171 0.5245282798683789 0.6399112318536434 0.5202750105550308 0.6367373765849131 0.5195581991584833 0.6288340457842374 0.5201086469113435 0.622381031058431 0.5227332946259821 0.6191528632541733 0.5229266038595806 0.6126455359928393 0.5264613722043652 0.6051883285658654 0.5275639572821017 0.5956783858491563 0.533246625458504 0.5926774308351359 0.5365135399138423 0.5838491264891386 0.5514170237554638 0.583185752973327 0.5545053689511714 0.5840236871852029 0.5565197642310702 0.5854180302831902 0.5583850701992741 0.5921592121001795 0.5623999655711117 0.5983489663551214 0.5699209941258064