0 0.5642281105990784 0.2960640138408305 0.570852534562212 0.30147058823529416 0.5780529953917051 0.3016868512110727 0.5852534562211982 0.2988754325259516 0.5875576036866359 0.29671280276816614 0.5889976958525346 0.29325259515570934 0.5875576036866359 0.28654844290657444 0.584389400921659 0.28481833910034604 0.5769009216589862 0.28308823529411764 0.5699884792626728 0.28287197231833916 0.5639400921658987 0.28481833910034604 0.5619239631336406 0.2882785467128028 0.5619239631336406 0.29108996539792387 0.5642281105990784 0.2960640138408305
0 0.42396313364055305 0.3734861591695502 0.42828341013824883 0.37694636678200694 0.43519585253456217 0.3788927335640139 0.4392281105990784 0.37932525951557095 0.44873271889400923 0.37716262975778553 0.45420506912442404 0.3737024221453288 0.4567972350230415 0.3695934256055363 0.4567972350230415 0.3628892733564014 0.4504608294930875 0.3579152249134948 0.44268433179723504 0.35510380622837373 0.4251152073732719 0.3572664359861592 0.4213709677419355 0.3594290657439447 0.42021889400921664 0.3613754325259516 0.42050691244239635 0.36699826989619383 0.42396313364055305 0.3734861591695502
0 0.7024769585253456 0.723832179930796 0.7099654377880185 0.7270761245674742 0.7180299539170507 0.7279411764705883 0.7220622119815668 0.7262110726643599 0.7263824884792627 0.7205882352941176 0.728110599078341 0.7164792387543253 0.7266705069124424 0.7136678200692043 0.7163018433179724 0.7071799307958477 0.7091013824884793 0.7091262975778547 0.7016129032258065 0.7173442906574394 0.7001728110599078 0.7210207612456748 0.7024769585253456 0.723832179930796
0 0.6232718894009217 0.7318339100346021 0.6304723502304148 0.7331314878892734 0.6368087557603687 0.7324826989619377 0.6391129032258065 0.7311851211072665 0.6414170506912443 0.7272923875432526 0.6414170506912443 0.723832179930796 0.6399769585253456 0.7201557093425606 0.636520737327189 0.7160467128027682 0.6336405529953917 0.7147491349480969 0.622983870967742 0.7147491349480969 0.6195276497695853 0.7169117647058825 0.6189516129032258 0.7188581314878894 0.618663594470046 0.7272923875432526 0.6232718894009217 0.7318339100346021
1 0.6391129032258065 0.4945934256055364 0.6477534562211982 0.501946366782007 0.6543778801843319 0.5038927335640139 0.6563940092165899 0.5017301038062284 0.6575460829493088 0.4980536332179931 0.6566820276497696 0.49091695501730104 0.658410138248848 0.4874567474048443 0.6647465437788018 0.48226643598615915 0.668778801843318 0.4811851211072665 0.6725230414746544 0.4775086505190312 0.6788594470046083 0.47361591695501737 0.6794354838709677 0.4697231833910035 0.6644585253456221 0.45523356401384085 0.6610023041474655 0.45350346020761245 0.6546658986175116 0.455666089965398 0.633352534562212 0.47275086505190317 0.6330645161290323 0.4783737024221454 0.6391129032258065 0.4945934256055364
1 0.5357142857142858 0.48486159169550175 0.5544354838709677 0.48486159169550175 0.5639400921658987 0.48205017301038067 0.5722926267281105 0.4783737024221454 0.5745967741935484 0.4733996539792388 0.5714285714285714 0.4692906574394464 0.5676843317972351 0.4677768166089966 0.5648041474654378 0.46907439446366783 0.5495391705069125 0.4701557093425606 0.5429147465437788 0.47188581314878897 0.5371543778801844 0.47383217993079585 0.5328341013824885 0.4788062283737025 0.5328341013824885 0.48269896193771633 0.5357142857142858 0.48486159169550175
1 0.5599078341013825 0.4876730103806229 0.5639400921658987 0.4945934256055364 0.5639400921658987 0.5086505190311419 0.5619239631336406 0.5181660899653979 0.5633640552995393 0.5222750865051904 0.570852534562212 0.5242214532871973 0.5786290322580645 0.5244377162629759 0.5964861751152074 0.5198961937716263 0.6016705069124424 0.5155709342560554 0.6016705069124424 0.5116782006920416 0.5973502304147466 0.501946366782007 0.5973502304147466 0.4997837370242215 0.5987903225806452 0.4967560553633218 0.6051267281105991 0.49480968858131497 0.6057027649769585 0.49091695501730104 0.5982142857142858 0.48399653979238755 0.5852534562211982 0.4759948096885814 0.579205069124424 0.476643598615917 0.574020737327189 0.4796712802768167 0.5650921658986175 0.4798875432525952 0.5633640552995393 0.48551038062283747 0.5599078341013825 0.4876730103806229
1 0.704205069124424 0.6775519031141869 0.7134216589861752 0.6814446366782008 0.7168778801843319 0.6859861591695502 0.7203341013824885 0.6872837370242215 0.724078341013825 0.6857698961937717 0.7381912442396314 0.684688581314879 0.7471198156682027 0.6870674740484429 0.761520737327189 0.6864186851211074 0.7747695852534562 0.6753892733564014 0.7773617511520737 0.6721453287197232 0.7773617511520737 0.6686851211072665 0.7756336405529954 0.6669550173010381 0.7618087557603687 0.6630622837370244 0.7560483870967742 0.6630622837370244 0.754320276497696 0.6639273356401385 0.75 0.6630622837370244 0.7525921658986175 0.6565743944636678 0.7505760368663594 0.6513840830449827 0.7508640552995393 0.6440311418685122 0.7491359447004609 0.6336505190311419 0.747983870967742 0.6327854671280277 0.7430875576036866 0.6334342560553634 0.736463133640553 0.6368944636678201 0.7269585253456221 0.6401384083044983 0.724078341013825 0.6420847750865052 0.7186059907834101 0.6472750865051904 0.7180299539170507 0.6534746972318339 0.7163018433179724 0.6557093425605537 0.7030529953917051 0.6578719723183392 0.7004608294930875 0.659818339100346 0.7001728110599078 0.6634948096885813 0.704205069124424 0.6775519031141869
1 0.6163594470046083 0.6887975778546713 0.6264400921658987 0.6961505190311419 0.6310483870967742 0.6974480968858132 0.6345046082949308 0.6972318339100346 0.6370967741935484 0.6952854671280277 0.6414170506912443 0.6887975778546713 0.6434331797235023 0.6825259515570935 0.643721198156682 0.6788494809688582 0.6411290322580645 0.6751730103806228 0.6419930875576038 0.6676038062283738 0.6408410138248848 0.6654411764705883 0.626152073732719 0.6686851211072665 0.6177995391705069 0.6749567474048443 0.6140552995391706 0.6810121107266436 0.6137672811059909 0.6857698961937717 0.6163594470046083 0.6887975778546713
5 0.6463133640552996 0.7169117647058825 0.6500576036866359 0.7179930795847752 0.6578341013824885 0.717560553633218 0.6627304147465438 0.7151816608996541 0.6661866359447004 0.7121539792387543 0.6682027649769585 0.7067474048442908 0.6679147465437788 0.7026384083044983 0.6650345622119815 0.6959342560553634 0.661578341013825 0.6935553633217993 0.655241935483871 0.6918252595155711 0.6474654377880185 0.6935553633217993 0.644873271889401 0.6959342560553634 0.6422811059907835 0.7017733564013842 0.6411290322580645 0.7102076124567475 0.6463133640552996 0.7169117647058825
5 0.6131912442396313 0.48421280276816614 0.6189516129032258 0.4859429065743945 0.6307603686635945 0.48572664359861595 0.6342165898617511 0.48421280276816614 0.633352534562212 0.48183391003460213 0.6339285714285714 0.47318339100346024 0.6425691244239632 0.46345155709342567 0.641705069124424 0.4599913494809689 0.6394009216589862 0.4582612456747405 0.6336405529953917 0.4563148788927336 0.6252880184331797 0.458044982698962 0.6169354838709677 0.46172145328719727 0.6129032258064516 0.46453287197231835 0.6105990783410139 0.4664792387543253 0.6088709677419355 0.46993944636678203 0.6094470046082949 0.48075259515570934 0.6131912442396313 0.48421280276816614
5 0.5051843317972351 0.351643598615917 0.5192972350230415 0.3512110726643599 0.5293778801843319 0.3522923875432526 0.5328341013824885 0.34904844290657444 0.5305299539170507 0.33585640138408307 0.527073732718894 0.33174740484429066 0.5227534562211982 0.3298010380622838 0.5152649769585254 0.330666089965398 0.508352534562212 0.33391003460207613 0.504320276497696 0.3375865051903114 0.5020161290322581 0.3429930795847751 0.5017281105990784 0.3494809688581315 0.5051843317972351 0.351643598615917