5 0.34101382488479265 0.5832612456747406 0.35023041474654376 0.5888840830449827 0.3600230414746544 0.5912629757785467 0.36376728110599077 0.5884515570934257 0.3629032258064516 0.5774221453287198 0.36463133640552997 0.5726643598615917 0.36808755760368667 0.5696366782006921 0.37644009216589863 0.5663927335640139 0.3810483870967742 0.5659602076124568 0.38306451612903225 0.5640138408304499 0.37960829493087556 0.5605536332179931 0.37730414746543783 0.5599048442906576 0.36693548387096775 0.5579584775086506 0.35829493087557607 0.5579584775086506 0.3485023041474654 0.559688581314879 0.3421658986175115 0.5618512110726643 0.33842165898617516 0.564446366782007 0.3352534562211982 0.5685553633217993 0.334389400921659 0.5746107266435987 0.34101382488479265 0.5832612456747406
5 0.3660714285714286 0.58780276816609 0.369815668202765 0.5929930795847751 0.37644009216589863 0.5962370242214534 0.3853686635944701 0.5994809688581315 0.39631336405529954 0.6009948096885813 0.40783410138248855 0.5996972318339101 0.4153225806451613 0.5966695501730104 0.4179147465437788 0.5919117647058825 0.4173387096774194 0.5849913494809689 0.415610599078341 0.5808823529411765 0.41273041474654376 0.5776384083044983 0.40120967741935487 0.5700692041522493 0.39400921658986177 0.5674740484429066 0.3813364055299539 0.5646626297577855 0.3695276497695853 0.5676903114186851 0.36347926267281105 0.5746107266435987 0.3626152073732719 0.5886678200692043 0.3660714285714286 0.58780276816609
5 0.35829493087557607 0.6401384083044983 0.3643433179723502 0.6453287197231835 0.3726958525345622 0.6481401384083045 0.39055299539170507 0.6518166089965398 0.3980414746543779 0.6524653979238755 0.4086981566820277 0.6511678200692043 0.41676267281105994 0.6466262975778547 0.42021889400921664 0.6405709342560554 0.4199308755760369 0.6353806228373703 0.4179147465437788 0.6304065743944637 0.4153225806451613 0.6275951557093425 0.4055299539170507 0.6237024221453288 0.3942972350230415 0.617863321799308 0.38652073732718895 0.617430795847751 0.37298387096774194 0.6189446366782008 0.3629032258064516 0.6245674740484429 0.35743087557603687 0.6306228373702423 0.35685483870967744 0.634515570934256 0.35829493087557607 0.6401384083044983
5 0.33496543778801846 0.6507352941176471 0.33870967741935487 0.6544117647058825 0.3453341013824885 0.6576557093425606 0.3597350230414747 0.6583044982698962 0.37067972350230416 0.655060553633218 0.37413594470046085 0.6554930795847751 0.3813364055299539 0.6544117647058825 0.37672811059907835 0.6531141868512111 0.37442396313364057 0.6509515570934257 0.36463133640552997 0.6461937716262975 0.3597350230414747 0.6425173010380624 0.35627880184331795 0.6379757785467128 0.3551267281105991 0.6336505190311419 0.3525345622119816 0.6323529411764707 0.3453341013824885 0.6327854671280277 0.339573732718894 0.6351643598615918 0.33381336405529954 0.6442474048442908 0.33352534562211983 0.6479238754325259 0.33496543778801846 0.6507352941176471
5 0.27793778801843316 0.6386245674740485 0.28110599078341014 0.6405709342560554 0.2932027649769585 0.642733564013841 0.3070276497695853 0.6418685121107267 0.3199884792626728 0.6425173010380624 0.32747695852534564 0.641219723183391 0.3346774193548387 0.636461937716263 0.3392857142857143 0.626946366782007 0.3389976958525346 0.6198096885813149 0.33150921658986177 0.6124567474048443 0.32114055299539174 0.6100778546712803 0.31710829493087556 0.6102941176470589 0.29349078341013823 0.6157006920415226 0.28485023041474655 0.6187283737024222 0.2790898617511521 0.6224048442906576 0.27620967741935487 0.6278114186851211 0.2764976958525346 0.6353806228373703 0.27793778801843316 0.6386245674740485
5 0.36808755760368667 0.6944204152249135 0.3709677419354839 0.6974480968858132 0.3816244239631337 0.7006920415224914 0.38652073732718895 0.701340830449827 0.3931451612903226 0.7006920415224914 0.3977534562211982 0.6987456747404844 0.40783410138248855 0.6965830449826991 0.4118663594470046 0.6937716262975779 0.41589861751152074 0.6823096885813149 0.41589861751152074 0.6751730103806228 0.40783410138248855 0.6691176470588236 0.3980414746543779 0.6676038062283738 0.38623271889400923 0.6673875432525952 0.37989631336405527 0.6693339100346021 0.371831797235023 0.6747404844290659 0.36578341013824883 0.6825259515570935 0.3660714285714286 0.6892301038062285 0.36808755760368667 0.6944204152249135
5 0.5552995391705069 0.6327854671280277 0.5570276497695852 0.6353806228373703 0.5570276497695852 0.6457612456747406 0.5783410138248848 0.6494377162629759 0.5855414746543779 0.6494377162629759 0.5967741935483871 0.640787197231834 0.603110599078341 0.6336505190311419 0.601094470046083 0.6288927335640139 0.5918778801843319 0.6211072664359862 0.5820852534562213 0.6187283737024222 0.5711405529953917 0.6141868512110726 0.5625 0.615916955017301 0.5576036866359447 0.6180795847750866 0.55213133640553 0.6232698961937717 0.5509792626728112 0.6260813148788927 0.5506912442396313 0.6301903114186851 0.5552995391705069 0.6327854671280277
5 0.570852534562212 0.6115916955017301 0.5720046082949308 0.6133217993079585 0.5780529953917051 0.6169982698961938 0.5913018433179723 0.6204584775086506 0.5985023041474655 0.6239186851211074 0.6054147465437788 0.622188581314879 0.6097350230414746 0.6195934256055364 0.6120391705069125 0.6157006920415226 0.6131912442396313 0.6102941176470589 0.6103110599078342 0.6029411764705883 0.6065668202764977 0.5986159169550174 0.5915898617511521 0.5884515570934257 0.5841013824884793 0.58780276816609 0.5745967741935484 0.5903979238754327 0.5699884792626728 0.5951557093425606 0.5682603686635945 0.598832179930796 0.5679723502304148 0.6057525951557093 0.570852534562212 0.6115916955017301
4 0.32862903225806456 0.43944636678200694 0.3306451612903226 0.4461505190311419 0.33410138248847926 0.45242214532871977 0.3418778801843318 0.4573961937716263 0.3522465437788019 0.46128892733564014 0.3629032258064516 0.46345155709342567 0.37960829493087556 0.46172145328719727 0.39055299539170507 0.45436851211072665 0.3945852534562212 0.4476643598615917 0.3951612903225806 0.4381487889273357 0.391705069124424 0.43144463667820077 0.38392857142857145 0.4260380622837371 0.3770161290322581 0.42322664359861595 0.3629032258064516 0.4227941176470589 0.3467741935483871 0.41825259515570934 0.3346774193548387 0.4173875432525952 0.32690092165898615 0.42084775086505194 0.32114055299539174 0.42993079584775085 0.32171658986175117 0.434688581314879 0.32862903225806456 0.43944636678200694
4 0.415610599078341 0.7179930795847752 0.42655529953917054 0.7249134948096886 0.43202764976958524 0.7268598615916956 0.43663594470046085 0.7272923875432526 0.43807603686635943 0.728589965397924 0.44268433179723504 0.7298875432525952 0.45276497695852536 0.7292387543252595 0.46370967741935487 0.7249134948096886 0.47465437788018433 0.7138840830449827 0.4714861751152074 0.7069636678200693 0.46514976958525345 0.6996107266435987 0.4570852534562212 0.6955017301038062 0.44614055299539174 0.6922577854671281 0.42885944700460826 0.6939878892733564 0.4248271889400922 0.6950692041522493 0.41042626728110604 0.7058823529411765 0.4112903225806452 0.7125865051903115 0.415610599078341 0.7179930795847752
4 0.33496543778801846 0.7560553633217995 0.3389976958525346 0.7564878892733564 0.3467741935483871 0.7541089965397925 0.3528225806451613 0.7556228373702423 0.3557027649769585 0.7577854671280277 0.3591589861751152 0.7582179930795848 0.36347926267281105 0.7554065743944637 0.3686635944700461 0.7502162629757786 0.37788018433179726 0.7458910034602078 0.3845046082949309 0.7437283737024222 0.3942972350230415 0.7437283737024222 0.3983294930875576 0.742430795847751 0.3994815668202765 0.7411332179930796 0.39400921658986177 0.73810553633218 0.383352534562212 0.7346453287197232 0.38018433179723504 0.7339965397923877 0.37039170506912444 0.7344290657439447 0.3456221198156682 0.740484429065744 0.3361175115207373 0.7480536332179931 0.33381336405529954 0.7510813148788927 0.33381336405529954 0.7551903114186852 0.33496543778801846 0.7560553633217995
4 0.3649193548387097 0.7564878892733564 0.37298387096774194 0.7577854671280277 0.3914170506912443 0.7629757785467128 0.4133064516129032 0.7707612456747406 0.4291474654377881 0.7774653979238755 0.43260368663594473 0.7776816608996541 0.43490783410138245 0.7761678200692043 0.4392281105990784 0.7694636678200693 0.4421082949308756 0.7588667820069205 0.440668202764977 0.7541089965397925 0.4372119815668203 0.7510813148788927 0.4262672811059908 0.7445934256055364 0.41877880184331795 0.742430795847751 0.4031298963133641 0.742863321799308 0.39746543778801846 0.7419982698961938 0.39055299539170507 0.7422145328719724 0.38652073732718895 0.7439446366782008 0.38018433179723504 0.7443771626297578 0.37384792626728114 0.7487024221453288 0.3695276497695853 0.7495674740484429 0.3652073732718894 0.7517301038062285 0.36347926267281105 0.7547577854671281 0.3649193548387097 0.7564878892733564
3 0.35080645161290325 0.5153546712802768 0.35743087557603687 0.5229238754325259 0.3626152073732719 0.5261678200692042 0.37010368663594473 0.5285467128027682 0.37298387096774194 0.5304930795847751 0.38047235023041476 0.5315743944636678 0.4049539170506913 0.5259515570934257 0.4115783410138249 0.5233564013840831 0.41705069124423966 0.5198961937716263 0.42396313364055305 0.51340830449827 0.42885944700460826 0.506704152249135 0.43001152073732724 0.5028114186851211 0.4297235023041475 0.4987024221453288 0.4251152073732719 0.49351211072664364 0.41417050691244245 0.4876730103806229 0.4089861751152074 0.4865916955017301 0.39055299539170507 0.4859429065743945 0.37644009216589863 0.48940311418685123 0.3709677419354839 0.49502595155709345 0.3629032258064516 0.497621107266436 0.35599078341013823 0.5015138408304499 0.3522465437788019 0.5049740484429066 0.35023041474654376 0.5084342560553633 0.34965437788018433 0.5121107266435987 0.35080645161290325 0.5153546712802768
3 0.41445852534562216 0.5605536332179931 0.42194700460829493 0.5648788927335641 0.4334677419354839 0.5657439446366783 0.4423963133640553 0.5648788927335641 0.4495967741935484 0.5629325259515572 0.45420506912442404 0.5603373702422145 0.4599654377880184 0.5538494809688582 0.46514976958525345 0.5503892733564014 0.46716589861751157 0.5451989619377163 0.46716589861751157 0.5294117647058825 0.46370967741935487 0.5255190311418685 0.45420506912442404 0.5183823529411765 0.44614055299539174 0.5149221453287198 0.4389400921658987 0.5149221453287198 0.4294354838709678 0.5181660899653979 0.4248271889400922 0.518598615916955 0.4182027649769585 0.5216262975778547 0.41244239631336405 0.5328719723183392 0.4112903225806452 0.5536332179930796 0.41445852534562216 0.5605536332179931
1 0.4475806451612903 0.8209342560553633 0.4611175115207374 0.8317474048442908 0.4631336405529954 0.8347750865051904 0.461501440092166 0.8392445934256056 0.45852534562211983 0.8419117647058825 0.4579493087557604 0.8449394463667821 0.45881336405529954 0.8479671280276817 0.4624616935483871 0.8513553200692042 0.46370967741935487 0.854022491349481 0.4634216589861751 0.8596453287197232 0.4619815668202765 0.8622404844290659 0.46284562211981567 0.8652681660899655 0.46255760368663595 0.8762975778546714 0.4634216589861751 0.8773788927335641 0.470910138248848 0.8780276816608998 0.47638248847926273 0.8795415224913496 0.4841589861751152 0.8862456747404845 0.4876152073732719 0.8868944636678201 0.49135944700460826 0.8836505190311419 0.49452764976958524 0.8771626297577855 0.49740783410138245 0.8741349480968859 0.5100806451612903 0.8734861591695502 0.5120967741935484 0.8728373702422146 0.5155529953917051 0.8695934256055364 0.5123847926267281 0.8613754325259515 0.5069124423963134 0.856401384083045 0.5095046082949308 0.8453719723183392 0.5109447004608295 0.8447231833910035 0.5152649769585254 0.8455882352941178 0.5230414746543779 0.8453719723183392 0.533410138248848 0.8442906574394465 0.5463709677419355 0.8349913494809689 0.5524193548387097 0.8274221453287198 0.55213133640553 0.8202854671280277 0.5472350230414746 0.8148788927335641 0.5420506912442397 0.8146626297577855 0.5345622119815668 0.8170415224913496 0.5305299539170507 0.8140138408304498 0.5308179723502304 0.8105536332179932 0.5279377880184332 0.8040657439446367 0.5126728110599078 0.8001730103806229 0.5014400921658987 0.7926038062283738 0.4936635944700461 0.7897923875432526 0.4879032258064516 0.7861159169550174 0.4853110599078342 0.7854671280276817 0.46889400921658986 0.7850346020761246 0.4634216589861751 0.7856833910034602 0.45910138248847926 0.7876297577854672 0.45420506912442404 0.7919550173010381 0.45305299539170507 0.8014705882352942 0.45103686635944706 0.8051470588235295 0.4452764976958526 0.806877162629758 0.4421082949308756 0.8105536332179932 0.4421082949308756 0.8148788927335641 0.4475806451612903 0.8209342560553633