2 0.42654428201406863 0.5347530323202621 0.41636681913149654 0.5316566530400448 0.4106355681790432 0.5310390938645674 0.40543369366831905 0.5311089254997505 0.400731024114141 0.5322976202856721 0.38984453132975777 0.5393408409972827 0.3881967467597125 0.5422606916264676 0.3880479525103238 0.5567752884698889 0.3914669584931865 0.5656860113752515 0.3967298636997868 0.5688723134409237 0.4058938309266756 0.5699467025897029 0.42251226238902156 0.5676401194345805 0.42719915847509843 0.5625480824376872 0.43657363837276175 0.5564830868249114 0.43903742849377914 0.5501516397756481 0.43818987600660464 0.5457565517737826 0.4369644922291275 0.5426357896418785 0.43318342842406343 0.5389027348174493 0.42654428201406863 0.5347530323202621
2 0.4960639081973438 0.3828743760376178 0.4926010204377251 0.3828490184043936 0.4811542920009195 0.3855172422644107 0.46777246215931656 0.3910852256033408 0.4553437850030301 0.399538143753864 0.4516409008129627 0.41120272160328364 0.4532900608340271 0.41652102773612054 0.4559972860130408 0.41909503710926754 0.46169836548031074 0.4201440686248228 0.4824756920380233 0.42029621442416804 0.4999718474727273 0.42195324693083336 0.5070320192242713 0.4118241799049101 0.508573515870665 0.4062954040849866 0.5088594572543983 0.3980773384732369 0.5070889235670906 0.3903658433197005 0.5028086548054806 0.38551392534453294 0.4960639081973438 0.3828743760376178
2 0.5558532304089578 0.3701455494300573 0.5502735246079313 0.37148970693520184 0.5382528502271309 0.37823682687568594 0.5357129436676453 0.3815278763941327 0.5298178127232116 0.3956406502321156 0.5312852561076659 0.3994287120244083 0.5398457936308855 0.40913254797474324 0.5497359396787055 0.4122088361046884 0.5543330090347415 0.4125302945090392 0.571178414361473 0.4111067471843442 0.5812036443671088 0.4081223314029286 0.5830482313163561 0.4065169889442489 0.5863561352970005 0.3839852379917972 0.5896674779051925 0.3820488789443994 0.5902112523640041 0.3784014552040102 0.583889594273945 0.37384037151701704 0.5720636590958179 0.369544764484974 0.5558532304089578 0.3701455494300573
2 0.6778908950932546 0.40035836105087413 0.6692103593548107 0.39649949284186115 0.6482814876456714 0.3943856303618939 0.6450606594930297 0.3950275723890583 0.6353536055328389 0.4017196853616788 0.6312866003440417 0.4062046961489994 0.6304253375652946 0.41026350107919446 0.6310610019306755 0.41355981708059364 0.6356443609951389 0.42233516841700497 0.6388357053881065 0.42624377711092915 0.6489679110429035 0.4299873649012628 0.6594032070005541 0.43765438605284057 0.6702910752359563 0.43884932210325156 0.6770200483759918 0.4375855291991947 0.682977585467321 0.4349670458240887 0.6875739670978476 0.43116942584742873 0.6895241542452369 0.4280539301984769 0.6900823267211307 0.42007169190703797 0.6859371419173368 0.40915907002050966 0.6828212262373277 0.4041717804763911 0.6778908950932546 0.40035836105087413
3 0.7049281171010227 0.3068609179030696 0.7014947131010778 0.3022850095487567 0.6935547542006473 0.29609322576985975 0.6882164202810882 0.29398560455438205 0.6797786318751307 0.2949131143867684 0.6750156193505857 0.29696475385284543 0.6696786608820458 0.30309528939938934 0.6648854768723174 0.30557840120554414 0.66331380874074 0.3115386493655453 0.6583101120602369 0.3211611459332553 0.6580385686935859 0.3250443969939553 0.661034486158371 0.33587665427939595 0.6647401212504763 0.34068838995401957 0.6693982213023888 0.34426598205922565 0.6763843397919931 0.34345375264551853 0.6758241041395708 0.339078755793925 0.6785909845634418 0.3366707421059057 0.684140518879285 0.33575805694083893 0.6909757799429721 0.33710318922752064 0.7016819315417641 0.3367678809373874 0.7046908715726122 0.33502716690975676 0.7081537593322309 0.3350525245429809 0.7107540088620834 0.33089853034437855 0.7110255522287344 0.3270152792836785 0.7074707745625461 0.32004618190866607 0.7066376200924539 0.3113162793557508 0.7049281171010227 0.3068609179030696
4 0.4383728796569982 0.3738540317717944 0.43407821287830617 0.3733369283476767 0.42768181380079795 0.3739736038918887 0.41514684872085994 0.3798175968516735 0.41174499165711753 0.38304837291930444 0.41068830195018735 0.3940308264410159 0.4056084888312162 0.4006129254779095 0.4056400357674188 0.40841960989985343 0.40857423481081767 0.41187665510342797 0.41701271094228465 0.41506822365205237 0.4251631825134898 0.41412062266939403 0.4384250141398686 0.41439760707178597 0.4496296829696971 0.4110620835513802 0.4526831925028107 0.404555082632622 0.4531055932953789 0.3985144698715331 0.44803673956594225 0.38016636245232294 0.44484539517297456 0.3762577537583987 0.4383728796569982 0.3738540317717944
4 0.6951237156488042 0.3644921246380923 0.6894068627134329 0.3595397509115651 0.6863218062441169 0.35824006740837955 0.681165188961168 0.357662690533446 0.6686597076409038 0.35895613277214206 0.6636244640241983 0.36077194491790826 0.6571684097018327 0.3663906435232867 0.6549466791877923 0.3733893902329385 0.6562029221759624 0.3801977584057756 0.6598934715254762 0.38522523025043814 0.6696931031177458 0.3895959354006167 0.6845430640693125 0.3919350922349901 0.6906521463120685 0.3912783255405061 0.698998732536966 0.38752615434734217 0.7041087171411207 0.3805125829703709 0.7048787777388081 0.37362911667939824 0.7039708822812666 0.3700969733576883 0.7021105218639182 0.36779897360539593 0.6951237156488042 0.3644921246380923
4 0.5074805535862015 0.5623085456222324 0.5011753566897531 0.565769882527222 0.48608402385671867 0.5668825044134708 0.4875816387263564 0.5702390938656856 0.49706446972419976 0.579140258586681 0.49957489252401144 0.5803997597893227 0.5033100113757908 0.5806609447428578 0.5086325718272485 0.5788652237473635 0.5131987819725916 0.5754990761107812 0.5151338833773892 0.5725993166318682 0.5154198247611225 0.5643812510201186 0.5140428958322186 0.5592987722075926 0.5119253900653012 0.5565492089649505 0.5074805535862015 0.5623085456222324
4 0.5220137581619599 0.6600136225796995 0.5042302858925036 0.6583364989227625 0.5012816888320224 0.6592142682702375 0.496413763834845 0.6668951393075976 0.4932395683609975 0.675128029586667 0.49399729411813126 0.6849366129897766 0.49557033770072756 0.6872145215917971 0.5039937280896026 0.6906218263104604 0.5083946827919464 0.6937478549253168 0.5110264792580014 0.6974005451486582 0.5110120812409191 0.7017353596997079 0.5134169038425889 0.704505014092622 0.5153828644580793 0.7052928606546421 0.5183918044889275 0.7035521466270114 0.52687485012266 0.7019774282845083 0.5305036810507877 0.6996296880473047 0.5338445074186537 0.6931427782788184 0.5342216509834468 0.6877493740278462 0.5332074676022536 0.6816083055153976 0.5257948219670239 0.6637466774041287 0.5220137581619599 0.6600136225796995
5 0.5018000174469817 0.5031609444324479 0.49797438413965206 0.5041941764991462 0.4945581290588274 0.511759767117827 0.49489139084686445 0.5152517281389931 0.5117080001394314 0.5224978099163976 0.5207519691510958 0.5294171668064988 0.5246070862180993 0.5238333840187119 0.5261478951389835 0.5141855298177778 0.5247257089823045 0.5097502595153683 0.5222756291528599 0.507627813632571 0.5018000174469817 0.5031609444324479
5 0.5423734095684354 0.5133690087026556 0.5391525814157936 0.51401095072982 0.5283867745721442 0.5193282820811195 0.5257563535571084 0.5239137486197997 0.5246688046394853 0.531208596100578 0.5271497436796231 0.5370186480243084 0.5341372376202466 0.5444445753726229 0.540655010363998 0.5462010888491106 0.5473990692466254 0.544721559775015 0.5513001312669136 0.5426096468581221 0.5546107861495961 0.5365542094297135 0.5551531851573885 0.5246686289273027 0.5527778463153928 0.5173484238133 0.5463807595123752 0.5138660209765014 0.5423734095684354 0.5133690087026556
5 0.6733878230389344 0.5101733380836211 0.668534296058839 0.5135193945699315 0.6714842685703392 0.5208797819844778 0.6762335708033115 0.5272820354504615 0.6806646969908386 0.52997659172524 0.6909326743289612 0.5317785539852238 0.702544658208766 0.522618153873768 0.7038749544588757 0.5201096844343891 0.7039496954463249 0.5149119252031839 0.6993971955925544 0.5098241799077055 0.6926222774992341 0.5076161029408681 0.6733878230389344 0.5101733380836211
5 0.7050269726999229 0.53666636255952 0.6943057353585391 0.5372174070196921 0.6869575590467332 0.5432073045143326 0.6862025841916377 0.5498750346352663 0.6871865960876472 0.5564475754877926 0.6893342733397481 0.558765666390357 0.6933567090262797 0.5590469424941639 0.6961544486608436 0.5603265348470774 0.7024905047679849 0.5605528039830211 0.7104290882173963 0.5585064309998964 0.7191384199900048 0.5536956701068099 0.7217839267476325 0.5488944673980909 0.7217078103091643 0.5458540698672746 0.718047432444834 0.5403951256825342 0.7116201741566329 0.5373441951858132 0.7050269726999229 0.53666636255952
5 0.5260512795910832 0.6600791625134677 0.5252352740401112 0.663490758933546 0.5264304863324047 0.6670429934055278 0.5343869064264462 0.6812571977764076 0.5376235080471892 0.6845185979602152 0.5440795623695547 0.6788998993548366 0.5457719164418656 0.6712137618345244 0.5432155486887693 0.6664823907609885 0.5364701143551229 0.6597237630730625 0.5325834503519169 0.6575008614389055 0.5260512795910832 0.6600791625134677
5 0.5553761211059525 0.6825081155762194 0.5504615634299806 0.6825980383616743 0.5474533111246421 0.6884578307703159 0.5483468085651014 0.6963247886430756 0.5513564363214589 0.6987031529964556 0.5575567207452747 0.7008710476627491 0.5612767538544623 0.7013479687863231 0.5645126677496958 0.7004902905891197 0.5698345404756439 0.6945754912126147 0.5698941957205013 0.6895934681514483 0.5683362378804968 0.6870998233793889 0.5621962964270479 0.6840689840329398 0.5553761211059525 0.6825081155762194
5 0.54629102121957 0.7009504374822996 0.5392596455021904 0.7024098754061233 0.5352982405115352 0.7053847330031717 0.532743248209458 0.7088915186916573 0.5328049666308439 0.7162667307735235 0.5350438460640046 0.7214094830368654 0.5383257049125226 0.7240236747105561 0.5437243818024485 0.7252683512458782 0.5514970220833512 0.7255950761331812 0.555609972225433 0.7245819352167551 0.5604182419777531 0.7218830872405613 0.5635629536919267 0.7182007476825806 0.5668886943172009 0.711929574084133 0.5668578351065079 0.7082419680432 0.5631371142718109 0.7036459685386153 0.5575265492600913 0.7013025200028269 0.54629102121957 0.7009504374822996
5 0.4915177305290125 0.687364717828068 0.48531813383070616 0.6893159015427852 0.48256633914942704 0.6915081790607658 0.4805407232890791 0.695702355559912 0.4816611945939237 0.7044523492630991 0.4849889983957264 0.7105384108076842 0.49062973489262945 0.7124503870033948 0.5035130475031961 0.7098826188947374 0.5079126267545208 0.704770490747572 0.5093478354772631 0.69663278973691 0.5058993457347264 0.6922726175526361 0.5000768926012131 0.6888303970163813 0.4915177305290125 0.687364717828068
5 0.12669050744258406 0.6898195609696428 0.12124726105039266 0.693341171325448 0.1149427518794538 0.7009215866114484 0.11161701125417949 0.7071927602098959 0.11192010155703298 0.7111161935711398 0.11771307093087227 0.7191089648284832 0.12051081056543629 0.720388557181397 0.12427610090239893 0.7202182697948543 0.12702789558367825 0.7180259922768737 0.142012940493061 0.7143044451998863 0.144719477946565 0.7127593761920226 0.14632200528883538 0.7104867340729545 0.14659354865548638 0.7066034830122544 0.14108789611639933 0.6986308029051829 0.14069429135799555 0.6960017865641723 0.13830455449891751 0.6930163960012194 0.1304708835221386 0.6894335374130611 0.12669050744258406 0.6898195609696428
5 0.06335190936885812 0.7285319172502773 0.05568624473711674 0.7349331959347237 0.051165979545058284 0.7417712134422001 0.0542215522547004 0.7476214476664742 0.05946937171870916 0.7510234859021854 0.06315923334271335 0.7519318793658372 0.07362332533452828 0.7509292714153153 0.0795808624258573 0.7483107880402093 0.08732195577055754 0.7408308285055685 0.08376717810436933 0.733861731130556 0.07891227567325489 0.7289696308548447 0.0718500407451824 0.7267414627377354 0.06335190936885812 0.7285319172502773
5 0.17720411691819957 0.7312902535267546 0.1687512427696505 0.7324334995291799 0.16249130310097737 0.7352476279240527 0.15647342303928125 0.7387290559793142 0.15298105151998848 0.7432542490671787 0.15273967963852092 0.7467060277878008 0.15680874800384675 0.7545782521435128 0.1666083795961164 0.7589489572936913 0.1774201313930503 0.7571034958132858 0.18662660494567612 0.7410543629279053 0.18649014553684107 0.7388769100772445 0.1860211120654786 0.7373265745864284 0.18139318349874964 0.7333175101411447 0.17720411691819957 0.7312902535267546
5 0.09370670773302159 0.7610052810364494 0.08313701554306455 0.7635180421772434 0.0795534418427121 0.7652185739043305 0.07705879251100153 0.7678624149126605 0.07649993230959835 0.7717255748230885 0.0792236186822228 0.7823220047882182 0.08454686685919008 0.784645362173735 0.10028894980019705 0.7866133201188465 0.1045225858830128 0.7838742898421088 0.11208196259110266 0.774864085966924 0.11093200752658416 0.7706646429848255 0.107211286691887 0.7660686434802407 0.10081419988886928 0.762586240643442 0.09370670773302159 0.7610052810364494