5 0.2402073732718894 0.7426470588235293 0.2399193548387096 0.7489186851211073 0.24164746543778798 0.7510813148788926 0.25259216589861755 0.7532439446366782 0.2557603686635945 0.7525951557093424 0.2612327188940092 0.7489186851211073 0.26065668202764974 0.7424307958477507 0.25921658986175117 0.7402681660899655 0.2557603686635945 0.7381055363321799 0.25288018433179726 0.7374567474048442 0.24683179723502305 0.7378892733564013 0.24135944700460826 0.7400519031141869 0.2402073732718894 0.7426470588235293
5 0.22983870967741932 0.7134515570934256 0.22839861751152074 0.7173442906574394 0.23444700460829493 0.7227508650519031 0.2456797235023041 0.7223183391003459 0.2534562211981567 0.7190743944636677 0.25748847926267276 0.7160467128027681 0.2600806451612903 0.7119377162629758 0.26036866359447003 0.7067474048442907 0.2586405529953916 0.7050173010380623 0.252016129032258 0.7028546712802768 0.24135944700460826 0.7022058823529411 0.23703917050691245 0.7073961937716262 0.23243087557603684 0.7104238754325258 0.22983870967741932 0.7134515570934256
5 0.2600806451612903 0.7143166089965398 0.2615207373271889 0.7171280276816608 0.2644009216589861 0.7186418685121108 0.27304147465437784 0.7190743944636677 0.27707373271889396 0.7175605536332179 0.2816820276497696 0.7141003460207612 0.28485023041474655 0.7102076124567474 0.28513824884792627 0.7052335640138407 0.28341013824884786 0.6998269896193772 0.2724654377880184 0.6983131487889274 0.26872119815668205 0.6993944636678201 0.26324884792626724 0.7032871972318339 0.26094470046082946 0.7065311418685121 0.2600806451612903 0.7143166089965398
5 0.36319124423963134 0.751946366782007 0.3646313364055299 0.7551903114186851 0.3701036866359447 0.7575692041522492 0.380184331797235 0.7573529411764706 0.38392857142857145 0.7562716262975778 0.38421658986175117 0.7484861591695502 0.3810483870967742 0.7415657439446367 0.3767281105990783 0.7372404844290658 0.3709677419354838 0.740484429065744 0.3712557603686636 0.7450259515570934 0.3686635944700461 0.7495674740484428 0.36319124423963134 0.751946366782007
4 0.3464861751152074 0.7344290657439446 0.3441820276497696 0.7378892733564013 0.35339861751152074 0.7426470588235293 0.3611751152073732 0.7504325259515572 0.366647465437788 0.7510813148788926 0.36952764976958524 0.7493512110726643 0.3709677419354838 0.7469723183391004 0.3706797235023041 0.7409169550173009 0.36808755760368667 0.7372404844290658 0.3629032258064516 0.7329152249134948 0.35944700460829493 0.731401384083045 0.3557027649769585 0.7309688581314878 0.35224654377880177 0.7316176470588236 0.3464861751152074 0.7344290657439446
4 0.40264976958525345 0.7173442906574394 0.4052419354838709 0.7212370242214533 0.410426267281106 0.7240484429065743 0.415610599078341 0.7231833910034602 0.4228110599078341 0.7177768166089965 0.429147465437788 0.7086937716262975 0.4300115207373271 0.7067474048442907 0.429147465437788 0.7048010380622837 0.4251152073732719 0.7043685121107266 0.4118663594470046 0.7069636678200691 0.407258064516129 0.708910034602076 0.40264976958525345 0.7136678200692042 0.40264976958525345 0.7173442906574394
4 0.45103686635944695 0.7134515570934256 0.45247695852534564 0.7182093425605537 0.4553571428571428 0.7223183391003459 0.459389400921659 0.7244809688581315 0.4637096774193548 0.7255622837370241 0.46716589861751145 0.7253460207612457 0.4732142857142857 0.7201557093425606 0.47407834101382484 0.7136678200692042 0.4717741935483871 0.7082612456747405 0.4677419354838709 0.7067474048442907 0.4631336405529954 0.7071799307958477 0.4533410138248848 0.7052335640138407 0.45103686635944695 0.7102076124567474 0.45103686635944695 0.7134515570934256
4 0.44930875576036866 0.696583044982699 0.45305299539170507 0.7030709342560554 0.45622119815668205 0.7052335640138407 0.46054147465437784 0.7067474048442907 0.4680299539170507 0.7067474048442907 0.47263824884792627 0.7048010380622837 0.47465437788018433 0.7006920415224913 0.47465437788018433 0.692257785467128 0.47062211981566815 0.6859861591695502 0.46111751152073727 0.6849048442906575 0.45650921658986177 0.6853373702422145 0.4501728110599078 0.6892301038062284 0.4487327188940092 0.6920415224913494 0.44930875576036866 0.696583044982699
4 0.44844470046082946 0.6576557093425606 0.44498847926267276 0.6632785467128027 0.44441244239631333 0.671712802768166 0.4470046082949309 0.6760380622837371 0.45305299539170507 0.6805795847750865 0.4573732718894009 0.6820934256055363 0.46111751152073727 0.6823096885813149 0.46399769585253453 0.6818771626297577 0.46745391705069117 0.6794982698961938 0.469758064516129 0.6753892733564013 0.47091013824884786 0.6650086505190311 0.4700460829493087 0.6615484429065743 0.46745391705069117 0.657871972318339 0.4634216589861751 0.6544117647058824 0.46054147465437784 0.6535467128027681 0.4533410138248848 0.6539792387543253 0.44844470046082946 0.6576557093425606
4 0.5089285714285714 0.6756055363321799 0.5146889400921658 0.6775519031141869 0.5233294930875576 0.6784169550173009 0.5302419354838709 0.6766868512110726 0.532258064516129 0.6734429065743944 0.5319700460829493 0.6701989619377162 0.5296658986175115 0.6682525951557092 0.5155529953917051 0.6658737024221454 0.5109447004608294 0.6684688581314878 0.5092165898617511 0.671280276816609 0.503168202764977 0.6753892733564013 0.5089285714285714 0.6756055363321799
4 0.5152649769585254 0.6632785467128027 0.518721198156682 0.6658737024221454 0.5296658986175115 0.6684688581314878 0.5325460829493087 0.6682525951557092 0.5371543778801844 0.6634948096885813 0.5371543778801844 0.6546280276816608 0.5331221198156681 0.6494377162629756 0.5155529953917051 0.6487889273356402 0.5120967741935484 0.6496539792387542 0.5109447004608294 0.6516003460207612 0.5118087557603687 0.6580882352941175 0.5152649769585254 0.6632785467128027
4 0.795794930875576 0.6332179930795847 0.7932027649769585 0.6373269896193772 0.7926267281105991 0.6479238754325258 0.7946428571428571 0.6516003460207612 0.8012672811059908 0.6557093425605537 0.8073156682027649 0.6567906574394463 0.8211405529953917 0.6557093425605537 0.8248847926267281 0.6541955017301038 0.828052995391705 0.6516003460207612 0.8315092165898618 0.6446799307958477 0.8315092165898618 0.6373269896193772 0.829205069124424 0.6330017301038062 0.8248847926267281 0.6291089965397924 0.8194124423963134 0.6267301038062284 0.8099078341013826 0.626946366782007 0.8024193548387096 0.6293252595155708 0.795794930875576 0.6332179930795847
4 0.8286290322580644 0.6094290657439446 0.8245967741935484 0.6118079584775087 0.8234447004608295 0.6137543252595156 0.8222926267281107 0.6178633217993079 0.8228686635944701 0.626946366782007 0.8315092165898618 0.6353806228373703 0.8352534562211982 0.6368944636678201 0.8542626728110599 0.629757785467128 0.8629032258064516 0.6286764705882353 0.8660714285714285 0.6267301038062284 0.866647465437788 0.6252162629757786 0.8663594470046083 0.6191608996539791 0.8631912442396313 0.6144031141868511 0.856278801843318 0.6178633217993079 0.8479262672811061 0.6187283737024221 0.8438940092165899 0.6182958477508651 0.8370774769585253 0.6159889705882353 0.8286290322580644 0.6094290657439446
5 0.8781682027649769 0.6442474048442907 0.8781682027649769 0.6481401384083044 0.8804723502304148 0.6554930795847751 0.8816244239631337 0.6580882352941175 0.8836405529953917 0.6596020761245673 0.8908410138248847 0.6600346020761245 0.896889400921659 0.6617647058823529 0.9046658986175116 0.6617647058823529 0.9150345622119815 0.6589532871972319 0.9205069124423962 0.6539792387543253 0.9213709677419354 0.6470588235294118 0.9202188940092165 0.6444636678200691 0.9158986175115207 0.6386245674740485 0.911578341013825 0.6366782006920415 0.8836405529953917 0.6377595155709341 0.8801843317972351 0.6405709342560553 0.8781682027649769 0.6442474048442907
5 0.8850806451612904 0.6301903114186851 0.8839285714285714 0.634083044982699 0.8868087557603687 0.6366782006920415 0.8980414746543779 0.6347318339100345 0.9089861751152073 0.6355968858131488 0.9173387096774194 0.6384083044982699 0.9225230414746545 0.6442474048442907 0.9225230414746545 0.6481401384083044 0.9251152073732719 0.6513840830449826 0.9326036866359446 0.6472750865051904 0.9337557603686635 0.6444636678200691 0.933179723502304 0.6338667820069204 0.9300115207373272 0.6295415224913494 0.9228110599078342 0.6254325259515571 0.9049539170506913 0.6245674740484428 0.8934331797235023 0.6254325259515571 0.8873847926267281 0.627378892733564 0.8850806451612904 0.6301903114186851
5 0.8274769585253455 0.6031574394463668 0.8277649769585252 0.6096453287197232 0.8335253456221198 0.613538062283737 0.8352534562211982 0.6163494809688581 0.8389976958525345 0.615484429065744 0.8456221198156681 0.6189446366782007 0.8487903225806452 0.6180795847750865 0.8522465437788018 0.6187283737024221 0.8559907834101382 0.6182958477508651 0.8617511520737328 0.6150519031141869 0.866647465437788 0.6061851211072664 0.8675115207373272 0.6022923875432525 0.8672235023041475 0.5973183391003459 0.8611751152073733 0.5910467128027681 0.8528225806451613 0.5886678200692042 0.8453341013824884 0.5886678200692042 0.8361175115207373 0.5916955017301038 0.8303571428571429 0.5968858131487889 0.8274769585253455 0.6031574394463668
4 0.7767857142857142 0.5153546712802768 0.7773617511520736 0.5229238754325258 0.782258064516129 0.5289792387543252 0.7966589861751152 0.5343858131487889 0.8093317972350231 0.5335207612456747 0.814516129032258 0.5302768166089965 0.8194124423963134 0.5235726643598616 0.8197004608294931 0.5188148788927335 0.8162442396313363 0.5114619377162629 0.7963709677419355 0.5041089965397924 0.7894585253456221 0.5034602076124567 0.7857142857142858 0.5043252595155708 0.7811059907834101 0.5082179930795847 0.7767857142857142 0.5153546712802768
4 0.7626728110599078 0.3663494809688581 0.763536866359447 0.36980968858131485 0.7658410138248848 0.37132352941176466 0.7701612903225806 0.37240484429065746 0.7762096774193548 0.37197231833910027 0.7831221198156681 0.3674307958477508 0.7851382488479263 0.36288927335640137 0.785426267281106 0.3559688581314878 0.7839861751152074 0.3529411764705882 0.7799539170506913 0.35121107266435986 0.7762096774193548 0.35099480968858127 0.7741935483870968 0.35272491349480967 0.7707373271889401 0.35986159169550164 0.7626728110599078 0.3663494809688581
2 0.7410714285714286 0.3414792387543252 0.7341589861751152 0.3525086505190311 0.7347350230414746 0.3559688581314878 0.7387672811059908 0.36224048442906576 0.7344470046082949 0.36980968858131485 0.7358870967741936 0.3734861591695501 0.7379032258064516 0.37456747404844287 0.7451036866359446 0.3743512110726643 0.752016129032258 0.37240484429065746 0.7629608294930875 0.3667820069204152 0.7658410138248848 0.36375432525951557 0.7707373271889401 0.36094290657439443 0.7733294930875576 0.356833910034602 0.7770737327188939 0.34904844290657433 0.7701612903225806 0.344939446366782 0.7692972350230415 0.34191176470588236 0.7658410138248848 0.33801903114186843 0.7580645161290323 0.3375865051903114 0.7448156682027649 0.33953287197231824 0.7410714285714286 0.3414792387543252
2 0.7713133640552995 0.33174740484429066 0.768721198156682 0.3352076124567474 0.768721198156682 0.34169550173010377 0.775921658986175 0.35012975778546707 0.7793778801843319 0.35121107266435986 0.7868663594470047 0.3516435986159169 0.7966589861751152 0.34883217993079574 0.8004032258064516 0.3466695501730103 0.8047235023041475 0.342993079584775 0.8084677419354838 0.3356401384083044 0.8084677419354838 0.33001730103806226 0.8058755760368663 0.3265570934256055 0.793778801843318 0.3237456747404844 0.7903225806451613 0.3239619377162629 0.7851382488479263 0.3265570934256055 0.7764976958525345 0.32850346020761234 0.7713133640552995 0.33174740484429066
5 0.11808755760368665 0.1859861591695502 0.11837557603686637 0.18923010380622837 0.1287442396313363 0.1976643598615917 0.1368087557603687 0.20263840830449817 0.14112903225806442 0.20350346020761237 0.15495391705069128 0.2039359861591695 0.16013824884792616 0.20285467128027673 0.16474654377880177 0.19961072664359847 0.16849078341013826 0.19290657439446351 0.16849078341013826 0.18555363321799306 0.16647465437788006 0.18014705882352935 0.15466589861751157 0.17257785467128012 0.14775345622119804 0.17214532871972316 0.1451612903225806 0.17301038062283727 0.13421658986175106 0.17365916955017296 0.11808755760368665 0.1859861591695502
4 0.10599078341013826 0.12326989619377163 0.10339861751152064 0.13235294117647048 0.10397465437788007 0.14035467128027684 0.10656682027649769 0.14424740484429055 0.11808755760368665 0.15181660899653976 0.12327188940092171 0.15354671280276816 0.1310483870967742 0.15397923875432512 0.1391129032258064 0.14900519031141854 0.14458525345622117 0.1429498269896193 0.14573732718894003 0.1399221453287197 0.14429723502304145 0.12326989619377163 0.13968894009216584 0.11656574394463667 0.13364055299539163 0.11288927335640135 0.12759216589861744 0.11115916955017298 0.1209677419354838 0.1118079584775085 0.11319124423963131 0.11613321799307955 0.10599078341013826 0.12326989619377163
5 0.16877880184331798 0.1429498269896193 0.16849078341013826 0.14467993079584768 0.17309907834101387 0.1546280276816608 0.17252304147465428 0.16198096885813146 0.1733870967741936 0.1647923875432525 0.18634792626728114 0.17517301038062277 0.19239631336405533 0.1734429065743944 0.2033410138248848 0.17257785467128012 0.20708525345622117 0.16846885813148785 0.20881336405529946 0.16414359861591682 0.20910138248847926 0.14359861591695502 0.2076612903225806 0.13365051903114172 0.20247695852534556 0.13040657439446351 0.19326036866359447 0.12694636678200677 0.18605990783410142 0.12824394463667818 0.17655529953917046 0.1338667820069203 0.16877880184331798 0.1429498269896193
5 0.17223502304147456 0.035683391003460053 0.17137096774193541 0.035899653979238624 0.1653225806451612 0.04346885813148784 0.16244239631336405 0.05363321799307954 0.1635944700460829 0.06120242214532858 0.16589861751152063 0.06466262975778533 0.17165898617511513 0.07115051903114171 0.1754032258064516 0.07331314878892722 0.1791474654377879 0.07244809688581313 0.18260368663594467 0.0696366782006919 0.189516129032258 0.06790657439446353 0.1938364055299539 0.06531141868512105 0.19441244239631333 0.06379757785467124 0.19326036866359447 0.060337370242214486 0.18807603686635943 0.053200692041522404 0.18346774193548382 0.047361591695501734 0.1771313364055299 0.04173875432525946 0.1756912442396313 0.038927335640138415 0.17223502304147456 0.035683391003460053
5 0.2534562211981567 0.08066608996539788 0.2557603686635945 0.0830449826989618 0.2620967741935484 0.08564013840830445 0.2724654377880184 0.08542387543252587 0.2759216589861751 0.0843425605536332 0.27995391705069117 0.08131487889273341 0.282258064516129 0.07504325259515561 0.282258064516129 0.06747404844290657 0.27966589861751145 0.06076989619377162 0.2762096774193548 0.05968858131487877 0.2557603686635945 0.058174740484428965 0.252016129032258 0.05903979238754324 0.2517281105990783 0.07590830449826988 0.2534562211981567 0.08066608996539788
5 0.6350806451612903 0.16003460207612452 0.6347926267281105 0.16522491349480967 0.6379608294930875 0.1697664359861591 0.6391129032258064 0.17560553633217993 0.6405529953917051 0.17690311418685117 0.6471774193548387 0.17906574394463667 0.6549539170506913 0.17928200692041507 0.6598502304147466 0.17538927335640137 0.6618663594470047 0.1686851211072664 0.6621543778801844 0.16414359861591682 0.6592741935483871 0.15289792387543244 0.6555299539170507 0.1494377162629757 0.6517857142857142 0.14749134948096873 0.6442972350230415 0.1479238754325259 0.6405529953917051 0.1509515570934255 0.6350806451612903 0.16003460207612452
5 0.6226958525345622 0.17560553633217993 0.6241359447004609 0.18057958477508648 0.6258640552995391 0.18187716262975773 0.6293202764976958 0.18252595155709345 0.6336405529953917 0.18230968858131485 0.6379608294930875 0.18057958477508648 0.6402649769585252 0.1788494809688581 0.6396889400921658 0.1727941176470587 0.6379608294930875 0.16825259515570928 0.6339285714285714 0.16522491349480967 0.6267281105990783 0.16544117647058823 0.6229838709677419 0.1697664359861591 0.6226958525345622 0.17560553633217993
5 0.6713709677419354 0.14597750865051892 0.6682027649769585 0.1509515570934255 0.6690668202764977 0.15441176470588225 0.6733870967741936 0.15679065743944634 0.6754032258064516 0.1596020761245674 0.6820276497695852 0.16154844290657433 0.6923963133640554 0.1617647058823529 0.6970046082949308 0.15765570934256043 0.6981566820276498 0.1546280276816608 0.6972926267281105 0.15030276816608995 0.6929723502304148 0.1453287197231834 0.6860599078341014 0.1407871972318338 0.6785714285714286 0.1405709342560552 0.6754032258064516 0.1423010380622836 0.6713709677419354 0.14597750865051892
5 0.8741359447004609 0.1405709342560552 0.875 0.1444636678200691 0.8784562211981566 0.14857266435986158 0.883352534562212 0.15181660899653976 0.8862327188940092 0.15224913494809672 0.8942972350230415 0.15181660899653976 0.9012096774193548 0.1492214532871971 0.9038018433179724 0.1468425605536332 0.9058179723502304 0.14208477508650502 0.9058179723502304 0.13689446366782007 0.9035138248847927 0.13321799307958476 0.8974654377880185 0.13019031141868515 0.8908410138248847 0.12867647058823514 0.8862327188940092 0.12954152249134943 0.8801843317972351 0.13321799307958476 0.8741359447004609 0.1405709342560552
4 0.8438940092165899 0.15203287197231835 0.8407258064516128 0.16435986159169538 0.8415898617511521 0.16933391003460194 0.8459101382488479 0.17214532871972316 0.8525345622119815 0.17041522491349478 0.861463133640553 0.1697664359861591 0.866647465437788 0.16846885813148785 0.8735599078341014 0.1656574394463668 0.8781682027649769 0.15895328719723184 0.8781682027649769 0.1509515570934255 0.8726958525345623 0.1429498269896193 0.8689516129032258 0.14165224913494806 0.8577188940092165 0.14186851211072665 0.8528225806451613 0.1429498269896193 0.847062211981567 0.1468425605536332 0.8438940092165899 0.15203287197231835