3 0.3355414746543779 0.2822231833910035 0.33870967741935487 0.28633217993079585 0.3595910138248848 0.2854671280276817 0.37644009216589863 0.2906574394463668 0.37989631336405527 0.2897923875432526 0.3807603686635945 0.2887110726643599 0.3816244239631337 0.28114186851211076 0.37960829493087556 0.27249134948096887 0.3712557603686636 0.26232698961937717 0.36751152073732724 0.25519031141868515 0.35599078341013823 0.2480536332179931 0.34475806451612906 0.24826989619377166 0.3418778801843318 0.2495674740484429 0.33842165898617516 0.2582179930795848 0.33496543778801846 0.27335640138408307 0.334389400921659 0.27638408304498274 0.3355414746543779 0.2822231833910035
3 0.4936635944700461 0.3522923875432526 0.49769585253456217 0.35769896193771633 0.5017281105990784 0.3609429065743945 0.5057603686635945 0.3618079584775087 0.5132488479262672 0.3605103806228374 0.521889400921659 0.3548875432525952 0.5288018433179723 0.35294117647058826 0.5331221198156683 0.3527249134948097 0.5362903225806452 0.35056228373702425 0.5377304147465438 0.34450692041522496 0.5293778801843319 0.3243944636678201 0.5264976958525346 0.3198529411764706 0.5192972350230415 0.3142301038062284 0.5120967741935484 0.31228373702422146 0.5086405529953917 0.31228373702422146 0.503168202764977 0.31401384083044986 0.494815668202765 0.3220155709342561 0.4916474654377881 0.33109861591695505 0.49135944700460826 0.3375865051903114 0.4936635944700461 0.3522923875432526
3 0.4639976958525346 0.4368512110726644 0.4694700460829493 0.4392301038062284 0.48675115207373276 0.44269031141868515 0.5051843317972351 0.44269031141868515 0.5106566820276498 0.43987889273356406 0.5155529953917051 0.4353373702422146 0.5172811059907835 0.43230968858131497 0.5172811059907835 0.42171280276816614 0.5120967741935484 0.4173875432525952 0.497983870967742 0.41003460207612463 0.4841589861751152 0.40895328719723184 0.4755184331797235 0.41068339100346024 0.4631336405529954 0.4163062283737024 0.45852534562211983 0.4219290657439447 0.4582373271889401 0.43014705882352944 0.4639976958525346 0.4368512110726644
3 0.4455645161290323 0.3938148788927336 0.45276497695852536 0.4048442906574395 0.4631336405529954 0.4150086505190312 0.4841589861751152 0.40895328719723184 0.4916474654377881 0.4087370242214533 0.4982718894009217 0.40981833910034604 0.5008640552995391 0.4078719723183391 0.5020161290322581 0.4048442906574395 0.5020161290322581 0.39727508650519033 0.5005760368663594 0.393166089965398 0.49711981566820274 0.38970588235294124 0.48963133640552997 0.3853806228373703 0.478110599078341 0.3827854671280277 0.46486175115207373 0.3827854671280277 0.45276497695852536 0.381704152249135 0.4478686635944701 0.3830017301038063 0.44470046082949305 0.38667820069204156 0.44441244239631333 0.39121972318339104 0.4455645161290323 0.3938148788927336
4 0.29809907834101385 0.27249134948096887 0.3004032258064516 0.27422145328719727 0.30443548387096775 0.27530276816609 0.31077188940092165 0.2900086505190312 0.315668202764977 0.29455017301038067 0.3245967741935484 0.298659169550173 0.3294930875576037 0.2908737024221454 0.33410138248847926 0.28654844290657444 0.33410138248847926 0.28287197231833916 0.3323732718894009 0.27941176470588236 0.32142857142857145 0.26924740484429066 0.31422811059907835 0.2642733564013841 0.31048387096774194 0.26297577854671284 0.3058755760368664 0.26275951557093424 0.3035714285714286 0.26297577854671284 0.2995391705069125 0.2655709342560554 0.29809907834101385 0.2688148788927336 0.29809907834101385 0.27249134948096887
4 0.5449308755760369 0.3633217993079585 0.560483870967742 0.36591695501730104 0.5711405529953917 0.3650519031141869 0.5766129032258065 0.3635380622837371 0.5797811059907835 0.361159169550173 0.582373271889401 0.3509948096885813 0.5892857142857143 0.3384515570934256 0.589573732718894 0.33477508650519033 0.5815092165898618 0.3276384083044983 0.5639400921658987 0.3276384083044983 0.5570276497695852 0.3315311418685122 0.5504032258064516 0.3384515570934256 0.5452188940092166 0.34191176470588236 0.5429147465437788 0.34537197231833916 0.5429147465437788 0.35921280276816614 0.5449308755760369 0.3633217993079585
4 0.5613479262672811 0.5990484429065744 0.5650921658986175 0.6038062283737025 0.5673963133640554 0.6048875432525952 0.5803571428571429 0.6057525951557093 0.5953341013824885 0.6115916955017301 0.599078341013825 0.6115916955017301 0.6008064516129032 0.610726643598616 0.6033986175115207 0.6057525951557093 0.6048387096774194 0.598832179930796 0.6042626728110599 0.594506920415225 0.6033986175115207 0.5916955017301039 0.5947580645161291 0.5834775086505191 0.586405529953917 0.5778546712802768 0.5794930875576038 0.57590830449827 0.5642281105990784 0.5769896193771626 0.560483870967742 0.5785034602076126 0.5587557603686636 0.580233564013841 0.5584677419354839 0.5845588235294118 0.5613479262672811 0.5990484429065744
2 0.584389400921659 0.4312283737024222 0.5881336405529953 0.4338235294117648 0.5976382488479263 0.4362024221453288 0.6025345622119815 0.4362024221453288 0.6169354838709677 0.4312283737024222 0.6301843317972351 0.4219290657439447 0.6373847926267281 0.41154844290657444 0.6385368663594471 0.40051903114186854 0.6347926267281105 0.39532871972318345 0.6301843317972351 0.3914359861591696 0.6267281105990784 0.38905709342560557 0.6195276497695853 0.3873269896193772 0.6123271889400922 0.38775951557093424 0.5993663594470047 0.3910034602076125 0.5904377880184332 0.3910034602076125 0.5846774193548387 0.39359861591695505 0.5797811059907835 0.4054930795847751 0.5745967741935484 0.4134948096885814 0.5745967741935484 0.41846885813148793 0.584389400921659 0.4312283737024222
5 0.5625 0.6195934256055364 0.5648041474654378 0.6228373702422145 0.5714285714285714 0.6278114186851211 0.5797811059907835 0.6299740484429066 0.5921658986175116 0.6299740484429066 0.5964861751152074 0.622621107266436 0.5967741935483871 0.6191608996539792 0.5944700460829493 0.6128892733564014 0.5913018433179723 0.6105103806228375 0.5817972350230415 0.6057525951557093 0.5717165898617511 0.6048875432525952 0.566820276497696 0.6053200692041523 0.5619239631336406 0.6094290657439447 0.5601958525345622 0.6128892733564014 0.5625 0.6195934256055364
5 0.5907258064516129 0.580233564013841 0.6057027649769585 0.5919117647058825 0.6129032258064516 0.5901816608996541 0.6175115207373272 0.5865051903114187 0.6192396313364055 0.5823961937716263 0.6177995391705069 0.5748269896193772 0.6126152073732719 0.5676903114186851 0.6100230414746544 0.5661764705882353 0.6057027649769585 0.5648788927335641 0.5985023041474655 0.5657439446366783 0.5953341013824885 0.5674740484429066 0.5901497695852534 0.5746107266435987 0.5892857142857143 0.578287197231834 0.5907258064516129 0.580233564013841
5 0.5290898617511521 0.6286764705882353 0.5397465437788018 0.6373269896193772 0.5426267281105991 0.63840830449827 0.5538594470046083 0.640787197231834 0.5648041474654378 0.63840830449827 0.568836405529954 0.634515570934256 0.5691244239631337 0.6297577854671281 0.5679723502304148 0.6267301038062285 0.5558755760368663 0.6189446366782008 0.5504032258064516 0.6167820069204153 0.5449308755760369 0.6185121107266436 0.5362903225806452 0.6182958477508651 0.530241935483871 0.6191608996539792 0.527073732718894 0.622621107266436 0.5276497695852534 0.6267301038062285 0.5290898617511521 0.6286764705882353