5 0.15264976958525348 0.05730968858131489 0.16474654377880185 0.076340830449827 0.1716589861751152 0.08153114186851211 0.1765552995391705 0.0832612456747405 0.1849078341013825 0.08153114186851211 0.18894009216589863 0.0828287197231834 0.19268433179723504 0.0828287197231834 0.19988479262672812 0.07980103806228375 0.20132488479262672 0.07763840830449828 0.19930875576036866 0.07374567474048443 0.20218894009216593 0.06682525951557095 0.19700460829493088 0.05320069204152249 0.19268433179723504 0.04692906574394464 0.1765552995391705 0.031141868512110725 0.16849078341013826 0.027465397923875434 0.16100230414746544 0.026816608996539794 0.15351382488479265 0.03049307958477509 0.15063364055299538 0.0361159169550173 0.15005760368663595 0.04801038062283737 0.15264976958525348 0.05730968858131489
5 0.2226382488479263 0.08520761245674742 0.22609447004608296 0.09558823529411765 0.23243087557603687 0.10056228373702422 0.23761520737327188 0.1031574394463668 0.2451036866359447 0.1035899653979239 0.25288018433179726 0.10250865051903116 0.2574884792626728 0.10012975778546714 0.26411290322580644 0.09385813148788928 0.2664170506912443 0.08845155709342561 0.2646889400921659 0.0856401384083045 0.2269585253456221 0.05839100346020761 0.22379032258064516 0.05795847750865052 0.22004608294930877 0.05990484429065744 0.21975806451612906 0.06466262975778547 0.2226382488479263 0.08520761245674742
5 0.2678571428571429 0.10164359861591696 0.2730414746543779 0.11007785467128028 0.2808179723502304 0.11332179930795849 0.2897465437788019 0.11548442906574394 0.29349078341013823 0.11570069204152249 0.2986751152073733 0.11397058823529413 0.3067396313364056 0.10769896193771626 0.30961981566820274 0.10207612456747406 0.3099078341013825 0.08455882352941177 0.3090437788018433 0.07742214532871973 0.30760368663594473 0.07461072664359862 0.3035714285714286 0.07071799307958479 0.29809907834101385 0.06812283737024222 0.2900345622119816 0.0666089965397924 0.28629032258064513 0.06704152249134948 0.277073732718894 0.07352941176470588 0.2727534562211982 0.0856401384083045 0.2664170506912443 0.09385813148788928 0.2658410138248848 0.0953719723183391 0.2678571428571429 0.10164359861591696
5 0.25432027649769584 0.1444636678200692 0.25892857142857145 0.15138408304498271 0.26555299539170507 0.1559256055363322 0.2785138248847926 0.15679065743944637 0.2860023041474654 0.1559256055363322 0.29205069124423966 0.15224913494809691 0.29781105990783413 0.14403114186851212 0.29781105990783413 0.1379757785467128 0.29435483870967744 0.12997404844290658 0.2911866359447005 0.12629757785467127 0.28629032258064513 0.12283737024221456 0.27620967741935487 0.11959342560553635 0.27246543778801846 0.11980968858131488 0.2658410138248848 0.122621107266436 0.2563364055299539 0.12997404844290658 0.2534562211981567 0.13386678200692043 0.253168202764977 0.1392733564013841 0.25432027649769584 0.1444636678200692
5 0.195852534562212 0.17171280276816608 0.20708525345622122 0.17733564013840833 0.2168778801843318 0.1782006920415225 0.23070276497695855 0.17733564013840833 0.2402073732718894 0.16544117647058826 0.2402073732718894 0.1611159169550173 0.23502304147465441 0.15376297577854672 0.22868663594470048 0.14727508650519033 0.22119815668202766 0.14316608996539792 0.2105414746543779 0.14338235294117646 0.1961405529953917 0.1481401384083045 0.19297235023041476 0.152681660899654 0.19297235023041476 0.16025086505190314 0.195852534562212 0.17171280276816608
5 0.1532258064516129 0.1647923875432526 0.15524193548387097 0.16868512110726647 0.15869815668202764 0.17171280276816608 0.17799539170506912 0.17776816608996543 0.1826036866359447 0.17776816608996543 0.18778801843317974 0.17647058823529413 0.19642857142857145 0.17171280276816608 0.1935483870967742 0.15938581314878894 0.19326036866359447 0.15073529411764708 0.18922811059907835 0.14684256055363323 0.1811635944700461 0.14424740484429066 0.17569124423963134 0.14359861591695502 0.16935483870967744 0.14424740484429066 0.1578341013824885 0.1494377162629758 0.15236175115207373 0.15484429065743946 0.15149769585253456 0.15852076124567477 0.1532258064516129 0.1647923875432526
5 0.21947004608294934 0.19961072664359863 0.22465437788018433 0.20328719723183392 0.23070276497695855 0.20523356401384082 0.24135944700460832 0.2069636678200692 0.25489631336405527 0.2054498269896194 0.25864055299539174 0.20436851211072665 0.26900921658986177 0.1957179930795848 0.26900921658986177 0.18901384083044986 0.26555299539170507 0.18122837370242215 0.2609447004608295 0.17711937716262977 0.2511520737327189 0.17365916955017302 0.24107142857142855 0.17322664359861592 0.23588709677419356 0.17474048442906576 0.23214285714285715 0.17841695501730107 0.2206221198156682 0.18079584775086505 0.2168778801843318 0.18706747404844293 0.21601382488479262 0.19269031141868515 0.21947004608294934 0.19961072664359863
5 0.7525921658986175 0.22080449826989623 0.7586405529953917 0.2249134948096886 0.7710253456221199 0.22512975778546712 0.7767857142857143 0.22275086505190314 0.7836981566820277 0.21496539792387542 0.7969470046082949 0.21064013840830453 0.798963133640553 0.20371972318339102 0.798963133640553 0.19788062283737026 0.7966589861751152 0.1907439446366782 0.7888824884792627 0.18468858131487892 0.7828341013824885 0.18166089965397925 0.7753456221198156 0.1810121107266436 0.7707373271889402 0.18209342560553635 0.751152073732719 0.19550173010380625 0.7465437788018433 0.20609861591695502 0.746831797235023 0.21280276816608995 0.7525921658986175 0.22080449826989623
5 0.7897465437788018 0.25237889273356406 0.790610599078341 0.2586505190311419 0.7932027649769585 0.26081314878892736 0.7975230414746545 0.2634083044982699 0.8101958525345623 0.2655709342560554 0.8243087557603687 0.26405709342560557 0.8277649769585255 0.26059688581314877 0.8375576036866359 0.24156574394463667 0.8372695852534562 0.23096885813148788 0.8338133640552996 0.22383217993079585 0.8277649769585255 0.22037197231833913 0.8245967741935484 0.21972318339100347 0.8208525345622121 0.21972318339100347 0.8096198156682028 0.22339965397923875 0.7923387096774194 0.23961937716262977 0.7897465437788018 0.2443771626297578 0.7897465437788018 0.25237889273356406
5 0.8522465437788019 0.2852508650519031 0.856278801843318 0.2878460207612457 0.8643433179723502 0.2893598615916955 0.8767281105990783 0.2893598615916955 0.8862327188940092 0.28395328719723184 0.8945852534562212 0.27400519031141873 0.8980414746543779 0.2690311418685121 0.8986175115207373 0.2618944636678201 0.8905529953917052 0.25605536332179935 0.8790322580645162 0.2556228373702422 0.8701036866359446 0.2571366782006921 0.8557027649769585 0.26211072664359863 0.8505184331797235 0.2759515570934256 0.8508064516129032 0.28287197231833916 0.8522465437788019 0.2852508650519031
5 0.8027073732718895 0.3137975778546713 0.8093317972350231 0.31617647058823534 0.8182603686635945 0.31704152249134954 0.8283410138248849 0.3142301038062284 0.836405529953917 0.310121107266436 0.8398617511520738 0.30384948096885817 0.8395737327188941 0.2969290657439446 0.8366935483870968 0.29260380622837373 0.8335253456221199 0.2906574394463668 0.8280529953917052 0.2893598615916955 0.8173963133640554 0.289143598615917 0.8096198156682028 0.29195501730103807 0.8058755760368663 0.2947664359861592 0.8001152073732719 0.30493079584775085 0.7998271889400922 0.3109861591695502 0.8027073732718895 0.3137975778546713