3 0.768298759221558 0.43741658091661356 0.7497618461569602 0.43458191050815015 0.7435308856232534 0.4348051398963369 0.7265494289920806 0.432964375217104 0.7216371639533724 0.43391009082420673 0.7091120096849897 0.4429657913216829 0.7063305930921194 0.44635428252161546 0.7052634096028394 0.45276027824760473 0.7098784886357943 0.4656803422211399 0.7245878793518981 0.47543975231515745 0.7311125073586362 0.4766055103911409 0.755484843348349 0.476921933104277 0.7585269067469447 0.47646307154414114 0.7863073416092607 0.46490152613510005 0.7917233410584854 0.4574300500031499 0.7928593740160197 0.45347072729575755 0.7919903145305753 0.4506328699679881 0.7871532256264858 0.44429844891872927 0.7752638884378429 0.4406658201888523 0.768298759221558 0.43741658091661356
3 0.7267475195332407 0.512379377191827 0.7177625468066846 0.5033945408646203 0.7048242957287758 0.49777020325051524 0.697928015980745 0.49696763699687335 0.6862213413295661 0.4980168171933047 0.6816477073648446 0.5001399831536923 0.6787313999691083 0.5041630856862809 0.6757848800397085 0.5152547877643456 0.6779424224864881 0.5258837308565074 0.6800283073313708 0.5285380435602225 0.6854829437151863 0.5305818399923455 0.6922232549266945 0.5348887648190108 0.6948725888503409 0.5376628423215841 0.6991553634756735 0.5396786462668761 0.7296476550635258 0.5430646610539636 0.7408927507715013 0.5428017469016445 0.7475044978465076 0.5380164733860074 0.7492700212174176 0.5310956311262205 0.7479485175887766 0.5248451875374546 0.7436868206971005 0.5199596363517951 0.7267475195332407 0.512379377191827
4 0.8085305595531214 0.47117287786562373 0.7991556654852588 0.4709489379709759 0.786657915616897 0.467408081553126 0.7809454405609986 0.4679626128510563 0.775008147500323 0.46957482970341313 0.7569503725798633 0.47833891305527826 0.7551848492089532 0.48525975531506527 0.7562815348328173 0.49256788445825783 0.7593144634314059 0.4963078752032306 0.7711827228863921 0.5028102511734752 0.7915448739901472 0.505369604645857 0.7981474862651466 0.5047831834353287 0.8061467783034058 0.5031670691572047 0.8163310171884657 0.4995833410559164 0.8221966526472443 0.48999649381511273 0.8231500230673146 0.48135536218141206 0.8219303895742339 0.47601094943561656 0.817545744813341 0.47308911464735426 0.8085305595531214 0.47117287786562373
4 0.4141190125521649 0.392865476034764 0.40060817759548517 0.3913202259269094 0.3945359937319436 0.3935670541119224 0.3878132417213699 0.4016451490896976 0.3838508285700099 0.40920450010790776 0.38255882707595285 0.4166681813883237 0.38567254807644524 0.42418395021663446 0.39203207274665364 0.4330529191707503 0.39843375288417515 0.4361823936441307 0.40848590910001104 0.4387612342453483 0.4136349350771459 0.4380869381485599 0.42161034124810615 0.4338126137409537 0.42698137709637535 0.4265526747198887 0.42867805099903106 0.4171851594415048 0.42538166746107464 0.4049875816868857 0.42185133111833417 0.3980465417918019 0.4141190125521649 0.392865476034764
4 0.12422368420380359 0.5293469214938643 0.1193894034333566 0.5285404578144552 0.11714755005195125 0.5293905036837637 0.10325873668761446 0.5379352550732092 0.0970305842875501 0.5436864418312457 0.09518426851473635 0.5468315060076948 0.09465664823692105 0.5506990564030598 0.0984806520526928 0.5590290837623139 0.10788224012149687 0.5674391911562937 0.1103278337740227 0.568401206972926 0.11830604807862544 0.5696548399351696 0.12933546058183082 0.5662507590321686 0.13583339458762753 0.5592303496088199 0.136313243130845 0.5500463789544903 0.1391937217256329 0.5420359612276785 0.13656546553564286 0.5363921364847377 0.13076025514419112 0.5318417846345888 0.12422368420380359 0.5293469214938643
4 0.6420691160005771 0.9093746519241787 0.6326703360654156 0.9064925019000484 0.6295144595976103 0.904716227552473 0.6211076870171099 0.9027082184587151 0.6146849291459321 0.9024484912257021 0.6102461859840769 0.9039370458534339 0.6067664295095767 0.9078403835871642 0.6057680954885509 0.9166930523317504 0.6062683113663454 0.9254220588517112 0.6087855626207681 0.9343587050567901 0.6110182812021665 0.9377075114925905 0.6166197513224978 0.9404458016567986 0.624553002026145 0.9419109717299273 0.6350428513178856 0.9410453361575504 0.6424126529427692 0.942390741431821 0.6445526361886144 0.940634664719542 0.6461713258230086 0.93301932872767 0.6463427558259028 0.9155893081745793 0.6448983043280452 0.9113025809832106 0.6420691160005771 0.9093746519241787
5 0.4823364088153241 0.3753068404313581 0.4695477996075733 0.37590495391918777 0.4614705233010528 0.37927324748382363 0.4466704949839585 0.3907196360262347 0.44339447878057897 0.3964350354459059 0.4432743390450048 0.403926709213153 0.4466908623185354 0.4086326132005252 0.45653014346324383 0.4135982444209104 0.46376505428526144 0.4155782610278371 0.4701428485554838 0.41604952537173556 0.4847897164696978 0.4136354527721978 0.4884732132153185 0.4115441767244083 0.4918841202215642 0.40519416597208097 0.49369460719342956 0.39806178660140856 0.49192979422159916 0.3841999044465377 0.48906477709318275 0.3782846601932824 0.4823364088153241 0.3753068404313581
5 0.4449035842775652 0.35054707208685604 0.4415109468713333 0.34849937822896593 0.43474955792616876 0.3470622006426681 0.4272568084320684 0.3476805117657946 0.42142138550695324 0.3501987594611219 0.41821141063818557 0.35283287452954026 0.4145187790925581 0.3591230028824384 0.41120060742186554 0.3705778967828449 0.41055003927483363 0.37640916357560716 0.4133251292013392 0.3827474820506331 0.4191753031937463 0.3870862967898966 0.43119953118525534 0.39008431418711764 0.43992104897244344 0.3906115635046779 0.4448213710775023 0.38833674283283404 0.44975471384986704 0.3845212799853637 0.4520717433658912 0.3763910974596936 0.4498664291845138 0.36044573410856745 0.44808334661266935 0.3549815565639139 0.4449035842775652 0.35054707208685604
5 0.3829493249656363 0.7417599806550339 0.37503996012928786 0.7429530207113875 0.36930640733973286 0.7463772992496851 0.3671334034265819 0.7496740181375905 0.3664708923459004 0.7541761798656117 0.3696204421473412 0.7656792638881458 0.3737683259698076 0.7683296791660937 0.383673648449128 0.770214026035226 0.39140315888165494 0.769867134422414 0.3969688002010377 0.7686181093923987 0.40041553600823176 0.7662554138342949 0.40309508246554165 0.7619608917913918 0.40433017742499394 0.7533796425571202 0.4030325596636518 0.7497874090978366 0.39679879099630266 0.7444826811161734 0.3829493249656363 0.7417599806550339
5 0.3525940553778887 0.6753911812913163 0.343519155449422 0.6668294191858803 0.3364071924966212 0.6628856861815565 0.3325080125462306 0.661835795478664 0.3279673992488151 0.6624183192634254 0.32306707714375615 0.6646931399352691 0.3182356045069517 0.6694146336257101 0.3154331101804251 0.6756728720660101 0.3201170386816344 0.6910396090581422 0.3229701128764013 0.6956257482466564 0.330963078248296 0.7037364436434907 0.33952862749896146 0.7077680515340747 0.34669468885272464 0.7073013951224045 0.35634849932632656 0.7020572600466315 0.3593666768576232 0.6989401883570133 0.3598043699335277 0.6954957121834189 0.3600144368710127 0.6875809641944013 0.3585699853731551 0.6832942370030327 0.3525940553778887 0.6753911812913163
5 0.7382404414008338 0.9777939871716305 0.7303851749654479 0.97457663781199 0.7183490040402893 0.9702495153500277 0.7126695496516968 0.9692634044723315 0.707103908332314 0.9705124295023466 0.7039958035991066 0.9740525754137355 0.7033782561193805 0.9783432000308714 0.7013970495437005 0.9821228755399766 0.7013218734090817 0.9894030121963381 0.7025176210348634 0.9920892148126512 0.7094827502511485 0.99533845408489 0.7246135527037858 1 0.7511907464796739 1 0.7525388330419747 0.9991840409385745 0.7540226318735026 0.9922033162793585 0.7529617750505873 0.9888825023303891 0.7481366290801473 0.9838771863458715 0.7382404414008338 0.9777939871716305
5 0.16493675387674364 0.5123537989592288 0.15790558332584675 0.512185844038243 0.1446553951748925 0.5135702235701849 0.13700386901062686 0.5121649358964852 0.1340067692129868 0.5124122603457357 0.12804839841865484 0.5168942244384602 0.125368851961345 0.5211887464813633 0.1247063408806635 0.5256909082093844 0.12782919668116294 0.5290078247325865 0.13819890623732906 0.5356338629274564 0.14198708125215248 0.539976575092487 0.14518792132091324 0.5415413123291773 0.1488475321992348 0.5367918261519056 0.15787185225946115 0.5345092106285274 0.1641477763941233 0.5340744441294553 0.16983636558272286 0.5308617027020429 0.17318123125435686 0.5275929763009685 0.17657738719331062 0.5143859031140503 0.175957031579942 0.5131485703613364 0.17202483096224544 0.5136393218340705 0.16493675387674364 0.5123537989592288
5 0.2079043302638181 0.475057011205368 0.19843950899404478 0.47525614553249085 0.1911055361701095 0.4778980554524435 0.18156273063207468 0.47984936906607817 0.1757273077069595 0.4823676167614055 0.17312574551791096 0.4849099595177968 0.17255316163914025 0.4889890470240473 0.175520048903117 0.4958103221202729 0.1786998112382213 0.5002448065973307 0.1818556877060265 0.5020210809449064 0.18875196745405726 0.5028236471985482 0.21566615096457128 0.4939522018315875 0.22063251440424198 0.4885960968084907 0.22125006188396806 0.4843054721913549 0.22004237132453688 0.4802901645103005 0.2149024801474091 0.47676560830198034 0.2079043302638181 0.475057011205368
5 0.48799045615043146 0.6811767550943335 0.4776804612625125 0.6811962422231691 0.4573239264260425 0.6896928034904868 0.4511526805605831 0.6965615582023791 0.4489916195810816 0.7011873821550256 0.4512693017634353 0.7043246514799405 0.4539277704870888 0.702899876677405 0.466287821418942 0.7015473870580611 0.48969203592129257 0.703647878970307 0.49473919176286707 0.7020675520305482 0.49630378299629896 0.69886260545467 0.4959981725896182 0.6961445129257587 0.49419120415047485 0.6880221252516229 0.491473020758574 0.6828013747304528 0.48799045615043146 0.6811767550943335