4 0.5788398582498205 0.5102066662228235 0.5610375387986909 0.5044288886496816 0.5538612899380249 0.5058226041191887 0.5511882924208246 0.5082859869230933 0.549955705748488 0.5129173011121544 0.550735391711292 0.5156475386184457 0.5605330521677502 0.5307829738960614 0.5636245597802109 0.5336197284308227 0.5711748871902464 0.5357727993265858 0.5777205091578149 0.5347272316588494 0.5870896185873933 0.5301474895903855 0.5885013623183982 0.528380402390022 0.5881573817579909 0.5246194577053872 0.5860433433492418 0.5168971462437212 0.5807460724860427 0.5111297321102722 0.5788398582498205 0.5102066662228235
4 0.9202644473609002 0.8870835666437064 0.922332623348655 0.8972017040368613 0.9253625041080882 0.9046159521152362 0.929908756122342 0.9115881473279138 0.9329701657458408 0.9146390601820394 0.9370377116869102 0.9167394346947804 0.9460141163848798 0.9190929276829399 0.9511307745084115 0.8826860133909704 0.9461774842056198 0.8806795439421562 0.939452705179383 0.8788608846211954 0.9256864028052574 0.8795468167850433 0.9210914266198023 0.883268801313624 0.9202644473609002 0.8870835666437064
4 0.024560264983219674 0.6089838970542204 0.014517527989755637 0.6080092590461746 0.009833688712518208 0.6082245416279644 0.00048034371497234776 0.6106226160843036 0 0.6106349681400143 0 0.6344883967893957 0.002377972700574299 0.6364407434010595 0.005138402434453715 0.6416332394488304 0.008380399991724264 0.643399202386769 0.015811766321015153 0.6422597296551057 0.02345381857303979 0.6396211486878908 0.03042081238607553 0.6355773645490508 0.03261367295498807 0.6323913379500941 0.032721162229009906 0.6254180184749915 0.03189847559541797 0.6167852530904201 0.02729202760324036 0.6102413745164714 0.024560264983219674 0.6089838970542204
5 0.7053653192295304 0.8040314913621305 0.7011472833436514 0.8030019084462123 0.6906530765157581 0.8052396452286343 0.688144902500297 0.8085997457284764 0.6872878252524329 0.812628669377923 0.6898949032912959 0.8271903108322858 0.6935109793979358 0.8325030601354946 0.6977290152838148 0.833532643051413 0.7145122957355483 0.834144272768295 0.7187460960534598 0.8329921880720887 0.7205333492089375 0.8306227103321108 0.7206394076078559 0.8277985677618928 0.7181670550817703 0.8143478023228319 0.7115941968754466 0.8073091745001637 0.7053653192295304 0.8040314913621305
5 0.7293750283941302 0.8318653273049685 0.7253519139989522 0.8315183037656231 0.7214334271275893 0.8324963145609441 0.7133255714842061 0.836379761025867 0.7128139056718529 0.840020452455064 0.7158136884423245 0.8476488588528032 0.725058113290745 0.8563732807764513 0.7354763597086816 0.8567455282448828 0.74014586542899 0.854562736370333 0.7440801167323855 0.8514030579628875 0.7456423504082001 0.8485651791657013 0.7459590947298523 0.8442419283599316 0.743618605966337 0.8402003927459416 0.7397617459480014 0.8366009099976491 0.7293750283941302 0.8318653273049685
5 0.6800614213454623 0.828865741493573 0.6660084726386464 0.8336607661438261 0.6656458658959996 0.840379842881085 0.6680451197623355 0.8481422387612303 0.682452089961178 0.8615231988030254 0.6885763400832792 0.8634758476063924 0.6929606303460004 0.8612529713133634 0.6982779582665424 0.8523911871200343 0.695352705030924 0.8463019733763257 0.6940498814490442 0.8369465641967023 0.6901485898848174 0.8315937304750143 0.686396357390297 0.8293192820613882 0.6800614213454623 0.828865741493573
5 0.37456398857049866 0.5295429944768774 0.3679739350570389 0.5288352111712185 0.3612032936098076 0.5294123777817465 0.35868078603741704 0.5308049689888286 0.35680323891505356 0.5338169216869001 0.35780651348241715 0.5411647371552845 0.36308945078868693 0.5449646419959734 0.3686131720066524 0.5470512802817462 0.37608896988183466 0.5476651585234784 0.38143353404113167 0.5468875698205539 0.3849320799421305 0.5447585985914516 0.38539931420859247 0.5393645561888591 0.3840649617626474 0.5343724822334847 0.3817689045450233 0.5320842975928903 0.37456398857049866 0.5295429944768774
5 0.097003510723387 0.5363959595696312 0.09159875058616596 0.5376018649112848 0.08397103189107068 0.5422079551712599 0.07999091816668044 0.5477634595101943 0.07896758654197407 0.5550448423685884 0.08280868212827704 0.5608259927290054 0.08815181541247077 0.5641975809309654 0.09351071312869719 0.5653875015208009 0.1046799783955793 0.5645549679100037 0.10708209401212192 0.5640190099803799 0.11484596909509773 0.5563746188308223 0.11532753691848896 0.5529480857209899 0.11384269452773417 0.5490268033624379 0.10686565978307912 0.5386555474938641 0.10416399515202038 0.5371839117122488 0.097003510723387 0.5363959595696312
5 0.14649479434382862 0.4594903925913975 0.1409395442617978 0.4617670895298738 0.13832531184741817 0.46795133259993377 0.1379182735588801 0.4729170583637973 0.13938735151760218 0.4790200083344738 0.14252329067595432 0.4836101138426304 0.14636581713736047 0.485242087298163 0.15064404900116338 0.48584335357535224 0.15882643417939973 0.48349909976446037 0.16247690090031183 0.47615016003365096 0.1611583128863993 0.46897641846615185 0.1576769622925366 0.4647745451782449 0.15026279127038172 0.4595831733928991 0.14649479434382862 0.4594903925913975
5 0.43282104057796744 0.5434085854055664 0.4256605561493341 0.5426206332629488 0.419069071760771 0.5460620268621745 0.41779062266743977 0.5530891669827246 0.4235078345010028 0.5600075415499548 0.4295116926672561 0.5628168236307797 0.43318939562692327 0.5635520793903749 0.43779870536930765 0.5617976041545544 0.440441604897546 0.5595483796700143 0.4419149754815782 0.553203798926037 0.44001019212045944 0.5481315561337039 0.436123234113162 0.5447462317047759 0.43282104057796744 0.5434085854055664
5 0.42530221722610184 0.4934329009439483 0.41850147778990854 0.49422422587384107 0.41335040424620895 0.49983355085822306 0.4128674055477143 0.50740926087294 0.4146073654070941 0.5115847859693358 0.4224572418316456 0.5157454505763384 0.4301437256295615 0.5148602205825189 0.43386729101022337 0.513199650410625 0.4365703865163855 0.510522109287356 0.437368698661429 0.5027723253717536 0.4367094046544728 0.4991854545880042 0.4328826426250991 0.495371813520347 0.42530221722610184 0.4934329009439483
5 0.5422835555075014 0.5157700403987338 0.5341155038861943 0.5200818035023856 0.5327152319619118 0.5321147538052784 0.5371425228954211 0.5357944053905295 0.5453378107554834 0.5395668377772824 0.555561135682719 0.539256525869141 0.5619877965695431 0.534918414573978 0.561073385093962 0.5310773010523846 0.5527462334713292 0.5178956388405608 0.5490842949436947 0.514978715468841 0.5422835555075014 0.5157700403987338
5 0.5699007059163297 0.48689313039087656 0.5668679634066893 0.487777236122271 0.5589550292540072 0.4923432419637666 0.5606634602493216 0.5008821022844113 0.5621339690831471 0.5028358753502034 0.5708394918804592 0.5071167932126438 0.579725602611543 0.5101127611588969 0.5859860091215247 0.509027109072681 0.5885085166939151 0.5076345178655992 0.5913320041559251 0.504100343464872 0.5920987874369033 0.5007138947735188 0.5913491994630611 0.4977694989478628 0.5876729273784973 0.492885066283383 0.5724676450346113 0.4872538901571901 0.5699007059163297 0.48689313039087656
4 0.5627961744521013 0.5850429490073952 0.5594337849389828 0.5841336193469147 0.5558750430600601 0.5866909072147459 0.5547327503546093 0.5906797464457134 0.5554522403394894 0.593838300590734 0.5622185891614107 0.6057086646948594 0.5672765069880176 0.6090401684783401 0.5775442634611443 0.6104832075435942 0.5785661642107474 0.6073510015900849 0.576225675447232 0.6033094659760951 0.5678827593925667 0.5923094713763957 0.5651223296586874 0.5871169753286248 0.5627961744521013 0.5850429490073952