5 0.13025757595689968 0.33207224746807457 0.1412996981622036 0.3341776190869902 0.15537654500045664 0.33210067732356574 0.16403525538844393 0.3278850538769764 0.16583888172786754 0.3251941317017535 0.16582399804476533 0.3214175186658709 0.16186531912700738 0.31295723189110636 0.14402838524377426 0.2941904469235185 0.1303334696488619 0.2843701791203494 0.12304817459165349 0.28135652674624484 0.11864403216303565 0.2812275566719111 0.11328942798028922 0.2826547678549088 0.10805825961658366 0.28610804066581486 0.10690194855768236 0.28983621367056045 0.10787092271091074 0.2971623695535284 0.11423552338019509 0.3092854292567296 0.11750186714901119 0.3220249094761082 0.12042041339491397 0.3260279826746933 0.13025757595689968 0.33207224746807457
5 0.2027558403931895 0.32661463259770895 0.2195043618392633 0.32448864077705275 0.22186563254148287 0.31682157459784166 0.21929888135360348 0.31001434914268244 0.2158564556462193 0.3070000867424831 0.20824187546519726 0.3041323644878842 0.20168993789024 0.3030636336723965 0.19535873330315762 0.30359952414537733 0.1907000929853504 0.30585326598817775 0.17645841917563418 0.3163263145022472 0.1714367288326987 0.3227133196701559 0.17025790783958755 0.32909971481197 0.17197149444217213 0.3370416811850204 0.17422021547334285 0.3426657256911512 0.17772254473224874 0.3441401568530964 0.18508662455919145 0.3378500317474618 0.2027558403931895 0.32661463259770895
5 0.19389017424309135 0.3829410979370659 0.200075433076923 0.38303736797324506 0.2035516236856217 0.38206429716784196 0.2212956267542438 0.3730656798157176 0.22721913026689117 0.36533321356019743 0.23106599715182569 0.35379204425673494 0.23129835392591813 0.3374212710948847 0.2291843236808933 0.3324941771481281 0.22434997024363082 0.3278268534283234 0.219822391995972 0.3256718217260812 0.2071712377889121 0.32541449160350855 0.20148734848235206 0.32698763290601196 0.1961701379169176 0.32953323498782383 0.17999014698163193 0.342000255117742 0.17489729812006968 0.35125620259243906 0.1723189231459726 0.3624243715875986 0.17299237707670206 0.36590912438446965 0.1762289534793136 0.37109537853208324 0.18351787725251953 0.37921475501060453 0.18687426075817465 0.3813213466817097 0.19389017424309135 0.3829410979370659
5 0.7331487513431275 0.40045808842581626 0.7391132771890844 0.398949737173527 0.7441237125649149 0.3938918430741524 0.7488386277182466 0.3849925458886812 0.7499575451598359 0.3801459819851214 0.7498678742421095 0.37413258715161035 0.7487678380187327 0.3712152048136851 0.7441767275035547 0.3654942802452804 0.7401617737502724 0.36367954881318665 0.7285845171163823 0.3638920990611909 0.7239745253829918 0.36593512073427126 0.7104887189897366 0.3756948686698894 0.7069675085126185 0.38198438374942933 0.7047035349792327 0.3892300095892005 0.7066229708865899 0.39499998421483695 0.7183047821213085 0.4045774418362263 0.7205498744364819 0.40509576223794025 0.7260878179897913 0.4041547814445968 0.7331487513431275 0.40045808842581626
5 0.6289646966052211 0.4010419295893202 0.6367963810581208 0.40040854902797074 0.6415635735118668 0.3964042557771962 0.6442690130210023 0.3923678725143619 0.6466041450730147 0.38225330436780236 0.6325988255725011 0.36481502044265396 0.6266793195949639 0.36100692742080637 0.6168196470987685 0.35762088476449344 0.6130740749177779 0.3572000544511483 0.6032554247548918 0.36003812679806646 0.5996594270431495 0.36409086007997793 0.5984432124327264 0.3693588643229777 0.6003139997556666 0.3753395591183343 0.6134625259548879 0.38880685985695734 0.6181284237046899 0.3967645662229905 0.6275989075255499 0.40183637023706326 0.6289646966052211 0.4010419295893202
5 0.7550002701605302 0.4376858882072822 0.7683662694507417 0.4310058027481725 0.7772907326950235 0.42307835631591484 0.7802245314431413 0.4142117591685981 0.7798916176033301 0.409251965183687 0.7763257560769052 0.4042116411555792 0.7737626336050231 0.4025101398048368 0.7596222544992509 0.40102118870209863 0.7504022710324703 0.4051072320482595 0.7435620706670087 0.41040854635550855 0.732879000951723 0.41571047068885225 0.7284410936217907 0.41956883382012106 0.726637467282367 0.42225975599534393 0.7275915577524932 0.4258092988424293 0.734087220491926 0.43352358500058796 0.7382855136157711 0.4358245468223359 0.7446915054374775 0.4375254381469835 0.7550002701605302 0.4376858882072822
5 0.5818263717447666 0.6769206316795455 0.5837309239690214 0.6789139932692995 0.5914914499032944 0.6811495550147384 0.5996524194800074 0.6803702443338832 0.6054074673051942 0.6759281607245914 0.6064889911294715 0.6699632059222174 0.6025978420143427 0.6535282527362477 0.5970413860619339 0.6455868963892918 0.5914624201753153 0.6403037621794042 0.5835334385535818 0.6413585830801937 0.5795221135162968 0.6446495757525168 0.5762779108625777 0.6458981567778543 0.5723638829941267 0.6487677091107373 0.5679408593472967 0.6564026852778888 0.5652651872043657 0.6679922946124883 0.5653886230234066 0.6700183562403967 0.5682697756519974 0.6729030385401675 0.5771267090936498 0.672950258519115 0.57962992801401 0.6761915911081117 0.5818263717447666 0.6769206316795455
5 0.5914859770917331 0.759275247819244 0.6058808540866949 0.7583814870048482 0.6063898498650739 0.7536160631705797 0.6086088035300401 0.7516868816049455 0.6097651145889414 0.7479587086001998 0.6122647047933043 0.7460943170847797 0.6143939875405442 0.7381517406856342 0.6093240174323046 0.7281031826414786 0.6043175795915839 0.7216205174634853 0.6038761136158343 0.7184112748865484 0.6017021798192876 0.7150240121780461 0.5927555754599088 0.7089633973655876 0.5891073004477521 0.7081211267128024 0.5854477704684906 0.7086079671285515 0.5795206382398458 0.7112347092796548 0.5732304559860729 0.7179947147558665 0.571793508387775 0.7216580977103979 0.5713179086915978 0.7390824717208481 0.5754599269799185 0.7480289888852669 0.5834074210007516 0.7558565051247766 0.5875084169557628 0.7585789072859646 0.5914859770917331 0.759275247819244
5 0.22414142025480902 0.7896599446927522 0.22797303463752855 0.7909884457351914 0.23735274773037102 0.7883448982375747 0.24341567055545282 0.7881170633240242 0.25234413133484473 0.7686490576143988 0.253972044554813 0.7590370698765708 0.2519665664457269 0.7523594245218401 0.24936605035653284 0.7495395322722834 0.24521640581710455 0.7470278502808156 0.2374446249157268 0.746121399603911 0.2243817720991217 0.7502080529761664 0.21743301959772157 0.7572599186913896 0.21501947159508772 0.760031980935904 0.2129312111811573 0.7741986723382804 0.21375061086513752 0.7770512646259913 0.2188169522573798 0.7819940985657305 0.22121161904180134 0.7869859825627014 0.22414142025480902 0.7896599446927522
5 0.20098543171057776 0.8566701787158987 0.21033647724750698 0.8481753618246952 0.21329278592983458 0.8366505425403101 0.2126792355506269 0.8316259585051847 0.20604888202504817 0.823214721787652 0.20204518323887077 0.8200708792870239 0.19157558907946498 0.8167659767000026 0.1868421615270337 0.8167829367451747 0.17881588273646642 0.8182591979854041 0.16887742547053672 0.8241769328088304 0.16060027750677736 0.8331416300706109 0.15868809903141495 0.837583103653808 0.15792097664784904 0.8396255153007937 0.15990031610672797 0.8438556586881759 0.1675559186210595 0.8529474959460058 0.18127334415018162 0.8601095416121064 0.18997307687147838 0.862118033168748 0.20098543171057776 0.8566701787158987
4 0.11482145983274461 0.3784476448516444 0.13665520388927316 0.37350054072924216 0.1499275347266482 0.3723476197139891 0.15188836178642745 0.36769542596107213 0.14082772718202388 0.3567077172018571 0.13916641787985365 0.3536607547635032 0.13846682529891696 0.34772849999928374 0.13620684930064136 0.3434335665616872 0.13221440548156888 0.3389606129925252 0.1291274035482055 0.33824792244016844 0.12466335756806597 0.3396587836040889 0.11831726929788125 0.336418061041187 0.11450816484937157 0.33243133786167933 0.10889543406143812 0.3311355368573944 0.09852676578686367 0.3325149180353498 0.09283162151319871 0.33541717040638735 0.08923562380145625 0.33946990368829894 0.08711759602132135 0.3460833690189101 0.08876002410527925 0.35689427769874915 0.09674854045942172 0.37094590894149004 0.10055764490793143 0.3749326321209977 0.10485323520061049 0.37681215360330567 0.11482145983274461 0.3784476448516444
4 0.541556289470674 0.6951455465986863 0.5460501028170182 0.701287911506531 0.5498817171997377 0.7026164125489704 0.5506862332006157 0.701692391800799 0.5486451758322163 0.6964492175994625 0.5492046345530109 0.6940259356476826 0.5529727166682112 0.6917885438239594 0.558035429344456 0.6916256536592817 0.5630346097531818 0.6878968706284414 0.5647521938908765 0.6842982777241243 0.5627242058475806 0.680278854506462 0.5668553379879093 0.6739081993576306 0.5655084301264504 0.6669386937638884 0.5671624819966258 0.6597742079934086 0.56681831318971 0.6561435250770318 0.5619839597524472 0.651476201357227 0.5563338353472018 0.649062009454128 0.5526369117506282 0.6484304589710626 0.5399893862595657 0.6532788529529067 0.5365393343010741 0.6566994257256583 0.5340208628784989 0.6663277634825636 0.5342452245823711 0.6730381088754488 0.5325425241277787 0.6804133148156485 0.5330475223710477 0.6871884502587479 0.535674177110449 0.692455844475653 0.541556289470674 0.6951455465986863
2 0.4439972343970454 0.4391292014397057 0.45010007974514543 0.4434235248512074 0.4532469852300306 0.44259638416530994 0.4585605670794677 0.4349450579790813 0.46709584164841395 0.4287033729045836 0.47338965261818433 0.4270490915327886 0.4823213732944608 0.42933309330936453 0.4870174072295801 0.42819774236537844 0.4890043729395665 0.42599305057980974 0.4905012240893864 0.4207898363870243 0.4895471336192602 0.4172402935399389 0.4855546898001877 0.4127673399707768 0.4798671717776302 0.40923475716886343 0.46908717371262326 0.3983118384598627 0.4621424187463333 0.39382314489771825 0.4508795635531545 0.3901131519903341 0.4414987506500207 0.39105474280977226 0.43603559433133554 0.39423250540074417 0.43144048628104753 0.4000521401097072 0.43008958088447846 0.4046231937933327 0.43022790038662173 0.4104258684571237 0.4330752881138977 0.4172978839624971 0.4337411157935197 0.4272174719323192 0.43586640100564955 0.4308154548105415 0.4439972343970454 0.4391292014397057
2 0.5203673979111387 0.47451676937857934 0.5298941565675233 0.4729430180499813 0.5331982627727639 0.4701546057863896 0.5339766401234348 0.4667830830708698 0.5363901881260686 0.4640110208263555 0.5452921414361407 0.4587417965311662 0.5502165346102423 0.45277623170269743 0.5517021307929573 0.44890212857844614 0.5541160476147039 0.42948378295214723 0.5520357822709937 0.4205693557997881 0.5461387862276663 0.4141030406408722 0.5326533486535239 0.4072165051947058 0.52666268415736 0.40627735447964664 0.5154521062645955 0.40746236550695925 0.5097569619909306 0.4103646178779969 0.49719910741759443 0.42122640669335193 0.49103998723397 0.42357763862452114 0.4823961605290849 0.431569875106993 0.477022675128126 0.4407610325314758 0.475757811933286 0.4462397569441956 0.47791286451162013 0.45739096589418304 0.49045146904763126 0.4709394067020976 0.49704080023990055 0.47312652841639957 0.5044832960174647 0.47417890921281 0.5203673979111387 0.47451676937857934