2 0.8138262863991059 0.6240608763959961 0.8240235541762344 0.6264726451819216 0.8378146796686613 0.6274621232545596 0.8433604487557156 0.6268618698541462 0.8516958539306575 0.6241176982694463 0.8618805396122526 0.6167593583300794 0.8650764559626735 0.6033623536719207 0.8631350050875115 0.5958114705123212 0.8562970242385992 0.5880492855546161 0.8526047296900426 0.5872920735087935 0.8493920372122444 0.5876622665332292 0.8412870087925404 0.5910778606679902 0.803011160998456 0.6022741252684123 0.7989188526521163 0.6027844509413057 0.7964538361208804 0.6045225915263326 0.7967449525888111 0.6078043968952322 0.8014990821439879 0.6162526247491121 0.8055201902810409 0.6198607621041061 0.8138262863991059 0.6240608763959961
2 0.8317222040013383 0.5748277250498226 0.8400429546478421 0.5755556964034176 0.8514968094991682 0.5735185319436028 0.8580541343767438 0.5712700656856826 0.8686095247992454 0.5695884739041898 0.8838038318162879 0.5611487955837435 0.8887904105596078 0.5570261943240975 0.8940220205866044 0.5501028726762177 0.8946293685474982 0.5464654946289962 0.8937644072073951 0.5431334843391591 0.8887045066558492 0.5348755940546746 0.8843210818415784 0.5321041143586682 0.8758641972412511 0.5296275203056913 0.8580938547641812 0.5278557277267619 0.8472138447850275 0.5299430971075144 0.8338457756825113 0.5307273441947269 0.823694593089637 0.5343981011659346 0.8179037927189062 0.5377990749545819 0.8086133774342914 0.5415451393071959 0.8044394083820704 0.5529027738547024 0.8051577752717561 0.5612150072918834 0.8070384864342252 0.5661555076326446 0.8094888484370223 0.5678895099859127 0.8317222040013383 0.5748277250498226
3 0.6895471279194151 0.6995893068711208 0.6886717060827177 0.7029861424280093 0.6948143626340719 0.7054773568270999 0.6990616534945185 0.7065002138237242 0.7209054557576453 0.7079771207596245 0.7451577288711595 0.7083622072000904 0.7526512152981255 0.7053272882041199 0.7564712557368175 0.7013197171324628 0.757327829013232 0.6981383216054383 0.7565571104745427 0.6937291111662806 0.7529737132558385 0.6884225560328424 0.747038390867595 0.6835615013052462 0.7199985540990983 0.6720780813854795 0.7096316492794248 0.6716052728683313 0.6926362193728888 0.6774993936369904 0.6830358390600602 0.6781790926505689 0.6835950294037944 0.6817014405098014 0.6851846240983328 0.6833601354816631 0.6887345182283158 0.6923542735832603 0.6895471279194151 0.6995893068711208
3 0.6683610019993145 0.7335554567891684 0.6869502206322334 0.7325767339008016 0.691691768091877 0.7312548530293894 0.6968521779095866 0.7284499944093968 0.6997549053591713 0.7250134360459258 0.6991684783914656 0.7151931223996959 0.6960039435308272 0.7084035895176776 0.6860140099168095 0.7036219804032465 0.6787655547735201 0.7038561790109832 0.6757601964588328 0.7018565317069134 0.6692363746699784 0.7004174149966746 0.6551206296208997 0.699833714523296 0.6436186171524139 0.7090306048895647 0.6430720089042128 0.7152783657556245 0.645070005460223 0.7221829288256318 0.6476376528565615 0.7258809939081459 0.6683610019993145 0.7335554567891684
3 0.29560859464142875 0.47669084247867666 0.2991312521474403 0.4793870147932765 0.3135611562565768 0.48629378351412117 0.3155696133091811 0.4864695007374028 0.32738578483772474 0.4835956786186003 0.3311115824750027 0.4806653076962638 0.33552012231430584 0.47323579860724935 0.33811288473567686 0.4667328749047429 0.3398218372566618 0.45711338094226334 0.3429884445502055 0.45066066216069445 0.3404878033313094 0.4395874311418623 0.33688555755232236 0.4344963160382883 0.3301648620969512 0.42869819380982915 0.32656681034980845 0.42686378161468597 0.31916337269241224 0.42556479755290494 0.3132887900168616 0.42331412564414717 0.305640321075789 0.4248158619705997 0.29955840423712765 0.42493503039034736 0.2953341559688082 0.4269534362722898 0.29046486261902926 0.4330401002611818 0.2880040401196378 0.43803494375463947 0.2876689600663918 0.44516956720062445 0.2888145773778317 0.45851222870608693 0.29148485563927296 0.46764649945614184 0.29560859464142875 0.47669084247867666
3 0.25046530944345424 0.3978455892911679 0.25586448408009055 0.40222555903809826 0.2714944295825764 0.40532971460279504 0.28012095122544917 0.40586734838699484 0.2904648134529956 0.4032988940255765 0.2936544633386665 0.39988743812257416 0.302528088698121 0.384382099854953 0.3035166018965152 0.3796926241188797 0.3015981936134805 0.3751830038378467 0.28970870027671103 0.36567633441251857 0.2855556522176784 0.36357627726657354 0.2766987538195677 0.36236722093231266 0.26671720826923884 0.36409901763474317 0.24849030631353752 0.36424108286412216 0.23808989840514272 0.36745585731513286 0.22741722258910002 0.3671733863673798 0.22355529099799815 0.3683551345903343 0.2192179513679819 0.3716661806514615 0.2153790623690072 0.37588919175298263 0.21568902739722065 0.3789555570920181 0.2193708614491833 0.3864416149845663 0.22541927519912344 0.39001002953297775 0.25046530944345424 0.3978455892911679
5 0.0727789557963357 0.5716017125492278 0.07708279233763059 0.5719782494562597 0.0850935779559208 0.5696398554708193 0.08792091116437413 0.5670650572268048 0.08902670975630952 0.5643396442199775 0.09118383369223719 0.546292886632328 0.08461392671912843 0.5387712441649559 0.08023050190485786 0.5359997644689498 0.06909707257833933 0.5343744484210744 0.06716400976686623 0.5333369710783362 0.05987785750301113 0.5340020497458011 0.05735629529092688 0.5363865104204203 0.05727463458504591 0.5472338192950332 0.06546556690850902 0.5659688254296953 0.06914320692862735 0.5701981804138128 0.0727789557963357 0.5716017125492278
5 0.025935204473132273 0.5683717716122707 0.03279410631523279 0.5626762648765243 0.03514183745292747 0.5589740615622516 0.037213106651129854 0.5485179099407842 0.035661209077157016 0.5464283349091943 0.027317415838526225 0.5426591006770327 0.02188473811316875 0.5419667138982615 0.013239367910013195 0.5416445201439257 0.008154352333434704 0.5435876186444617 0.003915449536676903 0.549078167464699 0.004072553649722692 0.5671103047062347 0.006141750415019796 0.5698964047483546 0.015210177008085529 0.5719923236625407 0.025935204473132273 0.5683717716122707
5 0.04238807266521062 0.48275849591128656 0.042689649629735385 0.47931145543346043 0.039929322598724545 0.4745110877411568 0.03510399283426083 0.47018132291516423 0.02593712940793671 0.46590590124186776 0.017922149757802104 0.46498759231887743 0.009718684504839694 0.46622368369452827 0.0006586459754625793 0.4706411705972037 0 0.4781695285457442 0 0.492604367732793 0.0016053171874804983 0.49286707824803305 0.014286450056127473 0.49332526641906754 0.03023262705157661 0.48951023856764325 0.03504956875235144 0.48732659757677455 0.04238807266521062 0.48275849591128656
5 0.04796098004416914 0.42897379582666 0.055397920790286534 0.4265851969202819 0.06508415584084037 0.41831489194052107 0.06760152402108031 0.41267372835747107 0.0669061997235221 0.4074027577988567 0.060514317856647216 0.404455560879569 0.04963011384564947 0.40328622735189057 0.043181686297926195 0.4009853505221952 0.039568980022344956 0.40262308126534696 0.03853857567154076 0.40448673415271774 0.03440230373988566 0.41541348864049576 0.03394993829309852 0.4205840493572349 0.03694064207934732 0.42605583959959964 0.04080676770229364 0.42813079428507583 0.04796098004416914 0.42897379582666
5 0.037543746842363244 0.3894205524083422 0.04766142634651606 0.3894373784052936 0.05419990266380892 0.38740435217723745 0.06790305181957138 0.3794854816440397 0.07126233874778745 0.3741350654722603 0.07050208070569211 0.36299700918637673 0.06739828555774652 0.35881785912319686 0.05763872869896687 0.354707672558827 0.049642597609115144 0.3535739236059725 0.036942616180185385 0.3533311754648021 0.022586033879274686 0.3588048982880879 0.01822984568897571 0.3623313843790791 0.013360552339196701 0.36841804836797115 0.013063169406516324 0.3751217917542281 0.015019274810116634 0.3792005319755328 0.022676131814877987 0.38421220146594176 0.037543746842363244 0.3894205524083422
5 0.13905359867026576 0.4254376468310627 0.14536589226416505 0.42598990096137623 0.1513493722695681 0.42369122978251844 0.1540782686447631 0.41893692877939365 0.15550449276150605 0.4125490352648761 0.1541557353187996 0.40483291699635 0.15003619034848828 0.39904527688224595 0.14142432323405396 0.3950355001597513 0.13455703332826474 0.3942176010786361 0.13071395029744565 0.39518390927172653 0.12343199206543491 0.3991056908476222 0.1216769543601957 0.4026426590529685 0.12164345127147444 0.40633024202112755 0.1253629824440027 0.4133854198539475 0.13541784980255742 0.4240341146956477 0.13905359867026576 0.4254376468310627
5 0.09282553420561136 0.39534252742814047 0.10054939738781521 0.39297903098223125 0.10395057546844126 0.39045443765915433 0.10558832778013931 0.384953406724562 0.10251384168907049 0.3738299707847923 0.09489468180487474 0.36838742123465523 0.09143276401155598 0.36830163173889374 0.08779701514384763 0.36689809960347874 0.08338008724085597 0.3678142028756316 0.07439963698445434 0.3746266325672811 0.07293571574714579 0.381445406141527 0.07361219148442122 0.38693181673000543 0.07466983245919682 0.39136612962963213 0.07964595070592284 0.3939723742167117 0.09282553420561136 0.39534252742814047
5 0.11556143610074576 0.3469669979696647 0.12464451722225003 0.34559077394555615 0.12806454386315885 0.342850740592615 0.1317296017877441 0.33730998685144015 0.13150968552910025 0.32990971845465333 0.13010857643738977 0.32609662318415034 0.12674090144548497 0.3249336335390682 0.1202128856247862 0.32023781392039863 0.10959675548959188 0.3193090228830532 0.10197132914064641 0.32385202208807246 0.0910054644237677 0.33352999743500716 0.08955619771489765 0.336876628070958 0.08952269462617635 0.3405642110391171 0.09233956733803567 0.34471825864182826 0.09681723495372015 0.34641253818851375 0.11556143610074576 0.3469669979696647
5 0.09651546132506081 0.2308947537239189 0.10770124230058334 0.22861704677377115 0.11234435292696876 0.2251156631432488 0.11824405062755179 0.21716534626698597 0.1200137428612295 0.21015623512334472 0.11911108440056051 0.20725510489323584 0.10310624012532403 0.1952174982622345 0.0964127812939244 0.19571734182077286 0.09255084970282257 0.19689909004372744 0.08851928106917537 0.20001979853545918 0.0861527013711979 0.20393744187959614 0.08282903913064205 0.22209922965523451 0.08438093670461488 0.22418880468682456 0.09492586663052235 0.22923605875205727 0.09651546132506081 0.2308947537239189
5 0.07017099802015589 0.25442351059837187 0.07775872724853575 0.25031139145308073 0.08598730752653075 0.2388743112924093 0.09228075256014732 0.2396420054525869 0.09532380799540013 0.2412107726969285 0.09909149678508807 0.24110622462329453 0.10242147465642723 0.24270009432810488 0.1059399381305944 0.24213956373427395 0.10691379680055028 0.24092223093649548 0.10063500629537211 0.23668239383802298 0.08195781132578903 0.2287527681205538 0.07963938924497116 0.2255106855582369 0.06756979836906243 0.2246718222484115 0.06058522306973211 0.22188986043805028 0.05431062659639842 0.2209067262480086 0.05217022962181452 0.222239089233776 0.05508134513508776 0.22531593668716637 0.05556514123769081 0.22970004466585542 0.05264775925966779 0.23660874596762144 0.04914607191287805 0.25019608819517547 0.052725275099738 0.25224594042018283 0.05894332589222338 0.253875394699817 0.07017099802015589 0.25442351059837187