2 0.19527649769585254 0.7932525951557095 0.1995967741935484 0.7988754325259516 0.2036290322580645 0.8012543252595157 0.2116935483870968 0.8021193771626299 0.2168778801843318 0.8038494809688581 0.22379032258064516 0.8027681660899655 0.23588709677419356 0.7971453287197232 0.24164746543778803 0.791089965397924 0.24452764976958527 0.784385813148789 0.2439516129032258 0.782006920415225 0.23617511520737328 0.7759515570934257 0.2341589861751152 0.7711937716262977 0.2275345622119816 0.7688148788927336 0.2131336405529954 0.7696799307958477 0.20276497695852536 0.7746539792387545 0.1975806451612903 0.7785467128027682 0.1947004608294931 0.7830882352941178 0.1938364055299539 0.786332179930796 0.19527649769585254 0.7932525951557095
2 0.3125 0.7551903114186852 0.31768433179723504 0.7608131487889274 0.32027649769585254 0.766219723183391 0.320852534562212 0.7724913494809689 0.32430875576036866 0.7744377162629759 0.33122119815668205 0.7742214532871973 0.3421658986175115 0.7722750865051904 0.3536866359447005 0.7724913494809689 0.3591589861751152 0.7707612456747406 0.3626152073732719 0.7679498269896194 0.36722350230414746 0.7586505190311419 0.36664746543778803 0.7554065743944637 0.35627880184331795 0.747188581314879 0.3485023041474654 0.7461072664359862 0.34418202764976963 0.7445934256055364 0.32373271889400923 0.7435121107266436 0.3197004608294931 0.7448096885813149 0.3145161290322581 0.7482698961937717 0.3125 0.7517301038062285 0.3125 0.7551903114186852
2 0.8715437788018434 0.29325259515570934 0.8732718894009217 0.29411764705882354 0.8801843317972351 0.2947664359861592 0.8940092165898618 0.2902249134948097 0.9017857142857142 0.2852508650519031 0.9078341013824884 0.28287197231833916 0.9127304147465438 0.2787629757785467 0.9164746543778802 0.27378892733564014 0.9184907834101382 0.26448961937716264 0.9216589861751153 0.25994809688581316 0.9233870967741936 0.2521626297577855 0.9228110599078342 0.247621107266436 0.9190668202764977 0.24286332179930797 0.9150345622119817 0.2407006920415225 0.9081221198156681 0.23940311418685126 0.8974654377880185 0.23940311418685126 0.8942972350230415 0.24091695501730107 0.8948732718894009 0.26081314878892736 0.8934331797235023 0.2679498269896194 0.8856566820276498 0.27941176470588236 0.8804723502304148 0.2822231833910035 0.8712557603686637 0.28395328719723184 0.8698156682027649 0.2867647058823529 0.8695276497695852 0.2900086505190312 0.8715437788018434 0.29325259515570934
4 0.25806451612903225 0.7279411764705883 0.26180875576036866 0.7298875432525952 0.2730414746543779 0.7298875432525952 0.28715437788018433 0.7318339100346021 0.2897465437788019 0.7318339100346021 0.29176267281105994 0.7307525951557093 0.29406682027649766 0.7277249134948097 0.29493087557603687 0.724264705882353 0.2952188940092166 0.7136678200692043 0.2926267281105991 0.7045847750865052 0.2926267281105991 0.6924740484429066 0.2897465437788019 0.6885813148788927 0.28513824884792627 0.6877162629757786 0.2764976958525346 0.6881487889273357 0.2695852534562212 0.6920415224913495 0.2646889400921659 0.698961937716263 0.25460829493087556 0.7199394463667821 0.25489631336405527 0.7246972318339101 0.25806451612903225 0.7279411764705883
4 0.32776497695852536 0.7997404844290659 0.33150921658986177 0.802984429065744 0.33294930875576034 0.8032006920415226 0.33496543778801846 0.8034169550173011 0.3557027649769585 0.7988754325259516 0.3663594470046083 0.7980103806228375 0.369815668202765 0.798659169550173 0.3755760368663595 0.7949826989619377 0.37932027649769584 0.7895761245674742 0.37960829493087556 0.7861159169550174 0.3784562211981567 0.7828719723183392 0.3709677419354839 0.7785467128027682 0.3597350230414747 0.7746539792387545 0.3485023041474654 0.7737889273356402 0.3389976958525346 0.7718425605536333 0.32805299539170507 0.7750865051903115 0.3254608294930876 0.7774653979238755 0.32402073732718895 0.7824394463667821 0.3245967741935484 0.7930363321799309 0.32776497695852536 0.7997404844290659
4 0.2436635944700461 0.8708910034602078 0.2474078341013825 0.8734861591695502 0.25489631336405527 0.875 0.26843317972350234 0.8739186851211074 0.28225806451612906 0.8657006920415226 0.2891705069124424 0.8596453287197232 0.2914746543778802 0.8544550173010382 0.290610599078341 0.8486159169550174 0.28715437788018433 0.8449394463667821 0.2831221198156682 0.8432093425605537 0.27563364055299544 0.8425605536332181 0.2626728110599078 0.8436418685121108 0.25230414746543783 0.8475346020761247 0.24769585253456222 0.8507785467128028 0.2402073732718894 0.8609429065743945 0.24049539170506912 0.8663494809688583 0.2436635944700461 0.8708910034602078
4 0.5005760368663594 0.217560553633218 0.5014400921658987 0.22058823529411767 0.5046082949308757 0.22426470588235295 0.5118087557603687 0.22750865051903119 0.5216013824884793 0.2249134948096886 0.5328341013824885 0.2244809688581315 0.5383064516129032 0.217560553633218 0.5400345622119815 0.21128892733564014 0.5403225806451613 0.20480103806228372 0.5371543778801844 0.1952854671280277 0.5299539170506913 0.18403979238754326 0.5256336405529953 0.1814446366782007 0.516705069124424 0.1814446366782007 0.5123847926267281 0.18230968858131488 0.5046082949308757 0.18858131487889276 0.49913594470046085 0.196583044982699 0.49884792626728114 0.20415224913494812 0.5005760368663594 0.217560553633218
4 0.7975230414746545 0.2796280276816609 0.8006912442396313 0.28157439446366783 0.810483870967742 0.28438581314878897 0.8162442396313365 0.28503460207612463 0.8280529953917052 0.2846020761245675 0.834389400921659 0.28287197231833916 0.8381336405529953 0.27941176470588236 0.8395737327188941 0.27638408304498274 0.8395737327188941 0.2694636678200692 0.8358294930875576 0.2517301038062284 0.8315092165898618 0.24610726643598618 0.8179723502304148 0.23724048442906578 0.8130760368663594 0.2374567474048443 0.8058755760368663 0.23940311418685126 0.7992511520737328 0.24502595155709345 0.7978110599078342 0.2512975778546713 0.7963709677419355 0.2711937716262976 0.7960829493087558 0.2759515570934256 0.7975230414746545 0.2796280276816609
4 0.7730414746543779 0.3280709342560554 0.7793778801843319 0.3360726643598616 0.7811059907834101 0.3369377162629758 0.7888824884792627 0.3386678200692042 0.8001152073732719 0.3384515570934256 0.8050115207373272 0.33628892733564014 0.8116359447004609 0.3313148788927336 0.8156682027649771 0.32417820069204156 0.8156682027649771 0.3174740484429066 0.8110599078341014 0.3103373702422146 0.8047235023041475 0.3040657439446367 0.7969470046082949 0.30276816608996543 0.7897465437788018 0.30384948096885817 0.7825460829493088 0.3064446366782007 0.7741935483870968 0.31163494809688586 0.7692972350230415 0.31314878892733566 0.7681451612903226 0.31487889273356406 0.7730414746543779 0.3280709342560554
2 0.8381336405529953 0.05817474048442907 0.8418778801843319 0.06141868512110728 0.859447004608295 0.06790657439446367 0.8698156682027649 0.06769031141868512 0.875 0.06574394463667821 0.8839285714285715 0.060553633217993084 0.8870967741935484 0.05774221453287197 0.891705069124424 0.050389273356401386 0.8948732718894009 0.04044117647058824 0.8957373271889402 0.03352076124567474 0.8948732718894009 0.026600346020761244 0.8911290322580646 0.018814878892733568 0.8824884792626728 0.00865051903114187 0.8755760368663594 0.0067041522491349485 0.8703917050691243 0.004108996539792388 0.863479262672811 0.004974048442906575 0.8522465437788019 0.010380622837370243 0.8487903225806452 0.01384083044982699 0.8375576036866359 0.03633217993079585 0.8361175115207373 0.05384948096885813 0.8381336405529953 0.05817474048442907
5 0.6970046082949308 0.14013840830449828 0.6975806451612904 0.14403114186851212 0.6998847926267281 0.1457612456747405 0.7047811059907835 0.14792387543252597 0.7165898617511521 0.15051903114186854 0.724078341013825 0.15051903114186854 0.7324308755760369 0.1481401384083045 0.7376152073732719 0.14511245674740486 0.7410714285714286 0.14100346020761248 0.747983870967742 0.12889273356401384 0.7505760368663594 0.11721453287197232 0.75 0.11353806228373704 0.744815668202765 0.11029411764705883 0.7413594470046083 0.10986159169550173 0.724078341013825 0.11267301038062286 0.717741935483871 0.11721453287197232 0.7119815668202765 0.12413494809688583 0.704205069124424 0.12694636678200694 0.7007488479262673 0.12997404844290658 0.6995967741935484 0.1351643598615917 0.6970046082949308 0.14013840830449828
5 0.8588709677419356 0.1559256055363322 0.8603110599078342 0.15938581314878894 0.8680875576036866 0.16371107266435986 0.8698156682027649 0.1680363321799308 0.8752880184331797 0.16673875432525953 0.8796082949308757 0.168901384083045 0.8853686635944701 0.16955017301038064 0.8945852534562212 0.17452422145328722 0.8971774193548387 0.17755190311418687 0.8994815668202765 0.1753892733564014 0.8994815668202765 0.17279411764705882 0.9029377880184333 0.17041522491349484 0.9078341013824884 0.17041522491349484 0.9112903225806452 0.17279411764705882 0.913594470046083 0.17257785467128028 0.9164746543778802 0.17063148788927338 0.9202188940092165 0.16133217993079588 0.9213709677419356 0.1546280276816609 0.918778801843318 0.14403114186851212 0.9147465437788019 0.14186851211072665 0.9023617511520738 0.14121972318339102 0.9000576036866359 0.13905709342560554 0.8994815668202765 0.1332179930795848 0.8974654377880185 0.13019031141868515 0.886520737327189 0.12802768166089967 0.881336405529954 0.12889273356401384 0.8764400921658986 0.1327854671280277 0.8626152073732719 0.14792387543252597 0.8585829493087559 0.15441176470588236 0.8588709677419356 0.1559256055363322
5 0.8565668202764977 0.2761678200692042 0.8629032258064516 0.2813581314878893 0.8660714285714286 0.2822231833910035 0.8752880184331797 0.28179065743944637 0.8868087557603687 0.2781141868512111 0.8919930875576038 0.270544982698962 0.8948732718894009 0.26297577854671284 0.8951612903225806 0.25259515570934254 0.8931451612903226 0.24048442906574397 0.8868087557603687 0.2374567474048443 0.8836405529953918 0.23702422145328722 0.8752880184331797 0.23767301038062288 0.868663594470046 0.24048442906574397 0.8611751152073733 0.24697231833910038 0.8548387096774194 0.26621972318339104 0.8545506912442397 0.2696799307958478 0.8565668202764977 0.2761678200692042
5 0.9089861751152075 0.30190311418685123 0.9112903225806452 0.3040657439446367 0.9251152073732719 0.30384948096885817 0.929147465437788 0.3025519031141869 0.9395161290322582 0.29736159169550175 0.9530529953917052 0.28481833910034604 0.9565092165898618 0.2759515570934256 0.9559331797235023 0.27227508650519033 0.9530529953917052 0.2703287197231834 0.9464285714285715 0.2679498269896194 0.9421082949308757 0.26773356401384085 0.9383640552995391 0.268598615916955 0.9207949308755762 0.2750865051903114 0.9147465437788019 0.2783304498269896 0.9101382488479264 0.2822231833910035 0.9058179723502304 0.2893598615916955 0.9063940092165899 0.2969290657439446 0.9089861751152075 0.30190311418685123
5 0.8882488479262672 0.3384515570934256 0.8928571428571429 0.34277681660899656 0.8977534562211982 0.34537197231833916 0.9046658986175116 0.34731833910034604 0.9144585253456222 0.34753460207612463 0.9323156682027649 0.34277681660899656 0.9426843317972351 0.3360726643598616 0.9493087557603687 0.33326124567474047 0.9573732718894009 0.32093425605536335 0.9519009216589863 0.3142301038062284 0.9464285714285715 0.3109861591695502 0.939804147465438 0.30990484429065746 0.931163594470046 0.310121107266436 0.9144585253456222 0.31336505190311426 0.9006336405529953 0.3189878892733564 0.893721198156682 0.3235294117647059 0.8888248847926267 0.3308823529411765 0.8876728110599078 0.33434256055363326 0.8882488479262672 0.3384515570934256
5 0.8415898617511521 0.26232698961937717 0.8444700460829493 0.2655709342560554 0.8467741935483872 0.26621972318339104 0.8557027649769585 0.2597318339100346 0.8654953917050692 0.24113321799307957 0.8626152073732719 0.24005190311418687 0.8528225806451614 0.23940311418685126 0.8418778801843319 0.2407006920415225 0.8410138248847927 0.24459342560553635 0.8381336405529953 0.2493512110726644 0.8375576036866359 0.25194636678200694 0.8415898617511521 0.26232698961937717