4 0.013386857339265418 0.20729329883520647 0.00959789626155317 0.20982271329791996 0.007529233964603241 0.21281474752493681 0.005214114503932985 0.21342322472051803 0.005074465057959911 0.22142373612207225 0.007931564867629106 0.2227713824969241 0.013252109258572939 0.2315160896925062 0.022467295389046658 0.23167694136473918 0.026248707848057745 0.22957998697778542 0.028074687290637883 0.22398816568145322 0.02787352183912477 0.2190098481954596 0.025114554072571786 0.21204022083573185 0.020874196070275304 0.20742399081889581 0.013386857339265418 0.20729329883520647
4 0.9547983613365684 0.22242792224948266 0.9490049012208667 0.2242734602952557 0.9452234887618554 0.22637041468220942 0.9422833541464726 0.229779829140714 0.9373538177305027 0.23164044703075887 0.9347205292284502 0.23397373791462153 0.9323374721994686 0.23847435579204 0.9345808797824772 0.2419742493161757 0.9371311334788158 0.24439801926566962 0.9431521792114849 0.2460171884407314 0.9552886284105885 0.24384977584385897 0.9614040318770231 0.24006319407192472 0.9625861246181373 0.23835346022791506 0.9647114015553466 0.2321179754327006 0.96418451844375 0.22929693171074814 0.9616720078409173 0.2247108613824559 0.9585382563927226 0.22270949827920727 0.9547983613365684 0.22242792224948266
4 0.4290831112077795 0.6185900800584424 0.42393353779354354 0.6165535306518927 0.4161846446614109 0.6149042017882872 0.40201727625886363 0.617901348233378 0.39620871890575954 0.6206118064306703 0.3915331882722115 0.6244235212763909 0.383209473062854 0.639202648676896 0.3818726336383643 0.6497778140739794 0.38492335028084523 0.6565362380105845 0.38804200449163745 0.6594025212653525 0.39233142851549196 0.6612077607897506 0.4032367189519233 0.6635610725293256 0.41216770482517023 0.6635006675489216 0.42606597020789316 0.6594173442996742 0.42926011060569785 0.6579590267968455 0.43423116442452453 0.6537198784901224 0.44160792112843633 0.6436827320787019 0.445483691321213 0.636180026744752 0.4455818233643292 0.6305580457598763 0.44332331854391827 0.6279230723872599 0.4356121685052917 0.6241114431448558 0.4290831112077795 0.6185900800584424
3 0.3756892926036185 0.6574565365277507 0.36682624429868277 0.6536248008263177 0.3602066035767554 0.6532929586490203 0.3520489579788254 0.6585579643828124 0.340352582776254 0.6685197115728737 0.33676856145940515 0.675811213483701 0.3354807880564735 0.6835753883883463 0.33567440488928524 0.6889861659500995 0.3378989409255405 0.6935672096636345 0.34157844703208484 0.6973084662994365 0.34557989648936205 0.6991086792090773 0.35996352758082467 0.7002249300984607 0.3637298428024333 0.6989928958630263 0.3660638338098568 0.6973032684780458 0.3673365099753859 0.6904040137249199 0.36941649520038766 0.6867632893842636 0.37432338576025365 0.6862000517214979 0.3806248574407987 0.6882567075870766 0.3841107467145313 0.6865871866611253 0.38755889289475765 0.6870799661139724 0.39298021658223836 0.6735479527931735 0.39305947707860145 0.6690071219976967 0.38966039691993315 0.6657033520524116 0.38166504662407996 0.6616704661573707 0.3756892926036185 0.6574565365277507
3 0.4007136193354078 0.725593960327054 0.3975572220311093 0.7248899774510844 0.38344269395947095 0.7248599033658574 0.3728291523989676 0.7222953882031597 0.3659026655637099 0.7230396696005043 0.362409227671276 0.7251416506022152 0.35916979556126377 0.7291947285596022 0.3510046013446325 0.7348921943691542 0.34748096897739367 0.7387240156739039 0.34885667855131963 0.7424250593916477 0.34682575934787596 0.7432547932398661 0.3420634195992637 0.752039798956823 0.34159805249320707 0.7621975841224183 0.3400902420920093 0.766064591730469 0.33984491198421873 0.7801195441926589 0.34090622682611293 0.7853291715608043 0.3442902097473788 0.7894978616576086 0.3508796559945011 0.7915595441379446 0.36067079125812934 0.7917304490396923 0.3650055069941913 0.7909409281095321 0.37140888502720315 0.7871593729523552 0.3977379957383783 0.7640426941516077 0.40215197197080343 0.7587123424259709 0.40726267523560306 0.7464726827176937 0.4062315548685139 0.7395332150465096 0.4014869596107247 0.730798561080442 0.4018277745082107 0.7277763671648816 0.4007136193354078 0.725593960327054
3 0.5869335640390677 0.6025276250351294 0.5840651413013466 0.601828668773917 0.5656347690403992 0.6015069654294509 0.5592842313382961 0.6022613000563102 0.5485159430944171 0.608562216446686 0.5441095154806934 0.613460108096563 0.5389723920504392 0.6272133780699993 0.5397544080003873 0.648424028241253 0.5425397959323949 0.6538800453358218 0.5459426504004137 0.6569675852432268 0.5513613268344737 0.660090311453933 0.5616982167564515 0.6620011098882339 0.5683669234999371 0.6595219615730934 0.5765358920259189 0.6536082657256617 0.5899865347934085 0.6421630679589851 0.5941427309340612 0.6350978493155524 0.5976625889919495 0.6314822580486823 0.5998407062600675 0.6222195527231501 0.5991164320063086 0.614203961477324 0.5977331738136814 0.6109353778353401 0.5943378679643638 0.6074153778521751 0.5869335640390677 0.6025276250351294
3 0.4546110460181979 0.294808089694811 0.4517426232804769 0.2941091334335986 0.4422356882740752 0.2941594851844882 0.43818139848588933 0.29538649280516527 0.4340931399135477 0.298559570766761 0.431081293420503 0.30607735594498264 0.4351970992142288 0.31782917721185333 0.4394223599791226 0.3233103273802086 0.44905874855937544 0.33234666383502975 0.4528061922342309 0.3321957797889946 0.4606230229346749 0.32995296797076296 0.47330522679212805 0.32952544890644386 0.4744873195332423 0.32781571506243423 0.4746760350007735 0.31700421316844213 0.4710531435344884 0.31001950596444244 0.4631446023536996 0.30101332919816504 0.4546110460181979 0.294808089694811
5 0.27532469125818343 0.6312632270822799 0.270141149059792 0.6311727480166487 0.2625934213791721 0.6345017366390368 0.2599110668555615 0.6396460180153374 0.26173062473537007 0.6509251662883904 0.26421671517274836 0.6570248468818414 0.27013962886230114 0.664265997041779 0.2767403980374753 0.6656789894084757 0.28422773676848523 0.665809681392165 0.2946212413307224 0.6644770292582682 0.2978040588004752 0.663667401869079 0.30188099444476485 0.6611430140211229 0.303104604588736 0.657054749760435 0.29527532390431016 0.6435077421986808 0.2870674852288921 0.6351452289312857 0.27532469125818343 0.6312632270822799
5 0.46158874824936813 0.6541974068920642 0.45035396584350273 0.65421759895441 0.44688317380717263 0.655022199728842 0.4436965820280691 0.6560480571559112 0.4384451022613665 0.6598497187721172 0.43458820361534284 0.6662712739166678 0.43527850908494614 0.6762329355034125 0.43915540633365274 0.6851687396630879 0.4442634623450317 0.6895838194863159 0.44769651128785554 0.6909415190906824 0.45345222831005094 0.6912582814237077 0.46414125605756673 0.6894981958288087 0.469085889710939 0.6867726577872445 0.4720448958730751 0.6822820931393405 0.474764993490192 0.6749755113842416 0.4758100840387538 0.6646115494102809 0.4747261233407559 0.6606993022694146 0.47189921800589163 0.657621815591524 0.46158874824936813 0.6541974068920642
5 0.47080241418235086 0.6874515075894277 0.4580673699939891 0.6909062471840647 0.4465295157841439 0.6917863327831725 0.4452492909999134 0.6991180476120581 0.4497587520220341 0.7048204544330505 0.4563595211972083 0.7062334467997471 0.4635098193400826 0.709170102661117 0.47414978106604044 0.7102210075586559 0.4772835325142351 0.7122223706619046 0.484789742791998 0.7112719124561947 0.48798010888045207 0.7100298249912458 0.4921287564024036 0.7033970664235725 0.492245759992273 0.6966939352492975 0.48887309999905904 0.6918765550388535 0.4846176447593602 0.688125245173537 0.47080241418235086 0.6874515075894277
5 0.5156868425046047 0.6079891823643557 0.511901655736243 0.6103023667891894 0.5089577468115094 0.6139280112855738 0.5049951675036684 0.62640400749076 0.5046317067500785 0.6307235816335997 0.507386900207281 0.6379094390312072 0.5124874075999587 0.6427569789301948 0.5162122054187106 0.6439034751114388 0.5306109337475756 0.6441548058493028 0.5352789157624225 0.640775551079342 0.5376355526259495 0.6377885434670822 0.5390441039281011 0.6231050073502823 0.5413969664822778 0.6203342297759025 0.5408927292267849 0.6162158058266709 0.5299912130997043 0.613646264049216 0.5243260795019238 0.6081399808070742 0.5156868425046047 0.6079891823643557