2 0.5019344494455462 0.35732827589042515 0.4872620049278127 0.35805704374095193 0.4849894509627951 0.35900198226469177 0.4816711896433893 0.3630129648609047 0.4799129027288057 0.37043178871279353 0.47612462001527633 0.3774887119847615 0.4749118291849168 0.38402290750306467 0.47622169795465685 0.38852145662818416 0.47427472431482187 0.3905369996246496 0.4752212754143292 0.3928842881059589 0.4831288903200804 0.39650325446617024 0.4843481894616998 0.39840822878068655 0.4878475900373468 0.39958439580568 0.4915367164959954 0.3979408050874942 0.49797596578279524 0.39252246640403043 0.5231637852809904 0.37930838489971297 0.5244746932084806 0.3755838954262301 0.5186735879495257 0.3662651033895063 0.5147731323585956 0.3618570195496179 0.5080244368423834 0.35841397763018745 0.5019344494455462 0.35732827589042515
2 0.5686901202079712 0.54412616963899 0.5522539196221441 0.5356115529099836 0.5447020749176157 0.5339277159593656 0.5237197272440033 0.5355260148764415 0.5180609847384894 0.5385367548884419 0.5144548804389515 0.542557789183014 0.5128636770003391 0.5465084615890727 0.515044622179486 0.5511929868533321 0.5175048237120049 0.5638743677836182 0.5193677360349793 0.5677044198093688 0.5267977820775968 0.5741531956111184 0.5326904961224223 0.5778425238598428 0.5468778243080121 0.5797274342166373 0.5540210665282473 0.5779632231181434 0.5641031183018854 0.5778275449097949 0.571261455460141 0.5764955962797347 0.5803818611962515 0.5735803671216431 0.58405589271688 0.5715045139350234 0.585101600071268 0.5684384698625504 0.5846175228968743 0.5628291094712692 0.5832774642510941 0.5574660354092819 0.5734239148632578 0.5476395734469336 0.5686901202079712 0.54412616963899
2 0.44686122155293867 0.5133245713082742 0.43875633329517577 0.512309231457025 0.4294245984267836 0.5091727860570427 0.4228042098837424 0.5094039751193 0.41195674626683837 0.5123795144675458 0.4071615327017212 0.5153600993844691 0.39800989793182034 0.5256338422042955 0.3951002390967078 0.5330928728496206 0.39834849487952284 0.54358278634266 0.4051500226788054 0.548538746901609 0.40983098505102156 0.5505392320700341 0.4202612595568723 0.552122552037062 0.43553203244190053 0.552022074492468 0.4455159671184078 0.5490766902392994 0.4511445197478814 0.5452014252904311 0.45584265537361796 0.5311880957300852 0.45544160035833486 0.5279561789151902 0.4521933445755198 0.5174662654221507 0.45037571706660573 0.5149330008017016 0.44686122155293867 0.5133245713082742
4 0.40366388277552706 0.20062780944149808 0.3982552459050952 0.20254784158405478 0.3937705177271404 0.20616676850527 0.3829748472355567 0.21887826509163671 0.37954988219226016 0.2280864490074151 0.3793827987162888 0.231554600453245 0.3805945503888982 0.23324344353354437 0.39310010550775504 0.23648545148579458 0.39969785164376603 0.2356058687208864 0.40549999606047094 0.2367016221590077 0.41268097562575656 0.2360180672315985 0.4227726531839048 0.21965244306026194 0.423554199122941 0.2090218057901961 0.42234244745033156 0.20733296270989676 0.4155182772440188 0.2017286084482969 0.4117385811572496 0.2007786243558795 0.40366388277552706 0.20062780944149808
4 0.421263979476172 0.34975840049017765 0.41688595502210807 0.34818012609182747 0.40881880410939564 0.34824544241166294 0.4025390908295569 0.3499794984150798 0.39887260677793857 0.35227148283591636 0.3950380000925988 0.3662546573011853 0.3906664839497949 0.3731155527356544 0.39141364325147204 0.38625859955803515 0.39106546064957776 0.39279354674775424 0.3895044470870057 0.3976087440906808 0.38964030152918677 0.4014991063065856 0.3908596006708061 0.4034040806211019 0.3944269284675437 0.40652542875404774 0.41115097203350304 0.4150299937846951 0.425883796303317 0.41603027580790386 0.4304439991713723 0.41457266122885794 0.4404818052887002 0.40491715701660536 0.4420201764442422 0.39945356597102794 0.4414908144557881 0.3925474181744451 0.43876541235016714 0.3805244826451689 0.42422543143660485 0.35203532708297375 0.421263979476172 0.34975840049017765
4 0.5357081169026475 0.37540801042444544 0.5189140678000974 0.3814043414830507 0.5146945401952447 0.3843648230032559 0.49797596578279524 0.39252246640403043 0.4904457243275469 0.3997100617546657 0.4888243310128943 0.40279620922385695 0.48757380283748464 0.40824974857107527 0.4880125951978179 0.4125623215570549 0.4913901971115541 0.4185034274331798 0.4990175165061831 0.4223485767259671 0.5056982848013047 0.4238464375374453 0.5166287705773194 0.42324834176558584 0.5206963096442208 0.42418827415964416 0.5269458330480192 0.4215896932193597 0.5305745797545873 0.4182170526274385 0.5376498947537323 0.4145076604209922 0.5477254382161102 0.40593281237982415 0.5558852370724435 0.39201499367338694 0.556590269163629 0.38744608265975433 0.5557881591330629 0.3809822490299644 0.5545386701154033 0.37821274977858027 0.549857707743187 0.3762122646101552 0.5357081169026475 0.37540801042444544
4 0.8592805438220437 0.1918583533666946 0.8561671033236596 0.19348184068816235 0.845758432067089 0.2007699530223878 0.8421598752365609 0.20500711855117668 0.8400911029348149 0.2117876003987737 0.8370984219405919 0.21686918746771236 0.8329241791497994 0.22112645639321932 0.8292426001601608 0.22298617834562195 0.8279165972946506 0.22627840535067095 0.8294992141065027 0.23033464030899764 0.8707534082090322 0.21504474505705673 0.8749201035308147 0.21057134489733284 0.8747238693365531 0.2049519328076926 0.8697032708588843 0.19322554209950557 0.8635906410550171 0.1914914466570925 0.8592805438220437 0.1918583533666946
4 0.8450664708997111 0.461549847997998 0.8338783320196047 0.4630225204050841 0.8313254825434649 0.46419364186140005 0.826317900688316 0.46934559081885163 0.8188771897034381 0.4873497995786925 0.8212910672641467 0.5069574317022794 0.8255850304013498 0.5143813011228457 0.8294326537092097 0.5172764663232157 0.8393627169448964 0.5210412020291308 0.8465135066341419 0.5194931221648539 0.8513238151372791 0.5169447997163643 0.859588239402003 0.5142758568875667 0.863186796232531 0.5100386913587778 0.868323724218601 0.5003379347844115 0.8681511715891197 0.4871438777988195 0.8603814894410498 0.47096919645730806 0.8535044869516666 0.46385192355618976 0.8450664708997111 0.461549847997998
5 0.2881485514791424 0.2598423670972941 0.2821793235864662 0.2622147651050027 0.27856567181791825 0.2660196681653577 0.27996611021577894 0.27311179210108044 0.28573702559869363 0.2815660592009364 0.29109179102830496 0.28635614701746365 0.2929471558822693 0.28997006780899737 0.2975752859714151 0.2904576343379039 0.3005216429938279 0.29230229846226624 0.2999761469096036 0.2931869267958519 0.30280929189686556 0.29178962240696027 0.30715712647488924 0.2925033718684428 0.3113766540797419 0.2895428903482373 0.3142334806317842 0.2805709410633939 0.3139315818713819 0.27192569169471664 0.30962252379615857 0.2640695598057164 0.3043356855876377 0.26122465309714155 0.2881485514791424 0.2598423670972941
5 0.35550561378082446 0.18326679105964555 0.3512558962999316 0.18536274764298316 0.34611142084485164 0.19484737298313246 0.3449363673595424 0.20246222467252029 0.349539776726158 0.21874747469598085 0.3535081595381786 0.22510073964382166 0.3567046221956734 0.2258546958987402 0.3633250107387146 0.22562350683648283 0.3690290380582888 0.22390955422978404 0.37071081112502174 0.22255245663432838 0.37546932650283876 0.21026817694771785 0.3751447853354063 0.20097453387638975 0.36917008828922016 0.18668472345267656 0.3658755085345947 0.18312106115293797 0.35550561378082446 0.18326679105964555
5 0.4472424239683944 0.19412893290393823 0.44330319187466394 0.19686323149156765 0.43209137142977705 0.20591054879460557 0.43017458766598227 0.20879061672793883 0.430150906101202 0.21636526162389047 0.43235449368737894 0.22169818059080065 0.44042919206910147 0.2218489955051821 0.44524704804124865 0.21951680429090956 0.45857292560194207 0.2049857925455761 0.4709814027814181 0.19719505585440383 0.4691184904584437 0.1933650038286531 0.4641194952300551 0.19051004542171932 0.4594913651409092 0.1900224788928128 0.4472424239683944 0.19412893290393823
5 0.6068357419348198 0.19223452299473168 0.6022906340047846 0.19412440004221138 0.5990101100304291 0.19921603880950894 0.5941836674315216 0.20955513738816708 0.5942128181498118 0.21864270092363722 0.5951971065943693 0.22207064557603112 0.6034755866393634 0.22805700381426974 0.613239605556829 0.22706685236741248 0.6174213958166314 0.22302571467612245 0.6181717127218772 0.2197535910677914 0.6206415400389064 0.21620502603508934 0.6212560025019712 0.2090425402108535 0.6204086076573447 0.20128191917576205 0.617992651781136 0.19812036424938015 0.6129634666767072 0.1944008809055786 0.6068357419348198 0.19223452299473168
5 0.6223360563633998 0.17394886668083837 0.6122076806179515 0.18101079608248777 0.609585864762971 0.18845977502945366 0.6100020147162742 0.19212395431278248 0.6162655939003426 0.1981806744395342 0.6206813556994569 0.20083960500896908 0.6256124237067551 0.20174938230795053 0.6304831119619727 0.2009301097331965 0.6336040999293668 0.19952275364594568 0.6352632305890696 0.19751726234783917 0.637226338324675 0.1877109432212051 0.6368101883713717 0.18404676393787636 0.6305239667802732 0.17734165010847378 0.626108204981159 0.17468271953903894 0.6223360563633998 0.17394886668083837
5 0.6585236013812097 0.21163623333844533 0.6509027902978406 0.21623025387847736 0.6456073654625596 0.22139225453428818 0.6416454909617988 0.2234781594192667 0.6382970397663529 0.22662461707861206 0.628508300126357 0.24341245202002343 0.6277579832211112 0.24668457562835439 0.6282345129264948 0.25207780478541875 0.6303701732915814 0.2554655426443765 0.634202701661421 0.25792844537631254 0.6394518025248915 0.25969269591380273 0.650101992789784 0.2593207830745191 0.659669777512988 0.2527112195380215 0.6642008296627533 0.24216604142350548 0.6663083784672997 0.22824317714839074 0.6706723471410936 0.22116615047970462 0.6705063028228724 0.2164112633269321 0.6692870036812529 0.21450628901241578 0.6654695702494334 0.21247564874891361 0.6585236013812097 0.21163623333844533
5 0.7855797242856734 0.17755324848096382 0.7812394371766599 0.17705563025369825 0.7752098295319032 0.1776989783876714 0.7706949114779081 0.18045338037201883 0.7682175366918689 0.183785814170504 0.7678833697399263 0.19072211706216385 0.7691026688815458 0.1926270913766802 0.7800482495955804 0.19246125807325448 0.7853124453970711 0.1946577710791785 0.7869403470229838 0.2000107934428068 0.7851594177013698 0.20678122359204476 0.7901584129297585 0.20963618199897857 0.7938852767334575 0.20907324745187755 0.7982567928762612 0.20221235201740834 0.7994997735826609 0.19654268143597303 0.7989477691871769 0.18898813993673946 0.7969867397670717 0.18234838186616859 0.7908137302111239 0.17888523655002003 0.7855797242856734 0.17755324848096382
5 0.81356738142184 0.18674645344669422 0.8107040465585378 0.1872792328987182 0.8087419779806826 0.1888625134267498 0.8054010742542465 0.19222510232031195 0.8033549443595309 0.1996539778705598 0.8065881052043258 0.20971162889516543 0.8116474801847948 0.21429563717583475 0.815412081333544 0.21481335879981836 0.819684441221467 0.21336579591913152 0.8309490939494243 0.20583139725561214 0.8327677606160885 0.2001416232774588 0.8320109353995825 0.1949745770529705 0.8266637174389813 0.19040062047066017 0.8205208977590737 0.18780200009137943 0.81356738142184 0.18674645344669422
5 0.6457036776089495 0.29842543920074727 0.6420296460883212 0.3005012923873668 0.63671157884601 0.3050148993405267 0.6326128107453182 0.31143348060820303 0.6328769721606701 0.3189980738057957 0.6347549794216646 0.32326038829998033 0.638292117342362 0.3255172114960584 0.6446850426573515 0.32702512400589545 0.6524266132448814 0.3258892032133343 0.6572369217480187 0.32334088076484485 0.6608279311095366 0.3188875840018389 0.6635338082813774 0.30559301003265693 0.6630950159210441 0.30128043704667723 0.6580582833476052 0.2973448224686588 0.6548769156281307 0.29702312868217406 0.6457036776089495 0.29842543920074727
5 0.8160362238824067 0.4307535713089333 0.8116959367733931 0.4302559530816678 0.805083095699362 0.43070327337814207 0.803386227694609 0.43162810850516387 0.797848244693256 0.4380969482646352 0.7949612282651736 0.4462043726126109 0.7940513753529663 0.45316077890098877 0.7955348359099379 0.46263034641309775 0.7986170473745317 0.4683653727533648 0.8135612007766271 0.47541732933464775 0.8172880645803261 0.4748543947875466 0.8240302517852782 0.46985826687415766 0.8289623589503267 0.46254500557453665 0.8283877121478123 0.4543420703726523 0.8237843027811966 0.4380568203491915 0.8198385623762062 0.4323519491040016 0.8160362238824067 0.4307535713089333
5 0.7868370884383904 0.47764892468733766 0.7837991226301069 0.48143372435097476 0.7822230141295146 0.4858166592254675 0.7747757948333769 0.49538169815248895 0.7734185629340764 0.5060324388192727 0.7761600991354675 0.5102645982183802 0.7837798710610863 0.5138936162769505 0.7907635772743603 0.5158136878585037 0.8039666170153925 0.5142706535629042 0.8076255535980008 0.5117625379078508 0.8109589098554268 0.5081838177800717 0.8156721404191835 0.4946027506881595 0.8163178319160386 0.480081751202189 0.8141821715509521 0.47669401334323125 0.8103119058360623 0.4731504544402105 0.7960868403054221 0.4701848879123314 0.7868370884383904 0.47764892468733766
5 0.9400179561560463 0.4489290927698358 0.9326246083007289 0.4517840117377735 0.9207842696125074 0.4593385137980107 0.91210265623673 0.4665663159420821 0.9100263364659741 0.4731306665554621 0.9101244535631048 0.4759403726002823 0.9119571760100387 0.47890589968916525 0.9210765425883993 0.48421370912967604 0.9274770153723988 0.48593775287373003 0.9323778935036566 0.4859830052358438 0.9426421236912864 0.4828114380500991 0.9526648348705941 0.4727236713694126 0.9559453588449494 0.467632032602115 0.9572109819583792 0.46261075572333044 0.9560681966646104 0.45464405515238093 0.9527283320959246 0.44978360544734075 0.9483427601728506 0.44798919981477353 0.9400179561560463 0.4489290927698358
5 0.8840645184977527 0.4971915165640624 0.8772393091336899 0.49981020090106504 0.8719061469533586 0.5038915453857911 0.8650195186794651 0.5130042184476606 0.8645645922233616 0.5164824215918496 0.8670700785699408 0.530460589927437 0.8685696732226825 0.5321393813093775 0.8747124929025901 0.5347380016886583 0.885680716023655 0.5352205620878835 0.8919830717105237 0.5341348997871174 0.8987328063844859 0.5293549031079454 0.9052129104895865 0.500348104799759 0.9013124548986564 0.4959400209598708 0.8906471696957435 0.4958796713307204 0.8840645184977527 0.4971915165640624
5 0.4642609817296095 0.9290605489580622 0.46134481458323695 0.9280804097705676 0.44656670549936256 0.9257833403420574 0.4417111121821648 0.9270348753852453 0.4378247123715047 0.9312820926123934 0.4372555347225003 0.9397413658419307 0.4401555677731027 0.9485122811595937 0.45188712442193335 0.9626010576161267 0.462430610962935 0.9674263460964084 0.4664528652157761 0.9670694910851655 0.46965687534228084 0.9680395785743008 0.47699739091452764 0.9636717409668449 0.4808234109731074 0.9576954738659612 0.48129343236723104 0.9546495331902063 0.4800374350383113 0.9434408641060028 0.477901774673225 0.9400531262470452 0.47284239969275577 0.9354691179663757 0.4642609817296095 0.9290605489580622
5 0.5136450581771914 0.9567657114872505 0.5073653448973527 0.9584997674906675 0.49919903772975954 0.963978416364285 0.49672166294372044 0.9673108501627702 0.4979560570233598 0.9696480869457206 0.49667533897190985 0.9742371013560712 0.49737178443633523 0.9776750977068241 0.5007795762261116 0.9844807285198168 0.5043770938988894 0.9884666015896302 0.5120647930455988 0.9940408007561532 0.5158671315393983 0.9956391785512213 0.5262370262931686 0.9954934486445136 0.5299563426278573 0.9947143828631958 0.5401677405324163 0.9900298970379324 0.543350147409641 0.9821285522258147 0.5431851422491699 0.9691506264744397 0.5404285111097586 0.9644862046068985 0.5327030746179988 0.957831349269291 0.5214092711717515 0.95627818439734 0.5136450581771914 0.9567657114872505
5 0.5841772532518477 0.9298500608277014 0.5790876883953382 0.9244015276101644 0.5718765189540125 0.9242205576007059 0.5623389241068486 0.9316946460740713 0.5586347027101799 0.932905974323823 0.5541650694702451 0.9369571637134723 0.551823549126387 0.9441799597278621 0.5522321516106802 0.947628007776974 0.5538072209535223 0.9514681115010835 0.5573670012812498 0.9543733283998123 0.5701981367252891 0.9586859408247884 0.5768336202063505 0.9588870142309649 0.5854085298582369 0.9568564134064589 0.5890448240338151 0.9536999040487546 0.5886286740805119 0.9500357247654257 0.5874093749388924 0.9481307504509093 0.5861307352029426 0.9362736876640554 0.5841772532518477 0.9298500608277014
5 0.6208486020792916 0.9153693864521554 0.6171066433375725 0.9155000585308226 0.609410357564103 0.9179327667286854 0.6003805214561131 0.9234415706973802 0.5934486083681593 0.9312574563539483 0.5900010009178326 0.9398172465670758 0.5901368553600136 0.9437076087829807 0.5923630853532207 0.9496889214525416 0.5981038108600951 0.9572786636155299 0.6082235999787835 0.958223641578266 0.6153592947300087 0.9562432992455552 0.6252526597783954 0.9507043401817832 0.6337531338979312 0.9382893884165056 0.634747048126999 0.9254873871059115 0.6337552122134313 0.9218433112193007 0.6328388509899645 0.9203605476748592 0.6269536844141489 0.9168873506603517 0.6208486020792916 0.9153693864521554