5 0.031963049071421265 0.9294290726665089 0.04526420590958419 0.928162400917288 0.05984504164144705 0.9232617049798154 0.06368511748029673 0.9205826710136626 0.06497234384300664 0.916732515591194 0.06113877631541691 0.9109723797245275 0.0613501054476985 0.9049207051664533 0.06030439809331038 0.9018546610939803 0.05347918872924753 0.8992359767569778 0.04688899006224652 0.8981402627578525 0.038799196742503914 0.898723340140668 0.030763274863581724 0.906016537482567 0.02194684620337358 0.910902136153003 0.0158956353093368 0.9191302203202831 0.014365850780554981 0.921673536639091 0.014199806462333733 0.9264284237918637 0.01639688573725074 0.9295346746577728 0.02036630770702148 0.9314044483085346 0.027009338657092975 0.930987243668141 0.031963049071421265 0.9294290726665089
5 0.18154459416555865 0.8879112990321854 0.1858773338055622 0.8876298120391366 0.19553464899913692 0.8834227621664287 0.19707952846593885 0.8804471833791867 0.2006544037316865 0.8771097040120239 0.20164623964525416 0.8734656281254132 0.2008959227400083 0.8701935045170821 0.19475206390235067 0.8645690862977604 0.19104784250568202 0.8633577580480086 0.18671510286567847 0.8636392450410572 0.17462673685787494 0.8714401123085809 0.17380953188928872 0.8783362084068047 0.17509024994073866 0.8829252228171555 0.17897664975139882 0.8871724400443034 0.18154459416555865 0.8879112990321854
5 0.25970700704462246 0.7540956733228498 0.2599571126797044 0.7551863811922935 0.2654412242402368 0.7549451009926809 0.268562212207631 0.7563524570799317 0.27020624792931375 0.7587902108464719 0.2782497172772459 0.7512808822703559 0.28370259980398804 0.7436810884090086 0.28334579044501523 0.7373931792199995 0.2814441016192405 0.7340808488182324 0.26542197267121637 0.722485209066705 0.24746900417912737 0.7166648024488806 0.24281068421394134 0.718016893914655 0.23547120779944458 0.7218720949058012 0.23467664523788848 0.7281197973013743 0.2426391707422102 0.7394339894988493 0.25154824734603926 0.748400893215015 0.25970700704462246 0.7540956733228498
5 0.30646822847947397 0.7107184932480932 0.3111718332587204 0.7080696143770174 0.31632932533632024 0.7006759000515279 0.31645763230949114 0.6970016690698401 0.3129108686042836 0.6830285463029304 0.30821377213629725 0.6772382553411868 0.3019567012634887 0.674855805635119 0.2939046452887964 0.6743582268468498 0.2904354345891895 0.6746698689349754 0.28574692474796326 0.6768864853376174 0.2845351730753539 0.6785753284179169 0.28417393372062133 0.697172666258932 0.2857726846282437 0.7009072074307741 0.2959161553117123 0.7075368743639896 0.30646822847947397 0.7107184932480932
5 0.22999464370792216 0.7218972438711969 0.23317601142739672 0.7215755500847122 0.24020500245473117 0.7183586910978577 0.24296163359414247 0.7136942692303163 0.24372600627965832 0.7083110917716109 0.23900626740464176 0.7031691945125182 0.23135422728748245 0.6912166603107515 0.22826342919612846 0.688944779286633 0.21349286758126412 0.6910257174809264 0.2118574184863415 0.6965948710787716 0.21188864752013187 0.7039533847405062 0.21566183529564112 0.7114425704809083 0.22317698181286935 0.7190624282999772 0.22999464370792216 0.7218972438711969
5 0.2634823274369197 0.5386982919641178 0.2704132013671233 0.5382911390220835 0.277995235947692 0.5357427771345977 0.28270638819594845 0.5328777670293049 0.28427391006978053 0.5292537945394121 0.2819021998498821 0.5228955234618898 0.2780837272603125 0.5167031251267897 0.27473527606486653 0.5135566674674444 0.2687886905792205 0.5105358757570849 0.26243350260928133 0.5109631320958374 0.25626804052234364 0.5142101461777691 0.25470806611752156 0.5176179874334449 0.2554971595255678 0.5280324934692937 0.2595053579981389 0.5370446495475731 0.2606189925736175 0.5381655125120939 0.2634823274369197 0.5386982919641178
5 0.3094521037834654 0.5262379300807417 0.3169209263288832 0.5269315367065099 0.32282873531172884 0.5228099459893516 0.3274870552769149 0.5214578545235773 0.32728119529814326 0.5108473206502296 0.3255002659765294 0.5040768905009916 0.3235532923366943 0.502061347504526 0.3176067068510483 0.4990405557941666 0.31069847532787476 0.49879931503355024 0.306335545811831 0.49994532696346666 0.3033891887894183 0.5017899910878288 0.3011931486722513 0.5069067788205222 0.301284757458122 0.5125362426085214 0.30278539126861376 0.5190804898251835 0.30521748124059256 0.5237097110289701 0.3094521037834654 0.5262379300807417
5 0.18994678642578 0.48224806967403977 0.20000619579238785 0.4830321415850391 0.20559597191906107 0.47976502410638944 0.20808740248537036 0.47444215683783836 0.20735972798715463 0.4705216395268564 0.20434440458590125 0.46608844616056855 0.19645084546042013 0.4610521114537437 0.18789103074655386 0.45858924816080393 0.18355074363754026 0.4590868663880694 0.18046853217294648 0.46482189272833646 0.1803100353237353 0.4693606486468921 0.18291675624069553 0.4772418900622917 0.18626520743614144 0.48038834772163713 0.18994678642578 0.48224806967403977
5 0.1514296985288819 0.4876112620530155 0.16635979615070748 0.489214606538769 0.16869272986780554 0.4884304951887734 0.16961663856028264 0.48673160041011504 0.16925982920130983 0.480443691221106 0.16572165212286244 0.4744774758185815 0.15621424715173876 0.4661388624083485 0.15251757322408013 0.4647114029243797 0.14559424676288651 0.46490242463219716 0.14091328439067036 0.46690290980062227 0.13873233921152345 0.4715874350648817 0.13897593653534546 0.48111731276714476 0.14029439193184573 0.48462567100641074 0.1439231386384138 0.4879983115983319 0.1514296985288819 0.4876112620530155
5 0.16514257532458823 0.5075656580504904 0.16919501945346954 0.5070579881248657 0.17067197169918102 0.5060275904455761 0.17241308536024438 0.49743259956869385 0.17139002041288648 0.49371816179356987 0.16838224448064315 0.48906883719306526 0.14394578104544398 0.4873499178956811 0.14216589088158021 0.4888025263450456 0.1420763604112096 0.4996191397542512 0.14682628916226642 0.5038965120764761 0.15051541562091497 0.505540102794662 0.16514257532458823 0.5075656580504904
5 0.13330521656506175 0.5032079510193855 0.13678197473367867 0.5026801776970429 0.1423566559223318 0.49984532268682713 0.14128726700316338 0.48920463371840245 0.13771135257966566 0.4843190744869627 0.12792469125516995 0.4839773167427562 0.12328901369701409 0.48468101450587964 0.11768414263232074 0.48838039445296316 0.11835898484746596 0.4938138304034635 0.12362421980670683 0.499840355996142 0.12958590023037295 0.5024288852380675 0.13330521656506175 0.5032079510193855
5 0.16579608765521292 0.4640931248778098 0.1767718582452878 0.4633944332443677 0.17979368995780115 0.459388456777836 0.17991444946196206 0.4559303570303651 0.17748235948998323 0.4513011358265785 0.1732703793541406 0.4481245230721561 0.16985400093760414 0.44692324652076343 0.1655363562356207 0.44677247104537815 0.158855587940499 0.4482703318568563 0.1561517890841581 0.45142183508487904 0.1556903543167946 0.45638280177350954 0.15698616730626463 0.4605395537154263 0.15920588898821192 0.4629974108786847 0.16579608765521292 0.4640931248778098
4 0.2557409759128614 0.7191176140434614 0.2657098156513486 0.722495260765064 0.2817772294134331 0.73279411311129 0.2852011552989796 0.7337792584284657 0.29213202922918324 0.7333721054864313 0.29592682025397254 0.73198985892558 0.29919121013255784 0.7292907215627091 0.30078892188243017 0.7248022241359486 0.30033399542632655 0.7213240209917597 0.29236392245299475 0.7102259600285015 0.29077271901438245 0.7062752876224426 0.28399279446437997 0.7023598158801385 0.26633417726368314 0.6881102911278538 0.25919848251245786 0.6861299487951429 0.24829818661248346 0.6846673280864157 0.24473840628475596 0.6875725449851445 0.24289813636881172 0.6907542033082444 0.24205828899319531 0.698298693109119 0.24282370083646126 0.7011385542490162 0.2457258122025638 0.708813716128558 0.2506654668366221 0.7159108461939621 0.2557409759128614 0.7191176140434614
4 0.5268303236338966 0.3836509552247847 0.5351173903056508 0.3856715043509316 0.540298563948031 0.3858524349213939 0.5461459931787962 0.383459894077971 0.5485091167719344 0.38181125779110764 0.5506447771370209 0.37842351993214984 0.5508636537383126 0.3721557141398589 0.5490374396026383 0.36668207139592235 0.5417497563134619 0.36080131514894787 0.5343413135201246 0.35837865864944407 0.527417987058931 0.3585696803572616 0.5221764336644704 0.36011779966053475 0.5186392957437731 0.3623746228566128 0.5153069786440974 0.3670189413274361 0.515391039960958 0.37286453634965244 0.5172398965036622 0.37768978539093795 0.5205883476991083 0.38083624305028313 0.5268303236338966 0.3836509552247847
2 0.6943195524060628 0.3492503756135871 0.7015307218473885 0.3490694056041286 0.7032955170732322 0.3480490596231981 0.710499139045548 0.34808422084795654 0.7154453019908662 0.3467421810805412 0.7234887713387984 0.3392328525044251 0.7243210712454048 0.33190449393776744 0.7199107785998006 0.3179012160757805 0.7147813980827408 0.30798432826719724 0.7065773535700972 0.303586335564664 0.6993963740048116 0.30290278063725484 0.6952458127787995 0.3062201566076995 0.6863182503989407 0.3307938009885943 0.6848196949039491 0.3406956309691372 0.6861079604244091 0.34506851414527084 0.6883352295753664 0.3473102400743124 0.6943195524060628 0.3492503756135871