2 0.5968253312930101 0.4637745165607249 0.6039286365730611 0.4610719096609312 0.6085989406571097 0.45641881254255956 0.6144520428534477 0.4442655495319056 0.6116231464684365 0.4342405174972804 0.6054840592455977 0.4252995427888693 0.6038228361020088 0.424300587633509 0.5912116728656505 0.4243285316987893 0.5755027711218663 0.42804296498773897 0.5731232902963592 0.42938673202189354 0.5639187323410482 0.44241176274296434 0.561675301728327 0.4474743662614464 0.5615821455882652 0.45454241650639127 0.562725307930988 0.4574045581117865 0.5656886253772063 0.46057382951726444 0.5754435119083368 0.46396512855197114 0.5968253312930101 0.4637745165607249
2 0.5491988748098001 0.6338589757612648 0.5609434747021042 0.629372949764237 0.5757735576524842 0.6181184669066047 0.5861502874223135 0.6050858997697917 0.5863549828764618 0.5955727507353042 0.5842337178755982 0.5906976259877039 0.5801394935360069 0.5877481806137659 0.5750030198700087 0.5869841243214299 0.5449637128026861 0.5954669025625744 0.5376830923887035 0.5942383833622432 0.5346968931953644 0.5954797737963702 0.5300220905382197 0.6091664842097492 0.5313899606606944 0.6177130253495344 0.5360038749527306 0.6293738813869124 0.5412351339103696 0.6336444845477784 0.5491988748098001 0.6338589757612648
2 0.4756809295943706 0.6662148944013666 0.48077613833922356 0.6667666610779049 0.49098943757604996 0.6634595325913768 0.5035638344643589 0.6541856856152916 0.5073034285360871 0.6492728787889798 0.5074913699677897 0.6457113754125647 0.5111239232985272 0.634210054080788 0.5099685055064547 0.628265944838458 0.5037942810871453 0.620653664332717 0.49841021789427414 0.618615870345596 0.4895570319036686 0.6183539590399669 0.4756621575387053 0.6208345383105319 0.45906993842842103 0.6260425353258064 0.4556420805518318 0.6280307076230959 0.4539167107399769 0.631230124691543 0.4575970455981754 0.6622394814294633 0.46193273173996435 0.6649216806797191 0.4741083640177477 0.6671815022960688 0.4756809295943706 0.6662148944013666
2 0.3660622324763339 0.6668134044653722 0.37115744122118677 0.6673651711419105 0.37859086587040147 0.666360881168497 0.39817541189869976 0.6614524775375629 0.40095528648631157 0.6591496390244483 0.4071446357764879 0.6502356767586421 0.4074853814434224 0.6444413642084822 0.4064598861394611 0.6406751076320122 0.39614404473474013 0.6283601083180679 0.38837437299168703 0.6261250975466339 0.3828375055635841 0.6263201127332582 0.3733240808346513 0.622661567574869 0.370049027193294 0.6224169306984134 0.3622152087819747 0.6243802921507869 0.3592641467851062 0.6242929883822439 0.35333301331957345 0.6269880588662953 0.3505531387319616 0.6292908973794098 0.34348659979995994 0.6412394071900085 0.3448070772766142 0.6480326748955285 0.3475350606453097 0.6530101762431565 0.35475766211570103 0.6599780514857627 0.3660622324763339 0.6668134044653722
3 0.35632813603408825 0.760134463270407 0.361282795993059 0.7660010067576254 0.37205705010347584 0.7716175785503346 0.37800656674303335 0.7735454595216857 0.3814405523442974 0.7730982710428639 0.38765441253317345 0.7703482440509275 0.39124120236966947 0.7676682463983606 0.39324317118019275 0.762872889003561 0.4008874190082306 0.7538964338141275 0.40280685797646304 0.7486764971877328 0.4033645545468957 0.7364510032400207 0.39851530617733666 0.7265983771447925 0.39587598037560695 0.7235864388472268 0.3885769767875995 0.7177349681914932 0.3838470246083808 0.7175528242386647 0.38006003789083237 0.7207123576307115 0.3765741610706519 0.7284398859702759 0.37060176268397366 0.7309226668385298 0.36599560526819125 0.731377391733094 0.3597404801581699 0.733915129109233 0.3560237678335625 0.7344172740959398 0.35042275373719334 0.7388106615063712 0.34825572524208825 0.7427568604379807 0.34912228858614264 0.7472149423697283 0.35087216929669723 0.7501794605751512 0.3547249318340907 0.7533961520727719 0.35632813603408825 0.760134463270407
4 0.36824803302710435 0.7082475616245972 0.37470948274285304 0.7067712723274459 0.38245464358720654 0.7028423478250097 0.3878493330778484 0.6973875123355907 0.3915354067790812 0.6891804482565463 0.3907391178279679 0.682064977919459 0.38363418339633804 0.6741929877057777 0.3807595235170854 0.6729892793503622 0.36932053209524535 0.6730096869999002 0.35930130201479626 0.674296295928481 0.34957705410704015 0.6786099159861116 0.34414109969525286 0.6838524618597331 0.3412619412429042 0.691682366799325 0.3423760941138313 0.6974141864258577 0.3453042743635791 0.7019121520340057 0.3607672157320693 0.7074985781637458 0.36824803302710435 0.7082475616245972
4 0.6079067494004534 0.6279550885476727 0.6131196251840678 0.6276027402531362 0.617519457994123 0.6260865672795844 0.6225611463684806 0.6233440767033903 0.6316602927343801 0.6143051285903296 0.6330204059806009 0.6107360887981723 0.6329362469867312 0.5997369124531025 0.6361806620047139 0.5922766302372207 0.634377260923664 0.5860178547790654 0.6291872668871704 0.581959541233997 0.6200039615274011 0.5799993130019879 0.6156453936384915 0.581727775591337 0.59928850860573 0.5851275426644615 0.5933635028648723 0.5893635969669806 0.588210275176428 0.5945511863327171 0.587239929394541 0.6046537841224543 0.587976570250484 0.606934013388342 0.5954300072253023 0.6211272719838057 0.6007025311040868 0.625610164760469 0.6079067494004534 0.6279550885476727
4 0.49908565512848463 0.45303123999855527 0.5101119973388701 0.45088793619104217 0.5203788169461921 0.4508750649572465 0.5213385364303083 0.44826509664404923 0.4998496763046446 0.4418671941298305 0.49345237325716207 0.4391451112031744 0.49010091749818885 0.4400168789135912 0.4848651599674538 0.4447798890477328 0.4831397901555988 0.44797930611618 0.4831704287789734 0.4556842252085175 0.48469110313668 0.4619979571745576 0.4876482928582234 0.46362624476156816 0.49351977822858606 0.45609593320631675 0.49908565512848463 0.45303123999855527
4 0.4717290304422731 0.3636152264737163 0.4724534158488664 0.36281348810266895 0.4764328425712133 0.34705883803919974 0.47624327198793204 0.34004574430213985 0.472136792198991 0.33401433129126673 0.46865541395190646 0.3327082463358235 0.46368399997048987 0.3327933485066777 0.4564385167529778 0.3302361351036765 0.44896832575571366 0.3219945221662852 0.4457758019566474 0.3221744645214247 0.4409755753844875 0.3246497089739363 0.4327948835815588 0.33086639915800226 0.4314760352564835 0.334647728565957 0.43577821335338085 0.3492332191323576 0.43830599984102403 0.3546902562194655 0.45068345815143845 0.36704513920981 0.4717290304422731 0.3636152264737163
5 0.32239898482469853 0.5629422210394405 0.3396269317746103 0.5549669226030561 0.3411994973512333 0.554000314708354 0.3415112335463721 0.5510756801793315 0.33795182403009283 0.540311402697286 0.3345055829794789 0.5376766235391728 0.3314719911403194 0.5371647405390348 0.32363204500432524 0.5375871181729409 0.318183835143188 0.5397476964096275 0.30888449189623624 0.5492661802621682 0.30813109701784724 0.552937596654353 0.3091565923218086 0.5567038532308233 0.3115957212424859 0.5601953272678686 0.31528342409529764 0.5625628603022993 0.32239898482469853 0.5629422210394405
5 0.30156097740952925 0.5372507743325645 0.3111262933573784 0.5336289796302113 0.31772829185900925 0.5268379135223801 0.31852907938321856 0.5249197705644602 0.3183807737210826 0.5181189664431977 0.3159355170757303 0.5130865085876849 0.310351257001807 0.5115282503400438 0.3040074743248198 0.5121004246661203 0.29218034459022485 0.5161618714315532 0.28762770754493766 0.5199108535788498 0.28372918151330273 0.525515485760439 0.28297578663491374 0.5291869021526239 0.2838362222542933 0.5321040002659039 0.2872473261084366 0.536067473626687 0.29319684274799407 0.537995354598038 0.30156097740952925 0.5372507743325645
5 0.4649435154570195 0.5173892040912086 0.47326638519740916 0.5164323342099376 0.47641151635065515 0.5144991184205331 0.483089916969902 0.5065916477258294 0.48447291196324355 0.4986119460940673 0.4833648868169914 0.4944211102860021 0.47537050729418634 0.4865016999801782 0.4724133175726428 0.48487341239316767 0.4665463307753764 0.4833701106534116 0.4564980912231317 0.48752639760313 0.45448386696325854 0.4892397873609945 0.4518874352342531 0.4970147357927015 0.4542334080148686 0.5075742600746918 0.45826348568619374 0.5147220776724375 0.46259917182798277 0.5174042769226932 0.4649435154570195 0.5173892040912086
5 0.5087142663563023 0.5161512852297838 0.51465152754651 0.5149971985641999 0.516141563280842 0.5136060114379026 0.5176132158411495 0.5075918728562031 0.5176712347847408 0.501852516813928 0.5156860199966633 0.5006962285506552 0.5097074938853102 0.5016380256004417 0.4940566110851174 0.49961310284711635 0.4898385919820899 0.49602678862578564 0.48672859802531443 0.4966313102125201 0.4847098751923453 0.5073783132653922 0.4860242249443247 0.5126305971524449 0.4888286104306362 0.5164916939132004 0.4907312953764228 0.5172234029448781 0.5087142663563023 0.5161512852297838
5 0.4160576171122964 0.35042278627896406 0.41992100594746073 0.34614684830004483 0.4205444783377385 0.340297579242 0.41798768237829975 0.3377102201760296 0.4129276108299173 0.33582975929682124 0.4064600333894939 0.335765064775505 0.40254312418383426 0.33674674550169187 0.3979079572962561 0.3400711484173935 0.3958998607610579 0.34332552199372557 0.394987533922762 0.34768876374118796 0.3960894313443393 0.35033861573078556 0.3981571759747077 0.3519194832256535 0.4060032498353768 0.35303808941021475 0.4160576171122964 0.35042278627896406
5 0.4173213159152976 0.332772602504802 0.4225219362495622 0.3293382865733305 0.4262492748719405 0.3213435121100837 0.4264784812247884 0.3179942983494663 0.4234203784869293 0.31131848007545826 0.42025686415965857 0.3086287444094603 0.4085764109356208 0.3089163981826807 0.40445930484890874 0.3103776146483474 0.3948008327609978 0.3210674595956456 0.39437755725177237 0.32643719291421047 0.39597463372709496 0.33163452029337825 0.4029786551424094 0.334458979820062 0.4094874975039784 0.33473596395717564 0.4173213159152976 0.332772602504802
5 0.4723721262765138 0.33220610134911677 0.47919270483322157 0.329558450957208 0.4833388203917293 0.3252275564704037 0.4842388917806752 0.3177823470860065 0.4784589333987957 0.307670011282838 0.4749072807587701 0.30902131473273486 0.4725155444839131 0.3072831141299545 0.47073665430156286 0.30718827394566917 0.4571367621092926 0.31269586434528424 0.45303803919660535 0.31878003226635343 0.4537579260301026 0.32701190719031353 0.4570452351208097 0.33033851170370404 0.4618638448669943 0.33248621870659495 0.4723721262765138 0.33220610134911677
5 0.8233136323330056 0.23270586295506474 0.8285326358412947 0.23389449847899552 0.8344286321103571 0.23252812219761418 0.8384983455512487 0.22931363229768237 0.8417076233727607 0.22318204428447053 0.8452989117823527 0.2114684333368963 0.8452041264907122 0.20796188646836633 0.8435367756224483 0.20542194749453851 0.8360375751533887 0.2000500125782847 0.831990743459618 0.1988538406386115 0.8243755051033755 0.2049606178069076 0.8121128444102054 0.21130983025397035 0.8093390975472685 0.21515365258555247 0.8105296525358117 0.21976906762521256 0.8160023732956482 0.22377242466239594 0.8201913829268804 0.2302284169048642 0.8233136323330056 0.23270586295506474
5 0.8751637731372609 0.1794463185871443 0.881666487774155 0.17818231890579045 0.8846114220463486 0.17672863885586607 0.8901299063004269 0.17191067221383957 0.8963605205117486 0.16320899956383075 0.8966951384540083 0.15587370319520338 0.8932488974033944 0.15323892403709025 0.8871755860004006 0.15067417421834678 0.8738522928067984 0.15458582429160933 0.8682451509857545 0.15743822788357337 0.8614368278783966 0.16316784591241706 0.8586630810154597 0.167011668243999 0.8591231228727345 0.17088783783623915 0.8666161956171192 0.17471878893402543 0.8711994712857809 0.17867472587906613 0.8751637731372609 0.1794463185871443
5 0.8407777647487377 0.15198212241914105 0.8465148290578929 0.15130757149303703 0.8514098409216937 0.15233887390905537 0.8532177405758394 0.14956403607220334 0.8577765053458016 0.14735603774337408 0.862764673349664 0.14131928991444748 0.8666860811284195 0.13130399589325328 0.8662321669958196 0.12896881011948075 0.8567951443845029 0.1241938603742192 0.8462929906996584 0.12601496155016476 0.8390536352068212 0.12499873196563098 0.8355019825667955 0.1263500354155279 0.8330048347025271 0.12859791742075743 0.82723426234848 0.14117575966300625 0.827452842403557 0.14531917537892877 0.828796201627332 0.14770178124484393 0.8334971443347552 0.1507536032188098 0.83657200109506 0.15147777583474525 0.8407777647487377 0.15198212241914105
5 0.7763867351010652 0.20261222244700167 0.7830835188943366 0.19932770320770038 0.788967259714049 0.19487935928938396 0.7945560183610685 0.18740400424201753 0.7987205170936008 0.18769606121061572 0.8013414597213057 0.1860850480527787 0.8005161612983966 0.1818392557368286 0.7919440728795554 0.1709477908098398 0.7897280225870512 0.16256611919370942 0.7884320560090965 0.1619367867620592 0.7822823424884866 0.16048844153018807 0.7790898186894203 0.16066838388532761 0.7740481303150626 0.16341087446152175 0.7657603977711436 0.16303905014012274 0.7619260184077747 0.16444531009790447 0.7608898968060425 0.1681716829979743 0.7617564601500968 0.17262976492972193 0.7655389482945493 0.17850384483268247 0.7620363174519231 0.19218301883031924 0.7624322126409318 0.20025756064636666 0.7685055240439254 0.2028223104651103 0.7727525526187486 0.20353894666530348 0.7763867351010652 0.20261222244700167