5 0.27764976958525345 0.4007352941176471 0.2825460829493088 0.4046280276816609 0.2929147465437788 0.4072231833910035 0.3070276497695853 0.4063581314878893 0.31048387096774194 0.4048442906574395 0.3127880184331797 0.40008650519031147 0.3130760368663595 0.39273356401384085 0.30961981566820274 0.379757785467128 0.3035714285714286 0.3704584775086505 0.29694700460829493 0.36613321799307963 0.2932027649769585 0.3650519031141869 0.2860023041474654 0.36548442906574397 0.2805299539170507 0.3687283737024222 0.2785138248847926 0.3730536332179931 0.2764976958525346 0.3918685121107267 0.27620967741935487 0.39749134948096887 0.27764976958525345 0.4007352941176471
5 0.2266705069124424 0.40203287197231835 0.23127880184331798 0.40830449826989623 0.2338709677419355 0.41003460207612463 0.2399193548387097 0.4108996539792388 0.2474078341013825 0.4132785467128028 0.2566244239631336 0.41133217993079585 0.2569124423963134 0.4044117647058824 0.25921658986175117 0.4007352941176471 0.2597926267281106 0.39359861591695505 0.2563364055299539 0.38711072664359863 0.25172811059907835 0.3832179930795848 0.24481566820276499 0.3808391003460208 0.23703917050691245 0.381704152249135 0.2289746543778802 0.38711072664359863 0.2266705069124424 0.3899221453287197 0.22580645161290325 0.393166089965398 0.22551843317972353 0.39792387543252594 0.2266705069124424 0.40203287197231835
5 0.17453917050691245 0.4219290657439447 0.17914746543778803 0.4260380622837371 0.1909562211981567 0.43252595155709345 0.20046082949308755 0.43403979238754326 0.2105414746543779 0.4338235294117648 0.21428571428571427 0.43230968858131497 0.21601382488479262 0.42841695501730104 0.2168778801843318 0.4219290657439447 0.21370967741935484 0.41760380622837373 0.2059331797235023 0.41154844290657444 0.1995967741935484 0.41025086505190317 0.19239631336405533 0.4067906574394464 0.18375576036866362 0.4048442906574395 0.17799539170506912 0.405060553633218 0.17367511520737328 0.4072231833910035 0.1713709677419355 0.40981833910034604 0.17079493087557604 0.4147923875432526 0.17453917050691245 0.4219290657439447
5 0.266705069124424 0.4669117647058824 0.26843317972350234 0.467560553633218 0.2727534562211982 0.4669117647058824 0.2744815668202765 0.4656141868512111 0.27592165898617516 0.45977508650519033 0.27246543778801846 0.4567474048442907 0.2678571428571429 0.4599913494809689 0.26555299539170507 0.46345155709342567 0.266705069124424 0.4669117647058824
5 0.24049539170506912 0.455666089965398 0.24078341013824883 0.46042387543252594 0.24711981566820276 0.47058823529411764 0.24827188940092165 0.4775086505190312 0.2540322580645161 0.469506920415225 0.2595046082949309 0.4658304498269897 0.2629608294930876 0.4608564013840831 0.26497695852534564 0.456098615916955 0.26900921658986177 0.45155709342560557 0.27102534562211983 0.446583044982699 0.27102534562211983 0.4431228373702423 0.2695852534562212 0.44031141868512114 0.2646889400921659 0.4359861591695502 0.26008064516129037 0.43403979238754326 0.25172811059907835 0.43230968858131497 0.24423963133640555 0.4353373702422146 0.23732718894009217 0.44247404844290666 0.23675115207373273 0.4463667820069205 0.24049539170506912 0.455666089965398
5 0.26843317972350234 0.6009948096885813 0.27131336405529954 0.6027249134948097 0.2785138248847926 0.6038062283737025 0.2857142857142857 0.6029411764705883 0.290610599078341 0.5999134948096886 0.2955069124423963 0.5932093425605537 0.29896313364055305 0.5849913494809689 0.29781105990783413 0.5780709342560554 0.29493087557603687 0.5741782006920416 0.2900345622119816 0.5707179930795848 0.2839861751152074 0.569204152249135 0.27563364055299544 0.5694204152249135 0.2730414746543779 0.5709342560553634 0.2664170506912443 0.5769896193771626 0.263536866359447 0.5834775086505191 0.2632488479262673 0.592128027681661 0.26843317972350234 0.6009948096885813
5 0.3358294930875576 0.5934256055363323 0.3418778801843318 0.5960207612456748 0.3418778801843318 0.5914792387543253 0.33842165898617516 0.5843425605536333 0.33496543778801846 0.5841262975778547 0.33381336405529954 0.5862889273356402 0.33352534562211983 0.5893166089965398 0.3358294930875576 0.5934256055363323
5 0.2926267281105991 0.6022923875432526 0.29809907834101385 0.6057525951557093 0.3038594470046083 0.6064013840830451 0.3136520737327189 0.6022923875432526 0.3228686635944701 0.5927768166089966 0.32373271889400923 0.5849913494809689 0.32171658986175117 0.5806660899653979 0.31739631336405527 0.5791522491349481 0.3027073732718894 0.576340830449827 0.2998271889400922 0.576340830449827 0.29781105990783413 0.5778546712802768 0.2975230414746544 0.5875865051903115 0.2926267281105991 0.6022923875432526
4 0.4176267281105991 0.32093425605536335 0.4334677419354839 0.33109861591695505 0.435483870967742 0.3336937716262976 0.43980414746543783 0.33434256055363326 0.4449884792626729 0.3328287197231834 0.4513248847926268 0.3293685121107267 0.46860599078341014 0.32525951557093424 0.4772465437788019 0.3276384083044983 0.4824308755760369 0.32698961937716264 0.48473502304147464 0.32331314878892736 0.4853110599078342 0.31076989619377166 0.4876152073732719 0.30687716262975784 0.49539170506912444 0.30341695501730104 0.49279953917050695 0.3001730103806229 0.4853110599078342 0.2980103806228374 0.46687788018433185 0.2969290657439446 0.45622119815668205 0.30190311418685123 0.445852534562212 0.2980103806228374 0.4415322580645161 0.2988754325259516 0.43202764976958524 0.3025519031141869 0.43001152073732724 0.30428200692041524 0.4230990783410139 0.3064446366782007 0.4182027649769585 0.3092560553633218 0.41676267281105994 0.31141868512110726 0.41589861751152074 0.31509515570934254 0.4176267281105991 0.32093425605536335
4 0.5835253456221199 0.36591695501730104 0.592741935483871 0.37564878892733566 0.5953341013824885 0.3836505190311419 0.5973502304147466 0.386461937716263 0.6022465437788018 0.38905709342560557 0.6129032258064516 0.39121972318339104 0.616647465437788 0.39121972318339104 0.6212557603686636 0.38970588235294124 0.6342165898617511 0.38429930795847755 0.6391129032258065 0.3804065743944637 0.6440092165898618 0.3730536332179931 0.6451612903225807 0.3620242214532872 0.6405529953917051 0.34580449826989623 0.6382488479262673 0.34191176470588236 0.6336405529953917 0.3375865051903114 0.619815668202765 0.3308823529411765 0.6088709677419355 0.3295847750865052 0.5979262672811061 0.33477508650519033 0.5875576036866359 0.3479671280276817 0.5832373271889402 0.35834775086505194 0.582373271889401 0.36310553633217996 0.5835253456221199 0.36591695501730104
4 0.4484447004608295 0.39770761245674746 0.4513248847926268 0.4016003460207613 0.4737903225806452 0.4147923875432526 0.4838709677419355 0.4147923875432526 0.49308755760368667 0.4178200692041523 0.5086405529953917 0.4163062283737024 0.5190092165898618 0.4108996539792388 0.5236175115207373 0.4039792387543253 0.5247695852534562 0.3970588235294118 0.5221774193548387 0.3892733564013841 0.5192972350230415 0.38581314878892736 0.5120967741935484 0.381704152249135 0.5069124423963134 0.37608131487889274 0.5017281105990784 0.3730536332179931 0.49135944700460826 0.3719723183391004 0.47494239631336405 0.3721885813148789 0.4599654377880184 0.3713235294117647 0.4481566820276498 0.37608131487889274 0.44470046082949305 0.3804065743944637 0.4452764976958526 0.3901384083044983 0.4484447004608295 0.39770761245674746
4 0.6944124423963134 0.7651384083044983 0.6967165898617511 0.7681660899653979 0.7082373271889402 0.7770328719723184 0.7200460829493088 0.7798442906574394 0.736463133640553 0.7802768166089966 0.7422235023041475 0.7768166089965398 0.75 0.7690311418685122 0.753168202764977 0.7601643598615918 0.7528801843317973 0.7445934256055364 0.7488479262672811 0.7372404844290659 0.7427995391705069 0.7344290657439447 0.7358870967741936 0.7292387543252595 0.7307027649769585 0.7281574394463669 0.724078341013825 0.7296712802768167 0.7168778801843319 0.7275086505190311 0.711405529953917 0.7292387543252595 0.7024769585253456 0.7331314878892734 0.6984447004608295 0.736159169550173 0.693836405529954 0.7443771626297578 0.6935483870967742 0.7603806228373703 0.6944124423963134 0.7651384083044983
4 0.8004032258064516 0.7902249134948097 0.8197004608294931 0.7997404844290659 0.8277649769585255 0.8019031141868513 0.8525345622119817 0.8066608996539794 0.8643433179723502 0.7997404844290659 0.8663594470046083 0.7995242214532873 0.8692396313364055 0.7964965397923877 0.8703917050691243 0.7932525951557095 0.8701036866359446 0.7798442906574394 0.868663594470046 0.7757352941176471 0.8603110599078342 0.7655709342560554 0.8577188940092165 0.7538927335640139 0.8533986175115208 0.7482698961937717 0.8493663594470047 0.7456747404844292 0.8421658986175116 0.7430795847750866 0.8315092165898618 0.7441608996539794 0.8208525345622121 0.7551903114186852 0.8153801843317974 0.7653546712802769 0.8073156682027649 0.7668685121107267 0.8035714285714286 0.7696799307958477 0.7975230414746545 0.7850346020761246 0.7972350230414746 0.786764705882353 0.8004032258064516 0.7902249134948097
4 0.5 0.9530709342560554 0.504320276497696 0.9602076124567475 0.5155529953917051 0.9695069204152249 0.5305299539170507 0.974264705882353 0.5432027649769585 0.9770761245674742 0.5498271889400922 0.9764273356401384 0.5581797235023042 0.9714532871972319 0.5645161290322581 0.960423875432526 0.5642281105990784 0.9528546712802768 0.5417626728110599 0.9511245674740485 0.5374423963133641 0.9496107266435987 0.5262096774193549 0.9392301038062284 0.511520737327189 0.929930795847751 0.508352534562212 0.9292820069204153 0.5051843317972351 0.9303633217993081 0.5034562211981567 0.9316608996539794 0.501152073732719 0.9362024221453288 0.49913594470046085 0.9426903114186851 0.5 0.9530709342560554
4 0.47206221198156684 0.8946799307958478 0.4801267281105991 0.8974913494809689 0.4838709677419355 0.8968425605536332 0.4838709677419355 0.8901384083044983 0.4778225806451613 0.8881920415224915 0.47350230414746547 0.8881920415224915 0.4711981566820277 0.8892733564013842 0.47062211981566826 0.8918685121107266 0.47206221198156684 0.8946799307958478
4 0.4392281105990784 0.9251730103806229 0.44614055299539174 0.9307958477508651 0.44930875576036866 0.931877162629758 0.4567972350230415 0.931877162629758 0.4631336405529954 0.929930795847751 0.467741935483871 0.9260380622837371 0.4717741935483871 0.9195501730103807 0.4758064516129032 0.9078719723183392 0.47206221198156684 0.9054930795847751 0.4495967741935484 0.897923875432526 0.44268433179723504 0.8983564013840832 0.44038018433179726 0.9020328719723183 0.4372119815668203 0.9126297577854672 0.43663594470046085 0.918468858131488 0.4392281105990784 0.9251730103806229
2 0.4086981566820277 0.3626730103806229 0.4130184331797235 0.3641868512110727 0.4153225806451613 0.36613321799307963 0.43029953917050695 0.37089100346020765 0.435483870967742 0.37391868512110726 0.44441244239631333 0.37608131487889274 0.4599654377880184 0.3711072664359862 0.47321428571428575 0.3721885813148789 0.4804147465437788 0.3713235294117647 0.48819124423963134 0.36699826989619383 0.49251152073732724 0.36310553633217996 0.4939516129032258 0.35986159169550175 0.48963133640552997 0.33434256055363326 0.4841589861751152 0.3291522491349481 0.47033410138248855 0.32525951557093424 0.46687788018433185 0.32504325259515576 0.4550691244239632 0.32785467128027684 0.4501728110599078 0.3304498269896194 0.4455645161290323 0.3315311418685122 0.4441244239631336 0.3328287197231834 0.4392281105990784 0.33412629757785467 0.4357718894009217 0.3336937716262976 0.4291474654377881 0.33585640138408307 0.42425115207373276 0.3397491349480969 0.41589861751152074 0.34191176470588236 0.4112903225806452 0.34407439446366783 0.40639400921658986 0.34904844290657444 0.40437788018433185 0.3525086505190312 0.4086981566820277 0.3626730103806229