2 0.8245967741935484 0.43014705882352944 0.8286290322580646 0.43036332179930803 0.8317972350230415 0.4290657439446367 0.8349654377880185 0.43057958477508657 0.8381336405529953 0.4275519031141869 0.8424539170506913 0.4271193771626298 0.8441820276497696 0.43230968858131497 0.8482142857142858 0.43317474048442917 0.8577188940092165 0.43793252595155713 0.866647465437788 0.44074394463667826 0.870967741935484 0.44420415224913495 0.8761520737327189 0.4457179930795848 0.8807603686635945 0.4444204152249135 0.8868087557603687 0.44009515570934254 0.8919930875576038 0.4312283737024222 0.8905529953917052 0.4240916955017301 0.8873847926267281 0.41846885813148793 0.8836405529953918 0.4150086505190312 0.8761520737327189 0.41025086505190317 0.8629032258064516 0.40808823529411764 0.8557027649769585 0.4078719723183391 0.8366935483870968 0.41133217993079585 0.8303571428571429 0.4147923875432526 0.824020737327189 0.4240916955017301 0.8234447004608295 0.4288494809688582 0.8245967741935484 0.43014705882352944
2 0.8303571428571429 0.4891868512110727 0.8387096774193548 0.4954584775086506 0.8519585253456221 0.5021626297577855 0.868663594470046 0.5038927335640139 0.8798963133640554 0.5062716262975779 0.900921658986175 0.5058391003460209 0.9063940092165899 0.5049740484429066 0.9086981566820278 0.5036764705882353 0.9153225806451614 0.49480968858131497 0.9161866359447005 0.49178200692041524 0.9156105990783411 0.4878892733564014 0.9101382488479264 0.48421280276816614 0.9063940092165899 0.4775086505190312 0.900921658986175 0.47318339100346024 0.8922811059907835 0.4701557093425606 0.8873847926267281 0.4656141868512111 0.8677995391705069 0.4593425605536333 0.8603110599078342 0.4591262975778547 0.8531105990783411 0.46150519031141873 0.8410138248847927 0.46150519031141873 0.8352534562211982 0.46258650519031147 0.8309331797235023 0.4658304498269897 0.8289170506912443 0.47253460207612463 0.8280529953917052 0.4794550173010381 0.8303571428571429 0.4891868512110727
3 0.7286866359447004 0.33174740484429066 0.7200460829493088 0.3421280276816609 0.7229262672811061 0.34429065743944637 0.7367511520737328 0.3477508650519031 0.7476958525345623 0.3533737024221454 0.7589285714285714 0.3531574394463668 0.7664170506912443 0.3494809688581315 0.7825460829493088 0.34493944636678203 0.7868663594470047 0.3421280276816609 0.7940668202764977 0.33499134948096887 0.7940668202764977 0.3282871972318339 0.7900345622119815 0.32331314878892736 0.7860023041474655 0.3211505190311419 0.7612327188940092 0.3183391003460208 0.7488479262672811 0.3183391003460208 0.7442396313364055 0.3196366782006921 0.7376152073732719 0.3174740484429066 0.7338709677419355 0.31769031141868515 0.7321428571428572 0.319204152249135 0.7289746543778802 0.3267733564013841 0.7286866359447004 0.33174740484429066
3 0.6900921658986175 0.31531141868512114 0.690668202764977 0.3222318339100346 0.6926843317972351 0.3235294117647059 0.709389400921659 0.319204152249135 0.7131336405529953 0.32006920415224915 0.720910138248848 0.3194204152249135 0.7272465437788018 0.3207179930795848 0.7353110599078342 0.31531141868512114 0.7381912442396314 0.3118512110726644 0.7410714285714286 0.30384948096885817 0.7410714285714286 0.29974048442906576 0.7379032258064516 0.29519896193771633 0.7341589861751152 0.2923875432525952 0.7272465437788018 0.2900086505190312 0.7099654377880185 0.2887110726643599 0.6898041474654378 0.293901384083045 0.6851958525345623 0.30341695501730104 0.685483870967742 0.30990484429065746 0.6900921658986175 0.31531141868512114
3 0.3136520737327189 0.5434688581314879 0.32114055299539174 0.5549307958477508 0.3245967741935484 0.555363321799308 0.33093317972350234 0.5579584775086506 0.33381336405529954 0.5579584775086506 0.3487903225806452 0.5564446366782008 0.3557027649769585 0.5538494809688582 0.3640552995391705 0.5469290657439447 0.36751152073732724 0.5374134948096886 0.3649193548387097 0.5250865051903115 0.36463133640552997 0.5155709342560554 0.3580069124423963 0.5036764705882353 0.35195852534562216 0.5002162629757786 0.3464861751152074 0.4995674740484429 0.33496543778801846 0.4997837370242215 0.3289170506912443 0.5015138408304499 0.3254608294930876 0.5045415224913495 0.3220046082949309 0.5112456747404844 0.31538018433179726 0.5192474048442908 0.3130760368663595 0.5309256055363323 0.3125 0.5378460207612458 0.3136520737327189 0.5434688581314879
3 0.2387672811059908 0.598832179930796 0.2436635944700461 0.603589965397924 0.24798387096774194 0.6059688581314879 0.26008064516129037 0.6072664359861593 0.26555299539170507 0.6109429065743945 0.2744815668202765 0.6113754325259516 0.28744239631336405 0.6133217993079585 0.29349078341013823 0.6150519031141869 0.2975230414746544 0.6150519031141869 0.307315668202765 0.61310553633218 0.3182603686635945 0.6068339100346021 0.32171658986175117 0.6025086505190311 0.32171658986175117 0.5975346020761246 0.3162442396313364 0.5884515570934257 0.3145161290322581 0.5804498269896194 0.3125 0.5772058823529412 0.3070276497695853 0.573961937716263 0.28830645161290325 0.5730968858131489 0.28110599078341014 0.5743944636678201 0.26900921658986177 0.580233564013841 0.25144009216589863 0.5821799307958477 0.2439516129032258 0.5856401384083045 0.23963133640552997 0.5919117647058825 0.23847926267281108 0.5951557093425606 0.2387672811059908 0.598832179930796
5 0.10253456221198157 0.42949826989619383 0.1137672811059908 0.43079584775086505 0.11952764976958526 0.42928200692041524 0.12269585253456221 0.4273356401384083 0.12903225806451613 0.4227941176470589 0.1310483870967742 0.42019896193771633 0.1310483870967742 0.4054930795847751 0.12730414746543778 0.39749134948096887 0.12327188940092167 0.3948961937716263 0.1201036866359447 0.39424740484429066 0.11290322580645162 0.3948961937716263 0.10915898617511521 0.39727508650519033 0.10138248847926268 0.40938581314878897 0.09850230414746544 0.4171712802768166 0.097926267281106 0.4256055363321799 0.10253456221198157 0.42949826989619383
5 0.04925115207373272 0.41198096885813157 0.05097926267281107 0.414143598615917 0.05961981566820277 0.41846885813148793 0.0673963133640553 0.41760380622837373 0.07862903225806453 0.414143598615917 0.08006912442396313 0.411764705882353 0.08006912442396313 0.4059256055363322 0.07862903225806453 0.40116782006920415 0.07258064516129033 0.3938148788927336 0.0673963133640553 0.3907871972318339 0.06105990783410139 0.38905709342560557 0.05357142857142857 0.3905709342560554 0.04809907834101383 0.40095155709342567 0.04723502304147466 0.4048442906574395 0.04925115207373272 0.41198096885813157
5 0.0342741935483871 0.4087370242214533 0.0391705069124424 0.411764705882353 0.04665898617511521 0.41198096885813157 0.0478110599078341 0.41003460207612463 0.048675115207373276 0.40030276816608995 0.05299539170506913 0.3907871972318339 0.05011520737327189 0.3868944636678201 0.04665898617511521 0.38408304498269896 0.03945852534562212 0.3832179930795848 0.03168202764976959 0.38581314878892736 0.027649769585253458 0.38970588235294124 0.02793778801843318 0.3938148788927336 0.0342741935483871 0.4087370242214533
5 0 0.4413927335640139 0.0020161290322580645 0.44182525951557095 0.0069124423963133645 0.44961072664359863 0.012096774193548387 0.4539359861591696 0.015552995391705068 0.45523356401384085 0.029377880184331802 0.455666089965398 0.035426267281106 0.45350346020761245 0.04089861751152074 0.4493944636678201 0.044930875576036866 0.44355536332179935 0.04262672811059908 0.43879757785467133 0.031394009216589865 0.43101211072664364 0.02044930875576037 0.42690311418685123 0.015841013824884793 0.4240916955017301 0.012096774193548387 0.42301038062283747 0.0048963133640553 0.42301038062283747 0 0.4236591695501731 0 0.4413927335640139
5 0.03600230414746544 0.48486159169550175 0.04061059907834101 0.49091695501730104 0.04665898617511521 0.49437716262975784 0.0538594470046083 0.49437716262975784 0.06048387096774194 0.49243079584775085 0.06970046082949309 0.4887543252595156 0.07315668202764977 0.4863754325259516 0.07603686635944701 0.4772923875432526 0.07056451612903226 0.47145328719723184 0.05731566820276498 0.46539792387543255 0.04723502304147466 0.46237024221453293 0.040322580645161296 0.46258650519031147 0.036290322580645164 0.46366782006920415 0.031394009216589865 0.4701557093425606 0.03168202764976959 0.476643598615917 0.03600230414746544 0.48486159169550175
5 0.06336405529953917 0.5439013840830451 0.0673963133640553 0.5542820069204153 0.070852534562212 0.5583910034602076 0.07632488479262674 0.5590397923875433 0.08726958525345622 0.5570934256055364 0.09360599078341014 0.5536332179930796 0.0956221198156682 0.55060553633218 0.09504608294930876 0.5430363321799309 0.09274193548387097 0.539143598615917 0.08525345622119816 0.5317906574394464 0.07776497695852534 0.5291955017301039 0.07402073732718895 0.5287629757785467 0.06970046082949309 0.5307093425605537 0.06480414746543779 0.5363321799307958 0.06336405529953917 0.5395761245674742 0.06336405529953917 0.5439013840830451
5 0.0429147465437788 0.5893166089965398 0.04925115207373272 0.5964532871972319 0.05299539170506913 0.5990484429065744 0.057027649769585256 0.6003460207612458 0.06394009216589862 0.6014273356401384 0.06710829493087558 0.6009948096885813 0.070852534562212 0.6020761245674742 0.08496543778801843 0.6009948096885813 0.08842165898617513 0.5996972318339101 0.09418202764976959 0.5953719723183392 0.09533410138248848 0.5934256055363323 0.09648617511520738 0.5873702422145329 0.09389400921658987 0.5813148788927336 0.08122119815668202 0.5713667820069205 0.07142857142857142 0.5672577854671281 0.0673963133640553 0.5670415224913495 0.060771889400921666 0.569204152249135 0.046947004608294936 0.5715830449826991 0.04205069124423964 0.5741782006920416 0.040322580645161296 0.5776384083044983 0.04003456221198157 0.5826124567474049 0.0429147465437788 0.5893166089965398
5 0.1480414746543779 0.5640138408304499 0.14948156682027652 0.5666089965397925 0.15236175115207373 0.5685553633217993 0.1578341013824885 0.5709342560553634 0.17223502304147467 0.5685553633217993 0.17684331797235026 0.5650951557093425 0.17914746543778803 0.5605536332179931 0.18029953917050692 0.5497404844290659 0.1788594470046083 0.5449826989619377 0.17684331797235026 0.5430363321799309 0.17223502304147467 0.5415224913494809 0.16733870967741934 0.5415224913494809 0.16215437788018433 0.5428200692041523 0.15120967741935484 0.5536332179930796 0.14861751152073732 0.5575259515570934 0.14746543778801843 0.5603373702422145 0.1480414746543779 0.5640138408304499
5 0.09965437788018433 0.5860726643598617 0.10138248847926268 0.5880190311418685 0.10944700460829493 0.592560553633218 0.11607142857142858 0.5914792387543253 0.12211981566820278 0.5875865051903115 0.12644009216589863 0.5865051903114187 0.12932027649769587 0.5834775086505191 0.1298963133640553 0.578719723183391 0.12816820276497695 0.5713667820069205 0.12125576036866359 0.5666089965397925 0.11664746543778803 0.5659602076124568 0.10483870967741934 0.5666089965397925 0.1005184331797235 0.5694204152249135 0.09879032258064516 0.5730968858131489 0.09850230414746544 0.5798010380622838 0.09965437788018433 0.5860726643598617
5 0.11952764976958526 0.636029411764706 0.12298387096774195 0.638840830449827 0.13018433179723504 0.6416522491349481 0.14400921658986177 0.6399221453287198 0.1517857142857143 0.6338667820069205 0.1546658986175115 0.6301903114186851 0.15408986175115208 0.6265138408304499 0.14919354838709678 0.6213235294117647 0.14026497695852536 0.6161332179930796 0.1189516129032258 0.6148356401384084 0.11347926267281105 0.6161332179930796 0.11117511520737326 0.6187283737024222 0.11175115207373272 0.6254325259515572 0.11952764976958526 0.636029411764706
5 0.06336405529953917 0.7091262975778547 0.06509216589861752 0.7149653979238755 0.06624423963133641 0.7279411764705883 0.06451612903225806 0.7309688581314879 0.06624423963133641 0.7318339100346021 0.07114055299539171 0.7318339100346021 0.07747695852534563 0.7298875432525952 0.08870967741935484 0.7311851211072665 0.11664746543778803 0.7192906574394464 0.11952764976958526 0.717128027681661 0.11693548387096775 0.7158304498269896 0.11261520737327188 0.7160467128027682 0.09850230414746544 0.7192906574394464 0.09648617511520738 0.7177768166089966 0.09187788018433181 0.7089100346020761 0.08726958525345622 0.7041522491349481 0.07805299539170507 0.701340830449827 0.060771889400921666 0.7024221453287198 0.05990783410138249 0.7030709342560554 0.06336405529953917 0.7091262975778547
5 0.09533410138248848 0.7517301038062285 0.09879032258064516 0.756704152249135 0.10685483870967742 0.7605968858131489 0.11088709677419355 0.7612456747404844 0.125 0.7547577854671281 0.12759216589861752 0.7497837370242215 0.12730414746543778 0.7439446366782008 0.12442396313364054 0.7376730103806228 0.11779953917050692 0.7296712802768167 0.11261520737327188 0.7275086505190311 0.10627880184331798 0.7277249134948097 0.09706221198156682 0.7318339100346021 0.09447004608294932 0.7363754325259516 0.09418202764976959 0.7445934256055364 0.09533410138248848 0.7517301038062285
5 0.2857142857142857 0.5711505190311419 0.2995391705069125 0.5726643598615917 0.31077188940092165 0.5724480968858132 0.31710829493087556 0.5694204152249135 0.3197004608294931 0.5670415224913495 0.32114055299539174 0.5642301038062284 0.32056451612903225 0.5575259515570934 0.31048387096774194 0.5434688581314879 0.3035714285714286 0.5426038062283738 0.2975230414746544 0.5436851211072665 0.28801843317972353 0.548226643598616 0.28485023041474655 0.5519031141868512 0.2836981566820277 0.5642301038062284 0.2857142857142857 0.5711505190311419