3 0.2868166602209277 0.7742925779585068 0.290093704370498 0.7762864329860939 0.29428554583704164 0.7847291384200401 0.29796339699691204 0.7888675856763747 0.30497954942753347 0.7906654823424532 0.3075342078639645 0.7898819190767494 0.31244644765999835 0.7900575990245493 0.31980016259609007 0.7872900497577818 0.3263409451819443 0.7800173494386327 0.332689316163964 0.7690732170064153 0.3327279366258701 0.7643068781987991 0.33150953179233816 0.763071373509945 0.3247357297570946 0.7603945367442051 0.3131741895518277 0.7599176525744155 0.2927482403900159 0.7664021252949308 0.28939862078962764 0.7685267092903008 0.2868166602209277 0.7742925779585068
5 0.2543038622175385 0.7757799417367346 0.2536107660203171 0.7790646618203785 0.2559297269180137 0.784790243841498 0.2592633627157705 0.787863931843517 0.26653318387140695 0.7889988550048201 0.2705985363282911 0.7840214841155791 0.2809350188433829 0.7776326584093531 0.28199496706199245 0.775844630769798 0.283161445720332 0.7705860638919451 0.27779180726581143 0.7671859587409655 0.2734095415790825 0.7661162649733881 0.2659313250169802 0.7665081816964057 0.26224880838411563 0.7677839730323461 0.25809290929013295 0.7710336111624961 0.2543038622175385 0.7757799417367346
5 0.27115114709687055 0.7835594034855743 0.2679486657817674 0.7884915532144671 0.2700592312729981 0.7957439751199074 0.27453204359682565 0.7985414016465757 0.27863800389926496 0.7998421357291556 0.2835615620249361 0.8002337822718417 0.28841721017278327 0.7993296292452097 0.29176682977317153 0.7972050452498397 0.2953022081207509 0.7931216881803763 0.2965931884051009 0.7902387538462732 0.29364238843136375 0.7834634862909541 0.29059637634753394 0.780374724568819 0.2853059662004746 0.7784863855820442 0.2801174210201512 0.7785417459492467 0.27476575375191115 0.7809878125803156 0.27115114709687055 0.7835594034855743
5 0.286357274178792 0.7600237089758904 0.2897135466358234 0.763529330167682 0.2934752915761491 0.763765304995946 0.3097340233143409 0.7603145038106944 0.3128073375304395 0.758420960130327 0.3152148576815854 0.7548298311311006 0.31511765818784376 0.7474718931848479 0.313509764673649 0.7443077628621325 0.3024329252591376 0.7420729984930199 0.29590812647591486 0.7441474268147802 0.2887694598029321 0.7510183413843887 0.2864411679592473 0.7561212365478196 0.286357274178792 0.7600237089758904
4 0.3114398070279733 0.7433334459285132 0.31480739781464206 0.7470550337151912 0.31505640106666305 0.7518062988026915 0.31348911539802343 0.7549202734517968 0.3134165399472054 0.7590387124747539 0.3201337503342624 0.760635716266062 0.3244254693838929 0.7599776772745485 0.32776377065464385 0.7576371266842921 0.3301486541465153 0.7536140644952929 0.32875382151178045 0.7435088556959817 0.3268809409429333 0.7407917322831552 0.3217762895430652 0.7369446202222871 0.3147827737717185 0.7355786567459814 0.30654355103457104 0.7379594939833243 0.3064370205948411 0.7414300332216224 0.3114398070279733 0.7433334459285132
4 0.33774005400499074 0.7553818137211392 0.341270766879576 0.756712695243951 0.35204866425052306 0.7587465667382934 0.3580548072540783 0.7577821188311973 0.3602878869876705 0.7563657295009506 0.362892484215645 0.7510317940225171 0.36244640388679567 0.7480233354142239 0.347662423796496 0.735587985411842 0.3441543475811853 0.734689037078803 0.33756163882013873 0.7354676658312451 0.33001084680721837 0.7399780215772195 0.3314509527605026 0.7509470967560763 0.33774005400499074 0.7553818137211392
4 0.663183989524532 0.33379238173355386 0.6658971045758855 0.33603235079625937 0.6740977068511268 0.33841785236653266 0.6813222546882138 0.33868890914829036 0.6912645830496488 0.33578569640047845 0.6960523212196722 0.3335857438045281 0.6990916804468587 0.33104430033950144 0.6984758251734495 0.3247963428079128 0.6945829257504702 0.316554530248737 0.6903864188109324 0.3135260634070663 0.6819661027995878 0.3124514351262273 0.6757402460599296 0.3147267563227578 0.6727348418216549 0.3179160995724436 0.663183989524532 0.33379238173355386
4 0.7689143455696488 0.31504114300254477 0.7684343102518876 0.31138478460959257 0.7663643526062118 0.31041046767597313 0.7602290425036521 0.3144135216315947 0.7604101357778491 0.31786898714977657 0.763675861597782 0.3196468755824772 0.7676007286260242 0.31749214414687515 0.7689143455696488 0.31504114300254477
4 0.7487347215705129 0.3427355631822725 0.7514591549515037 0.34519149883986433 0.7555651152539431 0.3464922329224442 0.7604660367203396 0.3464519462753577 0.7718398307947664 0.33784315973980367 0.7759278199109252 0.3332977220403354 0.7763785657127686 0.33089194205635325 0.7744717301550097 0.3275269188588677 0.7709976089286108 0.3272758703104876 0.7583827733613776 0.33421721896741474 0.7504085376788825 0.336151049294869 0.747115509726681 0.33935546626467084 0.7487347215705129 0.3427355631822725
4 0.7698764883222597 0.23984448133500158 0.7643616989661032 0.24468125422993642 0.7631046736706651 0.24821208834869862 0.7585319837637508 0.25451540624749003 0.7581831029286431 0.25886488558544946 0.7609255074959145 0.26716699302508934 0.7642591432936713 0.27024068102710835 0.7673890491579564 0.2694269703211726 0.7735469959197909 0.26585584955532393 0.7941360671695192 0.2569806705709424 0.7970961980892448 0.25292746094171126 0.7974677155836271 0.24900991479352447 0.7964803428158356 0.24667950341012257 0.7928024916559652 0.24254105615378788 0.7871225928282429 0.23872409153315188 0.7839021403268592 0.23781006947999667 0.776711547478684 0.238186912482898 0.7698764883222597 0.23984448133500158
4 0.8174955358244838 0.22392216747254934 0.8173277482635729 0.2317271123286908 0.8219363805430484 0.23711613799399553 0.8349247209883129 0.23730168696831858 0.8429555483189946 0.23644768961529627 0.8514031664626076 0.23254001249363276 0.8535117445701896 0.2287479906196359 0.8530024197365105 0.21902949384974932 0.8508079604648241 0.2156795443723798 0.8454156853510291 0.21184750603162777 0.8335325664429233 0.21073779579729512 0.8272953913736277 0.21279715039893926 0.8194456573171429 0.21710661327014344 0.8174955358244838 0.22392216747254934
4 0.82321802988141 0.2450616808444431 0.824155463857658 0.25194246444057483 0.8263159681404322 0.25464451413328515 0.8298353626853802 0.2557594290612108 0.8471606954988247 0.25615080542356566 0.8515023533399985 0.25094239421932235 0.8541455710298791 0.24084211993327265 0.8535410340861074 0.23481012899657042 0.8497113791679576 0.23327835459898813 0.8406319219483039 0.23613634618645193 0.8285969992819189 0.23763330881087175 0.8254897300769082 0.23887895270658022 0.8238884894193568 0.24134502757102663 0.82321802988141 0.2450616808444431
5 0.8980893607281386 0.2978764986756582 0.8947397411277505 0.3000010826710281 0.8929187867340957 0.30377803082490884 0.8925472692397133 0.3076955769730955 0.8990674025499417 0.3110353872436107 0.9063145870463035 0.31173837721514114 0.9119991513470198 0.31014110324350175 0.9223129972028371 0.30332034434750305 0.9228203346528672 0.3019943973379527 0.9215453381711487 0.2996790596746669 0.9155664972998624 0.29566120217926056 0.9081382195293035 0.29150274668954823 0.9023857452507633 0.2918042210918693 0.8990021706614628 0.2932809053025801 0.8980893607281386 0.2978764986756582
5 0.9612946083135194 0.3647294153548185 0.961566248224815 0.36991261363209144 0.9670037966571595 0.37460851835238895 0.9713860623438884 0.3756782121199663 0.9779787711049348 0.3748995833675243 0.9805221112117287 0.3739000535069344 0.9832512100657139 0.370941750572251 0.9839443062629352 0.36765703048860726 0.9824882165070195 0.3618862273071395 0.9802598022464215 0.35788837804511087 0.9775466871950682 0.35564840898240535 0.9675477671854467 0.35747178875578545 0.9633918680914638 0.36072142688593534 0.9612946083135194 0.3647294153548185
5 0.9156130672963645 0.3350726384893923 0.9170578387226429 0.3406274750759737 0.9209327669593419 0.3430231158531014 0.9321274551432204 0.3420033075788025 0.9352347243482309 0.34075766368309396 0.9385277523004325 0.3375532467132921 0.9388539964762657 0.33277183418555994 0.9369358425888693 0.3291908443931879 0.934555624569992 0.3277996679899118 0.9267671476346881 0.3277747252432726 0.9173434750529209 0.32956795757642066 0.9159619481314722 0.3307231591514327 0.9156130672963645 0.3350726384893923
5 0.9644005808405771 0.3249362015285239 0.9658113972779432 0.3298431383304462 0.9691223964164253 0.33248489314269236 0.9726417909613735 0.33359980807061784 0.976967464999916 0.33358966886376346 0.9826180743117204 0.33134449510746505 0.9860629060222011 0.3255334052789107 0.9855036423969785 0.3203652807217539 0.9824689486427861 0.3174924855945052 0.979524801525692 0.31634742322634757 0.9720126299746779 0.316091440164706 0.9691929844835944 0.3173220103402983 0.9650823587081611 0.3214355148499938 0.9644005808405771 0.3249362015285239