5 0.15610599078341014 0.15679065743944637 0.1578341013824885 0.15852076124567477 0.16474654377880185 0.16219723183391005 0.1713709677419355 0.16392733564013842 0.1762672811059908 0.16414359861591696 0.18058755760368664 0.16284602076124569 0.18778801843317974 0.15657439446366783 0.19153225806451613 0.15138408304498271 0.19268433179723504 0.14749134948096887 0.19066820276497695 0.12716262975778547 0.18836405529953917 0.11980968858131488 0.18289170506912442 0.11743079584775087 0.17569124423963134 0.11786332179930796 0.16705069124423963 0.12283737024221456 0.1627304147465438 0.12673010380622837 0.16129032258064518 0.13083910034602078 0.1566820276497696 0.13775951557093427 0.1546658986175115 0.14359861591695502 0.1543778801843318 0.15160034602076128 0.15610599078341014 0.15679065743944637
5 0.13220046082949308 0.1559256055363322 0.133352534562212 0.1578719723183391 0.14055299539170507 0.1578719723183391 0.14487327188940094 0.15527681660899656 0.14660138248847926 0.15657439446366783 0.14746543778801843 0.16003460207612458 0.14976958525345624 0.1587370242214533 0.1543778801843318 0.15808823529411767 0.1543778801843318 0.14597750865051903 0.15552995391705068 0.14078719723183392 0.16215437788018433 0.13192041522491352 0.16215437788018433 0.12694636678200694 0.1543778801843318 0.12478373702422145 0.14861751152073732 0.12521626297577854 0.14400921658986177 0.12673010380622837 0.13940092165898618 0.12975778546712805 0.1370967741935484 0.1327854671280277 0.1336405529953917 0.14208477508650522 0.13220046082949308 0.15160034602076128 0.13220046082949308 0.1559256055363322
5 0.1909562211981567 0.168901384083045 0.195852534562212 0.17301038062283738 0.20506912442396313 0.17841695501730107 0.21342165898617513 0.18122837370242215 0.22091013824884795 0.17647058823529413 0.2240783410138249 0.17149653979238755 0.22436635944700462 0.1587370242214533 0.22235023041474652 0.15397923875432526 0.2168778801843318 0.1481401384083045 0.20708525345622122 0.14597750865051903 0.20132488479262672 0.14684256055363323 0.19326036866359447 0.15073529411764708 0.18778801843317974 0.1583044982698962 0.1875 0.16414359861591696 0.1909562211981567 0.168901384083045
5 0.07891705069124424 0.2655709342560554 0.0881336405529954 0.2735726643598616 0.09936635944700462 0.27465397923875434 0.10915898617511521 0.27249134948096887 0.11923963133640554 0.2660034602076125 0.12413594470046083 0.25908304498269896 0.12413594470046083 0.2448096885813149 0.11981566820276499 0.2383217993079585 0.11664746543778803 0.23615916955017302 0.10973502304147467 0.23442906574394465 0.10570276497695852 0.23486159169550175 0.10138248847926268 0.23680795847750868 0.0967741935483871 0.24178200692041524 0.09158986175115208 0.24545847750865052 0.07805299539170507 0.25994809688581316 0.07747695852534563 0.26254325259515576 0.07891705069124424 0.2655709342560554
5 0.17079493087557604 0.21020761245674743 0.17857142857142858 0.2169117647058824 0.1814516129032258 0.21626297577854672 0.19153225806451613 0.21950692041522496 0.195852534562212 0.21950692041522496 0.20305299539170507 0.21496539792387542 0.2108294930875576 0.20242214532871974 0.21255760368663595 0.19679930795847753 0.21198156682027652 0.18468858131487892 0.20996543778801846 0.18274221453287198 0.2044930875576037 0.18122837370242215 0.19902073732718895 0.18122837370242215 0.18894009216589863 0.18360726643598618 0.17828341013824883 0.1887975778546713 0.17453917050691245 0.19225778546712805 0.1725230414746544 0.19593425605536335 0.17079493087557604 0.20242214532871974 0.17079493087557604 0.21020761245674743
5 0.16215437788018433 0.6405709342560554 0.16906682027649772 0.6451124567474049 0.17569124423963134 0.6561418685121108 0.18865207373271892 0.659818339100346 0.19297235023041476 0.6596020761245676 0.1961405529953917 0.6589532871972319 0.2044930875576037 0.6520328719723184 0.20766129032258066 0.6477076124567475 0.20708525345622122 0.6410034602076126 0.20506912442396313 0.6368944636678201 0.1984447004608295 0.6291089965397925 0.18894009216589863 0.6232698961937717 0.17857142857142858 0.6198096885813149 0.1716589861751152 0.6195934256055364 0.16330645161290322 0.6230536332179931 0.16013824884792627 0.6291089965397925 0.16013824884792627 0.6334342560553634 0.16215437788018433 0.6405709342560554
5 0.22609447004608296 0.6619809688581315 0.23099078341013826 0.6663062283737025 0.2338709677419355 0.6671712802768167 0.2379032258064516 0.6667387543252595 0.24654377880184333 0.6583044982698962 0.26008064516129037 0.6483564013840831 0.263536866359447 0.6399221453287198 0.263536866359447 0.636461937716263 0.2620967741935484 0.6334342560553634 0.25460829493087556 0.6301903114186851 0.24135944700460832 0.6310553633217993 0.23761520737327188 0.6325692041522493 0.22379032258064516 0.6472750865051904 0.2226382488479263 0.6498702422145329 0.22321428571428573 0.6578719723183392 0.22609447004608296 0.6619809688581315
5 0.673963133640553 0.6474913494809689 0.6751152073732719 0.6509515570934257 0.682315668202765 0.657006920415225 0.688652073732719 0.6585207612456748 0.6972926267281105 0.6585207612456748 0.7116935483870968 0.6483564013840831 0.7148617511520737 0.6442474048442908 0.7137096774193549 0.6371107266435987 0.709389400921659 0.6301903114186851 0.7044930875576038 0.6258650519031143 0.6995967741935484 0.6239186851211074 0.695852534562212 0.6234861591695502 0.6895161290322581 0.6252162629757786 0.6817396313364055 0.6304065743944637 0.6754032258064516 0.6375432525951558 0.673963133640553 0.6401384083044983 0.673963133640553 0.6474913494809689
5 0.6235599078341014 0.6338667820069205 0.626152073732719 0.6373269896193772 0.6301843317972351 0.6403546712802768 0.6342165898617511 0.641219723183391 0.6414170506912443 0.641219723183391 0.6445852534562213 0.6401384083044983 0.6491935483870968 0.6368944636678201 0.6514976958525346 0.6336505190311419 0.6512096774193549 0.6267301038062285 0.6503456221198156 0.6252162629757786 0.6506336405529953 0.6193771626297578 0.6480414746543779 0.6157006920415226 0.641705069124424 0.6137543252595157 0.633352534562212 0.6141868512110726 0.6298963133640554 0.6157006920415226 0.6267281105990784 0.6185121107266436 0.6241359447004609 0.6234861591695502 0.622983870967742 0.6262975778546713 0.6235599078341014 0.6338667820069205
5 0.5872695852534562 0.640787197231834 0.5985023041474655 0.6487889273356402 0.6051267281105991 0.6516003460207613 0.6160714285714286 0.6520328719723184 0.6180875576036866 0.6513840830449827 0.6247119815668203 0.6472750865051904 0.6275921658986175 0.6440311418685122 0.6232718894009217 0.636029411764706 0.6080069124423964 0.6267301038062285 0.6016705069124424 0.6254325259515572 0.5947580645161291 0.6258650519031143 0.5872695852534562 0.6301903114186851 0.5855414746543779 0.6330017301038062 0.5852534562211982 0.6373269896193772 0.5872695852534562 0.640787197231834
5 0.6085829493087558 0.8509948096885814 0.6111751152073733 0.8531574394463668 0.6180875576036866 0.8544550173010382 0.622983870967742 0.8583477508650519 0.6336405529953917 0.8579152249134949 0.6373847926267281 0.8557525951557095 0.6388248847926268 0.851643598615917 0.6391129032258065 0.8451557093425606 0.6339285714285714 0.8313148788927336 0.631336405529954 0.8272058823529413 0.6278801843317973 0.8243944636678201 0.625 0.8237456747404845 0.6195276497695853 0.8243944636678201 0.6131912442396313 0.8276384083044983 0.6082949308755761 0.833044982698962 0.6065668202764977 0.8401816608996541 0.6068548387096774 0.8475346020761247 0.6085829493087558 0.8509948096885814
5 0.2315668202764977 0.6857698961937717 0.2330069124423963 0.6892301038062285 0.24164746543778803 0.6963667820069205 0.24798387096774194 0.6987456747404844 0.25201612903225806 0.698961937716263 0.2629608294930876 0.6918252595155711 0.27073732718894006 0.6890138408304499 0.27505760368663595 0.6857698961937717 0.2805299539170507 0.6684688581314879 0.2796658986175115 0.6578719723183392 0.27620967741935487 0.6524653979238755 0.2727534562211982 0.6507352941176471 0.26180875576036866 0.6494377162629759 0.2540322580645161 0.6528979238754327 0.24798387096774194 0.6574394463667821 0.23675115207373273 0.6684688581314879 0.2330069124423963 0.6747404844290659 0.2315668202764977 0.6788494809688582 0.2315668202764977 0.6857698961937717
4 0.15639400921658986 0.6838235294117647 0.16589861751152074 0.6933391003460209 0.1716589861751152 0.6963667820069205 0.18202764976958524 0.6972318339100346 0.18663594470046083 0.6961505190311419 0.20046082949308755 0.6862024221453288 0.20852534562211983 0.6820934256055364 0.2105414746543779 0.6794982698961938 0.20852534562211983 0.6751730103806228 0.19326036866359447 0.6676038062283738 0.18951612903225806 0.6667387543252595 0.1811635944700461 0.6667387543252595 0.17828341013824883 0.6656574394463668 0.1774193548387097 0.6647923875432526 0.1777073732718894 0.661332179930796 0.173963133640553 0.6580882352941176 0.16877880184331798 0.6580882352941176 0.16359447004608296 0.6608996539792388 0.1578341013824885 0.6652249134948097 0.15408986175115208 0.6714965397923877 0.15380184331797236 0.6788494809688582 0.15639400921658986 0.6838235294117647
4 0.23847926267281108 0.631704152249135 0.24107142857142855 0.6321366782006921 0.2474078341013825 0.6306228373702423 0.25547235023041476 0.6306228373702423 0.25892857142857145 0.631704152249135 0.2632488479262673 0.6358131487889274 0.263536866359447 0.6410034602076126 0.26123271889400923 0.6470588235294118 0.2623847926267281 0.6485726643598617 0.27246543778801846 0.6500865051903115 0.27563364055299544 0.6487889273356402 0.2785138248847926 0.6405709342560554 0.28456221198156684 0.6308391003460209 0.2836981566820277 0.622621107266436 0.2799539170506912 0.617430795847751 0.2730414746543779 0.6152681660899655 0.26152073732718895 0.615916955017301 0.25288018433179726 0.6193771626297578 0.24251152073732718 0.6256487889273357 0.2379032258064516 0.6299740484429066 0.23847926267281108 0.631704152249135
3 0.19815668202764977 0.2990916955017301 0.20161290322580644 0.30211937716262977 0.20910138248847926 0.3055795847750865 0.22004608294930877 0.3073096885813149 0.2341589861751152 0.3064446366782007 0.24855990783410137 0.3025519031141869 0.2537442396313364 0.2990916955017301 0.25777649769585254 0.28719723183391005 0.25806451612903225 0.28243944636678203 0.2557603686635945 0.27703287197231835 0.24798387096774194 0.27227508650519033 0.23934331797235023 0.27076124567474047 0.2206221198156682 0.2651384083044983 0.21342165898617513 0.2649221453287197 0.20708525345622122 0.2664359861591696 0.20218894009216593 0.2690311418685121 0.1947004608294931 0.27941176470588236 0.19527649769585254 0.289143598615917 0.19815668202764977 0.2990916955017301
4 0.5835253456221199 0.8631055363321799 0.5849654377880185 0.8659169550173011 0.5884216589861752 0.8678633217993081 0.5915898617511521 0.8687283737024222 0.5947580645161291 0.8682958477508651 0.6042626728110599 0.8631055363321799 0.6071428571428572 0.8605103806228375 0.6097350230414746 0.855968858131488 0.6103110599078342 0.8520761245674742 0.6077188940092166 0.8481833910034602 0.6068548387096774 0.8445069204152249 0.6071428571428572 0.8380190311418685 0.6085829493087558 0.8349913494809689 0.6082949308755761 0.830666089965398 0.6068548387096774 0.8280709342560554 0.6022465437788018 0.8243944636678201 0.595910138248848 0.8224480968858131 0.5915898617511521 0.8226643598615917 0.5835253456221199 0.8276384083044983 0.5794930875576038 0.8345588235294118 0.579205069124424 0.8386678200692043 0.5835253456221199 0.8631055363321799
2 0.5069124423963134 0.7303200692041523 0.5097926267281105 0.7339965397923877 0.516705069124424 0.7378892733564014 0.5224654377880185 0.7400519031141869 0.5296658986175116 0.7402681660899655 0.5455069124423964 0.7368079584775087 0.5529953917050692 0.7301038062283738 0.560483870967742 0.721885813148789 0.5630760368663594 0.717560553633218 0.5642281105990784 0.7136678200692043 0.5639400921658987 0.7093425605536333 0.5601958525345622 0.6939878892733564 0.5532834101382489 0.6887975778546713 0.543778801843318 0.6866349480968859 0.5360023041474655 0.6866349480968859 0.5236175115207373 0.6948529411764707 0.5149769585253456 0.6991782006920416 0.5072004608294931 0.7078287197231835 0.5037442396313364 0.7173442906574394 0.5034562211981567 0.7233996539792388 0.5069124423963134 0.7303200692041523
2 0.4582373271889401 0.6857698961937717 0.4599654377880184 0.6961505190311419 0.46687788018433185 0.7048010380622838 0.4772465437788019 0.7130190311418685 0.4807027649769585 0.7132352941176471 0.48819124423963134 0.7030709342560554 0.4965437788018433 0.6974480968858132 0.5014400921658987 0.6961505190311419 0.5123847926267281 0.6972318339100346 0.5141129032258065 0.6957179930795848 0.5155529953917051 0.6931228373702423 0.5158410138248848 0.6883650519031143 0.5132488479262672 0.6836072664359862 0.5080645161290323 0.680363321799308 0.5017281105990784 0.6740916955017301 0.49251152073732724 0.6701989619377163 0.48502304147465436 0.6637110726643599 0.4807027649769585 0.661332179930796 0.470910138248848 0.6587370242214534 0.4599654377880184 0.6604671280276817 0.45622119815668205 0.6628460207612458 0.4536290322580645 0.6697664359861593 0.4533410138248848 0.6719290657439447 0.4582373271889401 0.6857698961937717
2 0.7523041474654378 0.4033304498269897 0.7586405529953917 0.40916955017301043 0.7629608294930875 0.4108996539792388 0.780241935483871 0.4147923875432526 0.7860023041474655 0.4134948096885814 0.8006912442396313 0.40808823529411764 0.8047235023041475 0.4046280276816609 0.8093317972350231 0.39749134948096887 0.8107718894009217 0.3925173010380623 0.8101958525345623 0.38711072664359863 0.806163594470046 0.3788927335640139 0.8035714285714286 0.3689446366782007 0.7998271889400922 0.36570069204152256 0.7900345622119815 0.36310553633217996 0.7825460829493088 0.36310553633217996 0.7759216589861752 0.36526816608996543 0.7646889400921659 0.3728373702422146 0.758352534562212 0.37932525951557095 0.754320276497696 0.38429930795847755 0.7523041474654378 0.39035467128027684 0.7514400921658987 0.39619377162629765 0.7523041474654378 0.4033304498269897
2 0.753168202764977 0.4467993079584775 0.758352534562212 0.45371972318339104 0.7629608294930875 0.4571799307958478 0.7741935483870968 0.46172145328719727 0.783410138248848 0.46172145328719727 0.7911866359447005 0.46020761245674746 0.7998271889400922 0.4599913494809689 0.8078917050691243 0.45501730103806237 0.8176843317972351 0.45220588235294124 0.8263248847926267 0.44355536332179935 0.834389400921659 0.4288494809688582 0.8346774193548387 0.42019896193771633 0.8335253456221199 0.4147923875432526 0.8297811059907835 0.411764705882353 0.8205645161290323 0.40916955017301043 0.8116359447004609 0.4078719723183391 0.8004032258064516 0.4087370242214533 0.7764976958525346 0.41673875432525953 0.7655529953917051 0.42128027681660907 0.7551843317972351 0.42863321799307963 0.7528801843317973 0.4320934256055364 0.7523041474654378 0.4353373702422146 0.7520161290322581 0.4431228373702423 0.753168202764977 0.4467993079584775