4 0.23514049577889998 0.9920845849057919 0.23569129805894545 0.9950756428634211 0.23981710949400642 0.9992735515044735 0.2411659779864907 1 0.25583906118496247 1 0.2595393633428322 0.99667972161267 0.26044202180350123 0.9937785913825611 0.2588838577647786 0.9858826176589947 0.2572838025736462 0.9808124667841307 0.2544187722446272 0.9778067884803878 0.24452308143202367 0.9836655977441395 0.2385877590437802 0.9885266524717355 0.23514049577889998 0.9920845849057919
4 0.4542388080124703 0.6279614417647721 0.4500669113931548 0.6298460588808529 0.44849197122705486 0.6349768967910094 0.44448551761844024 0.6420571770842982 0.4454132911041418 0.6493570356392099 0.4520313556944101 0.6489951190782918 0.45937405363911366 0.650306517835349 0.46667486043140716 0.6544437394411089 0.47082371445859533 0.6556003852035946 0.47365524169889317 0.6549184805391784 0.47914865913694343 0.6516157109415688 0.48209747177078227 0.6489697435479066 0.48382320041914467 0.6455624258766631 0.4841331654473581 0.6424960605376275 0.4806796357177281 0.6360684442165275 0.47836960170059895 0.6327971209619829 0.47433803306695194 0.6296764124702513 0.46456801571157824 0.6270577531878955 0.4610872493579766 0.6269281026537926 0.4542388080124703 0.6279614417647721
4 0.34241282224132935 0.3577000536830246 0.3424463253300506 0.36138763665118356 0.3448694507088765 0.3659516000849129 0.3491502446580443 0.3686163260564476 0.3541598659934916 0.36969766443752705 0.3590375474069592 0.36927092260955746 0.36917826950323923 0.36621283373403957 0.37212708213707807 0.3635668663403774 0.3760958386251271 0.35605570598736025 0.37545498757551193 0.3487307449719798 0.36951339872251887 0.34360625094441943 0.36308801376692273 0.34286586489554816 0.3556468789889609 0.343733968897601 0.3504026868664314 0.3465807559750136 0.345558508541685 0.3506950807711421 0.34241282224132935 0.3577000536830246
4 0.3038793610680356 0.3534731774196609 0.30129286511141423 0.3569558024723109 0.30040486117918375 0.36332907564071465 0.3018164307674882 0.3662448262169374 0.30617261895778725 0.3697713123079286 0.30972877955252 0.37076272296148777 0.31950299093973816 0.3701246793354129 0.3264498691185028 0.3669118374653234 0.33214016022306986 0.3592500623494936 0.33241242813071775 0.35575281695072986 0.33132547809906515 0.3532428439737667 0.324659255891637 0.3464450346282309 0.32196386260516324 0.3453783165932653 0.3176600260638683 0.34575485350029717 0.31429235107196346 0.3469178431453793 0.3038793610680356 0.3534731774196609
4 0.3007190694052752 0.3272648011576432 0.3039841135320773 0.33153801718010206 0.30862722415846267 0.3350394008106245 0.3133499230578236 0.3361458416521727 0.3207910578357854 0.3352777376501198 0.3277944816953985 0.33271121586962277 0.33692364800115715 0.3280049141365981 0.3400462917093856 0.32404120410328235 0.3408924044892061 0.3204937537835811 0.338770856074905 0.31937683082767787 0.31115929603317466 0.3144115010963642 0.3073916072434867 0.3143069530227302 0.30457892856347185 0.31520429771701053 0.299866690160705 0.3208267027221881 0.3007190694052752 0.3272648011576432
4 0.3598104367106213 0.3186215513627765 0.35871509861527995 0.3226249842026747 0.36018321388443286 0.32618705486848987 0.3667174961698814 0.3314767840049767 0.3700244314490934 0.33292417717873307 0.3761251968480376 0.3332587856283449 0.385367454515493 0.32984512407450506 0.39252586088921276 0.3257454196244902 0.3960108212746588 0.32261836725016213 0.3977177013627384 0.31899560954905437 0.39831458882703813 0.3159041417495502 0.39688836471029526 0.3095162482350327 0.3942160140159485 0.3054082673215004 0.3894367694357393 0.30365550639035976 0.3739995035679258 0.3056573593452673 0.37007683226413113 0.30708599394115094 0.3598104367106213 0.3186215513627765
4 0.3518730220665906 0.2741614595976002 0.3512949831625736 0.2774683674269685 0.3527966015204477 0.2847180210609426 0.35438200218314175 0.28631602899751163 0.36728305131043265 0.27845757242969016 0.3737880245390043 0.2768030156895873 0.38811529778303805 0.27533245263628336 0.393321792785002 0.2720547854991425 0.3940694687315641 0.2706868379385514 0.3921405999519355 0.26846761237285877 0.37967938334193235 0.2615255321471064 0.37394093462020567 0.26202758135648235 0.36295829377594957 0.26537641764327075 0.3560302641574676 0.2688046995432244 0.3518730220665906 0.2741614595976002
4 0.352283889689237 0.044228193278200045 0.35415621278801745 0.045801098754300364 0.3573877538260983 0.04638673180860007 0.36423619517160466 0.0453533926976208 0.3734826468709044 0.03868302823535012 0.3751518298384184 0.03462939047451412 0.37480209525673397 0.024022624090234236 0.37291092359767086 0.022234278584269785 0.3649713381886674 0.024014347626716594 0.35565788031192525 0.023309546152669204 0.35245564833072124 0.029668198974959294 0.3505141974555594 0.037219082134558865 0.352283889689237 0.044228193278200045
5 0.451719219901224 0.6983016452249504 0.4498050056500337 0.6995545625975528 0.4470069814984572 0.7039240502301278 0.44344662687187997 0.7061893424849994 0.44039518337293854 0.7142715155462025 0.44088524594029127 0.7198729563226699 0.44466339522657317 0.7267063502430295 0.4478341965519614 0.7299023661161677 0.4524019129372154 0.7325419896272336 0.46666844646855654 0.7336818093927681 0.4696926533435266 0.7318976021185625 0.4800093281131351 0.7110228160313729 0.47955696266634795 0.7058522553146338 0.47189803322868124 0.6976216731414555 0.4662664094039017 0.6894308137748596 0.46251756917449666 0.6895417057310899 0.4595122108598093 0.6915413530351596 0.4556502792687073 0.690359604812205 0.451719219901224 0.6983016452249504
5 0.44520176290918656 0.6502438982191352 0.43489767023511117 0.6613485755810324 0.43713857647585874 0.673743687471277 0.43900670554279475 0.6785732958558081 0.44189058443209656 0.681794414189415 0.4467640718137199 0.6846243752698762 0.4526721575779916 0.6860612863292774 0.46588943819824574 0.6851220131775769 0.47297245033083435 0.6801605486081057 0.47452854193665156 0.674814270668085 0.4751903631454885 0.6658557171413115 0.47387723039044233 0.6607604638059789 0.4712237282563786 0.6568679229223107 0.46237521792195657 0.65156357343971 0.45583674160466375 0.6495305472116539 0.45061559207426133 0.6493360714104999 0.44520176290918656 0.6502438982191352
5 0.4864913570816469 0.652927109698626 0.4871238200675734 0.6667654765308682 0.4788616875348235 0.6813820196376428 0.47918211305963104 0.685044500145333 0.4916433296696342 0.6919865803710853 0.4978383378699923 0.6933983889700178 0.5044187053396951 0.6926055923493714 0.5128567413797399 0.6899135582665303 0.5185239898921797 0.6852930460292672 0.5224362006993803 0.6771355655866576 0.5238038067023696 0.6696348873479956 0.520712593649957 0.6640439286858832 0.5049297872323033 0.6521823123480798 0.4976666775605755 0.6484759708020482 0.4903805252967204 0.6478108921345832 0.4886966878007679 0.6483923869571243 0.4864913570816469 0.652927109698626
5 0.058144379949397515 0.08928299267943611 0.04439095157753643 0.09070335081180225 0.043069430758801576 0.09212150329333113 0.04302753960639167 0.09494732614203363 0.03910067427075255 0.09963266364634808 0.039538385189101216 0.10133108142479239 0.043113394344116866 0.10253793210821582 0.04203690480905827 0.10675680497797826 0.04402231926953556 0.10962235063326328 0.04295002376632129 0.11058452059459514 0.03468581880066608 0.11195881203778253 0.02656820828542896 0.11831332662831384 0.024725194243525355 0.12368470702880341 0.0262875523140922 0.12832397784393904 0.032153746925954116 0.13258671175204279 0.0415384050119832 0.1374099762539776 0.047963789967579364 0.13815036230284883 0.05529183338384436 0.13598961812161123 0.058584114134618025 0.13396486835707266 0.0642702112073407 0.12955979614967372 0.06708708391919982 0.12540574854696257 0.0666996522169498 0.11436810210295416 0.06398960440203763 0.10982924112969358 0.06158113355165007 0.10873742063425924 0.06500954825624769 0.10496404817033875 0.06404407764998063 0.09723330955569898 0.062326737065307045 0.09412722141008097 0.058144379949397515 0.08928299267943611
5 0.05159963716735486 0.07726441769622347 0.05579664881170284 0.08558078936516322 0.06210474837375781 0.08828523814328051 0.07176586839927905 0.08635455433802086 0.0772969829578949 0.08348266480013944 0.0802080984711683 0.08040581734674905 0.08120499973325121 0.07858188726596076 0.08057880321207453 0.07472906918887512 0.07832531487579389 0.07210406602392298 0.07159835295567299 0.06791663949722544 0.06655103449966016 0.066404421056418 0.054741129435866155 0.07351614769277184 0.05159963716735486 0.07726441769622347
5 0.00769004394955195 0.0743762483012235 0.008546617225966563 0.07755764382824797 0.014982462678156816 0.08502687572384478 0.02008632681501803 0.08718541425424498 0.027085556642786744 0.08787559538217868 0.03010976351775694 0.08609138810797301 0.03327010434655085 0.0825585581343855 0.03440313956245774 0.07898600535421538 0.033814640161846606 0.0755640673368581 0.02913802644674014 0.06837510073817654 0.024513764380637515 0.06508915713751832 0.020670681349818382 0.0641228489444277 0.014320690635353506 0.06424422301501317 0.00769004394955195 0.0743762483012235
3 0.6752401365101319 0.7019746289385024 0.6661256247328118 0.7101530736098218 0.6644564417652978 0.7142067113706578 0.6665381714600942 0.7313917088388509 0.6686178287219854 0.7353344546434565 0.6729928654725672 0.7390763807643118 0.6762244065106482 0.7396620138186116 0.6793428561870322 0.7389550066937266 0.6933685524665412 0.7340374031625967 0.6975257945574181 0.7286806431082209 0.6971865204723278 0.7248027225706665 0.6951445603310022 0.721290856825789 0.698637908780137 0.7116503986345994 0.6971509449507012 0.7078728879389201 0.6855504956489571 0.7008555003317616 0.6783397376262331 0.7010521817837532 0.6752401365101319 0.7019746289385024
5 0.9258099171096628 0.30101510585255814 0.9261073000423433 0.307718849238815 0.9323316172995784 0.3160749437143373 0.9353327815824212 0.3173319993186984 0.9425058424845796 0.31670443780697843 0.9469269644194155 0.31436383817070046 0.9513711289463789 0.30898197565585594 0.9503302640989808 0.30038947692175944 0.9420367500764485 0.2948194824883571 0.9369705830601529 0.2930918240176853 0.9334898167065513 0.2929621734835826 0.9301221417146464 0.2941251631286647 0.9269052552050041 0.29701167301265985 0.9258099171096628 0.30101510585255814
5 0.9340050434649703 0.2790233968094654 0.9341139407948225 0.283572739897081 0.9371444141345426 0.29177408137803174 0.9420367500764485 0.2948194824883571 0.9443467840935778 0.2980908057429017 0.9498737046203491 0.2984756191134511 0.9517648762794124 0.30026396461941546 0.9618448586629993 0.29981625856273586 0.9690975078381335 0.29679375426204174 0.9701321062207819 0.29540070424098175 0.9702305430540404 0.2932212014818717 0.9624438677262385 0.28022583619121366 0.956939989791594 0.2767997599420976 0.9516811431406259 0.2761744040812153 0.9453688495467267 0.27672665821152875 0.9364931025883333 0.27772027451592557 0.9340050434649703 0.2790233968094654
5 0.9602657244650551 0.30820379938132325 0.9614427232662773 0.3150476754160379 0.9643601052443003 0.32195637671780386 0.9696147578634239 0.325838435487117 0.9768632130067134 0.3260726340948536 0.9813974263032463 0.3250246746377605 0.9832927919941538 0.32355631723529416 0.9842519961356713 0.3213015070947776 0.9862227560677098 0.32069490981176785 0.9845075370819754 0.3010898670941319 0.9752925160384915 0.2982055628609742 0.9688252399304856 0.30029099966080547 0.9622029813083725 0.3039096191301544 0.9602657244650551 0.30820379938132325