5 0.8088222923699708 0.22852098495905118 0.8051970039988566 0.22038860697691054 0.7979862459761328 0.22019192552491887 0.7911985443433192 0.22176896923277792 0.7842872908522146 0.23136749896654743 0.781803425760696 0.23332107958143836 0.7800483880554568 0.2368580477867846 0.7808798463068388 0.24387764104478085 0.7884655031023134 0.253007773563077 0.7925431569202147 0.2559695908284785 0.808332278968652 0.26386363197112384 0.8153733999488304 0.26599927369189263 0.8262722584882669 0.2636964642812761 0.8287184264592199 0.2621737637261134 0.829937316412852 0.2581557105401013 0.8283812248070348 0.2528094326000806 0.8179745012678566 0.23626854957064242 0.8142968612477383 0.23203919458652492 0.8088222923699708 0.22852098495905118
5 0.7659599287963832 0.27231351933600867 0.762629950925044 0.2707196496311983 0.7561249776964724 0.2690650928910954 0.7489330682340313 0.2686529714092396 0.7394164702260226 0.27498431612022334 0.739875151303593 0.2895694128839329 0.7436177250682486 0.29966585359531955 0.7475634389641704 0.30413575106977 0.7555637640858665 0.30852620293105526 0.763578743736001 0.3094445118540457 0.7703287482482489 0.30829834820591495 0.7716649235954223 0.3062443577491488 0.7748985370664085 0.29241647303126184 0.775101677197675 0.2867899297943256 0.7732398145954886 0.2816339894237002 0.7696564173767844 0.2763274342902621 0.7659599287963832 0.27231351933600867
5 0.8410791338030593 0.2662944324048383 0.833309185436601 0.26257540309361416 0.8289111060938922 0.26327606633590284 0.825204157016897 0.2659909972283752 0.8172122199588896 0.2681139511839514 0.816355646682475 0.27129534671097577 0.818979839759662 0.2743470917038975 0.8276315255936009 0.29442494293868177 0.8300630390361154 0.29637438532181404 0.8395503279872474 0.29698732648742016 0.8442730268866082 0.29588088564587195 0.8476930535275169 0.29314085229293085 0.8494103941121907 0.2900347641473129 0.8505266532007202 0.2805805052937599 0.8492951811515548 0.2748284497544796 0.8461725374433264 0.27086473972116387 0.8410791338030593 0.2662944324048383
5 0.7285221007146327 0.45899106585290184 0.7199521247526083 0.45780711197910984 0.7120648909926091 0.4521240199386397 0.7096752687025044 0.45300040040420997 0.7092647944081273 0.4609967839696517 0.70578822208637 0.4643831374121851 0.7109612139996127 0.471348387517485 0.7135037463709188 0.4852474413850197 0.7187709810855755 0.49113549134099876 0.7263482498173612 0.49375221804243347 0.7289682488627037 0.4935472601269245 0.7341286586804134 0.490742401506932 0.7376617766830191 0.48670972797480616 0.7385665075765935 0.47636860654132773 0.7356847011201969 0.46634747321134745 0.7317955329051234 0.46123125564730466 0.7285221007146327 0.45899106585290184
5 0.7786832478136422 0.4540447677693771 0.7637863237292801 0.4557807027035664 0.7598113007764814 0.45825509110570567 0.7579620202698282 0.4628692594603727 0.759019661244604 0.4673035723599993 0.7640041675550187 0.4764232227639404 0.7685802720039615 0.4802970050697361 0.7719102498753007 0.4818908747745464 0.7761952378563128 0.4824828517114425 0.784111780673189 0.4812216578753228 0.786545366548609 0.4699288485948678 0.7862689046091167 0.4631749002876733 0.7842332109325408 0.45670121727739427 0.78151477505394 0.4547266724337934 0.7786832478136422 0.4540447677693771
5 0.8527051406241387 0.5167469121331061 0.8446901609740044 0.5158286032101156 0.8414774684962065 0.5161987962345513 0.835743213806324 0.5189534499336061 0.8330520145516946 0.5232768708770025 0.8326938919063215 0.527370231444421 0.8354353703770496 0.5323860391665887 0.8383841830108884 0.535032006560251 0.8466525820083881 0.539663000911869 0.8542486993004565 0.5420642875834396 0.8601379365044457 0.5408428165539025 0.8630783610745958 0.5369753781307032 0.8642553598758178 0.5301315020959885 0.8634092470959974 0.5265840517762872 0.8603619976289002 0.521758581623515 0.8563220409315644 0.5183658842983851 0.8527051406241387 0.5167469121331061
5 0.870900661090058 0.5367913844439041 0.8642302448507856 0.5403324908810091 0.8629925063368704 0.5445659840968854 0.8636082423614532 0.5474420118665255 0.8659078158819881 0.5508995344587067 0.8699666211396068 0.5540767917539723 0.8770642878006341 0.5555661133851487 0.8843692886247718 0.5546855946878197 0.887196621833225 0.5521107964438051 0.8891024480207269 0.5468503079995457 0.8888678772336442 0.5429221825410538 0.8823545159413839 0.5347542199840893 0.876857965270959 0.5364442247640578 0.870900661090058 0.5367913844439041
5 0.8910647707230431 0.5112022932300888 0.8838163155797535 0.5114364918378256 0.8804486405878489 0.5102735021927435 0.876356332241509 0.5107838278656368 0.8735478475933384 0.5131431860797873 0.8726347286360754 0.516970901696404 0.8753573585465206 0.5222021494484357 0.8886291124147176 0.535737354174131 0.8924763894773813 0.5380277488894714 0.8996871475001053 0.5382244303414632 0.9042171667647938 0.5360156868901254 0.9075764536930098 0.5306652707183459 0.9079303823065384 0.5233152072424966 0.9057397061158561 0.5153083415626999 0.9008012849896956 0.512271216915892 0.8910647707230431 0.5112022932300888
5 0.887196523501158 0.4926283839725946 0.8788192271738058 0.49254673270859195 0.8747918525720031 0.4989241441087545 0.8742305897953637 0.5086440479131092 0.8761448040465538 0.5098969652857115 0.8820947809632356 0.5112858770750128 0.9047993505346215 0.5128380913923193 0.906535539679578 0.509516563216837 0.906870619732824 0.5023819397708521 0.9046087433328545 0.4984935371189426 0.8962837986545065 0.49450886285691675 0.887196523501158 0.4926283839725946
5 0.908969125554998 0.4982237539363822 0.9060852466656961 0.5014448722699891 0.9069313594455167 0.5049923225896904 0.9059470402789668 0.5129385012341945 0.9079219942428498 0.516801801425635 0.9115200459899928 0.5186362136207784 0.9221927218060355 0.5189186845685314 0.9272211917017653 0.5176219061575879 0.9309281407787605 0.5149069752651155 0.931803562615458 0.5115101397082269 0.9305574360378545 0.5092302271072418 0.9235875152669625 0.5029761223585857 0.9133106592168586 0.49816941078368576 0.908969125554998 0.4982237539363822
2 0.3212580286449773 0.6263383524592407 0.3176599768978346 0.6245039402640976 0.31215190493134587 0.6246733136047828 0.3039630942068219 0.6224372620421389 0.3004823278532203 0.6225669125762415 0.294789964315748 0.6281473891239989 0.2902871816750309 0.636654098362334 0.2944842424854125 0.6580789329289995 0.2964591964492955 0.6619422331204402 0.3038102824576878 0.6671442401802443 0.3120367903027775 0.6689494116831601 0.3161479472094001 0.6682236459804025 0.3183071927442667 0.6666758429647711 0.32791591195475045 0.6427683435324487 0.32922485067795215 0.6344163872886851 0.3267325975227448 0.6298565620867147 0.3233083768499916 0.629339892531225 0.3212580286449773 0.6263383524592407
2 0.4640113402950522 0.623848503409732 0.4626374678273133 0.6263333739262265 0.45831268570981337 0.6245439255948431 0.4530663965713616 0.6200687870632152 0.44973641870002246 0.6184749173584049 0.4453383393573135 0.6191755806006937 0.44281677714522927 0.6215600412753128 0.4402428632841409 0.6278475249479551 0.4394700723125462 0.6366805661723846 0.4442849415804157 0.647739176845103 0.4472149056539719 0.6506005842686294 0.4541052381518882 0.6544597462283113 0.4566309943958168 0.6553319884621227 0.45982483831333204 0.6551772354675511 0.46473602281552095 0.6519163943273616 0.47053308965100127 0.638529871783558 0.47159280305868234 0.6297219330195974 0.47003671145286513 0.6243756550795767 0.4667255821418088 0.6225663453449022 0.4640113402950522 0.623848503409732
4 0.49337162241123844 0.5955905479926231 0.48336703426878236 0.5942810818164872 0.47617931883818565 0.5971256632430622 0.47333313706944946 0.5999159015169409 0.4712807164315299 0.610156613108544 0.47289335371819535 0.6148565709589723 0.47859829935120085 0.6190462031365073 0.48697978971039724 0.6223845573089407 0.4924313159960376 0.6228615040578478 0.5024317101066492 0.6209142673255531 0.5055082686306233 0.6187954516017357 0.5079125454491665 0.6144469281978704 0.5080214427790188 0.6098975851102549 0.5051626789147495 0.6029177146588413 0.5011792678982621 0.5988786972441191 0.49337162241123844 0.5955905479926231