2 0.49034749034749037 0.05192047867207103 0.494015444015444 0.05597375024126616 0.4980694980694981 0.05732484076433121 0.5027027027027027 0.056745801968731906 0.5048262548262549 0.05500868558193399 0.5061776061776062 0.05114842694460529 0.506949806949807 0.045744064852345105 0.5071428571428571 0.03204014668982822 0.5059845559845559 0.027407836325033776 0.5017374517374518 0.019687319050376375 0.49536679536679534 0.020073344914109247 0.4915057915057915 0.022003474232773594 0.4891891891891892 0.026249758733835168 0.4882239382239382 0.030303030303030304 0.4886100386100386 0.04342790966994789 0.49034749034749037 0.05192047867207103
2 0.4631274131274131 0.08010036672457055 0.4666023166023166 0.08222350897510133 0.46814671814671815 0.08183748311136846 0.47046332046332046 0.07855626326963906 0.4722007722007722 0.06987068133564948 0.4754826254826255 0.06523837097085505 0.4808880308880309 0.06060606060606061 0.48204633204633207 0.05771086662806408 0.48301158301158303 0.05037637521713955 0.4805019305019305 0.04670912951167728 0.4772200772200772 0.04497201312487937 0.47335907335907335 0.04439297432928006 0.47065637065637067 0.04593707778421154 0.4691119691119691 0.04786720710287589 0.4648648648648649 0.05732484076433121 0.46216216216216216 0.07218683651804671 0.46196911196911195 0.07681914688284115 0.4631274131274131 0.08010036672457055
2 0.34575289575289575 0.3848677861416715 0.3478764478764479 0.3869909283922023 0.3557915057915058 0.390851187029531 0.3592664092664093 0.39123721289326385 0.3608108108108108 0.3869909283922023 0.3613899613899614 0.3813935533680757 0.3611969111969112 0.3723219455703532 0.35945945945945945 0.36711059640995947 0.3557915057915058 0.3651804670912951 0.3521235521235521 0.36556649295502797 0.34884169884169886 0.36711059640995947 0.34691119691119693 0.3701988033198224 0.34517374517374516 0.37695425593514764 0.344980694980695 0.38235861802740784 0.34575289575289575 0.3848677861416715
2 0.1891891891891892 0.6718780158270604 0.19034749034749035 0.6684037830534646 0.1916988416988417 0.6521906967766841 0.19111969111969113 0.6475583864118896 0.1891891891891892 0.6458212700250917 0.18571428571428572 0.6448562053657595 0.1805019305019305 0.6452422312294924 0.17644787644787646 0.6473653734800232 0.17625482625482625 0.650839606253619 0.1891891891891892 0.6718780158270604
2 0.21833976833976834 0.6298011966801775 0.22374517374517375 0.6307662613395097 0.2274131274131274 0.6305732484076433 0.23185328185328186 0.633082416521907 0.23011583011583012 0.6379077398185679 0.22393822393822393 0.6409959467284309 0.22162162162162163 0.6435051148426945 0.22142857142857142 0.647751399343756 0.2222007722007722 0.6492955027986875 0.2277992277992278 0.655278903686547 0.23127413127413127 0.6562439683458792 0.23436293436293437 0.6550858907546806 0.23667953667953667 0.6510326191854854 0.23725868725868726 0.6438911407064273 0.23455598455598456 0.6353985717043041 0.23513513513513515 0.6309592742713762 0.23455598455598456 0.6263269639065817 0.23243243243243245 0.6215016406099209 0.22992277992277993 0.618027407836325 0.22702702702702704 0.6164833043813935 0.22027027027027027 0.6193784983593901 0.21756756756756757 0.6232387569967188 0.2171814671814672 0.6270990156340475 0.21833976833976834 0.6298011966801775
3 0.47277992277992276 0.09554140127388536 0.47702702702702704 0.09766454352441614 0.4803088803088803 0.09669947886508395 0.4833976833976834 0.09187415556842309 0.48764478764478764 0.08067940552016985 0.48957528957528956 0.07797722447403976 0.488996138996139 0.07160779772244741 0.48783783783783785 0.0677475390851187 0.48455598455598453 0.06350125458405713 0.4806949806949807 0.06176413819725922 0.4774131274131274 0.06369426751592357 0.4743243243243243 0.06678247442578653 0.4718146718146718 0.07122177185871453 0.4700772200772201 0.08106543138390272 0.4702702702702703 0.08839992279482725 0.47277992277992276 0.09554140127388536
3 0.5013513513513513 0.07624010808724184 0.4971042471042471 0.08164447017950202 0.4972972972972973 0.08839992279482725 0.4996138996138996 0.09380428488708743 0.5013513513513513 0.09496236247828604 0.5052123552123552 0.09515537541015248 0.5096525096525096 0.09226018143215596 0.5111969111969112 0.08820690986296081 0.5125482625482626 0.07681914688284115 0.5123552123552123 0.07083574599498166 0.511003861003861 0.06581740976645435 0.5084942084942085 0.060992086469793476 0.5052123552123552 0.05848291835552982 0.5023166023166024 0.06060606060606061 0.5036679536679537 0.06851959081258445 0.5013513513513513 0.07624010808724184
3 0.9171814671814672 0.37290098436595254 0.9214285714285714 0.37695425593514764 0.9295366795366795 0.3813935533680757 0.933011583011583 0.3813935533680757 0.9357142857142857 0.38042848870874346 0.9370656370656371 0.3790773981856784 0.9382239382239382 0.37695425593514764 0.9382239382239382 0.37290098436595254 0.9370656370656371 0.3696197645242231 0.9249034749034749 0.3591970662034356 0.9218146718146718 0.35765296274850417 0.9183397683397684 0.3572669368847713 0.9166023166023166 0.3586180274078363 0.9144787644787645 0.362478286045165 0.9148648648648648 0.36942675159235666 0.9171814671814672 0.37290098436595254
3 0.43513513513513513 0.307469600463231 0.44613899613899616 0.30843466512256323 0.4474903474903475 0.30669754873576527 0.44787644787644787 0.3036093418259023 0.44613899613899616 0.2966608762787107 0.4391891891891892 0.2889403590040533 0.43783783783783786 0.28990542366338545 0.4362934362934363 0.2929936305732484 0.43416988416988417 0.3007141478479058 0.4337837837837838 0.30476741941710095 0.43513513513513513 0.307469600463231
3 0.1920849420849421 0.7795792318085312 0.19633204633204634 0.7867207102875893 0.19942084942084942 0.7882648137425208 0.2030888030888031 0.7880718008106543 0.20637065637065638 0.7826674387183942 0.2079150579150579 0.7712796757382745 0.20772200772200772 0.7629801196680177 0.2055984555984556 0.7513993437560317 0.2030888030888031 0.7471530592549701 0.19922779922779923 0.7454159428681721 0.1916988416988417 0.7504342790966995 0.1891891891891892 0.7542945377340282 0.18841698841698842 0.7569967187801583 0.18822393822393824 0.7660683265778807 0.1920849420849421 0.7795792318085312
4 0.22586872586872586 0.8374831113684617 0.233011583011583 0.8434665122563212 0.23764478764478764 0.8453966415749855 0.24150579150579152 0.8453966415749855 0.24343629343629344 0.8390272148233932 0.24266409266409267 0.8320787492762015 0.23532818532818534 0.8195329087048833 0.2305019305019305 0.8170237405906196 0.22374517374517375 0.8199189345686161 0.22007722007722008 0.8251302837290099 0.22046332046332046 0.83053464582127 0.22586872586872586 0.8374831113684617
4 0.22567567567567567 0.8075661069291643 0.23011583011583012 0.8149005983400888 0.23416988416988416 0.8187608569774175 0.23783783783783785 0.8187608569774175 0.2416988416988417 0.8152866242038217 0.24343629343629344 0.8110403397027601 0.24266409266409267 0.8033198224281027 0.2418918918918919 0.8006176413819726 0.23764478764478764 0.7930901370391816 0.23436293436293437 0.7919320594479831 0.22722007722007723 0.7992665508589075 0.2252895752895753 0.802547770700637 0.2249034749034749 0.8044779000193013 0.22567567567567567 0.8075661069291643
4 0.6648648648648648 0.6867400115807759 0.6681467181467181 0.6900212314225053 0.6714285714285714 0.6892491796950395 0.6752895752895753 0.6819146882841151 0.6772200772200773 0.6707199382358618 0.6776061776061776 0.659718201119475 0.677027027027027 0.656629994209612 0.6752895752895753 0.6535417872997491 0.6681467181467181 0.6533487743678826 0.6652509652509653 0.6558579424821463 0.6633204633204633 0.6579810847326771 0.661003861003861 0.6676317313259988 0.6608108108108108 0.6855819339895773 0.6648648648648648 0.6867400115807759
4 0.6596525096525097 0.6404169079328315 0.6617760617760617 0.6423470372514959 0.667953667953668 0.6514186450492183 0.6750965250965251 0.6518046709129511 0.6766409266409267 0.6479444122756225 0.6777992277992279 0.6334684423856398 0.6777992277992279 0.6263269639065817 0.6768339768339768 0.6224667052692531 0.6760617760617761 0.6209226018143216 0.672007722007722 0.6176413819725922 0.6683397683397684 0.6168693302451265 0.665057915057915 0.6187994595637908 0.6621621621621622 0.6230457440648524 0.6583011583011583 0.6336614553175063 0.6596525096525097 0.6404169079328315
4 0.6347490347490348 0.6896352055587724 0.637065637065637 0.6933024512642347 0.6415057915057915 0.6927234124686354 0.6444015444015444 0.690793283149971 0.6472972972972973 0.6857749469214437 0.6488416988416988 0.6749662227369234 0.6472972972972973 0.6726500675545262 0.6405405405405405 0.6745801968731905 0.6384169884169885 0.6768963520555877 0.6345559845559846 0.6857749469214437 0.6347490347490348 0.6896352055587724
4 0.7227799227799228 0.4292607604709516 0.7262548262548263 0.43022582513028373 0.7306949806949807 0.42983979926655086 0.7353281853281853 0.4271376182204208 0.7386100386100386 0.4234703725149585 0.7401544401544402 0.4184520362864312 0.7397683397683398 0.41381972592163674 0.7364864864864865 0.4101524802161745 0.731081081081081 0.4103454931480409 0.7247104247104247 0.4151708164447018 0.7204633204633205 0.42154024319629413 0.7204633204633205 0.42636556649295504 0.7227799227799228 0.4292607604709516
4 0.7411196911196911 0.42752364408415366 0.7517374517374518 0.4290677475390851 0.7552123552123552 0.4261725535610886 0.7575289575289575 0.4217332561281606 0.7581081081081081 0.4184520362864312 0.7575289575289575 0.41536382937656824 0.7552123552123552 0.4122756224667053 0.7480694980694981 0.41150357073923954 0.7434362934362935 0.4142057517853696 0.740926640926641 0.4182590233545648 0.7401544401544402 0.4217332561281606 0.7399613899613899 0.4255935147654893 0.7411196911196911 0.42752364408415366
4 0.7281853281853282 0.3976066396448562 0.7337837837837838 0.3991507430997877 0.7376447876447877 0.39876471723605483 0.7426640926640926 0.3941324068712604 0.7440154440154441 0.3867979154603358 0.7413127413127413 0.38409573441420575 0.7378378378378379 0.38390272148233934 0.731081081081081 0.3867979154603358 0.7254826254826254 0.39065817409766457 0.7252895752895753 0.3941324068712604 0.7281853281853282 0.3976066396448562
4 0.9268339768339768 0.39857170430418837 0.9291505791505792 0.4008878594865856 0.9357142857142857 0.40281798880524994 0.9426640926640927 0.40378305346458215 0.9459459459459459 0.4018529241459178 0.949034749034749 0.39741362671298974 0.949034749034749 0.3939393939393939 0.9471042471042471 0.390851187029531 0.9422779922779922 0.3866049025284694 0.9357142857142857 0.3831306697548736 0.9293436293436294 0.3844817602779386 0.9264478764478764 0.38756996718780157 0.9256756756756757 0.39451843273499326 0.9268339768339768 0.39857170430418837
4 0.3420849420849421 0.4348581354950782 0.34343629343629345 0.43370005790387955 0.34594594594594597 0.4279096699478865 0.35463320463320464 0.4223122949237599 0.355019305019305 0.42076819146882843 0.3532818532818533 0.41864504921829765 0.34459459459459457 0.41729395869523256 0.3416988416988417 0.4184520362864312 0.34034749034749034 0.4199961397413627 0.3382239382239382 0.42636556649295504 0.33861003861003863 0.43157691565334877 0.3420849420849421 0.4348581354950782
4 0.37316602316602315 0.417486971627099 0.3801158301158301 0.41555684230843465 0.3826254826254826 0.41169658367110595 0.38204633204633204 0.40938042848870876 0.3805019305019305 0.40783632503377726 0.3745173745173745 0.4091874155568423 0.37142857142857144 0.4113105578073731 0.3712355212355212 0.4151708164447018 0.37316602316602315 0.417486971627099
4 0.2745173745173745 0.3244547384674773 0.2777992277992278 0.3279289712410732 0.283011583011583 0.33024512642347037 0.2862934362934363 0.3281219841729396 0.28783783783783784 0.3221385832850801 0.28841698841698843 0.31075082030496043 0.28725868725868725 0.3039953676896352 0.283011583011583 0.29974908318857363 0.27953667953667954 0.29743292800617643 0.27586872586872585 0.29878401852924147 0.2745173745173745 0.3001351090523065 0.27297297297297296 0.3039953676896352 0.27239382239382237 0.3109438332368269 0.2745173745173745 0.3244547384674773
4 0.2864864864864865 0.21984172939586952 0.2913127413127413 0.2240880138969311 0.29324324324324325 0.23277359583092067 0.2967181467181467 0.23315962169465354 0.3007722007722008 0.22717622080679406 0.3019305019305019 0.21713954834973942 0.3013513513513513 0.21289326384867785 0.299034749034749 0.2065238370970855 0.2967181467181467 0.20304960432348967 0.29343629343629346 0.20343563018722255 0.2911196911196911 0.2059447983014862 0.2888030888030888 0.21019108280254778 0.2862934362934363 0.21656050955414013 0.2864864864864865 0.21984172939586952
4 0.48436293436293437 0.1084732677089365 0.48783783783783785 0.11310557807373094 0.49131274131274133 0.1123335263462652 0.49362934362934363 0.10924531943640224 0.49613899613899615 0.10152480216174484 0.4969111969111969 0.09071607797722447 0.49536679536679534 0.08357459949816638 0.49131274131274133 0.08106543138390272 0.48783783783783785 0.08318857363443351 0.48359073359073357 0.09168114263655665 0.48243243243243245 0.09573441420575178 0.48243243243243245 0.10248986682107701 0.48436293436293437 0.1084732677089365
5 0.6353281853281854 0 0.6349420849420849 0.0023161551823972205 0.6316602316602317 0.008492569002123142 0.6297297297297297 0.01408994402624976 0.6295366795366796 0.019687319050376375 0.6322393822393823 0.02798687512063308 0.6335907335907336 0.038795599305153444 0.6349420849420849 0.0407257286238178 0.637065637065637 0.0418838062150164 0.6405405405405405 0.0407257286238178 0.6453667953667954 0.03647944412275622 0.6482625482625483 0.033005211349160395 0.6515444015444015 0.025670719938235862 0.6527027027027027 0.018529241459177764 0.6509652509652509 0 0.6353281853281854 0
5 0.8694980694980695 0 0.8694980694980695 0.0017371163867979154 0.8683397683397683 0.0028951939779965257 0.8673745173745174 0.005790387955993051 0.866988416988417 0.009071607797722448 0.8693050193050194 0.0187222543910442 0.8722007722007722 0.024126616483304383 0.8766409266409266 0.027407836325033776 0.8801158301158302 0.026635784597568036 0.8818532818532818 0.025091681142636556 0.8841698841698842 0.022389500096506466 0.885907335907336 0.018529241459177764 0.892084942084942 0.011966801775718973 0.8934362934362934 0.008878594865856012 0.8924710424710425 0 0.8694980694980695 0
5 0.17606177606177606 0.25516309592742714 0.1783783783783784 0.25863732870102296 0.18223938223938224 0.2621115614746188 0.1859073359073359 0.2597954062922216 0.18783783783783783 0.25535610885929355 0.18745173745173746 0.24821463038023547 0.18281853281853283 0.23972206137811233 0.17895752895752895 0.23586180274078364 0.17528957528957528 0.23644084153638295 0.17374517374517376 0.23972206137811233 0.17374517374517376 0.24531943640223894 0.17606177606177606 0.25516309592742714
5 0.19517374517374517 0.26442771665701603 0.20193050193050194 0.2765875313646014 0.2030888030888031 0.2777456089558 0.20598455598455598 0.2787106736151322 0.20965250965250964 0.2777456089558 0.211003861003861 0.2758154796371357 0.2111969111969112 0.2690600270218105 0.20694980694980694 0.25844431576915655 0.20463320463320464 0.2549700829955607 0.2025096525096525 0.25323296660876277 0.19884169884169883 0.25246091488129707 0.19575289575289576 0.25342597954062923 0.1944015444015444 0.25516309592742714 0.19382239382239383 0.25902335456475584 0.19517374517374517 0.26442771665701603
5 0.2247104247104247 0.2727272727272727 0.22702702702702704 0.27678054429646787 0.2308880308880309 0.27948272534259794 0.23436293436293437 0.27735958309206715 0.23532818532818534 0.2740783632503378 0.23474903474903475 0.2653927813163482 0.23281853281853282 0.25902335456475584 0.2306949806949807 0.2559351476548929 0.2274131274131274 0.2549700829955607 0.22432432432432434 0.25709322524609146 0.22335907335907335 0.2594093804284887 0.22335907335907335 0.2669368847712797 0.2247104247104247 0.2727272727272727
5 0.19942084942084942 0.31982242810268285 0.2030888030888031 0.323875699671878 0.20733590733590734 0.3236826867400116 0.20926640926640927 0.32175255742134723 0.21081081081081082 0.31731325998841925 0.2106177606177606 0.3132599884192241 0.20772200772200772 0.30534645821270023 0.2055984555984556 0.3020652383709709 0.2028957528957529 0.3001351090523065 0.19845559845559846 0.30303030303030304 0.1972972972972973 0.30631152287203245 0.1971042471042471 0.31075082030496043 0.19942084942084942 0.31982242810268285
5 0.21023166023166023 0.3095927427137618 0.21351351351351353 0.3113298591005597 0.2171814671814672 0.30824165219069677 0.21853281853281853 0.3045744064852345 0.21795366795366794 0.3005211349160394 0.21312741312741312 0.2933796564369813 0.21003861003861005 0.29164254005018336 0.2083011583011583 0.29202856591391624 0.20637065637065638 0.29318664350511486 0.20444015444015445 0.29723991507430997 0.20424710424710424 0.30110017371163866 0.21023166023166023 0.3095927427137618
5 0.15984555984555984 0.3072765875313646 0.1718146718146718 0.31924338930708357 0.17548262548262547 0.31808531171588494 0.177992277992278 0.3146110789422891 0.17895752895752895 0.31075082030496043 0.17683397683397684 0.3020652383709709 0.17316602316602317 0.2983979926655086 0.1664092664092664 0.29588882455124493 0.1613899613899614 0.2966608762787107 0.15888030888030888 0.3001351090523065 0.1586872586872587 0.3039953676896352 0.15984555984555984 0.3072765875313646
5 0.25463320463320466 0.3315962169465354 0.2584942084942085 0.3354564755838641 0.26563706563706563 0.33622852731132985 0.27046332046332044 0.3348774367882648 0.2722007722007722 0.331403204014669 0.27123552123552125 0.3292800617641382 0.27123552123552125 0.32078749276201507 0.2689189189189189 0.31422505307855625 0.2667953667953668 0.3155761436016213 0.2583011583011583 0.3161551823972206 0.2548262548262548 0.31943640223895003 0.2536679536679537 0.3227176220806794 0.2534749034749035 0.3281219841729396 0.25463320463320466 0.3315962169465354
5 0.41447876447876447 0.33603551437946344 0.4183397683397683 0.3387376954255935 0.4252895752895753 0.3352634626519977 0.4247104247104247 0.331403204014669 0.42162162162162165 0.3277359583092067 0.4171814671814672 0.3242617255356109 0.4146718146718147 0.3227176220806794 0.41235521235521233 0.3223315962169465 0.411003861003861 0.3223315962169465 0.40965250965250966 0.3236826867400116 0.41081081081081083 0.33178922987840187 0.41447876447876447 0.33603551437946344
5 0.4222007722007722 0.3626712989770315 0.4254826254826255 0.3678826481374252 0.42876447876447876 0.36904072572862384 0.43185328185328187 0.3684616869330245 0.433011583011583 0.36691758347809306 0.43397683397683395 0.3626712989770315 0.43416988416988417 0.3591970662034356 0.433011583011583 0.3524416135881104 0.42876447876447876 0.34008878594865855 0.4254826254826255 0.3404748118123914 0.4243243243243243 0.3420189152673229 0.4241312741312741 0.3516695618606447 0.4222007722007722 0.3626712989770315
5 0.4241312741312741 0.38351669561860646 0.4254826254826255 0.3852538120054044 0.42857142857142855 0.386411889596603 0.4359073359073359 0.3842887473460722 0.4386100386100386 0.38042848870874346 0.43648648648648647 0.3756031654120826 0.432046332046332 0.36981277745608954 0.42876447876447876 0.3696197645242231 0.4252895752895753 0.37135688091102104 0.42316602316602314 0.3761822042076819 0.422972972972973 0.38023547577687705 0.4241312741312741 0.38351669561860646
4 0.3413127413127413 0.3557228334298398 0.3453667953667954 0.3574599498166377 0.3478764478764479 0.35668789808917195 0.34884169884169886 0.35591584636170626 0.3496138996138996 0.35321366531557613 0.3498069498069498 0.3483883420189153 0.3484555984555985 0.34337000579038796 0.34806949806949805 0.3381586566299942 0.3467181467181467 0.33449141092453194 0.34555984555984554 0.3333333333333333 0.3413127413127413 0.3331403204014669 0.33976833976833976 0.3348774367882648 0.3388030888030888 0.3387376954255935 0.3388030888030888 0.34896738081451456 0.3413127413127413 0.3557228334298398
5 0.5129343629343629 0.28276394518432735 0.5231660231660231 0.28990542366338545 0.5260617760617761 0.29164254005018336 0.5287644787644787 0.28990542366338545 0.5297297297297298 0.28643119088978963 0.5297297297297298 0.2823779193205945 0.5281853281853282 0.2760084925690021 0.527027027027027 0.2746574020459371 0.522972972972973 0.2736923373866049 0.5162162162162162 0.2740783632503378 0.5125482625482626 0.2760084925690021 0.5106177606177607 0.2787106736151322 0.5102316602316602 0.27948272534259794 0.5129343629343629 0.28276394518432735
5 0.38764478764478766 0.1420575178536962 0.38822393822393825 0.15209419031075083 0.3901544401544402 0.15498938428874734 0.394015444015444 0.15498938428874734 0.3974903474903475 0.15325226790194943 0.39884169884169884 0.1509361127195522 0.39942084942084943 0.1453387376954256 0.39884169884169884 0.1370391816251689 0.3969111969111969 0.13317892298784018 0.394015444015444 0.1310557807373094 0.38803088803088803 0.13395097471530593 0.3864864864864865 0.1372321945570353 0.38764478764478766 0.1420575178536962
5 0.3777992277992278 0.1646400308820691 0.3801158301158301 0.16772823779193205 0.3833976833976834 0.16714919899633277 0.3861003861003861 0.1630959274271376 0.3888030888030888 0.1547963713568809 0.3878378378378378 0.14051341439876472 0.38706563706563707 0.1387762980119668 0.3835907335907336 0.13761822042076818 0.3799227799227799 0.13954834973943253 0.3781853281853282 0.14167149198996332 0.3758687258687259 0.14765489287782282 0.37625482625482626 0.1584636170623432 0.3777992277992278 0.1646400308820691
5 0.35482625482625485 0.1640609920864698 0.3557915057915058 0.16502605674580198 0.36293436293436293 0.16521906967766842 0.3662162162162162 0.1602007334491411 0.36833976833976834 0.15248021617448368 0.36833976833976834 0.14495271183169273 0.3662162162162162 0.14147847905809688 0.36254826254826256 0.14167149198996332 0.3573359073359073 0.1464968152866242 0.35482625482625485 0.15055008685581933 0.35405405405405405 0.15460335842501446 0.35366795366795367 0.16155182397220613 0.35482625482625485 0.1640609920864698
5 0.34633204633204634 0.13395097471530593 0.349034749034749 0.13684616869330246 0.35231660231660233 0.13839027214823393 0.3555984555984556 0.1370391816251689 0.3581081081081081 0.13472302644277168 0.3621621621621622 0.12680949623624782 0.3638996138996139 0.11986103068905617 0.3633204633204633 0.11580775911986103 0.3604247104247104 0.11117544875506659 0.3592664092664093 0.11040339702760085 0.3554054054054054 0.11021038409573441 0.35231660231660233 0.11136846168693303 0.3496138996138996 0.11638679791546033 0.3461389961389961 0.12661648330438138 0.34517374517374516 0.1304767419417101 0.34633204633204634 0.13395097471530593
5 0.3507722007722008 0.10615711252653928 0.3525096525096525 0.10828025477707007 0.3555984555984556 0.1096313453001351 0.36023166023166026 0.10885929357266937 0.3637065637065637 0.10499903493534067 0.36544401544401545 0.10152480216174484 0.3667953667953668 0.09168114263655665 0.36525096525096523 0.08724184520362864 0.3635135135135135 0.08589075468056359 0.3615830115830116 0.08569774174869717 0.3590733590733591 0.08608376761243003 0.3555984555984556 0.08820690986296081 0.35231660231660233 0.0930322331596217 0.3498069498069498 0.09920864697934761 0.3496138996138996 0.10306890561667632 0.3507722007722008 0.10615711252653928
5 0.3832046332046332 0.13221385832850802 0.38706563706563707 0.13317892298784018 0.39111969111969114 0.1316348195329087 0.394015444015444 0.12700250916811426 0.3947876447876448 0.11252653927813164 0.39362934362934365 0.10982435823200154 0.39054054054054055 0.10635012545840572 0.38745173745173744 0.10519204786720711 0.3859073359073359 0.10615711252653928 0.38166023166023166 0.1129125651418645 0.3803088803088803 0.11947500482532329 0.37972972972972974 0.12661648330438138 0.3832046332046332 0.13221385832850802
5 0.4920849420849421 0.07797722447403976 0.4942084942084942 0.07952132792897124 0.4982625482625483 0.07952132792897124 0.500965250965251 0.07643312101910828 0.5025096525096525 0.07141478479058097 0.500965250965251 0.06060606060606061 0.4982625482625483 0.05867593128739625 0.49498069498069497 0.05771086662806408 0.49131274131274133 0.05771086662806408 0.4886100386100386 0.06079907353792704 0.488030888030888 0.06272920285659139 0.48783783783783785 0.0644663192433893 0.4920849420849421 0.07797722447403976
5 0.6888030888030888 0.20169851380042464 0.6915057915057915 0.2065238370970855 0.6959459459459459 0.20787492762015056 0.6978764478764479 0.20729588882455124 0.6996138996138996 0.20613781123335265 0.7007722007722008 0.20304960432348967 0.7 0.19532908704883228 0.6982625482625483 0.18915267322910634 0.6944015444015444 0.18529241459177764 0.6926640926640927 0.1822042076819147 0.6888030888030888 0.18567844045551052 0.6878378378378378 0.19243389307083575 0.6888030888030888 0.20169851380042464
4 0.6855212355212356 0.25323296660876277 0.6891891891891891 0.25361899247249564 0.6938223938223939 0.24821463038023547 0.6955598455598455 0.24474039760663965 0.696911196911197 0.23779193205944799 0.6926640926640927 0.23489673808145145 0.6841698841698842 0.24068712603744452 0.682046332046332 0.24377533294730747 0.682046332046332 0.2457054622659718 0.6855212355212356 0.25323296660876277
4 0.8397683397683398 0.298591005597375 0.8420849420849421 0.30264427716657016 0.8511583011583012 0.3090137039181625 0.8561776061776062 0.30920671685002893 0.8571428571428571 0.3072765875313646 0.8476833976833977 0.292800617641382 0.8455598455598455 0.29164254005018336 0.8444015444015444 0.2918355529820498 0.8418918918918918 0.292800617641382 0.8403474903474903 0.2947307469600463 0.8395752895752896 0.2962748504149778 0.8397683397683398 0.298591005597375
5 0.848069498069498 0.3723219455703532 0.8523166023166023 0.37367303609341823 0.8555984555984556 0.37154989384288745 0.8617760617760618 0.3626712989770315 0.8631274131274131 0.3593900791353021 0.8625482625482626 0.3557228334298398 0.8598455598455599 0.3512835359969118 0.855984555984556 0.3495464196101139 0.8542471042471043 0.35070449720131247 0.8478764478764479 0.3586180274078363 0.845945945945946 0.36382937656823006 0.8461389961389961 0.36981277745608954 0.848069498069498 0.3723219455703532
5 0.7812741312741313 0.35649488515730554 0.7832046332046332 0.35823200154410345 0.7878378378378378 0.3586180274078363 0.7930501930501931 0.3574599498166377 0.7953667953667953 0.3557228334298398 0.7971042471042471 0.3483883420189153 0.7934362934362934 0.3445280833815866 0.7862934362934363 0.3441420575178537 0.7822393822393823 0.3468442385639838 0.7803088803088803 0.3497394325419803 0.7801158301158301 0.3530206523837097 0.7812741312741313 0.35649488515730554
5 0.7998069498069498 0.39683458791739046 0.8036679536679536 0.3991507430997877 0.8067567567567567 0.3999227948272534 0.8108108108108109 0.39895773016792124 0.8144787644787644 0.3947114456668597 0.8158301158301158 0.3902721482339317 0.8167953667953668 0.38390272148233934 0.8167953667953668 0.38004246284501064 0.8158301158301158 0.37637521713954836 0.8140926640926641 0.374445087820884 0.8111969111969112 0.37367303609341823 0.8073359073359073 0.3740590619571511 0.8038610038610039 0.37579617834394907 0.8001930501930502 0.3790773981856784 0.7984555984555984 0.386411889596603 0.7984555984555984 0.3943254198031268 0.7998069498069498 0.39683458791739046
5 0.8528957528957529 0.46130090716077976 0.8552123552123552 0.4622659718201119 0.8625482625482626 0.46130090716077976 0.8671814671814672 0.4570546226597182 0.8687258687258688 0.45338737695425596 0.8685328185328185 0.4495271183169272 0.8646718146718146 0.44508782088399923 0.8627413127413127 0.44412275622466707 0.8606177606177606 0.44450878208839995 0.8554054054054054 0.44856205365759505 0.8521235521235522 0.4531943640223895 0.8517374517374517 0.45763366145531753 0.8528957528957529 0.46130090716077976
5 0.8752895752895753 0.46998648909476937 0.8768339768339768 0.472495657209033 0.8801158301158302 0.47403976066396447 0.8845559845559846 0.4701795020266358 0.8861003861003861 0.4674773209805057 0.8876447876447876 0.4626519976838448 0.8882239382239382 0.45589654506851957 0.883976833976834 0.4512642347037252 0.8801158301158302 0.4510712217718587 0.8768339768339768 0.45415942868172166 0.8747104247104247 0.4597568037058483 0.8743243243243243 0.46496815286624205 0.8752895752895753 0.46998648909476937
5 0.7250965250965251 0.4460528855433314 0.7308880308880309 0.4493341053850608 0.7343629343629343 0.4481760277938622 0.7386100386100386 0.44412275622466707 0.7407335907335907 0.4394904458598726 0.7407335907335907 0.43582320015441034 0.7386100386100386 0.4327349932445474 0.733976833976834 0.43138390272148236 0.7303088803088803 0.4329280061764138 0.7262548262548263 0.43582320015441034 0.7237451737451738 0.4394904458598726 0.7235521235521235 0.442771665701602 0.7250965250965251 0.4460528855433314
5 0.7135135135135136 0.4404555105192048 0.7173745173745174 0.4419996139741363 0.7208494208494208 0.4404555105192048 0.7223938223938224 0.4385253812005404 0.7235521235521235 0.43582320015441034 0.7233590733590733 0.43196294151708164 0.7202702702702702 0.4261725535610886 0.71003861003861 0.4267515923566879 0.7077220077220078 0.42964678633468445 0.7073359073359073 0.4323489673808145 0.7135135135135136 0.4404555105192048
5 0.5455598455598456 0.46303802354757767 0.5474903474903475 0.4659332175255742 0.55 0.4678633468442386 0.5534749034749035 0.46709129511677283 0.5583011583011583 0.4553175062729203 0.5602316602316603 0.44643891140706427 0.5590733590733591 0.44084153638293766 0.5552123552123552 0.4371742906774754 0.5536679536679536 0.4364022389500096 0.5503861003861004 0.4364022389500096 0.5484555984555984 0.4389114070642733 0.5455598455598456 0.45242231229492375 0.5447876447876447 0.4599498166377147 0.5455598455598456 0.46303802354757767
5 0.4175675675675676 0.43563018722254393 0.42277992277992277 0.44412275622466707 0.42683397683397684 0.4475969889982629 0.42934362934362935 0.4477900019301293 0.433011583011583 0.44663192433893073 0.4349420849420849 0.44296467863346844 0.43513513513513513 0.4385253812005404 0.4332046332046332 0.43196294151708164 0.4295366795366795 0.4261725535610886 0.4252895752895753 0.4240494113105578 0.4218146718146718 0.4240494113105578 0.4200772200772201 0.42501447596989 0.4171814671814672 0.42868172167535223 0.4164092664092664 0.4323489673808145 0.4175675675675676 0.43563018722254393
5 0.40945945945945944 0.42076819146882843 0.4115830115830116 0.42250530785562634 0.4164092664092664 0.4198031268094962 0.41853281853281854 0.4145917776491025 0.41621621621621624 0.40976645435244163 0.4137065637065637 0.40667824744257863 0.4081081081081081 0.4049411310557807 0.40733590733590735 0.40629222157884576 0.4079150579150579 0.4178729974908319 0.40945945945945944 0.42076819146882843
5 0.23957528957528956 0.4252074889017564 0.2413127413127413 0.4292607604709516 0.24285714285714285 0.4323489673808145 0.2444015444015444 0.43350704497201314 0.24961389961389963 0.43370005790387955 0.2517374517374517 0.43196294151708164 0.2530888030888031 0.4273306311522872 0.25212355212355214 0.4184520362864312 0.2498069498069498 0.41208260953483883 0.24826254826254826 0.40957344142057517 0.24498069498069497 0.407257286238178 0.24150579150579152 0.408608376761243 0.2391891891891892 0.41169658367110595 0.2386100386100386 0.4198031268094962 0.23957528957528956 0.4252074889017564
5 0.2527027027027027 0.36981277745608954 0.2588803088803089 0.377533294730747 0.2625482625482625 0.3792704111175449 0.26583011583011584 0.37579617834394907 0.2667953667953668 0.3696197645242231 0.25868725868725867 0.3520555877243775 0.25501930501930503 0.349160393746381 0.2517374517374517 0.3516695618606447 0.2503861003861004 0.35591584636170626 0.2501930501930502 0.3630573248407643 0.2527027027027027 0.36981277745608954
5 0.15115830115830114 0.5157305539471144 0.1583011583011583 0.5165026056745802 0.16447876447876447 0.5145724763559159 0.1694980694980695 0.50839606253619 0.1718146718146718 0.5010615711252654 0.17200772200772202 0.4968152866242038 0.17027027027027028 0.4950781702374059 0.16776061776061776 0.49430611850994016 0.161003861003861 0.49430611850994016 0.15791505791505792 0.49604323489673807 0.1530888030888031 0.5008685581933989 0.1498069498069498 0.5070449720131249 0.14961389961389962 0.5126423470372515 0.15115830115830114 0.5157305539471144
5 0.48764478764478764 0.5717043041883806 0.4920849420849421 0.570546226597182 0.4947876447876448 0.567844045551052 0.49594594594594593 0.5651418645049219 0.4963320463320463 0.5595444894807952 0.49536679536679534 0.5435244161358811 0.4934362934362934 0.5402431962941517 0.49131274131274133 0.5386990928392202 0.48957528957528956 0.539471144566686 0.48764478764478764 0.5417872997490832 0.4857142857142857 0.5549121791160008 0.4837837837837838 0.5622466705269253 0.48436293436293437 0.5680370584829183 0.48764478764478764 0.5717043041883806
5 0.5447876447876447 0.5311715884964293 0.5465250965250965 0.5323296660876279 0.5501930501930502 0.5329087048832272 0.5536679536679536 0.5315576143601621 0.5557915057915058 0.5292414591777649 0.5594594594594594 0.5222929936305732 0.5608108108108109 0.5153445280833816 0.5590733590733591 0.5089751013317892 0.5573359073359073 0.5074309978768577 0.5554054054054054 0.5070449720131249 0.5501930501930502 0.508010036672457 0.5469111969111969 0.5128353599691179 0.5442084942084942 0.5195908125844432 0.5436293436293437 0.523065045358039 0.5447876447876447 0.5311715884964293
5 0.4857142857142857 0.6240108087241846 0.4874517374517375 0.6251688863153831 0.49131274131274133 0.6253618992472496 0.4971042471042471 0.6218876664736538 0.5003861003861004 0.6168693302451265 0.502895752895753 0.609148812970469 0.5032818532818533 0.601621308627678 0.5 0.5967959853310172 0.4971042471042471 0.5956379077398186 0.49498069498069497 0.5935147654892878 0.4911196911196911 0.5979540629222158 0.488996138996139 0.6023933603551438 0.48532818532818534 0.6193784983593901 0.4851351351351351 0.6232387569967188 0.4857142857142857 0.6240108087241846
5 0.5138996138996139 0.6429260760470952 0.5154440154440154 0.644663192433893 0.5191119691119691 0.643312101910828 0.5223938223938224 0.6386797915460336 0.5241312741312741 0.6338544682493727 0.5245173745173746 0.6263269639065817 0.522972972972973 0.6228527311329859 0.518918918918919 0.6213086276780544 0.5152509652509653 0.6234317699285852 0.5135135135135135 0.6261339509747154 0.511969111969112 0.633082416521907 0.5117760617760618 0.6375217139548349 0.5138996138996139 0.6429260760470952
5 0.5306949806949807 0.6471723605481567 0.5362934362934363 0.6514186450492183 0.53996138996139 0.6521906967766841 0.5442084942084942 0.649488515730554 0.5467181467181467 0.6496815286624203 0.5465250965250965 0.6404169079328315 0.5453667953667953 0.6336614553175063 0.5434362934362934 0.6296081837483112 0.5395752895752896 0.6296081837483112 0.5361003861003861 0.6319243389307083 0.5328185328185329 0.6353985717043041 0.5293436293436293 0.6413819725921637 0.528957528957529 0.6440841536382937 0.5306949806949807 0.6471723605481567
5 0.5376447876447876 0.619764524223123 0.53996138996139 0.6234317699285852 0.5436293436293437 0.6222736923373866 0.5453667953667953 0.6205365759505886 0.5474903474903475 0.6159042655857943 0.5474903474903475 0.6110789422891334 0.5457528957528958 0.6060606060606061 0.5397683397683398 0.5942868172167535 0.5362934362934363 0.6010422698320788 0.5366795366795367 0.6164833043813935 0.5376447876447876 0.619764524223123
5 0.5758687258687258 0.5952518818760857 0.577992277992278 0.59718201119475 0.582046332046332 0.5935147654892878 0.5851351351351352 0.5888824551244933 0.5864864864864865 0.5811619378498359 0.584942084942085 0.5790387955993052 0.5814671814671815 0.5774946921443737 0.577992277992278 0.5774946921443737 0.5768339768339769 0.5796178343949044 0.5750965250965251 0.5867593128739625 0.5758687258687258 0.5952518818760857
5 0.6158301158301158 0.696969696969697 0.6194980694980695 0.6985138004246284 0.6231660231660232 0.6973557228334298 0.6305019305019305 0.6888631538313067 0.6345559845559846 0.6824937270797143 0.6333976833976834 0.676124300328122 0.6268339768339768 0.673036093418259 0.6227799227799228 0.674773209805057 0.6187258687258688 0.6784404555105192 0.6150579150579151 0.6892491796950395 0.6148648648648649 0.6931094383323683 0.6158301158301158 0.696969696969697
5 0.6544401544401545 0.7110596409959468 0.6579150579150579 0.7135688091102104 0.6615830115830116 0.7137618220420768 0.6638996138996139 0.711638679791546 0.6667953667953668 0.7050762401080872 0.6685328185328185 0.6971627099015634 0.6687258687258687 0.6890561667631732 0.6613899613899614 0.685002895193978 0.6579150579150579 0.6851959081258444 0.6557915057915058 0.6890561667631732 0.6536679536679537 0.7000579038795599 0.6532818532818533 0.7039181625168887 0.6544401544401545 0.7110596409959468
5 0.6266409266409266 0.6724570546226597 0.628957528957529 0.6745801968731905 0.633976833976834 0.6763173132599885 0.6422779922779923 0.667245705462266 0.6445945945945946 0.6622273692337387 0.6447876447876448 0.6535417872997491 0.6438223938223938 0.6506465933217526 0.6411196911196911 0.6475583864118896 0.6368725868725869 0.6471723605481567 0.6335907335907336 0.6498745415942868 0.6272200772200772 0.6647365373480023 0.626061776061776 0.6684037830534646 0.6266409266409266 0.6724570546226597
5 0.5036679536679537 0.5884964292607605 0.504054054054054 0.5925497008299556 0.5052123552123552 0.5960239336035514 0.5084942084942085 0.5960239336035514 0.511003861003861 0.5939007913530207 0.5140926640926641 0.588303416328894 0.5150579150579151 0.585215209419031 0.5144787644787645 0.5782667438718394 0.5125482625482626 0.5755645628257093 0.5088803088803089 0.5747925110982436 0.5054054054054054 0.5761436016213086 0.5044401544401544 0.5780737309399729 0.5046332046332046 0.5830920671685003 0.5036679536679537 0.5884964292607605
5 0.22915057915057915 0.8612237019880332 0.23146718146718145 0.8662420382165605 0.2362934362934363 0.8718394132406871 0.2391891891891892 0.873576529627485 0.2413127413127413 0.8741555684230844 0.24594594594594596 0.8729974908318857 0.24826254826254826 0.8697162709901564 0.24826254826254826 0.8627678054429647 0.24555984555984556 0.8548542752364409 0.24150579150579152 0.8479058096892492 0.23378378378378378 0.8448176027793862 0.2306949806949807 0.8459756803705848 0.22876447876447875 0.8494499131441806 0.2281853281853282 0.8562053657595059 0.22915057915057915 0.8612237019880332
5 0.5611969111969112 0.772823779193206 0.5633204633204634 0.7764910248986682 0.567953667953668 0.7780351283535997 0.5710424710424711 0.7759119861030689 0.5764478764478764 0.7689635205558772 0.5749034749034749 0.7585408222350898 0.5723938223938224 0.7544875506658946 0.5677606177606178 0.7508203049604324 0.5637065637065637 0.7527504342790967 0.5613899613899614 0.7583478093032233 0.5606177606177606 0.765296274850415 0.5611969111969112 0.772823779193206
5 0.5276061776061776 0.848677861416715 0.5293436293436293 0.8506079907353793 0.5382239382239382 0.8459756803705848 0.5407335907335907 0.8426944605288554 0.5445945945945946 0.8347809303223316 0.544980694980695 0.8311136846168693 0.5436293436293437 0.8280254777070064 0.53996138996139 0.8249372707971434 0.5362934362934363 0.8247442578652769 0.5328185328185329 0.8286045165026057 0.5293436293436293 0.8342018915267323 0.5266409266409267 0.8415363829376569 0.5264478764478765 0.8457826674387184 0.5276061776061776 0.848677861416715
5 0.49922779922779925 0.9139162323875699 0.5013513513513513 0.9156533487743679 0.5048262548262549 0.9148812970469021 0.5098455598455598 0.9119861030689056 0.5142857142857142 0.907739818567844 0.5166023166023166 0.901949430611851 0.5171814671814672 0.8967380814514573 0.5191119691119691 0.8905616676317313 0.5175675675675676 0.8853503184713376 0.5150579150579151 0.8826481374252075 0.5113899613899614 0.8820690986296081 0.5084942084942085 0.8828411503570739 0.5030888030888031 0.8890175641767999 0.5003861003861004 0.8948079521327928 0.4980694980694981 0.9058096892491797 0.4980694980694981 0.9117930901370391 0.49922779922779925 0.9139162323875699
5 0.5198841698841699 0.9031075082030496 0.5227799227799228 0.9042655857942482 0.527027027027027 0.9025284694074504 0.532046332046332 0.8977031461107894 0.5368725868725869 0.8909476934954642 0.5403474903474903 0.8836132020845396 0.5397683397683398 0.8818760856977418 0.5374517374517375 0.8793669175834781 0.5332046332046332 0.8782088399922795 0.5281853281853282 0.8789808917197452 0.5262548262548262 0.8805249951746768 0.5223938223938224 0.8799459563790774 0.5179536679536679 0.8955800038602586 0.5181467181467182 0.9009843659525189 0.5198841698841699 0.9031075082030496
5 0.5527027027027027 0.9476934954641961 0.5567567567567567 0.9505886894421927 0.5606177606177606 0.9500096506465934 0.5648648648648649 0.9426751592356688 0.5671814671814672 0.9357266936884772 0.5681467181467181 0.9289712410731519 0.5673745173745174 0.9270411117544876 0.5638996138996138 0.9245319436402238 0.5608108108108109 0.9235668789808917 0.56003861003861 0.9239529048446246 0.5540540540540541 0.9318664350511484 0.5513513513513514 0.9380428488708743 0.5513513513513514 0.9434472109631346 0.5527027027027027 0.9476934954641961
5 0.5432432432432432 0.9332175255742134 0.5501930501930502 0.937463810075275 0.5517374517374517 0.9366917583478093 0.5598455598455598 0.9253039953676896 0.5598455598455598 0.9212507237984945 0.5575289575289575 0.9148812970469021 0.5536679536679536 0.9121791160007721 0.5501930501930502 0.9119861030689056 0.5459459459459459 0.9189345686160972 0.5430501930501931 0.9256900212314225 0.5424710424710425 0.9297432928006176 0.5432432432432432 0.9332175255742134
5 0.5285714285714286 0.9768384481760278 0.5295366795366795 0.9776104999034936 0.5347490347490348 0.9754873576529628 0.5401544401544401 0.967187801582706 0.5436293436293437 0.9567651032619185 0.5428571428571428 0.9532908704883227 0.5364864864864864 0.9502026635784597 0.5328185328185329 0.950781702374059 0.527992277992278 0.95830920671685 0.5258687258687259 0.9664157498552403 0.5258687258687259 0.9714340860837676 0.5285714285714286 0.9768384481760278
5 0.5061776061776062 0.949430611850994 0.511969111969112 0.9513607411696584 0.5156370656370657 0.9492375989191276 0.5231660231660231 0.939200926462073 0.5254826254826255 0.9328314997104806 0.525096525096525 0.9287782281412854 0.518918918918919 0.922794827253426 0.5154440154440154 0.9224088013896931 0.5131274131274132 0.9253039953676896 0.506949806949807 0.9424821463038023 0.5059845559845559 0.9461493920092646 0.5061776061776062 0.949430611850994
5 0.21274131274131275 0.8697162709901564 0.21544401544401545 0.8743485813549507 0.22393822393822393 0.8814900598340089 0.22722007722007723 0.8785948658560123 0.22857142857142856 0.8733835166956186 0.22837837837837838 0.8664350511484269 0.22625482625482626 0.8562053657595059 0.2247104247104247 0.8523451071221771 0.22084942084942086 0.8477127967573828 0.21911196911196912 0.8475197838255163 0.2171814671814672 0.848291835552982 0.20926640926640927 0.8550472881683073 0.20984555984555986 0.8621887666473653 0.21274131274131275 0.8697162709901564
5 0.1972972972972973 0.8314997104806022 0.2028957528957529 0.845589654506852 0.20656370656370657 0.8527311329859101 0.21023166023166023 0.8542752364408416 0.21563706563706564 0.8506079907353793 0.21776061776061775 0.8459756803705848 0.2171814671814672 0.8382551630959274 0.21216216216216216 0.8245512449334106 0.20810810810810812 0.8201119475004826 0.20482625482625483 0.8193398957730168 0.2030888030888031 0.8197259216367496 0.19787644787644787 0.8259023354564756 0.1969111969111969 0.8278324647751399 0.1972972972972973 0.8314997104806022
5 0.21254826254826256 0.89442192626906 0.2167953667953668 0.9002123142250531 0.2198841698841699 0.9029144952711832 0.22413127413127412 0.9027214823393167 0.2274131274131274 0.897510133178923 0.22837837837837838 0.8926848098822621 0.2276061776061776 0.8880524995174677 0.22509652509652509 0.8838062150164061 0.22104247104247104 0.8789808917197452 0.2138996138996139 0.8743485813549507 0.20945945945945946 0.8756996718780158 0.2083011583011583 0.878401852924146 0.20888030888030887 0.8870874348581355 0.21254826254826256 0.89442192626906
5 0.1503861003861004 0.995560702567072 0.15212355212355214 0.9980698706813357 0.15212355212355214 0.9998069870681335 0.16525096525096525 0.9998069870681335 0.16486486486486487 0.9758733835166956 0.16428571428571428 0.974715305925497 0.16254826254826255 0.9739432541980313 0.1613899613899614 0.9698899826288361 0.161003861003861 0.9737502412661648 0.15772200772200773 0.9762594093804284 0.15386100386100385 0.9776104999034936 0.15 0.9816637714726887 0.14942084942084943 0.9913144180660104 0.1503861003861004 0.995560702567072
5 0.12664092664092663 0.9998069870681335 0.13996138996138996 0.9998069870681335 0.14054054054054055 0.991121405134144 0.13976833976833977 0.9839799266550859 0.13822393822393822 0.9739432541980313 0.13667953667953667 0.9704690214244355 0.13687258687258688 0.9668017757189732 0.13436293436293437 0.9617834394904459 0.1301158301158301 0.9604323489673808 0.12683397683397685 0.9621694653541787 0.12355212355212356 0.9669947886508397 0.12239382239382239 0.9718201119475005 0.122007722007722 0.9878401852924146 0.12664092664092663 0.9998069870681335
5 0.11274131274131274 0.9998069870681335 0.11119691119691119 0.9841729395869523 0.10888030888030888 0.979154603358425 0.10579150579150579 0.9774174869716271 0.10270270270270271 0.9783825516309593 0.09903474903474903 0.9803126809496236 0.09594594594594595 0.984944991314418 0.09594594594594595 0.9998069870681335 0.11274131274131274 0.9998069870681335
5 0.05637065637065637 0.955220999806987 0.05714285714285714 0.9561860644663193 0.060810810810810814 0.9567651032619185 0.06447876447876448 0.9534838834201892 0.06756756756756757 0.9467284308048639 0.06853281853281853 0.9426751592356688 0.0667953667953668 0.9355336807566107 0.06505791505791506 0.9332175255742134 0.06061776061776062 0.9324454738467477 0.05791505791505792 0.9349546419610114 0.055212355212355214 0.9465354178729974 0.055212355212355214 0.9517467670333912 0.05637065637065637 0.955220999806987
5 0.06988416988416989 0.9424821463038023 0.07123552123552124 0.9432541980312681 0.07355212355212355 0.9403590040532716 0.07548262548262548 0.939200926462073 0.0777992277992278 0.9357266936884772 0.0805019305019305 0.9253039953676896 0.07992277992277992 0.9181625168886315 0.0777992277992278 0.9166184134337001 0.07335907335907337 0.918355529820498 0.07104247104247104 0.921057710866628 0.06718146718146718 0.9287782281412854 0.06718146718146718 0.9337965643698127 0.06988416988416989 0.9424821463038023
5 0.12992277992277992 0.9463424049411311 0.13552123552123552 0.955220999806987 0.13822393822393822 0.9577301679212508 0.14131274131274132 0.9586952325805829 0.14420849420849421 0.9588882455124493 0.14749034749034748 0.956958116193785 0.14884169884169884 0.9542559351476549 0.14903474903474903 0.9513607411696584 0.1472972972972973 0.9457633661455318 0.14652509652509652 0.9397799652576723 0.14305019305019304 0.9320594479830149 0.14073359073359074 0.9289712410731519 0.13667953667953667 0.9270411117544876 0.1335907335907336 0.9293572669368848 0.12934362934362933 0.93611271955221 0.12857142857142856 0.939200926462073 0.12992277992277992 0.9463424049411311
5 0.06274131274131274 0.8982821849063888 0.06737451737451737 0.8986682107701216 0.06891891891891892 0.897510133178923 0.07084942084942085 0.8942289133371936 0.0722007722007722 0.8905616676317313 0.07239382239382239 0.8868944219262691 0.06409266409266409 0.8679791546033584 0.06138996138996139 0.8712603744450879 0.059845559845559844 0.878401852924146 0.06023166023166023 0.8950009650646593 0.06274131274131274 0.8982821849063888
2 0.47084942084942083 0 0.4722007722007722 0.008685581933989578 0.47702702702702704 0.012159814707585408 0.4808880308880309 0.011966801775718973 0.48243243243243245 0.011194750048253233 0.48436293436293437 0.009264620729588882 0.4861003861003861 0.005597375024126616 0.4868725868725869 0 0.47084942084942083 0