0 0.344569 0.239076 0.096130 0.083645
0 0.746567 0.164170 0.106117 0.086142
0 0.705993 0.242821 0.137328 0.086142
0 0.535581 0.367665 0.131086 0.106117
0 0.759675 0.325843 0.119850 0.072409
0 0.731586 0.398252 0.138577 0.084894
0 0.946317 0.441323 0.078652 0.053683
0 0.794007 0.573034 0.098627 0.107366
0 0.658552 0.501873 0.129838 0.107366
0 0.042759 0.300874 0.085518 0.082397
0 0.074906 0.465044 0.136080 0.098627
0 0.257803 0.358302 0.102372 0.072409
0 0.416979 0.490012 0.118602 0.111111
0 0.542447 0.500624 0.119850 0.147316
0 0.667291 0.726592 0.112360 0.089888
0 0.557428 0.639201 0.117353 0.102372
0 0.254057 0.499376 0.102372 0.064919
0 0.273408 0.617978 0.121099 0.087391