0 0.718477 0.116105 0.089888 0.142322
0 0.528714 0.104245 0.094881 0.123596
0 0.639825 0.244070 0.089888 0.111111
0 0.745943 0.257179 0.087391 0.122347
0 0.670412 0.340824 0.086142 0.119850
0 0.605493 0.409488 0.106117 0.142322
0 0.467541 0.488140 0.077403 0.139825
0 0.687266 0.567416 0.089888 0.121099
0 0.611735 0.614232 0.093633 0.144819
0 0.958801 0.629838 0.071161 0.123596
0 0.694132 0.696629 0.061174 0.102372
0 0.614856 0.740325 0.089888 0.099875
0 0.445693 0.738452 0.091136 0.116105
0 0.521223 0.657303 0.074906 0.141074
0 0.064919 0.601748 0.076155 0.089888
0 0.810237 0.209738 0.076155 0.107366
0 0.445069 0.614232 0.084894 0.102372