0 0.775281 0.354557 0.108614 0.087391
0 0.662297 0.376404 0.104869 0.083645
0 0.557428 0.137328 0.117353 0.087391
0 0.375156 0.211610 0.119850 0.096130
0 0.323970 0.415730 0.104869 0.064919
0 0.663546 0.511860 0.152310 0.094881
0 0.389513 0.486267 0.133583 0.083645
0 0.326467 0.601748 0.104869 0.079900
0 0.425718 0.584894 0.123596 0.083645
0 0.529963 0.626717 0.099875 0.077403
0 0.526217 0.744694 0.124844 0.086142
0 0.390137 0.828964 0.114856 0.107366
0 0.637328 0.776529 0.102372 0.097378
0 0.944757 0.893258 0.110486 0.076155