0 0.745318 0.198502 0.131086 0.134831
0 0.896380 0.284020 0.111111 0.161049
0 0.629838 0.308365 0.137328 0.109863
0 0.533084 0.122971 0.113608 0.126092
0 0.124844 0.054931 0.133583 0.099875
0 0.031835 0.204120 0.062422 0.138577
0 0.223471 0.311486 0.146067 0.123596
0 0.102372 0.561798 0.141074 0.167291
0 0.344569 0.489388 0.133583 0.127341
0 0.412609 0.208489 0.124844 0.119850
0 0.491261 0.282772 0.117353 0.138577
0 0.525593 0.399501 0.128589 0.122347
0 0.661049 0.448814 0.149813 0.166042
0 0.786517 0.348315 0.128589 0.152310
0 0.790886 0.525593 0.124844 0.137328
0 0.740325 0.722846 0.138577 0.144819
0 0.788390 0.880774 0.129838 0.131086
0 0.636704 0.883271 0.123596 0.126092
0 0.574906 0.729089 0.144819 0.159800
0 0.467541 0.613608 0.152310 0.151061
0 0.362047 0.747815 0.148564 0.202247
0 0.207241 0.435705 0.106117 0.092385
0 0.269039 0.528090 0.107366 0.137328