0 0.164794 0.050562 0.133583 0.096130
0 0.575531 0.088639 0.131086 0.107366
0 0.718477 0.091136 0.112360 0.094881
0 0.441323 0.317104 0.117353 0.107366
0 0.539950 0.234707 0.109863 0.084894
0 0.677278 0.304619 0.127341 0.127341
0 0.813983 0.348939 0.131086 0.136080
0 0.512484 0.429463 0.117353 0.089888
0 0.816479 0.571161 0.133583 0.121099
0 0.694757 0.548689 0.107366 0.113608
0 0.287141 0.709114 0.151061 0.109863
0 0.433833 0.777778 0.174782 0.147316
0 0.575531 0.779026 0.141074 0.112360
0 0.713483 0.808989 0.157303 0.087391
0 0.569288 0.639201 0.123596 0.102372
0 0.915106 0.724095 0.111111 0.087391
0 0.682896 0.667291 0.126092 0.108614
0 0.612984 0.476904 0.121099 0.099875
0 0.118602 0.259051 0.118602 0.111111