0 0.715980 0.290886 0.164794 0.147316
0 0.544320 0.202247 0.156055 0.144819
0 0.438826 0.301498 0.164794 0.133583
0 0.504370 0.442572 0.143571 0.108614
0 0.849563 0.636080 0.179775 0.121099
0 0.701623 0.579276 0.131086 0.129838
0 0.551186 0.696629 0.179775 0.132335
0 0.189763 0.767166 0.186017 0.128589
0 0.596130 0.039950 0.129838 0.079900
0 0.714732 0.429463 0.169788 0.114856
0 0.534956 0.859551 0.184769 0.133583
0 0.379526 0.838327 0.151061 0.178527
0 0.848939 0.357678 0.161049 0.161049
0 0.611735 0.498752 0.156055 0.108614
0 0.680400 0.729713 0.156055 0.143571