0 0.194132 0.028090 0.097378 0.051186
0 0.187890 0.098002 0.077403 0.066167
0 0.345818 0.093633 0.073658 0.074906
0 0.571161 0.162921 0.089888 0.046192
0 0.684769 0.212235 0.067416 0.059925
0 0.659800 0.262797 0.067416 0.063670
0 0.618602 0.325843 0.092385 0.052434
0 0.570537 0.397628 0.093633 0.073658
0 0.459426 0.339576 0.078652 0.062422
0 0.518102 0.265293 0.098627 0.043695
0 0.396380 0.235955 0.059925 0.072409
0 0.430087 0.443820 0.079900 0.083645
0 0.593009 0.486267 0.091136 0.068664
0 0.863296 0.795256 0.104869 0.074906
0 0.745943 0.764669 0.077403 0.063670
0 0.699126 0.737203 0.066167 0.048689
0 0.644819 0.662921 0.082397 0.057428
0 0.535581 0.581773 0.086142 0.087391
0 0.427591 0.536205 0.094881 0.066167
0 0.493758 0.507491 0.082397 0.068664
0 0.559925 0.790262 0.079900 0.059925
0 0.502497 0.912609 0.062422 0.069913
0 0.487516 0.860799 0.087391 0.053683
0 0.236579 0.127965 0.077403 0.053683