0 0.563046 0.069913 0.093633 0.062422
0 0.465668 0.096754 0.086142 0.088639
0 0.376404 0.124220 0.077403 0.083645
0 0.287141 0.219101 0.096130 0.063670
0 0.291511 0.291511 0.084894 0.071161
0 0.116105 0.406991 0.088639 0.079900
0 0.557428 0.152934 0.072409 0.076155
0 0.503745 0.169164 0.077403 0.066167
0 0.463171 0.307740 0.081149 0.063670
0 0.407615 0.350811 0.092385 0.084894
0 0.312110 0.377029 0.081149 0.082397
0 0.246567 0.428839 0.094881 0.091136
0 0.332709 0.459426 0.072409 0.069913
0 0.231586 0.492509 0.094881 0.051186
0 0.157928 0.476904 0.069913 0.084894
0 0.733458 0.403870 0.097378 0.068664
0 0.682896 0.489388 0.101124 0.082397
0 0.554931 0.473783 0.094881 0.056180
0 0.515605 0.534332 0.093633 0.064919
0 0.619850 0.566167 0.087391 0.073658
0 0.813983 0.524345 0.091136 0.077403
0 0.745943 0.556804 0.102372 0.087391
0 0.661673 0.612360 0.088639 0.061174
0 0.645443 0.677278 0.096130 0.063670
0 0.535581 0.763421 0.086142 0.096130
0 0.766542 0.742821 0.096130 0.074906
0 0.696629 0.769039 0.086142 0.082397
0 0.603620 0.817728 0.079900 0.084894
0 0.667915 0.903870 0.108614 0.077403
0 0.730961 0.845818 0.082397 0.061174
0 0.524345 0.632959 0.103620 0.077403
0 0.535581 0.918227 0.081149 0.043695