0 0.345818 0.277778 0.051186 0.088639
0 0.564295 0.304619 0.071161 0.099875
0 0.509363 0.342697 0.061174 0.093633
0 0.239076 0.411361 0.079900 0.096130
0 0.710986 0.485643 0.064919 0.084894
0 0.760924 0.567416 0.062422 0.111111
0 0.800874 0.762172 0.059925 0.106117
0 0.761548 0.720350 0.051186 0.089888
0 0.693508 0.728464 0.054931 0.088639
0 0.637328 0.760300 0.054931 0.104869
0 0.727216 0.817728 0.054931 0.109863
0 0.570537 0.592385 0.061174 0.106117
0 0.546192 0.722846 0.067416 0.099875
0 0.455056 0.569913 0.052434 0.098627
0 0.383895 0.607990 0.047441 0.089888
0 0.292135 0.571785 0.053683 0.094881
0 0.256554 0.607366 0.079900 0.098627
0 0.421348 0.695381 0.059925 0.084894
0 0.227216 0.714732 0.061174 0.078652
0 0.377653 0.344569 0.059925 0.077403
0 0.646067 0.510612 0.052434 0.094881
0 0.699750 0.596130 0.054931 0.103620
0 0.797129 0.639825 0.057428 0.106117