0 0.268669 0.421730 0.110390 0.165237
0 0.438312 0.330415 0.103896 0.142045
0 0.451705 0.160830 0.078734 0.110158
0 0.565341 0.194167 0.075487 0.092764
0 0.565341 0.298527 0.091721 0.104360
0 0.582386 0.559427 0.085227 0.165237
0 0.674919 0.473910 0.073864 0.127551
0 0.670049 0.335488 0.046266 0.073922
0 0.451705 0.766698 0.106331 0.127551
0 0.432630 0.631899 0.081169 0.101461
0 0.503653 0.530438 0.077110 0.142045
0 0.337256 0.600736 0.075487 0.152192
0 0.264610 0.639147 0.087662 0.150742
0 0.282468 0.789164 0.051948 0.088416
0 0.186688 0.950052 0.073052 0.097113
0 0.197240 0.840619 0.047078 0.089865