0 0.317257785467128 0.12586405529953917 0.3315311418685121 0.13306451612903225 0.3365051903114187 0.1310483870967742 0.34191176470588236 0.12528801843317972 0.34407439446366783 0.11664746543778802 0.34256055363321797 0.10368663594470046 0.3315311418685121 0.08266129032258064 0.3153114186851211 0.12183179723502305 0.31509515570934254 0.12298387096774194 0.317257785467128 0.12586405529953917
0 0.35337370242214533 0.18202764976958524 0.35575259515570934 0.1840437788018433 0.3685121107266436 0.18663594470046083 0.3771626297577855 0.18663594470046083 0.3834342560553633 0.18519585253456222 0.3851643598615917 0.18346774193548387 0.38689446366782004 0.17540322580645162 0.38732698961937717 0.1581221198156682 0.3741349480968858 0.14055299539170507 0.36353806228373703 0.14199308755760368 0.354022491349481 0.14660138248847926 0.35207612456747406 0.1483294930875576 0.3499134948096886 0.1543778801843318 0.35207612456747406 0.1788594470046083 0.35337370242214533 0.18202764976958524
0 0.45891003460207613 0.06307603686635944 0.4632352941176471 0.06595622119815668 0.4742647058823529 0.06653225806451613 0.4809688581314879 0.06422811059907835 0.49805363321799306 0.055299539170506916 0.5023788927335641 0.0478110599078341 0.5021626297577855 0.03398617511520737 0.4982698961937716 0.027361751152073732 0.4945934256055363 0.02534562211981567 0.48961937716262977 0.024193548387096774 0.4666955017301038 0.025057603686635944 0.45977508650519033 0.02880184331797235 0.4545847750865052 0.03398617511520737 0.4548010380622837 0.05587557603686636 0.45891003460207613 0.06307603686635944
0 0.4727508650519031 0.18519585253456222 0.47383217993079585 0.18663594470046083 0.48464532871972316 0.1811635944700461 0.4958910034602076 0.1728110599078341 0.5030276816608996 0.16532258064516128 0.5067041522491349 0.1578341013824885 0.5121107266435986 0.133352534562212 0.5103806228373703 0.1284562211981567 0.5064878892733564 0.125 0.5019463667820069 0.12269585253456221 0.4943771626297578 0.12240783410138249 0.4870242214532872 0.1261520737327189 0.46691176470588236 0.15092165898617513 0.46691176470588236 0.1581221198156682 0.4727508650519031 0.18519585253456222
0 0.6390570934256056 0.15034562211981567 0.6403546712802768 0.15236175115207373 0.6474913494809689 0.1578341013824885 0.6544117647058824 0.16042626728110598 0.666955017301038 0.16042626728110598 0.6734429065743944 0.15869815668202766 0.6937716262975778 0.14400921658986174 0.7015570934256056 0.12903225806451613 0.7041522491349481 0.12096774193548387 0.7052335640138409 0.1126152073732719 0.7030709342560554 0.10627880184331798 0.6996107266435986 0.10109447004608295 0.6957179930795848 0.097926267281106 0.6794982698961938 0.09475806451612903 0.6632785467128027 0.0944700460829493 0.6541955017301038 0.09648617511520738 0.6433823529411765 0.10397465437788019 0.6379757785467128 0.11146313364055299 0.6362456747404844 0.12096774193548387 0.6371107266435986 0.1396889400921659 0.6390570934256056 0.15034562211981567
0 0.4070069204152249 0.20478110599078342 0.43166089965397925 0.23559907834101382 0.4396626297577855 0.23876728110599077 0.45112456747404844 0.23934331797235023 0.4565311418685121 0.23790322580645162 0.4602076124567474 0.2341589861751152 0.4615051903114187 0.22955069124423963 0.4619377162629758 0.22119815668202766 0.45912629757785467 0.20650921658986174 0.4530709342560554 0.18461981566820276 0.4459342560553633 0.16964285714285715 0.44269031141868515 0.16589861751152074 0.4362024221453287 0.1627304147465438 0.4219290657439446 0.16215437788018433 0.41500865051903113 0.1676267281105991 0.41133217993079585 0.1725230414746544 0.40484429065743943 0.18721198156682028 0.4046280276816609 0.1961405529953917 0.4070069204152249 0.20478110599078342
0 0.6113754325259516 0.45247695852534564 0.6262975778546713 0.45650921658986177 0.6442474048442907 0.45305299539170507 0.6481401384083045 0.4498847926267281 0.652681660899654 0.43894009216589863 0.652681660899654 0.4351958525345622 0.6507352941176471 0.4314516129032258 0.6414359861591695 0.4248271889400922 0.6269463667820069 0.4190668202764977 0.6228373702422145 0.41849078341013823 0.6148356401384083 0.41993087557603687 0.6105103806228374 0.4245391705069124 0.6092128027681661 0.4305875576036866 0.6089965397923875 0.44268433179723504 0.6113754325259516 0.45247695852534564
0 0.43641868512110726 0.5990783410138248 0.44009515570934254 0.6088709677419355 0.4565311418685121 0.6273041474654378 0.45999134948096887 0.6296082949308756 0.4671280276816609 0.630184331797235 0.47383217993079585 0.6258640552995391 0.4772923875432526 0.6195276497695853 0.47858996539792387 0.6140552995391705 0.47858996539792387 0.5898617511520737 0.47772491349480967 0.5826612903225806 0.4712370242214533 0.5636520737327189 0.46842560553633217 0.5604838709677419 0.4625865051903114 0.5570276497695853 0.4565311418685121 0.5535714285714286 0.45285467128027684 0.5529953917050692 0.4411764705882353 0.5564516129032258 0.43403979238754326 0.5671082949308756 0.4338235294117647 0.5734447004608295 0.43641868512110726 0.5990783410138248
0 0.09991349480968859 0.3424539170506912 0.10575259515570934 0.3482142857142857 0.11591695501730104 0.3493663594470046 0.12673010380622837 0.34763824884792627 0.13365051903114186 0.34274193548387094 0.14273356401384082 0.3317972350230415 0.1477076124567474 0.3165322580645161 0.14705882352941177 0.31077188940092165 0.14273356401384082 0.2966589861751152 0.1314878892733564 0.285426267281106 0.1269463667820069 0.28398617511520735 0.12024221453287197 0.2862903225806452 0.10942906574394463 0.2932027649769585 0.09818339100346021 0.3061635944700461 0.094939446366782 0.31394009216589863 0.09429065743944637 0.3283410138248848 0.09991349480968859 0.3424539170506912
0 0.1468425605536332 0.8294930875576036 0.15160034602076125 0.8352534562211982 0.16176470588235295 0.8375576036866359 0.16500865051903113 0.836405529953917 0.1704152249134948 0.8283410138248848 0.17603806228373703 0.8110599078341014 0.17798442906574394 0.7995391705069125 0.17647058823529413 0.7932027649769585 0.1676038062283737 0.7793778801843319 0.16284602076124569 0.7782258064516129 0.159818339100346 0.7793778801843319 0.14922145328719724 0.7897465437788018 0.14641003460207613 0.7966589861751152 0.14554498269896193 0.8027073732718893 0.14467993079584776 0.8222926267281107 0.1468425605536332 0.8294930875576036
0 0.20242214532871972 0.8502304147465438 0.2078287197231834 0.8577188940092166 0.21366782006920415 0.8600230414746544 0.2268598615916955 0.8482142857142857 0.23464532871972318 0.8243087557603687 0.2203719723183391 0.8150921658986175 0.20847750865051903 0.8199884792626728 0.1996107266435986 0.8266129032258065 0.19831314878892733 0.8289170506912442 0.19896193771626297 0.8369815668202765 0.20242214532871972 0.8502304147465438
0 0.4176038062283737 0.8185483870967742 0.42301038062283736 0.8283410138248848 0.42603806228373703 0.8300691244239631 0.4320934256055363 0.8306451612903226 0.4403114186851211 0.8234447004608295 0.4416089965397924 0.820852534562212 0.4435553633217993 0.8044354838709677 0.4439878892733564 0.7842741935483871 0.4420415224913495 0.7724654377880185 0.4392301038062284 0.7649769585253456 0.4366349480968858 0.7655529953917051 0.4124134948096886 0.7860023041474654 0.4108996539792388 0.7888824884792627 0.4147923875432526 0.8107718894009217 0.4176038062283737 0.8185483870967742
0 0.32461072664359863 0.8729838709677419 0.3274221453287197 0.8773041474654378 0.33217993079584773 0.8807603686635944 0.3388840830449827 0.8816244239631337 0.34320934256055363 0.880184331797235 0.3460207612456747 0.8755760368663594 0.34796712802768165 0.866647465437788 0.34710207612456745 0.8384216589861752 0.34493944636678203 0.8211405529953917 0.34342560553633217 0.817684331797235 0.3412629757785467 0.8159562211981567 0.32439446366782004 0.8179723502304147 0.3211505190311419 0.8211405529953917 0.3185553633217993 0.8297811059907834 0.31769031141868515 0.8496543778801844 0.32461072664359863 0.8729838709677419
0 0.3490484429065744 0.9184907834101382 0.3546712802768166 0.9285714285714286 0.3592128027681661 0.932315668202765 0.3693771626297578 0.9346198156682027 0.37694636678200694 0.932315668202765 0.3830017301038062 0.9219470046082949 0.38732698961937717 0.9115783410138248 0.38862456747404844 0.8963133640552995 0.38711072664359863 0.8767281105990783 0.379757785467128 0.869815668202765 0.3695934256055363 0.8654953917050692 0.35813148788927335 0.8695276497695853 0.3481833910034602 0.8934331797235023 0.34710207612456745 0.8974654377880185 0.3490484429065744 0.9184907834101382
0 0.22621107266435986 0.970910138248848 0.22880622837370243 0.9804147465437788 0.2320501730103806 0.9876152073732719 0.2370242214532872 0.991647465437788 0.24480968858131488 0.9910714285714286 0.24935121107266436 0.9881912442396313 0.2532439446366782 0.9818548387096774 0.2601643598615917 0.9622695852534562 0.26232698961937717 0.9519009216589862 0.26362456747404844 0.9351958525345622 0.2610294117647059 0.9112903225806451 0.2584342560553633 0.9086981566820277 0.2480536332179931 0.9101382488479263 0.23075259515570934 0.9193548387096774 0.22794117647058823 0.9251152073732719 0.22383217993079585 0.9481566820276498 0.22469723183391002 0.9628456221198156 0.22621107266435986 0.970910138248848
0 0.5216262975778547 0.9032258064516129 0.5270328719723183 0.907258064516129 0.5335207612456747 0.9081221198156681 0.5365484429065744 0.907258064516129 0.5443339100346021 0.9009216589861752 0.567257785467128 0.8767281105990783 0.5692041522491349 0.869815668202765 0.5689878892733564 0.8585829493087558 0.5650951557093425 0.841589861751152 0.5620674740484429 0.8329493087557603 0.5575259515570934 0.8280529953917051 0.5523356401384083 0.8271889400921659 0.5464965397923875 0.8277649769585254 0.5402249134948097 0.8317972350230415 0.5250865051903114 0.8536866359447005 0.5188148788927336 0.8752880184331797 0.5173010380622838 0.8839285714285714 0.5175173010380623 0.8928571428571429 0.5216262975778547 0.9032258064516129
0 0.34645328719723184 0.9997119815668203 0.39965397923875434 0.9997119815668203 0.4005190311418685 0.994815668202765 0.3998702422145329 0.9841589861751152 0.3914359861591695 0.9691820276497696 0.3780276816608997 0.9547811059907834 0.3624567474048443 0.9478686635944701 0.3551038062283737 0.9484447004608295 0.3505622837370242 0.9521889400921659 0.34645328719723184 0.9588133640552995 0.3445069204152249 0.9637096774193549 0.34277681660899656 0.9732142857142857 0.34407439446366783 0.9902073732718893 0.34645328719723184 0.9997119815668203
0 0.7259948096885813 0.7620967741935484 0.7307525951557093 0.7678571428571429 0.7376730103806228 0.7727534562211982 0.7476211072664359 0.7713133640552995 0.7515138408304498 0.7690092165898618 0.7573529411764706 0.7586405529953917 0.7584342560553633 0.75 0.7571366782006921 0.7379032258064516 0.7530276816608996 0.7266705069124424 0.7482698961937716 0.7220622119815668 0.7411332179930796 0.7194700460829493 0.733780276816609 0.7206221198156681 0.7264273356401384 0.7307027649769585 0.7233996539792388 0.741647465437788 0.7231833910034602 0.7517281105990783 0.7259948096885813 0.7620967741935484
0 0.914143598615917 0.871831797235023 0.9208477508650519 0.8773041474654378 0.9290657439446367 0.8778801843317973 0.9364186851211073 0.8729838709677419 0.9433391003460208 0.8629032258064516 0.9474480968858131 0.8519585253456221 0.9498269896193772 0.8346774193548387 0.9476643598615917 0.8277649769585254 0.9429065743944637 0.8211405529953917 0.9362024221453287 0.8182603686635944 0.9288494809688581 0.818836405529954 0.9204152249134948 0.8234447004608295 0.9160899653979239 0.8283410138248848 0.9111159169550173 0.8387096774193549 0.9096020761245674 0.8450460829493087 0.9100346020761245 0.8591589861751152 0.914143598615917 0.871831797235023
0 0.8784602076124568 0.8101958525345622 0.8825692041522492 0.8182603686635944 0.8940311418685121 0.8309331797235023 0.898356401384083 0.8323732718894009 0.902681660899654 0.8306451612903226 0.9096020761245674 0.8220046082949308 0.9115484429065744 0.817684331797235 0.9126297577854672 0.809331797235023 0.9117647058823529 0.8044354838709677 0.8875432525951558 0.7785138248847926 0.8834342560553633 0.7782258064516129 0.8799740484429066 0.780241935483871 0.8780276816608996 0.7860023041474654 0.8771626297577855 0.7963709677419355 0.8769463667820069 0.8038594470046083 0.8784602076124568 0.8101958525345622
0 0.9446366782006921 0.7134216589861752 0.9480968858131488 0.7203341013824884 0.9634515570934256 0.7407834101382489 0.9695069204152249 0.7240783410138248 0.9669117647058824 0.6736751152073732 0.9632352941176471 0.6684907834101382 0.9597750865051903 0.6661866359447005 0.9530709342560554 0.6650345622119815 0.9491782006920415 0.6676267281105991 0.9416089965397924 0.6782834101382489 0.9392301038062284 0.6854838709677419 0.9392301038062284 0.6929723502304147 0.9446366782006921 0.7134216589861752
0 0.6169982698961938 0.3191244239631336 0.6193771626297578 0.32690092165898615 0.6224048442906575 0.3323732718894009 0.6262975778546713 0.3352534562211982 0.6306228373702422 0.3355414746543779 0.6373269896193772 0.3323732718894009 0.6407871972318339 0.3283410138248848 0.6425173010380623 0.32171658986175117 0.6423010380622838 0.31768433179723504 0.6351643598615917 0.2966589861751152 0.6221885813148789 0.2932027649769585 0.6185121107266436 0.29464285714285715 0.615484429065744 0.2998271889400922 0.6152681660899654 0.30702764976958524 0.6169982698961938 0.3191244239631336
0 0.6440311418685121 0.5008640552995391 0.6500865051903114 0.5074884792626728 0.6606833910034602 0.5126728110599078 0.668901384083045 0.5138248847926268 0.6782006920415224 0.5017281105990783 0.6656574394463668 0.4801267281105991 0.6613321799307958 0.4763824884792627 0.6535467128027682 0.47494239631336405 0.6474913494809689 0.4772465437788018 0.6425173010380623 0.4807027649769585 0.6397058823529411 0.4879032258064516 0.6401384083044983 0.49481566820276496 0.6440311418685121 0.5008640552995391
0 0.6842560553633218 0.5440668202764977 0.6896626297577855 0.5469470046082949 0.7097750865051903 0.5501152073732719 0.7145328719723183 0.5432027649769585 0.7134515570934256 0.5360023041474654 0.7104238754325259 0.5288018433179723 0.7035034602076125 0.5216013824884793 0.6929065743944637 0.5138248847926268 0.6900951557093425 0.5144009216589862 0.6875 0.5172811059907834 0.6814446366782007 0.5331221198156681 0.6814446366782007 0.540610599078341 0.6842560553633218 0.5440668202764977
0 0.5631487889273357 0.3879608294930876 0.5663927335640139 0.3922811059907834 0.5713667820069204 0.3942972350230415 0.5886678200692042 0.38306451612903225 0.595371972318339 0.3715437788018433 0.596885813148789 0.36664746543778803 0.5971020761245674 0.361463133640553 0.5945069204152249 0.3551267281105991 0.5914792387543253 0.3519585253456221 0.58780276816609 0.35080645161290325 0.5705017301038062 0.3588709677419355 0.5650951557093425 0.3626152073732719 0.5627162629757786 0.3663594470046083 0.5618512110726643 0.37644009216589863 0.5631487889273357 0.3879608294930876
0 0.32461072664359863 0.4337557603686636 0.3492647058823529 0.4334677419354839 0.354022491349481 0.43202764976958524 0.3453719723183391 0.40898617511520735 0.3365051903114187 0.39919354838709675 0.3280709342560554 0.40005760368663595 0.31920415224913495 0.4138824884792627 0.319636678200692 0.4251152073732719 0.32461072664359863 0.4337557603686636
0 0.9506920415224913 0 0.9493944636678201 0.0066244239631336405 0.9493944636678201 0.012096774193548387 0.9524221453287197 0.023617511520737326 0.9545847750865052 0.02880184331797235 0.9582612456747405 0.03168202764976959 0.967128027681661 0.03456221198156682 0.9736159169550173 0.034850230414746546 0.9883217993079585 0.03341013824884793 0.9997837370242214 0.03052995391705069 0.9997837370242214 0 0.9506920415224913 0
0 0.8003892733564014 0.3617511520737327 0.8051470588235294 0.36319124423963134 0.8109861591695502 0.3629032258064516 0.8122837370242214 0.3519585253456221 0.8105536332179931 0.34706221198156684 0.8036332179930796 0.34274193548387094 0.7997404844290658 0.34274193548387094 0.7967128027681661 0.3487903225806452 0.7967128027681661 0.35397465437788017 0.8003892733564014 0.3617511520737327
0 0.9387975778546713 0.19210829493087558 0.9435553633217993 0.1935483870967742 0.9491782006920415 0.18951612903225806 0.9515570934256056 0.1788594470046083 0.9509083044982699 0.1742511520737327 0.9483131487889274 0.16964285714285715 0.9463667820069204 0.1679147465437788 0.9429065743944637 0.16820276497695852 0.9381487889273357 0.1716589861751152 0.9355536332179931 0.17597926267281105 0.9349048442906575 0.18202764976958524 0.9387975778546713 0.19210829493087558
0 0.9245242214532872 0.17943548387096775 0.928416955017301 0.18202764976958524 0.932742214532872 0.18058755760368664 0.9349048442906575 0.17482718894009217 0.9353373702422145 0.1693548387096774 0.932742214532872 0.1581221198156682 0.9286332179930796 0.15581797235023043 0.9256055363321799 0.15754608294930875 0.923226643598616 0.16157834101382487 0.9230103806228374 0.16849078341013826 0.9245242214532872 0.17943548387096775
0 0.9695069204152249 0.23444700460829493 0.9738321799307958 0.23444700460829493 0.9783737024221453 0.2318548387096774 0.979455017301038 0.22811059907834103 0.979455017301038 0.21831797235023043 0.9772923875432526 0.2122695852534562 0.9740484429065744 0.2108294930875576 0.971885813148789 0.21169354838709678 0.9688581314878892 0.21514976958525345 0.9669117647058824 0.2203341013824885 0.9669117647058824 0.23070276497695852 0.9695069204152249 0.23444700460829493
0 0.9725346020761245 0.2488479262672811 0.9790224913494809 0.25086405529953915 0.9831314878892734 0.24827188940092165 0.9831314878892734 0.23790322580645162 0.9811851211072664 0.2350230414746544 0.9772923875432526 0.23329493087557604 0.9716695501730104 0.2350230414746544 0.9697231833910035 0.23732718894009217 0.9697231833910035 0.24481566820276499 0.9725346020761245 0.2488479262672811