0 0.23876728110599077 0 0.22407834101382487 0.015354671280276816 0.21889400921658986 0.02249134948096886 0.2119815668202765 0.0426038062283737 0.21025345622119815 0.053200692041522495 0.2105414746543779 0.06769031141868512 0.21918202764976957 0.0847750865051903 0.25518433179723504 0.10640138408304499 0.2897465437788018 0.1217560553633218 0.32402073732718895 0.12651384083044984 0.32805299539170507 0.12651384083044984 0.3352534562211982 0.12413494809688581 0.3389976958525346 0.10207612456747404 0.3384216589861751 0.09169550173010381 0.3271889400921659 0.06055363321799308 0.29694700460829493 0 0.23876728110599077 0
0 0.5103686635944701 0.2588667820069204 0.5158410138248848 0.2666522491349481 0.5397465437788018 0.2843858131487889 0.5472350230414746 0.2880622837370242 0.5535714285714286 0.2882785467128028 0.6028225806451613 0.2536764705882353 0.6163594470046083 0.23918685121107267 0.6238479262672811 0.2281574394463668 0.625 0.22426470588235295 0.6235599078341014 0.20285467128027682 0.6212557603686636 0.1948529411764706 0.6097350230414746 0.17149653979238755 0.5918778801843319 0.14381487889273356 0.5800691244239631 0.12997404844290658 0.5570276497695853 0.11656574394463667 0.5498271889400922 0.11613321799307959 0.5432027649769585 0.11699826989619377 0.5383064516129032 0.11937716262975778 0.5080645161290323 0.14749134948096887 0.4930875576036866 0.19355536332179932 0.49798387096774194 0.21972318339100347 0.5103686635944701 0.2588667820069204
0 0.7105414746543779 0.7668685121107266 0.7237903225806451 0.7763840830449827 0.7462557603686636 0.7874134948096886 0.7675691244239631 0.793901384083045 0.7860023041474654 0.7967128027681661 0.8058755760368663 0.7943339100346021 0.8090437788018433 0.7930363321799307 0.8096198156682027 0.7863321799307958 0.8067396313364056 0.7763840830449827 0.7914746543778802 0.7346453287197232 0.7897465437788018 0.7311851211072664 0.7808179723502304 0.722318339100346 0.771889400921659 0.719939446366782 0.7580645161290323 0.7205882352941176 0.7307027649769585 0.7285899653979239 0.7263824884792627 0.7305363321799307 0.7142857142857143 0.7396193771626297 0.7111175115207373 0.7428633217993079 0.7065092165898618 0.7512975778546713 0.706221198156682 0.7586505190311419 0.7105414746543779 0.7668685121107266
0 0.8125 0.7556228373702422 0.8211405529953917 0.7757352941176471 0.8315092165898618 0.7934688581314879 0.8444700460829493 0.7975778546712803 0.8551267281105991 0.7967128027681661 0.863479262672811 0.7945501730103807 0.8680875576036866 0.7900086505190311 0.8764400921658986 0.7724913494809689 0.8735599078341014 0.7448096885813149 0.8706797235023042 0.7411332179930796 0.8453341013824884 0.7244809688581315 0.8280529953917051 0.7208044982698962 0.8222926267281107 0.721885813148789 0.817684331797235 0.7242647058823529 0.8136520737327189 0.7303200692041523 0.8110599078341014 0.7376730103806228 0.8110599078341014 0.7489186851211073 0.8125 0.7556228373702422
0 0.7903225806451613 0.6946366782006921 0.8027073732718893 0.6959342560553633 0.8104838709677419 0.6955017301038062 0.8519585253456221 0.6857698961937716 0.8631912442396313 0.6820934256055363 0.8652073732718893 0.678416955017301 0.8608870967741935 0.671280276816609 0.8490783410138248 0.6624134948096886 0.8410138248847926 0.6604671280276817 0.8315092165898618 0.6600346020761245 0.7966589861751152 0.6766868512110726 0.7883064516129032 0.6890138408304498 0.7880184331797235 0.6929065743944637 0.7903225806451613 0.6946366782006921
0 0.8277649769585254 0.7134515570934256 0.8315092165898618 0.7160467128027682 0.8413018433179723 0.7162629757785467 0.8626152073732719 0.7132352941176471 0.8663594470046083 0.7117214532871973 0.8715437788018433 0.7067474048442907 0.8747119815668203 0.6996107266435986 0.8726958525345622 0.6974480968858131 0.8663594470046083 0.696583044982699 0.8453341013824884 0.7022058823529411 0.8303571428571429 0.708044982698962 0.8271889400921659 0.7099913494809689 0.8277649769585254 0.7134515570934256
0 0.753168202764977 0.6161332179930796 0.7678571428571429 0.6239186851211073 0.7759216589861752 0.6252162629757786 0.7793778801843319 0.6247837370242214 0.8044354838709677 0.6051038062283737 0.8182603686635944 0.5882352941176471 0.8191244239631337 0.5847750865051903 0.8173963133640553 0.5808823529411765 0.8116359447004609 0.5772058823529411 0.7727534562211982 0.5681228373702422 0.7661290322580645 0.5670415224913494 0.758352534562212 0.5674740484429066 0.7546082949308756 0.5696366782006921 0.7514400921658986 0.5750432525951558 0.7462557603686636 0.5912629757785467 0.7465437788018433 0.6022923875432526 0.753168202764977 0.6161332179930796
0 0 0.6929065743944637 0.04032258064516129 0.7279411764705882 0.06768433179723503 0.7413494809688581 0.07459677419354839 0.7435121107266436 0.07920506912442396 0.7437283737024222 0.08870967741935484 0.7417820069204152 0.12557603686635946 0.7242647058823529 0.13162442396313365 0.7102076124567474 0.1336405529953917 0.6963667820069204 0.10829493087557604 0.6637110726643599 0.06854838709677419 0.6399221453287197 0.0625 0.6386245674740484 0.025921658986175114 0.638840830449827 0.004896313364055299 0.6490051903114187 0 0.6516003460207612 0 0.6929065743944637
0 0.5567396313364056 0.6723615916955017 0.5673963133640553 0.6745242214532872 0.5990783410138248 0.6766868512110726 0.6085829493087558 0.6758217993079585 0.6160714285714286 0.6738754325259516 0.6252880184331797 0.6682525951557093 0.6264400921658986 0.6429498269896193 0.6232718894009217 0.634515570934256 0.6091589861751152 0.6260813148788927 0.567684331797235 0.6349480968858131 0.5460829493087558 0.6619809688581315 0.5469470046082949 0.6684688581314879 0.5567396313364056 0.6723615916955017
0 0.371831797235023 0.5467128027681661 0.38652073732718895 0.5676903114186851 0.39256912442396313 0.5711505190311419 0.4118663594470046 0.578719723183391 0.423963133640553 0.5793685121107266 0.42857142857142855 0.5785034602076125 0.43202764976958524 0.5765570934256056 0.43605990783410137 0.571583044982699 0.4403801843317972 0.5573096885813149 0.4507488479262673 0.5121107266435986 0.41589861751152074 0.48075259515570934 0.4075460829493088 0.4796712802768166 0.38623271889400923 0.48464532871972316 0.37960829493087556 0.4939446366782007 0.3652073732718894 0.5196799307958477 0.3652073732718894 0.529628027681661 0.371831797235023 0.5467128027681661
0 0.20017281105990783 0.5849913494809689 0.2252304147465438 0.6128892733564014 0.23099078341013826 0.6161332179930796 0.236463133640553 0.6169982698961938 0.29377880184331795 0.6109429065743944 0.30443548387096775 0.6079152249134948 0.329205069124424 0.5871539792387543 0.3361175115207373 0.5746107266435986 0.33150921658986177 0.5637975778546713 0.3004032258064516 0.553416955017301 0.2168778801843318 0.5456314878892734 0.20823732718894009 0.5495242214532872 0.2021889400921659 0.5603373702422145 0.19902073732718895 0.5709342560553633 0.20017281105990783 0.5849913494809689
0 0.1909562211981567 0.7618944636678201 0.19873271889400923 0.7934688581314879 0.2206221198156682 0.8070934256055363 0.23070276497695852 0.8105536332179931 0.24769585253456222 0.8142301038062284 0.2658410138248848 0.8148788927335641 0.2692972350230415 0.8140138408304498 0.30097926267281105 0.7964965397923875 0.3038594470046083 0.7932525951557093 0.31797235023041476 0.7655709342560554 0.3286290322580645 0.7277249134948097 0.32027649769585254 0.6892301038062284 0.31048387096774194 0.6820934256055363 0.3001152073732719 0.678416955017301 0.2168778801843318 0.671280276816609 0.20305299539170507 0.678416955017301 0.19326036866359447 0.7028546712802768 0.1860599078341014 0.7242647058823529 0.1909562211981567 0.7618944636678201
0 0.4349078341013825 0.6269463667820069 0.43894009216589863 0.638840830449827 0.451036866359447 0.6544117647058824 0.4547811059907834 0.6580882352941176 0.46140552995391704 0.6619809688581315 0.4971198156682028 0.676038062283737 0.508352534562212 0.6777681660899654 0.5155529953917051 0.6771193771626297 0.5403225806451613 0.6647923875432526 0.5996543778801844 0.6033737024221453 0.6160714285714286 0.578719723183391 0.6195276497695853 0.5679065743944637 0.6212557603686636 0.5549307958477508 0.6226958525345622 0.5121107266435986 0.6082949308755761 0.49653979238754326 0.5990783410138248 0.4907006920415225 0.5815092165898618 0.48724048442906576 0.4703341013824885 0.4943771626297578 0.43692396313364057 0.5294117647058824 0.4349078341013825 0.5363321799307958 0.4337557603686636 0.5865051903114187 0.4349078341013825 0.6269463667820069
0 0.5745967741935484 0.38494809688581316 0.5976382488479263 0.4249567474048443 0.6523617511520737 0.44982698961937717 0.7099654377880185 0.42928200692041524 0.7430875576036866 0.39467993079584773 0.7387672811059908 0.3319636678200692 0.7056451612903226 0.28871107266435986 0.6595622119815668 0.26924740484429066 0.5904377880184332 0.2757352941176471 0.5601958525345622 0.3265570934256055 0.5745967741935484 0.38494809688581316