5 0.29349078341013823 0.24113321799307957 0.3001152073732719 0.24286332179930797 0.31048387096774194 0.2508650519031142 0.31768433179723504 0.25064878892733566 0.3251728110599078 0.24286332179930797 0.329205069124424 0.23486159169550175 0.3297811059907834 0.22015570934256057 0.32430875576036866 0.21388408304498271 0.3182603686635945 0.21172145328719724 0.30789170506912444 0.21301903114186854 0.2995391705069125 0.2179930795847751 0.2963709677419355 0.22123702422145333 0.2932027649769585 0.22231833910034604 0.29089861751152074 0.22599480968858132 0.290610599078341 0.23118512110726647 0.29349078341013823 0.24113321799307957
5 0.27592165898617516 0.26059688581314877 0.2831221198156682 0.26124567474048443 0.2865783410138249 0.2651384083044983 0.28456221198156684 0.2703287197231834 0.2825460829493088 0.27249134948096887 0.28168202764976963 0.27941176470588236 0.2828341013824885 0.28114186851211076 0.28629032258064513 0.28481833910034604 0.2932027649769585 0.28352076124567477 0.29925115207373276 0.28114186851211076 0.30443548387096775 0.2759515570934256 0.309331797235023 0.26254325259515576 0.3090437788018433 0.25151384083044986 0.30529953917050695 0.24675605536332182 0.3001152073732719 0.24351211072664364 0.2932027649769585 0.24199826989619377 0.28744239631336405 0.24783737024221458 0.2764976958525346 0.2493512110726644 0.2739055299539171 0.2512975778546713 0.2736175115207373 0.2556228373702422 0.27592165898617516 0.26059688581314877
5 0.3352534562211982 0.24740484429065748 0.34418202764976963 0.2521626297577855 0.35426267281105994 0.25605536332179935 0.37298387096774194 0.2675173010380623 0.37644009216589863 0.2666522491349481 0.38277649769585254 0.2586505190311419 0.38277649769585254 0.25519031141868515 0.37327188940092165 0.24199826989619377 0.37039170506912444 0.2407006920415225 0.3591589861751152 0.23897058823529416 0.3421658986175115 0.24134948096885817 0.33381336405529954 0.24416089965397925 0.33294930875576034 0.2448096885813149 0.3352534562211982 0.24740484429065748
5 0.45852534562211983 0.46366782006920415 0.4642857142857143 0.469506920415225 0.4674539170506913 0.4757785467128028 0.47033410138248855 0.4777249134948097 0.4737903225806452 0.4775086505190312 0.48473502304147464 0.4677768166089966 0.48905529953917054 0.4595588235294118 0.4902073732718894 0.4530709342560554 0.4841589861751152 0.4476643598615917 0.4772465437788019 0.4472318339100346 0.47235023041474655 0.448961937716263 0.4602534562211981 0.4567474048442907 0.45737327188940097 0.4599913494809689 0.45852534562211983 0.46366782006920415
5 0.4069700460829493 0.4563148788927336 0.41676267281105994 0.46388408304498274 0.42828341013824883 0.476643598615917 0.432315668202765 0.4785899653979239 0.43461981566820274 0.47404844290657444 0.43519585253456217 0.4632352941176471 0.4297235023041475 0.45134083044982704 0.4254032258064516 0.4483131487889274 0.41877880184331795 0.446583044982699 0.4147465437788019 0.4470155709342561 0.40956221198156684 0.44961072664359863 0.4055299539170507 0.4530709342560554 0.4069700460829493 0.4563148788927336
5 0.43692396313364057 0.4844290657439447 0.44038018433179726 0.4889705882352942 0.4452764976958526 0.49221453287197237 0.4533410138248848 0.49567474048442917 0.4634216589861751 0.495242214532872 0.46687788018433185 0.4896193771626298 0.4680299539170507 0.4835640138408305 0.467741935483871 0.4768598615916956 0.46370967741935487 0.4684256055363322 0.4576612903225807 0.46150519031141873 0.45650921658986177 0.46064013840830453 0.45074884792626724 0.45977508650519033 0.44268433179723504 0.46042387543252594 0.4375 0.46345155709342567 0.435483870967742 0.4712370242214533 0.43519585253456217 0.47556228373702425 0.43692396313364057 0.4844290657439447
0 0.6028225806451613 0.51340830449827 0.6160714285714286 0.5147058823529412 0.6244239631336406 0.5080017301038062 0.625 0.5049740484429066 0.6241359447004609 0.5041089965397925 0.6149193548387097 0.497188581314879 0.6111751152073733 0.49589100346020765 0.6065668202764977 0.495242214532872 0.6022465437788018 0.49589100346020765 0.5964861751152074 0.5017301038062284 0.595910138248848 0.5086505190311419 0.6028225806451613 0.51340830449827
0 0.5547235023041475 0.47469723183391005 0.560483870967742 0.4779411764705883 0.5673963133640554 0.4796712802768167 0.5702764976958525 0.479022491349481 0.5745967741935484 0.4796712802768167 0.5783410138248848 0.4779411764705883 0.5820852534562213 0.4733996539792388 0.5838133640552996 0.4671280276816609 0.5820852534562213 0.46518166089965407 0.5777649769585254 0.46301903114186854 0.5673963133640554 0.46042387543252594 0.5567396313364055 0.46258650519031147 0.5527073732718895 0.4666955017301039 0.5524193548387097 0.47037197231833916 0.5547235023041475 0.47469723183391005
0 0.3415898617511521 0.5244377162629759 0.3461981566820277 0.5266003460207613 0.35627880184331795 0.5272491349480969 0.36031105990783413 0.5246539792387543 0.36319124423963134 0.5183823529411765 0.36175115207373276 0.5140570934256056 0.35829493087557607 0.5108131487889274 0.3522465437788019 0.5084342560553633 0.3453341013824885 0.5082179930795848 0.339573732718894 0.5129757785467128 0.33870967741935487 0.5194636678200693 0.3415898617511521 0.5244377162629759
0 0.3424539170506912 0.5426038062283738 0.3493663594470046 0.5443339100346021 0.3557027649769585 0.5441176470588236 0.36059907834101385 0.5408737024221454 0.36175115207373276 0.5324394463667821 0.3591589861751152 0.5283304498269896 0.35599078341013823 0.5270328719723183 0.3485023041474654 0.5263840830449827 0.3453341013824885 0.5272491349480969 0.33842165898617516 0.5322231833910035 0.33813364055299544 0.5333044982698962 0.33842165898617516 0.5441176470588236 0.3424539170506912 0.5426038062283738
0 0.2903225806451613 0.5480103806228375 0.29435483870967744 0.5488754325259516 0.30414746543778803 0.5488754325259516 0.3070276497695853 0.5477941176470589 0.3099078341013825 0.5400086505190311 0.30961981566820274 0.5361159169550174 0.3070276497695853 0.5335207612456748 0.30097926267281105 0.532006920415225 0.2932027649769585 0.5322231833910035 0.2868663594470046 0.5346020761245676 0.28513824884792627 0.5363321799307958 0.285426267281106 0.5415224913494809 0.2903225806451613 0.5480103806228375
0 0.30443548387096775 0.592128027681661 0.31710829493087556 0.5940743944636678 0.32114055299539174 0.5938581314878892 0.32373271889400923 0.592128027681661 0.3245967741935484 0.5854238754325259 0.32373271889400923 0.5780709342560554 0.3191244239631337 0.5748269896193772 0.315668202764977 0.5741782006920416 0.31105990783410137 0.5752595155709342 0.3038594470046083 0.5780709342560554 0.30213133640552997 0.5806660899653979 0.30213133640552997 0.5886678200692043 0.30443548387096775 0.592128027681661
0 0.6877880184331797 0.7134515570934257 0.6993087557603687 0.7186418685121108 0.7033410138248848 0.7179930795847752 0.7108294930875576 0.7099913494809689 0.7085253456221199 0.7050173010380624 0.6995967741935484 0.7006920415224914 0.6898041474654378 0.6987456747404844 0.6860599078341014 0.7022058823529412 0.6857718894009217 0.7099913494809689 0.6877880184331797 0.7134515570934257
2 0.6474654377880185 0.8125 0.648905529953917 0.8086072664359862 0.6509216589861752 0.8075259515570934 0.6509216589861752 0.8036332179930797 0.6532258064516129 0.8003892733564015 0.6558179723502304 0.8003892733564015 0.6618663594470047 0.8027681660899655 0.6682027649769585 0.8092560553633218 0.6834677419354839 0.8181228373702423 0.685483870967742 0.8209342560553633 0.6895161290322581 0.823529411764706 0.6926843317972351 0.8237456747404845 0.6975806451612904 0.8211505190311419 0.6995967741935484 0.8163927335640139 0.7019009216589862 0.8040657439446367 0.7013248847926268 0.798659169550173 0.6909562211981567 0.786764705882353 0.6785714285714286 0.7794117647058825 0.6725230414746544 0.7778979238754327 0.6633064516129032 0.7776816608996541 0.6569700460829494 0.779628027681661 0.6529377880184332 0.7861159169550174 0.6471774193548387 0.8036332179930797 0.6466013824884793 0.8114186851211074 0.6474654377880185 0.8125