3 0.3891245420384123 0.4255893525547857 0.38404404119393154 0.4231263318989029 0.3796293762000153 0.4177984675816987 0.37178199493166364 0.41292743323779657 0.3658546293255179 0.4107404222027684 0.36024475203930784 0.40896479235754607 0.3544984153442628 0.4093666153629846 0.3364571099997281 0.41561438089128233 0.3317688384626323 0.4187605006564105 0.32918229922435244 0.4230603993898686 0.3285157756482786 0.43004432143220084 0.32384258985377434 0.4334061773673681 0.3204242715964213 0.43819782189171974 0.31975843574585683 0.4410626655530412 0.3226460021104616 0.44519656860137163 0.3202857490110576 0.452732509885413 0.32163113100375906 0.45545671549483097 0.32905542375403296 0.458406215458655 0.3347249562851004 0.4651638683650436 0.34304137102481447 0.4684845672181298 0.3573921270198354 0.4672642735344946 0.36325983738112383 0.46446926150835643 0.3667076393981508 0.46422816770509334 0.3711531636027601 0.46586842598136446 0.3776860220891033 0.46432764867491577 0.3813155407427406 0.4625563105311084 0.3878792584397768 0.4573279271837266 0.3918118673962675 0.45163315567867546 0.39774060845343223 0.44558200995168207 0.3982706726206712 0.4407755407600108 0.39657763082285064 0.43720848162070924 0.39134627255245275 0.4325880992644374 0.3891245420384123 0.4255893525547857
3 0.49483164716477146 0.6614371699043946 0.4880121595691855 0.6588789599801045 0.47472015645762317 0.6587244720424186 0.4670682021174544 0.6607770862900327 0.46011156738752385 0.6645154075974142 0.4602825341083158 0.666960345612465 0.45306235502551456 0.6793165470275948 0.45147285024930744 0.6896168762215981 0.45535882652700393 0.6915130529684518 0.4656110303970252 0.6936144329194401 0.4734282401801934 0.6980539949232645 0.4808367594623661 0.7049068370980605 0.4923280574014372 0.7123413478492051 0.497892677459872 0.7134697691843108 0.5025809489969679 0.7103236494191825 0.5073302512299404 0.7039213959531988 0.5101005702813589 0.685734017736164 0.5096322245355059 0.6831652748459692 0.5068811175797363 0.6768539189469781 0.4994431145378897 0.6654505260510934 0.49483164716477146 0.6614371699043946
3 0.7994623656454627 0.37283192819052785 0.7920833301229638 0.3705296367368204 0.7746331196415446 0.36871479937259144 0.7709583437601323 0.36983892900628207 0.7605820153218296 0.38660705160003694 0.7515531320527569 0.3937421446601771 0.7453967294056971 0.40479540459860897 0.7445039196907475 0.4085432840903577 0.7464842783233202 0.4120902520793873 0.7539538283013693 0.4156869605533281 0.7549364647463598 0.4173525764628234 0.755388349298602 0.4279437399450009 0.7588052921049361 0.43139025218267085 0.7617840606506007 0.4326994938702238 0.7684979480480446 0.43374755060424175 0.7753181233691401 0.43218668214752115 0.7794770184645066 0.4297279531930533 0.782335788794947 0.4251922271392843 0.784876383079942 0.4243641982767203 0.7880821254899921 0.42479040413384583 0.7933134837603899 0.4294107864901176 0.8066212603400535 0.4256619322168316 0.8079824158008562 0.42448279561527746 0.8091934015612511 0.4170272189323237 0.804158845670055 0.41109232840554666 0.8042349621085233 0.40805193087473024 0.807229504122289 0.40545783035131133 0.8121742332834444 0.4059792254768442 0.8156981517389396 0.40269773414276455 0.8180728028554258 0.3994966074097729 0.8172115400766785 0.3954378024795779 0.8150199810478215 0.38887052811000383 0.8086400431639239 0.38021143197380897 0.7994623656454627 0.37283192819052785
4 0.23071282347723696 0.4930322566685348 0.22265286636158216 0.49337907270610987 0.21565097440387646 0.4964701855033747 0.2104936693954181 0.501166640759319 0.20842142085627588 0.5045634125120777 0.20488104120716993 0.51586732443814 0.20495440674360005 0.5293032404313669 0.20944450045047497 0.5357097855987656 0.20830963112854822 0.540124964750903 0.2084598008289559 0.5464014048323027 0.2130260109742989 0.5497675524688849 0.22448782515369614 0.5526515124989408 0.23610118448452 0.5535737558483751 0.24125780176746886 0.5529963789734416 0.2555338167750408 0.546578326058601 0.26119032674004505 0.5407630076519184 0.26392841112975163 0.5345013922378382 0.2616634865644646 0.5144982018750374 0.2549818338287327 0.5015243823380647 0.2409348558620748 0.49470216427944524 0.23071282347723696 0.4930322566685348
4 0.616155600524544 0.3774119253019947 0.6072954113260184 0.3704438027085194 0.5973757815185244 0.3689695401173759 0.5902532036200852 0.3703347635543296 0.5785925238849574 0.38112254683781144 0.5759607274189025 0.38477523706115285 0.5759134070145986 0.39648526369406856 0.5781954804990059 0.40434695508387597 0.5764393448287803 0.4163932647884622 0.5784649606891283 0.4205874412876085 0.5815795009181184 0.42383830850551146 0.5876426382075897 0.4279669450708896 0.594749442637928 0.4305050638449079 0.6011609274580278 0.4313574755591588 0.6089184819963387 0.43081501450181675 0.6185514826945898 0.42819028986222135 0.6252057148471764 0.424256323535073 0.6291081523184836 0.418130079689944 0.6315438341308461 0.411672819256097 0.632270700677287 0.40555184189392035 0.6310165208656454 0.40000297492372516 0.6222173623629963 0.3897787186293945 0.621598159191226 0.38505261403881086 0.616155600524544 0.3774119253019947
4 0.6284334202549132 0.3837074817521291 0.6258324829995512 0.3836725659345376 0.6221727928607306 0.38501243173826694 0.6229126819732345 0.3914644256891617 0.6291870196589898 0.39861336863508434 0.6308944594738926 0.40651524232543557 0.6277771683428643 0.41974068863157593 0.6260224081236578 0.4235488415741405 0.6227858065029149 0.426810241757948 0.6227549472922219 0.43049784779888095 0.633324639482179 0.4330106089396752 0.63957018113377 0.43148992278349835 0.6430940995892651 0.42820843144941884 0.649264900253407 0.4214899860620368 0.651291891564774 0.4174460057991613 0.6504176062199636 0.4008142295558949 0.6409231281070762 0.3889042662017971 0.6363720037043248 0.38575385473525375 0.6284334202549132 0.3837074817521291
4 0.362262026756306 0.6442588305333763 0.3589801679077878 0.6468730222070671 0.35580322153190225 0.6551164454520411 0.35487886488075004 0.6666710093657338 0.3574935124276847 0.6751598181153857 0.36478134576912363 0.6802867709298707 0.3665073099541657 0.6678089888852067 0.3684136153247989 0.6620391192620201 0.38462679491369706 0.6461635906830601 0.3848085115503072 0.644633346342516 0.38328141292099555 0.6434393850736424 0.38036298734569784 0.6429930880662449 0.362262026756306 0.6442588305333763
5 0.26687297027441115 0.37842271076682443 0.26032571377098573 0.3756286735222235 0.24978550534070276 0.37766646310251806 0.24216372248571738 0.38015054969021006 0.23718813411386913 0.3833167606056103 0.23514605705991048 0.3871450046984467 0.23458513368197859 0.39563907993105113 0.23892368223742677 0.4040073417790718 0.23981511650135756 0.4084976190493446 0.2420526204834991 0.4115930235480244 0.24661883062884224 0.41495917118460657 0.2528787702975154 0.4177732995794795 0.2637508650648163 0.42048170574004057 0.2704188075089755 0.42500163234495264 0.2740181546774293 0.4227988218610676 0.2761802299466123 0.42481554550955297 0.28422510131967543 0.4242529933019391 0.28752204591078523 0.4218545377982871 0.2910000194129957 0.4220449163351018 0.29792648265774274 0.41787512268764254 0.3020860654786189 0.411297315352164 0.3007571446795282 0.40055068915076336 0.2973559753412954 0.3932008347021214 0.2856987342337154 0.3833932260805491 0.26687297027441115 0.37842271076682443
5 0.40891446229118555 0.3617696789607438 0.39146287635874716 0.3681929983585366 0.38491424440430266 0.3736371178759572 0.37759348867564224 0.3845550062454378 0.3757015813220912 0.394659690419674 0.3786323417379425 0.4117980371211537 0.38094527443304277 0.4159721224700279 0.3865551517192528 0.41774775231525024 0.39499294012521025 0.4186752621476367 0.40678801609264437 0.41806726115652665 0.4136232771563315 0.4167221288698449 0.4192489279106428 0.41459441650409523 0.42115454555576654 0.4129436252619196 0.4261767666064089 0.4021864660946143 0.4271758642450103 0.39582966141212694 0.42648329553681 0.3776676408283164 0.42506248483115006 0.37386475436870403 0.4207390220182935 0.36571222869072234 0.4159156665233817 0.36279764454448993 0.40891446229118555 0.3617696789607438
5 0.584220881322689 0.45335398150029543 0.5781268848225247 0.4529129509758503 0.5651818537905722 0.4577203949490589 0.55571479626083 0.46271821745908215 0.5504210318435365 0.46959212556568736 0.5483179240937014 0.4766765033593791 0.5486196389455358 0.48099122676015693 0.5527613851217821 0.4906739967786827 0.5640106234538761 0.4987758071902159 0.5678362567612056 0.4998090392569142 0.5747016893100765 0.49889537931031025 0.578527322617406 0.49992861137700856 0.5850450953611575 0.49817209790052097 0.5933477998092991 0.49303890382154647 0.5976136705538265 0.4838521712953293 0.6003208957328401 0.48127816192218215 0.6009414743556294 0.47776610975074424 0.5998237539528228 0.47003978992988815 0.5971035062077461 0.4600408279899638 0.5895585275167384 0.45536543866582857 0.584220881322689 0.45335398150029543
5 0.18035832413365305 0.48723137035390574 0.1766232052818737 0.4874925553074408 0.167625181223494 0.490940042326648 0.16245279047244393 0.4954207614125535 0.1599416799471228 0.500799340996206 0.16057596886148467 0.5057411817568286 0.16529234870723536 0.5153837694748106 0.1666843633787311 0.5105170268323234 0.17457837732587694 0.5077971129243205 0.1866456843854716 0.5069532846128997 0.19246744979347527 0.5076301424576556 0.1960962807216029 0.5099778826948592 0.1999219140289326 0.5110111147615575 0.20379349228954688 0.5085724769573616 0.20353703466548762 0.5049049620667005 0.20158684751809824 0.5017894664177487 0.19614428885141616 0.49414877768093246 0.19248528643810509 0.49136956510365126 0.18035832413365305 0.48723137035390574
5 0.18298668197216034 0.5041740720356185 0.18200404552716984 0.502508456126123 0.18043100194457357 0.5047863647281435 0.17704354289791333 0.5058904032115621 0.17569747317970247 0.5072852759831551 0.16936141707256117 0.5075115451190986 0.16784940418584132 0.5065333200202636 0.16765328953214892 0.5037287498097581 0.16636756278430492 0.5059865672615067 0.16379679701412625 0.506383123783993 0.1660946439666347 0.5103414729628284 0.16349301898576327 0.5144256355262475 0.16164636885998745 0.5251775282106006 0.16332294946419726 0.5367670079418847 0.1654541655226872 0.5424713376313032 0.17634134603257992 0.5453954799619031 0.1842045007690328 0.5463631720948333 0.19302080819080222 0.5444459294161702 0.2013084268963521 0.5390969991671569 0.2039710825730999 0.5317567029028825 0.20379142911301834 0.5209297121003942 0.20055689066880394 0.5118338771411692 0.19237693533792494 0.5063357254374222 0.18298668197216034 0.5041740720356185