4 0.3336470482103427 0.4651269511269326 0.326966279915221 0.46362909031545446 0.3131800067449143 0.4649760967735549 0.30864244628388915 0.46708210505525144 0.30471830912817877 0.47024866611131466 0.3023692413153105 0.4772553308914878 0.3049210516337002 0.4843072480337744 0.3094122881229149 0.4891274909453786 0.31759265107077816 0.4923041431387971 0.321046766832365 0.4921835227584889 0.3263260575718757 0.4948122982328467 0.3315525160283162 0.49592815506768606 0.3433012459306672 0.4940031167954479 0.3481191019028145 0.4916709255811754 0.34946774717535495 0.48902709227877716 0.35011239951446 0.482729131391409 0.3492951945458737 0.4758330352931851 0.3468641437316449 0.4722392178983695 0.34213034907635836 0.4687258140904258 0.3336470482103427 0.4651269511269326
4 0.35003068987785885 0.5299060506408543 0.34068282091369645 0.5345603813710406 0.33658405281300474 0.5409789626387168 0.33790901652076494 0.54590977423227 0.3414537019104723 0.5483827286625651 0.3421652423129179 0.5522529874817519 0.34680846734008375 0.5531728164790923 0.35429993229253176 0.5531276035559749 0.3591339223604492 0.5430046362115337 0.367875915488307 0.5375058839411979 0.3671492801478414 0.5332033626535773 0.36299871892182933 0.5298859866831325 0.35662088854485996 0.5288103366417292 0.35003068987785885 0.5299060506408543
4 0.31160964076259134 0.5437986415039034 0.31063082147154375 0.5570329052829315 0.3122662705664663 0.5626020588807766 0.3164243792614884 0.5661355660854382 0.3230523152735397 0.5661205082573979 0.3316121299874061 0.5636576449644581 0.3363922486145031 0.5602447975791007 0.33986249847186 0.552333401068624 0.3353184296995749 0.5460002395175013 0.3346068892971294 0.5421299806983144 0.3295852516617106 0.53862662858873 0.32266947266952706 0.5386517381151295 0.31160964076259134 0.5437986415039034
4 0.3375803187223322 0.5695082855553518 0.32625528624229444 0.5753136343451358 0.3226340870047364 0.5789024061712739 0.3212627993251658 0.5808978457710213 0.32237539474289434 0.5880000214051031 0.3245035076389708 0.591171628029844 0.3301461160487144 0.5959516641480122 0.3345090455647582 0.5970976760779284 0.3385388472866094 0.5969569523009022 0.3462275855910689 0.5943081128688226 0.3555075273341408 0.5877086010306841 0.35632577146047717 0.5863816585303054 0.3558039569410332 0.5796916419679395 0.3533049789057139 0.5741526434651714 0.3494724505358743 0.5716897407332354 0.3375803187223322 0.5695082855553518
4 0.36967533058595065 0.5642760018890204 0.36192621252941065 0.5651957914473646 0.3541232230320502 0.5728257009647927 0.3571591105248336 0.5854869784983607 0.36038576305836856 0.5871054596901469 0.3659000644949413 0.5882112648266273 0.3733915294473892 0.5881660519035097 0.37623976937267123 0.5872010099830518 0.38155783661498244 0.582687403029892 0.3845807074852459 0.578470340897821 0.38618700586187843 0.5749519309601961 0.38432409353890395 0.5711218789344453 0.38071902839711613 0.5669198746304149 0.3754699275336455 0.5651556240929249 0.36967533058595065 0.5642760018890204
4 0.36240066391929415 0.5870350978016339 0.3560756658253952 0.5874723663997491 0.34791690612681203 0.5931671465075838 0.3474846220777386 0.5972937433544236 0.3525213546511775 0.6012293579324421 0.35632369314497697 0.6028277357275102 0.35981554625161405 0.6037877715182869 0.36672377777478743 0.6035465307576705 0.37323095428267783 0.600073373182159 0.3751250956394426 0.596544911546175 0.37493640891419117 0.5911416306907518 0.3728384858941549 0.5888345490028787 0.36964202323666023 0.5880805927479601 0.36240066391929415 0.5870350978016339
4 0.6077959106876538 0.5663475982868866 0.6014256277796945 0.5654880794797001 0.5948429765817035 0.5667999247130423 0.5872070705603144 0.5709616827846404 0.5844720426701832 0.5751686932183524 0.5827062082865894 0.5823713858360243 0.5836829492621369 0.5855831992542011 0.5869624340787423 0.5887145990855059 0.5954910197588182 0.593610249454301 0.6024520835650622 0.594881927333203 0.6084816912098188 0.59423857919923 0.6127465036287318 0.5925748850843261 0.6174888849107785 0.5880813815278841 0.6190423510043406 0.5830500529507407 0.6188763066861194 0.5782951657979682 0.6169605620800745 0.5729521951326989 0.6142492157547237 0.569584560670459 0.6077959106876538 0.5663475982868866
4 0.5741830917600232 0.594137943898651 0.568191221460317 0.595861948203709 0.5634111028332198 0.5992747955890662 0.5609790128612411 0.6039040167928529 0.5608345717922999 0.6080205619413337 0.5620765133409494 0.6105739299585008 0.5682797127729373 0.6149016002115171 0.5750435032271697 0.6187769045993814 0.5793837903361834 0.619274522826647 0.5897849141237439 0.6117702792582047 0.5974811998972135 0.6093375710603419 0.5987996552937138 0.6058292128210759 0.5983835053404105 0.6021650335377471 0.5962025601612637 0.5974805082734876 0.5909081744837328 0.594419470330696 0.5741830917600232 0.594137943898651
4 0.6440750644913342 0.5984055011564944 0.6400905475835434 0.5998430123388221 0.6365986944769063 0.5988829765480457 0.6354020377423171 0.59762639593618 0.6299038704015146 0.5887298146695312 0.6204050520571511 0.5890615207153787 0.6145263937925957 0.5940274935336907 0.6142224167166931 0.6018283213622182 0.6181606096526735 0.6073170613731913 0.6252801703081285 0.613127495170649 0.6302791655365173 0.6159824535775827 0.6343165147273785 0.6160578610347736 0.6431264350763267 0.61250428987239 0.6538003069059994 0.6045577321371547 0.6578537901926309 0.5968423634641769 0.6571196073831553 0.5923237109423394 0.6544761882788948 0.590901257588052 0.6510522623933482 0.591886402905228 0.6440750644913342 0.5984055011564944
4 0.6073433359118099 0.6111571256583048 0.5960419849965524 0.609387829552137 0.5886335422032151 0.6118104860516407 0.5833154749609037 0.6163240930048006 0.5808531951128846 0.6200887892717196 0.5813070824112382 0.624833624726133 0.5847148742010144 0.6316392555391258 0.5906604205289103 0.6368415024273688 0.5967805978017877 0.6387917291039988 0.6031055958956867 0.6383544605058835 0.6108094291381664 0.6361378835422377 0.615028956743019 0.6331774020220324 0.6188323343945685 0.6265527412184981 0.6185681729792166 0.6189881480209056 0.6167279030632724 0.6158064896978057 0.6134635131846873 0.6131073523349346 0.6073433359118099 0.6111571256583048
4 0.6497543710883781 0.6124892320443496 0.6432471945804876 0.6159623896198608 0.6404593344072861 0.6186564814140543 0.6364748174994952 0.6200939925963821 0.6274449813915053 0.625602796565077 0.6204904258965214 0.6327702885189941 0.6197552039292956 0.6364746745957591 0.6230422362149112 0.6398222056612808 0.6326693615324455 0.6431647305971212 0.6410394503633103 0.6435216250473605 0.6525380746305794 0.6426872946445661 0.657916521624971 0.6399027375651416 0.6609167500882043 0.6350372817304198 0.6621823732016341 0.6300160048516353 0.660994303093805 0.6207525168753844 0.6578894492221811 0.6143690968324665 0.654647701750626 0.6123183531722464 0.6497543710883781 0.6124892320443496
2 0.3015223932002029 0.5850495127052644 0.2975831611064724 0.5877838112928937 0.292886064638486 0.5935741022546372 0.29183280981508786 0.5964240150928934 0.29177139090525733 0.6029180038177604 0.2947781276797506 0.6064917178158581 0.30120124287078026 0.608864155262563 0.31047259798709204 0.6102715507888099 0.32511485262878537 0.6086782580014155 0.3285236835763118 0.6072608502158058 0.3304555622781267 0.6048130447509064 0.3322289441307305 0.5978264833674515 0.3232993034353715 0.5896989161837616 0.3204671976058596 0.5828731819740508 0.3175359355214669 0.5814607803181225 0.3077945590110315 0.5830993254676305 0.3015223932002029 0.5850495127052644
3 0.6986912876123382 0.462333486080039 0.685230594767214 0.4647510970108651 0.6801248958149345 0.4670933399234968 0.6750795766147354 0.4711646327098638 0.6777833754710763 0.4743161359378866 0.6815857139648757 0.4759145137329549 0.6854559796797657 0.4794580726359756 0.6892119942017546 0.4879827016243447 0.6987862872362187 0.48981230792066643 0.7065505002307788 0.4893247808307562 0.7138910158030256 0.4849569432233 0.7194742836184389 0.4797848908691303 0.7208078339529594 0.4767087950982981 0.7204369688137163 0.47434140322027096 0.7170669143689905 0.46861642857836294 0.7117423388154193 0.46469086569870344 0.6986912876123382 0.462333486080039
2 0.6148438799192492 0.47932716392333113 0.6097306334979594 0.48145327560174583 0.5989425104753859 0.49438090342232943 0.599351112959679 0.49782895147144135 0.6026683351213346 0.5020410074738308 0.6186883857538585 0.5068914449195082 0.6236722860442272 0.5093141408580082 0.6314440465077974 0.5090427450023147 0.6411325907351623 0.5058912812132883 0.645874972017209 0.5013977776568462 0.6460269605551602 0.49749736374258247 0.6400447160399642 0.4829914220846524 0.6194418201323546 0.47895020551536993 0.6148438799192492 0.47932716392333113
2 0.5536098389989352 0.4754064494173682 0.5426491633468803 0.4751400202523601 0.5392252374613339 0.476125165569536 0.5358616913278678 0.47883936076044736 0.5327472116717336 0.48868588668051743 0.5328604237068844 0.4919278551937715 0.5347686208439191 0.49705469462482366 0.536556058476793 0.4987234343084051 0.5432368267719146 0.5002212951198832 0.5614539566793556 0.5019654816996516 0.5677110275521641 0.49958303199358384 0.5690219354796542 0.49585854252010086 0.5686435228714013 0.4932750194078568 0.56457702296225 0.48411204841519595 0.5594950055747507 0.4788796464318758 0.5536098389989352 0.4754064494173682
2 0.6549792436575496 0.5062733246289233 0.6483437601764881 0.5060722512227467 0.6343753085921899 0.5104551466582433 0.631269415562816 0.5122947652139278 0.6274972669450567 0.5115609123557274 0.6243536365706325 0.5123198747403273 0.6135816476438289 0.5174567264307424 0.6082711278705278 0.5221864646181192 0.6066723769629054 0.5259210057899611 0.6071941914823494 0.532611022352327 0.6087466184181614 0.5358027323737861 0.614646879931997 0.5397081918567274 0.6227366732517396 0.5402912692395427 0.6365304938910563 0.5391603940156593 0.651059536497599 0.5343251327150108 0.6582130949639273 0.5301081591235828 0.6626799594267789 0.5287258634610847 0.6655669758548612 0.520618439113109 0.6650225189283872 0.5132800288480924 0.6628868585633007 0.5098922909891346 0.6587740346823387 0.5076555711897746 0.6549792436575496 0.5062733246289233
3 0.6252772718983499 0.4562413680945516 0.6187172631073892 0.45820160703054447 0.6125507618627014 0.46317763154721525 0.6118381823025059 0.46753041132663087 0.6137690218465708 0.473305644460334 0.6199646738095488 0.4774171834791333 0.6260848510824261 0.47936741015576345 0.6366973040022683 0.4779148411453952 0.6400910400117745 0.4760651708913516 0.6388189085870846 0.4726472779373167 0.6393493097332887 0.47133038713529707 0.6454931685709464 0.46570596891597543 0.6441983947392264 0.46163968225928975 0.6411765630267132 0.45763370579275814 0.6361926627363446 0.4552110098542582 0.6252772718983499 0.4562413680945516
3 0.6652929152902397 0.4715063904540703 0.6572861441296076 0.4733007566476413 0.6536045651399692 0.47516047860004396 0.6494152274111566 0.478985485057117 0.6483619725877585 0.48183539789537316 0.650383381759944 0.4902042058396795 0.6545716803310065 0.4946022379812088 0.6587071466189983 0.4974873514832197 0.668864673082737 0.49951298561704044 0.6780681009779583 0.49897520003533496 0.68347673784839 0.4970551678927782 0.688356012730368 0.48822898795363867 0.6869782167395374 0.4817852577205667 0.6815630715578456 0.47526612003030405 0.678912104984575 0.4736275354417997 0.6652929152902397 0.4715063904540703