3 0.027649769585253458 0.4989186851211073 0.03254608294930876 0.5028114186851211 0.043202764976958526 0.5069204152249135 0.046947004608294936 0.5071366782006921 0.060771889400921666 0.5038927335640139 0.06365207373271889 0.5021626297577855 0.06682027649769585 0.4982698961937716 0.06797235023041474 0.49416089965397925 0.06566820276497695 0.47534602076124577 0.0625 0.47210207612456745 0.05328341013824885 0.467560553633218 0.0391705069124424 0.4669117647058824 0.03024193548387097 0.4701557093425606 0.026497695852534565 0.474264705882353 0.0244815668202765 0.4870242214532873 0.02476958525345622 0.49480968858131497 0.027649769585253458 0.4989186851211073
4 0.18173963133640553 0.27097750865051906 0.18317972350230416 0.2759515570934256 0.18577188940092165 0.27941176470588236 0.195852534562212 0.2878460207612457 0.20046082949308755 0.2897923875432526 0.20622119815668202 0.2897923875432526 0.2168778801843318 0.2867647058823529 0.2203341013824885 0.28395328719723184 0.2226382488479263 0.27941176470588236 0.2220622119815668 0.2759515570934256 0.21514976958525348 0.26535467128027684 0.20996543778801846 0.26167820069204156 0.20017281105990783 0.2573529411764706 0.19239631336405533 0.256704152249135 0.18807603686635946 0.2582179930795848 0.18317972350230416 0.26211072664359863 0.18173963133640553 0.26535467128027684 0.18173963133640553 0.27097750865051906
5 0.5126728110599078 0.6589532871972319 0.5146889400921659 0.6604671280276817 0.5296658986175116 0.6619809688581315 0.5383064516129032 0.6580882352941176 0.5397465437788018 0.654628027681661 0.5403225806451613 0.6474913494809689 0.5331221198156683 0.6394896193771626 0.5293778801843319 0.6379757785467128 0.5259216589861752 0.6377595155709342 0.5169930875576038 0.6399221453287198 0.5146889400921659 0.6425173010380624 0.5129608294930875 0.6474913494809689 0.5112327188940092 0.6554930795847751 0.5126728110599078 0.6589532871972319
0 0.6408410138248848 0.7311851211072665 0.6442972350230415 0.7365916955017302 0.6494815668202765 0.7385380622837371 0.6578341013824885 0.7391868512110726 0.6621543778801844 0.736159169550173 0.663594470046083 0.7303200692041523 0.6612903225806452 0.7255622837370244 0.6575460829493088 0.722318339100346 0.6509216589861752 0.7203719723183392 0.6445852534562213 0.7221020761245676 0.641705069124424 0.7244809688581315 0.6405529953917051 0.7270761245674742 0.6408410138248848 0.7311851211072665
0 0.6638824884792627 0.7791955017301039 0.6682027649769585 0.7817906574394464 0.6710829493087558 0.7824394463667821 0.6820276497695853 0.7811418685121108 0.6857718894009217 0.7783304498269896 0.6869239631336406 0.7761678200692043 0.6872119815668203 0.7722750865051904 0.6860599078341014 0.7690311418685122 0.6820276497695853 0.7653546712802769 0.6794354838709677 0.7647058823529412 0.6716589861751152 0.7653546712802769 0.6647465437788018 0.7688148788927336 0.6624423963133641 0.7716262975778547 0.6621543778801844 0.7761678200692043 0.6638824884792627 0.7791955017301039
0 0.6336405529953917 0.786332179930796 0.6368087557603687 0.7932525951557095 0.6402649769585254 0.791089965397924 0.6451612903225807 0.7908737024221454 0.6543778801843319 0.7833044982698962 0.648905529953917 0.7785467128027682 0.6440092165898618 0.7768166089965398 0.6370967741935484 0.7770328719723184 0.6347926267281105 0.7791955017301039 0.633352534562212 0.7828719723183392 0.6336405529953917 0.786332179930796
0 0.22926267281105991 0.7437283737024222 0.23214285714285715 0.7465397923875433 0.2379032258064516 0.7484861591695502 0.24481566820276499 0.7484861591695502 0.2534562211981567 0.7432958477508651 0.2540322580645161 0.740916955017301 0.2502880184331797 0.7357266435986161 0.24251152073732718 0.7292387543252595 0.2341589861751152 0.7301038062283738 0.2289746543778802 0.7346453287197232 0.22724654377880188 0.7378892733564014 0.22926267281105991 0.7437283737024222
0 0.1679147465437788 0.7288062283737025 0.17079493087557604 0.7326989619377163 0.17511520737327188 0.7350778546712803 0.18548387096774194 0.7344290657439447 0.19210829493087558 0.7316176470588236 0.1975806451612903 0.7272923875432526 0.1975806451612903 0.7236159169550174 0.1961405529953917 0.7203719723183392 0.18577188940092165 0.7158304498269896 0.1814516129032258 0.7153979238754327 0.17540322580645162 0.7162629757785468 0.1716589861751152 0.717560553633218 0.1679147465437788 0.7210207612456748 0.16676267281105991 0.7236159169550174 0.1679147465437788 0.7288062283737025
0 0.2782258064516129 0.5069204152249135 0.2805299539170507 0.5086505190311419 0.28629032258064513 0.5101643598615917 0.29377880184331795 0.5103806228373703 0.2966589861751152 0.5099480968858132 0.30097926267281105 0.5064878892733564 0.3024193548387097 0.5030276816608997 0.3018433179723502 0.4980536332179931 0.29694700460829493 0.49026816608996543 0.2903225806451613 0.48551038062283747 0.2860023041474654 0.48399653979238755 0.2793778801843318 0.4859429065743945 0.27563364055299544 0.490484429065744 0.2744815668202765 0.49416089965397925 0.27505760368663595 0.5012975778546713 0.2782258064516129 0.5069204152249135
1 0.6549539170506913 0.21669550173010382 0.6561059907834101 0.22426470588235295 0.6578341013824885 0.22642733564013842 0.6610023041474655 0.22794117647058826 0.6710829493087558 0.22988754325259517 0.6794354838709677 0.23032006920415227 0.6828917050691244 0.22967128027681666 0.6857718894009217 0.2272923875432526 0.6860599078341014 0.21864186851211076 0.684331797235023 0.21345155709342561 0.6805875576036866 0.20955882352941177 0.6834677419354839 0.2069636678200692 0.6898041474654378 0.2069636678200692 0.6941244239631337 0.20480103806228372 0.6967165898617511 0.19917820069204153 0.6967165898617511 0.19506920415224915 0.6952764976958525 0.19225778546712805 0.6929723502304148 0.19052768166089967 0.6860599078341014 0.1887975778546713 0.682315668202765 0.189878892733564 0.6788594470046083 0.18966262975778547 0.6754032258064516 0.19096020761245674 0.6684907834101382 0.1855536332179931 0.6621543778801844 0.18490484429065746 0.6575460829493088 0.18814878892733566 0.6538018433179723 0.19269031141868515 0.6523617511520737 0.2026384083044983 0.6523617511520737 0.21172145328719724 0.6549539170506913 0.21669550173010382
1 0.581221198156682 0.1531141868512111 0.5849654377880185 0.15419550173010382 0.589573732718894 0.15743944636678203 0.6042626728110599 0.17236159169550175 0.6088709677419355 0.18166089965397925 0.6126152073732719 0.18295847750865052 0.619815668202765 0.17452422145328722 0.6267281105990784 0.16154844290657439 0.6278801843317973 0.15679065743944637 0.6255760368663594 0.15095155709342561 0.622983870967742 0.14878892733564014 0.6192396313364055 0.14749134948096887 0.6065668202764977 0.1461937716262976 0.5918778801843319 0.1453287197231834 0.5800691244239632 0.14749134948096887 0.5797811059907835 0.15095155709342561 0.581221198156682 0.1531141868512111
1 0.5769009216589862 0.28503460207612463 0.584389400921659 0.2900086505190312 0.5855414746543779 0.29217128027681666 0.5849654377880185 0.3001730103806229 0.586405529953917 0.30125432525951557 0.5918778801843319 0.30363321799307963 0.5982142857142858 0.30428200692041524 0.6048387096774194 0.30125432525951557 0.6091589861751152 0.30147058823529416 0.6103110599078342 0.30211937716262977 0.6137672811059909 0.3105536332179931 0.6195276497695853 0.31163494809688586 0.6241359447004609 0.30579584775086505 0.6275921658986175 0.3081747404844291 0.6301843317972351 0.31336505190311426 0.6330645161290323 0.3090397923875433 0.633352534562212 0.30363321799307963 0.6310483870967742 0.29671280276816614 0.6310483870967742 0.29303633217993086 0.6275921658986175 0.2900086505190312 0.6339285714285714 0.2807093425605537 0.6350806451612903 0.2735726643598616 0.6339285714285714 0.2696799307958478 0.6316244239631337 0.26773356401384085 0.6232718894009217 0.2649221453287197 0.6091589861751152 0.2649221453287197 0.6051267281105991 0.2655709342560554 0.5987903225806452 0.2681660899653979 0.5924539170506913 0.26405709342560557 0.5884216589861752 0.26405709342560557 0.5832373271889402 0.2690311418685121 0.5815092165898618 0.27227508650519033 0.5815092165898618 0.2747259948096886 0.5760368663594471 0.2807093425605537 0.5754608294930875 0.28287197231833916 0.5769009216589862 0.28503460207612463
2 0.6641705069124424 0.3040657439446367 0.6673387096774194 0.305363321799308 0.6737903225806452 0.305363321799308 0.67713133640553 0.3064446366782007 0.6785714285714286 0.3088235294117647 0.6820276497695853 0.3112024221453288 0.6895161290322581 0.3118512110726644 0.6961405529953917 0.3096885813148789 0.6987327188940092 0.30666089965397925 0.7001728110599078 0.2995242214532872 0.6984447004608295 0.28957612456747406 0.695852534562212 0.28568339100346024 0.6921082949308757 0.28265570934256057 0.6857718894009217 0.28027681660899656 0.6788594470046083 0.2798442906574395 0.6713709677419355 0.28395328719723184 0.6670506912442397 0.2878460207612457 0.6627304147465438 0.29671280276816614 0.6624423963133641 0.30060553633217996 0.6641705069124424 0.3040657439446367