2 0.5411167537730794 0.6265120217181114 0.555273892082629 0.6254916362981847 0.5597122962887734 0.6221843120260988 0.562779412815347 0.6168815481542657 0.5679907763337673 0.6161979537878602 0.5706945751901082 0.6130464505598374 0.5710277029843007 0.6117597148528948 0.5688079813023535 0.6093018576896364 0.5689513832135445 0.6051953642395147 0.5711172334546714 0.6009431014436892 0.5728593862734849 0.6005711491654094 0.5740635904770841 0.5990984373193269 0.5781009396679454 0.5990230298621363 0.5798118634529688 0.5912925639221218 0.5784330283043879 0.5895132555565912 0.5710472279180807 0.5864422053544367 0.5679941671717771 0.5830896681592336 0.5654262227576172 0.5823508091713515 0.5616691690778781 0.5826523995611183 0.5560265606681345 0.5874324356792864 0.5132542861368337 0.6073618799063465 0.5123379249133665 0.608844643450788 0.5128456836525405 0.6108099279554584 0.518209035708912 0.6140267475033168 0.5319359682848883 0.6253258424337551 0.5411167537730794 0.6265120217181114
2 0.6132172908158462 0.47647149561446545 0.6206257336091835 0.4788941521139692 0.6269280892960524 0.4799798144147352 0.636442002578436 0.4798792579921489 0.6454557045906557 0.47759728583067523 0.6495609810026075 0.4755766972655321 0.6567031840650926 0.4691178697654236 0.6609820522642755 0.462126262813291 0.6625495741381078 0.4585022903233981 0.6626854285802889 0.4546119281074934 0.6606166562785428 0.44783144625989635 0.6516321049846131 0.44102585488589996 0.6459356251340489 0.4390957710449842 0.6287103311401758 0.4371958817381417 0.6171135897757759 0.4391712573801672 0.6112359706689705 0.4424283231604578 0.605094190146813 0.45324998213834117 0.6031180657886879 0.4603220026773459 0.6051792906214238 0.4673186157591599 0.6067855889980562 0.47083702569678476 0.6106870837467364 0.4746519804554989 0.6132172908158462 0.47647149561446545
2 0.4897209482391099 0.43948329385825513 0.4962130298089802 0.44338871390220025 0.5036063776642974 0.4462436328701379 0.5101739339242684 0.44798774057191365 0.5279975562854362 0.44925933957282355 0.5344131240074559 0.44710303336033563 0.5403511228663418 0.44211691770630956 0.5419639295542342 0.43719615781111515 0.5385454728221977 0.4195488040625174 0.5358255398700865 0.4149095311603717 0.5288634369060926 0.40795817044067145 0.5226441033783344 0.40449506456351897 0.5155008611580991 0.4027308534650251 0.5088804726150579 0.40249966440276774 0.5018967664017839 0.4044197359843208 0.48432324967569784 0.40423884485285466 0.4776122915045359 0.40660123060120046 0.4752340729733774 0.4086821293564976 0.47275773734508847 0.41357273415661505 0.4728946309450196 0.4179054105393127 0.4744103596935313 0.42401739528754084 0.47739549321874436 0.4293151135906964 0.4897209482391099 0.43948329385825513
4 0.6176603440812218 0.6298341671842602 0.6217515647129037 0.6364688796861534 0.6262513878288785 0.6396555441389348 0.6322357106595748 0.6415956796782095 0.6383030556493818 0.641158371641098 0.6432567660637102 0.6396002006394659 0.6474375171657625 0.6354182997321534 0.6555176847009948 0.6186052763863501 0.6547134963549286 0.6086230328189352 0.6553560703785334 0.5984749165090983 0.6579380705729634 0.5905584744299439 0.6552030426828321 0.5863514639962322 0.6449991922472831 0.5814508469367519 0.6376964140200865 0.5760023531582112 0.6285609133459558 0.5735193864685534 0.6207967003513957 0.573031859378643 0.6169792669195762 0.5750624996421452 0.6056638602240486 0.5854870968153493 0.6052713918355257 0.5967259209946297 0.6085454074986212 0.6102567295947467 0.6132198615595774 0.616695414259141 0.6176603440812218 0.6298341671842602
4 0.5156023147919517 0.606145506087917 0.5231768019035103 0.6038132754346484 0.5320083255017387 0.5984954142957785 0.5471572997248558 0.5938309529892409 0.5521713898912647 0.5905437321138732 0.5590332974426278 0.5838587216811888 0.5611689578077143 0.5804709838222308 0.5621144697494714 0.5699006567423192 0.5596295474944222 0.5667843541780511 0.5483045150143845 0.5609790053882671 0.5310867684895212 0.5588629848472076 0.5270192294226197 0.5598029172412662 0.5167711333307604 0.5644221261856901 0.5097270473654059 0.5680712476409784 0.5058643291195261 0.5713986753097821 0.4983361659797779 0.5806571571563518 0.49275497647986477 0.591931181999387 0.4924983625335228 0.5992796439627627 0.49524093789266416 0.6032705231622576 0.5012026183163304 0.6058590524041831 0.5156023147919517 0.606145506087917
4 0.6202480324926334 0.7868107595455888 0.6269288007877551 0.7853128987341107 0.6430685717666899 0.7687813229423599 0.6465216483705265 0.7606789047240655 0.6452031929740263 0.7571705464847995 0.6344085616401927 0.7526820884970351 0.62889322104587 0.745564855034913 0.6248483243859986 0.7458563937263207 0.618440304132989 0.7477965687045918 0.6112452687874335 0.7557683148442187 0.6096777469136013 0.7593922873341116 0.6034971898886435 0.7630715638844769 0.6022185501526938 0.7749286266713312 0.6051885887398868 0.7806586074429205 0.611945870882859 0.7852224728878757 0.6202480324926334 0.7868107595455888
4 0.16937922188167337 0.7658725985958054 0.17635538062593736 0.7641686582484695 0.17990761348465487 0.7614795725839574 0.18832194797182986 0.7516028521298141 0.19238844788098128 0.7424398811371532 0.1953649947794343 0.7397306920759232 0.19886439535508138 0.7385545250509298 0.19890213270013166 0.7374738688798451 0.19806879363577515 0.7365791888479004 0.19488742591630054 0.736900882634385 0.16350603277062772 0.7442444173460718 0.15628731586029188 0.7446415185897471 0.15418184537124555 0.7471647315118372 0.1547057382061897 0.7569207921466763 0.15628184670678197 0.761303727021169 0.16216050497133752 0.7662696998394809 0.16937922188167337 0.7658725985958054
4 0.202591313460068 0.4997848153016921 0.20629553485673666 0.500996143551444 0.21754405348892378 0.5007397660847948 0.22016483018615401 0.4999657064331581 0.22578479618886754 0.49583406401764074 0.2350087881756187 0.4792773786994905 0.2346886770039461 0.46368577474079437 0.23402892972682093 0.45782007632186 0.23130899677470987 0.4531808034197143 0.22293032131708493 0.4455307905055682 0.21868060383619206 0.44343483392223054 0.21465080211434082 0.44329411014520426 0.19839574078475505 0.4466215772530043 0.19633555510976913 0.44784800276979275 0.19154892817141211 0.4528743252172549 0.18786838833952368 0.4592376418634546 0.1872570433497091 0.4767442718350262 0.18961365863158747 0.4835348053809823 0.19587176866214598 0.4941402936856523 0.202591313460068 0.4997848153016921
5 0.7250231506255239 0.7326921763238362 0.7416199263760623 0.7360848808734792 0.7468463848325028 0.7349690240386398 0.7515650845497692 0.7318878826991301 0.7526399426224476 0.7258663632361331 0.749608485125424 0.7136423937396766 0.7387448874127498 0.7028760782612624 0.7343507288629156 0.6966635765294439 0.7309645403224195 0.6945977750411834 0.7270489897934692 0.6994381213495056 0.7195575248410213 0.6993929084263881 0.715141763041907 0.702051838995823 0.7112564023889971 0.7060276603672775 0.7084997712495859 0.7106920822348188 0.7108563865314641 0.717482615780775 0.7121672944589543 0.7212071052542579 0.715750756351462 0.7258765332514807 0.7250231506255239 0.7326921763238362
5 0.656473041490734 0.8058201381413312 0.6613059924009014 0.8077200668871697 0.6691230376785319 0.8066946753375618 0.6729857559244118 0.8033672476687579 0.6770522558335631 0.794204276676097 0.6761640061706362 0.7783764380864658 0.673314727087604 0.7691883575674054 0.671117647812687 0.7660821067014963 0.6665423500066117 0.7650567545908844 0.6587705895430414 0.7647853587351909 0.6496512229646808 0.7700931681757017 0.6472050772124319 0.7741192480389514 0.645918890007472 0.7861924420600225 0.6479197350881276 0.794918105015572 0.650912416082351 0.7999996920845105 0.656473041490734 0.8058201381413312
5 0.5751709358047745 0.7902137129885718 0.588933527410301 0.7839860745507206 0.5942581029638722 0.780060511671061 0.5969769967582332 0.7764767459746043 0.597226063235565 0.7693444152454456 0.5953168269407803 0.7662482160778954 0.5927564299956305 0.7652932258557966 0.5861284939835791 0.7652781680277563 0.5769185577770979 0.7731795522788701 0.5651935094395272 0.7788291589025835 0.5624972580521963 0.7817645308963896 0.5549831506927182 0.7823677116759229 0.5556353505008332 0.7884495413290741 0.558953611820239 0.792460523925287 0.5644075335047312 0.7930837686625422 0.5751709358047745 0.7902137129885718
5 0.4042471162048017 0.7991761627210031 0.4080041698845407 0.7988745723312364 0.4112232749490656 0.797472222373667 0.41834283560452057 0.7916617885762094 0.42006130685855386 0.7837151914019779 0.41211387629225227 0.771968736736069 0.40903062566990833 0.7694807244777335 0.4069477975878922 0.7713555436971729 0.4019865397045539 0.7731298459330219 0.3979491905136926 0.7732052533902126 0.3950179284293 0.7746176550461411 0.39283698325015315 0.7793021803104005 0.3928304749388931 0.7877413501432199 0.3966715899354929 0.7932853547756694 0.4008533801952954 0.7973264924669594 0.4042471162048017 0.7991761627210031
5 0.4229548315978963 0.7833834459171343 0.4287796184216314 0.7816392987763621 0.4369438472737245 0.7706718704527751 0.4385523769396614 0.7576207922584572 0.4412896035362479 0.7535120437940876 0.4402514436508699 0.7502298684873976 0.4374409410706381 0.7481841703958549 0.42718425835201873 0.7447964719758934 0.4251391676150528 0.745590635024248 0.4189435156520749 0.7497021740430474 0.4165426547138863 0.7524314665009953 0.4125591769638456 0.75921699391727 0.4119920776303413 0.7672037978849375 0.4132048684607006 0.7737379934032405 0.418402176198851 0.7817097001038714 0.4229548315978963 0.7833834459171343
5 0.3794874241246796 0.7571965236691155 0.38656169996607426 0.7526828772769594 0.39045460808799437 0.748490924671288 0.39172673951268416 0.7450730317172531 0.3961123114357582 0.7432786260846859 0.3994295335974138 0.7390665700822965 0.4002920233800604 0.7308736865787709 0.3957091781049748 0.730064465702376 0.39723896263375674 0.7275211493835678 0.3919435377984757 0.722359148727757 0.389541637702537 0.7168654025871026 0.3870038831644174 0.715262018662353 0.37920193282480696 0.7158551477435273 0.3721502993904424 0.7197204004330325 0.3700523763704062 0.7220274821209058 0.3691295068356792 0.7319494154981667 0.36554057578966154 0.7439421959323658 0.3643223158057921 0.7540702088454845 0.3676179347181677 0.7587295851443482 0.3716477364400189 0.7588703089213744 0.3794874241246796 0.7571965236691155
5 0.24101646490504805 0.7859022048554898 0.24561440511815363 0.7862791632634508 0.25141654953485854 0.7851834098253295 0.2555595632918606 0.7820821650891019 0.25697509662774143 0.7745577786849454 0.25530087103001853 0.7729845498552725 0.25128616424618744 0.7724115636098127 0.24739976443552733 0.7681643463826646 0.25039036711425033 0.7567998562543984 0.24939749204293263 0.7522208935424068 0.2500411052242876 0.7502958158311724 0.24695785460194367 0.7478078035728369 0.2429582427561327 0.7468025548589431 0.23920118907639365 0.7471041452487096 0.2354063980516043 0.748486391809561 0.23180888037882647 0.7524722648793746 0.22771219059363487 0.7624997608089032 0.22600126680861168 0.7702302267489177 0.22645619326471525 0.7737084298931066 0.2314109428367937 0.7803732974900769 0.23618351399488063 0.784002276109651 0.24101646490504805 0.7859022048554898
5 0.2140487552429892 0.7741407318005367 0.21753306088061622 0.7733968272439771 0.21994901675682485 0.7702352723175953 0.2221827942190421 0.7640378284138174 0.2221968499993121 0.755382527346781 0.21980249737238355 0.7496726499719096 0.21497709393122616 0.7475565899918539 0.20803112506300242 0.7483960054023223 0.20266881216438093 0.7534022244530665 0.1970941309757278 0.7562370794632821 0.19580690461301783 0.760087234885751 0.1962316411930812 0.7644299629668075 0.19953480757446682 0.7688732080314544 0.20715561865783588 0.7734672285714865 0.2140487552429892 0.7741407318005367
5 0.236265551297529 0.5340691496383234 0.24346917326984477 0.5341043108630821 0.24697612131450186 0.5327120126038716 0.252035496294971 0.5281280043232024 0.25713911693175034 0.5140241700386291 0.2554703604875373 0.4957887327775346 0.24802418034914964 0.49444673244911563 0.2392142600002014 0.4908931612867322 0.23109427680441857 0.49234076360641515 0.22307344986351657 0.49920169847988055 0.22224973658367034 0.5145369644109237 0.22783404355683365 0.5279320553636959 0.23087200936511723 0.5317168550273329 0.236265551297529 0.5340691496383234
5 0.2503269241902074 0.49452714603598774 0.25520515991443526 0.49513028737652487 0.26343080767635885 0.4906568477778047 0.274063824687731 0.4750149458883174 0.2775319962295878 0.4664802652015892 0.2777810627069196 0.4593479344724304 0.2750309398787683 0.45557318650715234 0.26738748638836907 0.4516275596697711 0.24956386402720115 0.4503559606688613 0.24225561664649464 0.4615696753217423 0.23758324090103863 0.471577067854553 0.23679726496624265 0.48583167761451146 0.2400928838786182 0.4904910539133753 0.24461534940162322 0.4930293246635058 0.2503269241902074 0.49452714603598774
5 0.11324781674167657 0.5081337959222537 0.12663199573895015 0.5044896805966468 0.13726605190807234 0.49707081730576175 0.14387030635534342 0.4895112302378505 0.14549820798125596 0.4841582078742223 0.14307366547828718 0.4793128554362186 0.1363541206803651 0.4736683338201789 0.13096057874795333 0.4713160392091883 0.12374186183761748 0.47171314045286367 0.11415247386513323 0.47397500921761937 0.11000191263912114 0.47729238518806405 0.1024511070923428 0.4871992607372846 0.09931606334467863 0.4944472057170701 0.09947559935163983 0.49813148839711696 0.10268064863589474 0.5053844395065841 0.10690772370975751 0.5081287897925724 0.11324781674167657 0.5081337959222537
5 0.17998341584080266 0.46220821452101524 0.18559583437450605 0.4582927033397148 0.19351750506052728 0.4460184359124672 0.1916977992361131 0.43210562333571134 0.18807659999855503 0.4285168515095733 0.18095600018534985 0.42610424670842856 0.1671168947319728 0.4262701588898466 0.16407996808143932 0.430708397824812 0.15903568803899026 0.43486014363704734 0.1574908085721884 0.43783572242428936 0.15503164619741952 0.4587401419531777 0.15890295107005953 0.4634196216487596 0.16693236463772168 0.46456559413967974 0.17998341584080266 0.46220821452101524
5 0.4707973089557901 0.06532504508197885 0.4824317876652401 0.06226901326886854 0.4905431842342627 0.05281450358480004 0.4948824321855262 0.04409384675893193 0.4950786663797876 0.03847443466929183 0.4929797042020015 0.032558477758562444 0.49028241365692055 0.02727081115376597 0.4874719110766887 0.025225113062223324 0.47944249750902646 0.02407914057130327 0.4736479005613316 0.02495876277520761 0.4689820331271356 0.026526985475198828 0.458953852794318 0.0331014272259341 0.4529177368383014 0.04089724892478026 0.4486851926109289 0.05481510707021373 0.44885227608690004 0.058283258516043726 0.4535871098999367 0.0629928933067025 0.46099555269327414 0.0654155498062062 0.4707973089557901 0.06532504508197885
5 0.5714548998471993 0.0961058301140448 0.578514080750574 0.09202444619032261 0.5821115984233518 0.08803857312050897 0.583444109600122 0.08289163029273867 0.5828673844821075 0.07464848829741814 0.5794736484726013 0.07279881804337451 0.5688838379597893 0.07069785533035552 0.5605288440669446 0.07062248731216103 0.556453757531033 0.07177855094043642 0.5523333861810611 0.07423140197401343 0.5515539185575251 0.08004684190115255 0.5526071733809234 0.0828967547394086 0.5608499943963673 0.09443712986945965 0.5656904927755448 0.09612092738108143 0.5714548998471993 0.0961058301140448
5 0.6243912091534989 0.06571158192034457 0.6295421929198387 0.06675703742767469 0.637336595790439 0.06638003958071721 0.642380875832888 0.06222829376848189 0.6435236611266568 0.05426159319753232 0.6401439808974205 0.04375662187645233 0.6330072469884452 0.033553240945139076 0.6246059291237902 0.02655162173364367 0.6191897447843482 0.02484772082530391 0.6148645526133547 0.024913076584135663 0.6120163126880727 0.02394803466367783 0.6085244595814358 0.0249080704544542 0.6049646792537082 0.027813287353183114 0.6011558324486487 0.03785083498107076 0.600793553936166 0.04822513422348349 0.6054981978731625 0.05379929395101009 0.6175886421964661 0.062444503880691116 0.6243912091534989 0.06571158192034457
5 0.5090190064035458 0.0601679322388609 0.5260535353566677 0.051025025203921895 0.5282646704118547 0.045475975002794745 0.5285590217032469 0.03704685686833438 0.5266497854084621 0.033950657700784245 0.5213166232281308 0.029869313216058034 0.5147339720301398 0.028557467982716123 0.5040837817652473 0.028185555143432593 0.4999936002913157 0.029773881240141888 0.495752469437183 0.03568483202118964 0.49605644651308534 0.04348565984971735 0.5010197827119238 0.05815743481107303 0.5061254816642033 0.0604996777237047 0.5090190064035458 0.0601679322388609
5 0.5595846446476969 0.03163845156624099 0.5647356284140368 0.03268390707357094 0.5733935602250338 0.0323370643216907 0.5815739231728971 0.029160412128272205 0.5896400349278595 0.021002689849505263 0.5891010471548952 0.011678891683100101 0.5839339292927852 0.0028426600456014305 0.5465143418755954 0.001535939258929453 0.5441306541909272 0.020279046445648506 0.5451537191382851 0.02399348422077239 0.5477065686144249 0.025164605677088135 0.5496459947852499 0.027396279907770625 0.5595846446476969 0.03163845156624099