3 0.28560660453822334 0.8806455474256435 0.29662258809332015 0.8803034170772108 0.31769683601739024 0.8709638894288434 0.3271226687889435 0.8647058543352685 0.3292555802521807 0.8618690020405395 0.33037449769377003 0.8570224381369798 0.32982085086608415 0.8504580228636005 0.32862351747387347 0.847962080865115 0.3256937162608658 0.8452881187350642 0.32232607778810574 0.8445106381324932 0.3180566261456338 0.8450786186175337 0.3050464194485558 0.8374139925427014 0.30338511014638564 0.8343670301043478 0.29641784524588577 0.8325365586792716 0.2921371386363091 0.8344336502328462 0.28445865736865505 0.8446463184938693 0.2810198603772683 0.8467377801980867 0.2756688849105192 0.853270715485501 0.2718557829268994 0.8608245515833609 0.27062831334937126 0.8674216668948951 0.2724878457052067 0.8747314727587856 0.27821275734507617 0.8793824464595132 0.28560660453822334 0.8806455474256435
4 0.4276566638942594 0.7749426015056399 0.43107295095143633 0.7755093619384908 0.44114972771950933 0.7753943017788553 0.4456137736996489 0.7739834406149348 0.45268596202009004 0.7689576365276201 0.4538422730789914 0.7652294635228746 0.45248411025042756 0.7595890689976665 0.44709973870147646 0.7534630541088991 0.44047301389189525 0.7501575414957831 0.43284717874376816 0.7486189303097184 0.42783311465194024 0.7485711003046761 0.42252715905361066 0.7497875913179538 0.4147851455184375 0.7564343667128144 0.41325090075130555 0.7605191900067856 0.41466896713139123 0.7646197532937394 0.4212132784552409 0.7721233192821779 0.4276566638942594 0.7749426015056399
4 0.19003740625235305 0.6608228013490801 0.2142694458093005 0.6659733053280652 0.22789720042069622 0.667121956160655 0.240398780158508 0.6629057226879709 0.24078796883384337 0.661219961330211 0.24089652096978212 0.6594694099222368 0.23699011935243855 0.6559041270821689 0.23589008312906162 0.6529867447442437 0.2374206991801961 0.6437961973458555 0.23697923320444633 0.6405869547689187 0.23158360668839043 0.6357900509486856 0.22354244421472091 0.6334896991530322 0.21778376767353672 0.6328260586579073 0.21022146479292894 0.6348533403380052 0.198546910990205 0.6354873309254494 0.1873025681961258 0.6406596751583646 0.1826813214956306 0.6440318078999793 0.17995337205228537 0.6507264132998819 0.18085881393799455 0.6544866763166872 0.18625444045405048 0.6592835801369206 0.19003740625235305 0.6608228013490801
4 0.605333167839943 0.31390797970065515 0.6128842157534458 0.3132098090890915 0.6170676251941887 0.3117341578749568 0.6261943090272457 0.2965289955908683 0.6278334772143188 0.285587896784506 0.6258541377554399 0.28135775339712366 0.616335005350163 0.27649666955277086 0.6052518608115495 0.2681671829306243 0.6021162102937693 0.2676652125479876 0.5964697146045211 0.27035674474930527 0.5919345101057549 0.27463654822001404 0.5886975648840307 0.28609657745418504 0.5917616880640716 0.3061137735253946 0.5950469130510999 0.3110893075032881 0.605333167839943 0.31390797970065515
5 0.5653079346829788 0.9341221085513199 0.5704080409765359 0.9350776092854562 0.574359462462299 0.9333264478513875 0.5776261750502276 0.9294196446889817 0.5807433131689084 0.921039277931319 0.5831869973568595 0.9091741583767853 0.5812824451326046 0.9071807967870313 0.5807436819880212 0.9043929945495345 0.5737727883715239 0.8974567990200416 0.5606689132216094 0.8953193373890663 0.5580346322311007 0.8964867783451123 0.5551945019358192 0.8998262110485724 0.5535890986500607 0.9067799766493321 0.55615185230283 0.9251277613818589 0.5614389266829473 0.9316752166100664 0.5653079346829788 0.9341221085513199
5 0.5017123611949864 0.9010179323629274 0.5080922143664858 0.9002713217202265 0.5133607763475031 0.8979364398081346 0.5233591371649547 0.8904788737464541 0.5259298858879442 0.8857455399242454 0.5203995685857424 0.880251685544638 0.5222031949251661 0.877560763369415 0.5204558434212669 0.8736061302019671 0.5162426666143194 0.8675285553443365 0.5134962047718746 0.86534082360394 0.5051667795077008 0.8694105169310233 0.4944499448911003 0.8786997744699698 0.4916508369291285 0.8882633221766609 0.49457301189102865 0.8973721194796627 0.4982960741378094 0.9004511719300764 0.5017123611949864 0.9010179323629274
5 0.6004862745528473 0.8752142909615228 0.6102599048473137 0.8776926628887416 0.6154199146923924 0.8771083323846238 0.6191879968075928 0.8748709405609008 0.6218560426994163 0.8697161663992521 0.6225483778483583 0.865436972954638 0.6191883656267055 0.8582246571791161 0.6114728595608523 0.8506726511595405 0.6069078876958816 0.8473992285584842 0.5998919742109647 0.8457794773031282 0.5957684683217436 0.8457152972790084 0.5911472216212484 0.8490874300206231 0.5878318604489027 0.8532049533527489 0.5859832142410595 0.8612123198021084 0.5872179412505824 0.8648266526994082 0.5945667685753101 0.8714061979396753 0.6004862745528473 0.8752142909615228
5 0.42248103272785287 0.805042885737444 0.42525000450450756 0.8045723953407723 0.4277982432932873 0.8024972836556321 0.4297441866699643 0.7940684768668325 0.42927658204400754 0.7884117323225472 0.42352553175393093 0.7813132566544713 0.4178866623157903 0.777569953682838 0.4167379775079965 0.7748632915146325 0.4101486463157272 0.7726761698003308 0.4059539819078795 0.7754809320829996 0.4020548377225306 0.7821270974517652 0.40124269547054514 0.7894859533728878 0.40197968166879383 0.7965365990359214 0.4042396576670694 0.800831532473518 0.42248103272785287 0.805042885737444
5 0.6414528679363817 0.3264639495536156 0.6483340906351523 0.3273867502495975 0.6520422691988309 0.3266891896641286 0.6544184235841529 0.32279873652080004 0.6542314554975927 0.3172067820267289 0.6522746259729234 0.3103184165022783 0.6500894372092719 0.30826026486231023 0.641659086060267 0.30764567442441704 0.6354963371606451 0.3048911822511694 0.6324467288445939 0.3052968825976268 0.6305084117190243 0.30729085421347546 0.6299620223233332 0.31093788714892956 0.6310282936453955 0.3178426026924575 0.6364613137787634 0.32375789741150496 0.6414528679363817 0.3264639495536156
5 0.6426469414317078 0.3072078840658997 0.6493934733443327 0.30743373420250747 0.6521737000880923 0.3056341327373016 0.6537079448552241 0.30154930944333025 0.6536894324561244 0.29266697230303085 0.6513771791574345 0.28347703493073756 0.6481068378535083 0.28227811398872665 0.6405183963226934 0.2818578937014761 0.6302956738013696 0.28260511437027164 0.6281177424697129 0.29075841093913707 0.6289146322194833 0.29626922536391653 0.6329332146887631 0.3031896809004269 0.6426469414317078 0.3072078840658997
5 0.6381912593409013 0.2688913432933003 0.6429359418604375 0.26754527217959406 0.6437891064457323 0.26641053126170255 0.6465058009219726 0.26104503693033415 0.6460868448804327 0.2551775722163289 0.6445602263644084 0.2528275603373492 0.6380420536907658 0.24777149631625903 0.6342590878924632 0.2462322751040996 0.6278904896880687 0.24564977467826613 0.62441429907937 0.24662284548366928 0.6221466968299868 0.2487627472190237 0.6196993839260383 0.25552214266914064 0.6201034562844759 0.25761299434726326 0.6238900507987759 0.2642579396638394 0.631590673181527 0.2680333326475326 0.6381912593409013 0.2688913432933003