3 0.05673963133640553 0.4852941176470589 0.06595622119815668 0.495242214532872 0.07027649769585254 0.4974048442906575 0.07776497695852534 0.4984861591695502 0.09187788018433181 0.49567474048442917 0.09648617511520738 0.49286332179930803 0.09821428571428573 0.4868079584775087 0.0967741935483871 0.48096885813148793 0.09619815668202766 0.4669117647058824 0.09389400921658987 0.46345155709342567 0.08842165898617513 0.46020761245674746 0.08525345622119816 0.4593425605536333 0.0771889400921659 0.4595588235294118 0.07027649769585254 0.4586937716262976 0.06365207373271889 0.4608564013840831 0.05904377880184332 0.4641003460207613 0.05587557603686636 0.4751297577854672 0.05558755760368663 0.48096885813148793 0.05673963133640553 0.4852941176470589
4 0.22638248847926268 0.2813581314878893 0.23099078341013826 0.28352076124567477 0.23473502304147464 0.28416955017301043 0.2436635944700461 0.28157439446366783 0.24855990783410137 0.2791955017301038 0.25201612903225806 0.27530276816609 0.2537442396313364 0.2688148788927336 0.2459677419354839 0.2586505190311419 0.24107142857142855 0.2549740484429066 0.2338709677419355 0.2512975778546713 0.22379032258064516 0.2502162629757786 0.22004608294930877 0.25151384083044986 0.21658986175115208 0.25432525951557095 0.21428571428571427 0.2580017301038063 0.21514976958525348 0.26924740484429066 0.22638248847926268 0.2813581314878893
5 0.540610599078341 0.6535467128027682 0.5455069124423964 0.655060553633218 0.5538594470046083 0.655060553633218 0.5570276497695852 0.6535467128027682 0.560483870967742 0.6533304498269896 0.5622119815668203 0.6511678200692043 0.563652073732719 0.6451124567474049 0.5630760368663594 0.6410034602076126 0.5581797235023042 0.6334342560553634 0.5558755760368663 0.6321366782006921 0.5501152073732719 0.6319204152249135 0.5423387096774194 0.6340830449826991 0.5400345622119815 0.636461937716263 0.5374423963133641 0.6442474048442908 0.5371543778801844 0.6509515570934257 0.540610599078341 0.6535467128027682
0 0.6667626728110599 0.7329152249134949 0.6719470046082949 0.7342128027681661 0.6785714285714286 0.7331314878892734 0.6826036866359447 0.7314013840830451 0.684331797235023 0.7277249134948097 0.6840437788018433 0.7236159169550174 0.6828917050691244 0.7205882352941176 0.6788594470046083 0.7158304498269896 0.6754032258064516 0.7147491349480969 0.668778801843318 0.7149653979238755 0.6653225806451613 0.7164792387543253 0.6618663594470047 0.7199394463667821 0.6624423963133641 0.7272923875432526 0.6667626728110599 0.7329152249134949
0 0.6831797235023042 0.7724913494809689 0.6872119815668203 0.7746539792387545 0.6935483870967742 0.7761678200692043 0.6987327188940092 0.7759515570934257 0.7033410138248848 0.7742214532871973 0.7067972350230415 0.7694636678200693 0.7067972350230415 0.7653546712802769 0.704205069124424 0.761029411764706 0.7024769585253456 0.7597318339100346 0.6961405529953917 0.7586505190311419 0.6926843317972351 0.7586505190311419 0.6895161290322581 0.7599480968858132 0.6846198156682027 0.7636245674740485 0.6826036866359447 0.7666522491349481 0.6817396313364055 0.7692474048442908 0.6831797235023042 0.7724913494809689
0 0.5311059907834101 0.7919550173010381 0.5336981566820277 0.7936851211072665 0.5362903225806452 0.7945501730103807 0.5394585253456221 0.7941176470588236 0.5455069124423964 0.7900086505190311 0.5455069124423964 0.7824394463667821 0.5400345622119815 0.7770328719723184 0.5368663594470047 0.7761678200692043 0.5325460829493088 0.7766003460207613 0.5299539170506913 0.7785467128027682 0.5279377880184332 0.7826557093425606 0.527073732718894 0.7865484429065744 0.5311059907834101 0.7919550173010381
0 0.19930875576036866 0.7186418685121108 0.20247695852534564 0.7216695501730104 0.20650921658986174 0.7231833910034602 0.21370967741935484 0.7240484429065744 0.2206221198156682 0.7229671280276817 0.22638248847926268 0.717560553633218 0.2266705069124424 0.7099913494809689 0.2226382488479263 0.7063148788927336 0.2168778801843318 0.7041522491349481 0.21198156682027652 0.7035034602076126 0.2036290322580645 0.7054498269896194 0.19873271889400923 0.7097750865051904 0.1984447004608295 0.7164792387543253 0.19930875576036866 0.7186418685121108
0 0.2597926267281106 0.7335640138408305 0.26900921658986177 0.7370242214532873 0.27534562211981567 0.7355103806228375 0.2808179723502304 0.7307525951557093 0.280241935483871 0.7272923875432526 0.2733294930875576 0.7216695501730104 0.26872119815668205 0.7197231833910035 0.26497695852534564 0.7197231833910035 0.26180875576036866 0.7208044982698962 0.25864055299539174 0.723832179930796 0.258352534562212 0.7277249134948097 0.2597926267281106 0.7335640138408305
1 0.5884216589861752 0.16782006920415227 0.5901497695852534 0.16133217993079588 0.5901497695852534 0.15743944636678203 0.5884216589861752 0.15419550173010382 0.5849654377880185 0.16025086505190314 0.5849654377880185 0.16630622837370243 0.5884216589861752 0.16782006920415227
1 0.6140552995391706 0.1490051903114187 0.6199115783410138 0.1521048875432526 0.6322004608294931 0.16392733564013842 0.6399769585253456 0.17344290657439448 0.6411290322580645 0.17647058823529413 0.6440092165898618 0.17884948096885817 0.6512096774193549 0.17214532871972318 0.6598502304147466 0.15808823529411767 0.6607142857142858 0.15203287197231835 0.6581221198156683 0.14705882352941177 0.6509216589861752 0.14381487889273356 0.6235599078341014 0.14186851211072665 0.6140552995391706 0.14403114186851212 0.6123271889400922 0.14662629757785467 0.6120391705069125 0.14749134948096887 0.6140552995391706 0.1490051903114187
1 0.6892281105990784 0.22123702422145333 0.6929723502304148 0.22339965397923875 0.6995967741935484 0.22469723183391005 0.7065092165898618 0.2249134948096886 0.7128456221198156 0.22383217993079585 0.7125576036866359 0.22015570934256057 0.7139976958525346 0.2169117647058824 0.7125576036866359 0.21345155709342561 0.7122695852534562 0.20566608996539792 0.7131336405529953 0.20436851211072665 0.7163018433179724 0.20393598615916955 0.7237903225806452 0.20415224913494812 0.7272465437788018 0.20069204152249137 0.7286866359447004 0.19225778546712805 0.7263824884792627 0.1887975778546713 0.7235023041474655 0.1868512110726644 0.7171658986175116 0.18533737024221456 0.7082373271889402 0.18728373702422146 0.7053571428571429 0.1864186851211073 0.6993087557603687 0.18230968858131488 0.695852534562212 0.18230968858131488 0.6898041474654378 0.1859861591695502 0.6875 0.18944636678200694 0.685483870967742 0.19593425605536335 0.685483870967742 0.21020761245674743 0.6892281105990784 0.22123702422145333
1 0.6195276497695853 0.2757352941176471 0.6206797235023042 0.280060553633218 0.6238479262672811 0.28179065743944637 0.6264400921658987 0.28481833910034604 0.6345046082949308 0.2897923875432526 0.6402649769585254 0.29217128027681666 0.6483294930875576 0.2902249134948097 0.6517857142857143 0.28806228373702425 0.6563940092165899 0.28157439446366783 0.6595622119815668 0.27941176470588236 0.6647465437788018 0.27270761245674746 0.6621543778801844 0.26773356401384085 0.6578341013824885 0.26448961937716264 0.6474654377880185 0.26535467128027684 0.6445852534562213 0.26384083044982704 0.6368087557603687 0.26405709342560557 0.6322004608294931 0.2655709342560554 0.619815668202765 0.26297577854671284 0.6160714285714286 0.2679498269896194 0.6157834101382489 0.27292387543252594 0.6195276497695853 0.2757352941176471
2 0.6961405529953917 0.30233564013840836 0.7099654377880185 0.30579584775086505 0.7134216589861752 0.30839100346020765 0.720910138248848 0.30839100346020765 0.7246543778801844 0.3070934256055363 0.7272465437788018 0.3040657439446367 0.728110599078341 0.3010380622837371 0.728110599078341 0.29260380622837373 0.7258064516129032 0.2861159169550173 0.7211981566820277 0.28092560553633217 0.7137096774193549 0.2789792387543253 0.706221198156682 0.2791955017301038 0.699020737327189 0.28265570934256057 0.6952764976958525 0.2861159169550173 0.6932603686635945 0.2897923875432526 0.6935483870967742 0.2993079584775087 0.6961405529953917 0.30233564013840836