2 0.30961981566820274 0.5337370242214534 0.30760368663594473 0.5365484429065744 0.3015552995391705 0.541089965397924 0.2995391705069125 0.5471453287197232 0.3038594470046083 0.55060553633218 0.31768433179723504 0.5514705882352942 0.326036866359447 0.5451989619377163 0.3294930875576037 0.5402249134948097 0.33150921658986177 0.5270328719723183 0.3300691244239632 0.5203287197231834 0.3245967741935484 0.5147058823529412 0.31077188940092165 0.516219723183391 0.30817972350230416 0.5170847750865052 0.3067396313364056 0.5188148788927336 0.3101958525345622 0.5263840830449827 0.30961981566820274 0.5337370242214534
3 0.24279953917050695 0.5503892733564014 0.2474078341013825 0.557742214532872 0.2511520737327189 0.559688581314879 0.25806451612903225 0.5607698961937717 0.2658410138248848 0.5603373702422145 0.2701612903225806 0.5586072664359862 0.27620967741935487 0.5510380622837371 0.2793778801843318 0.5439013840830451 0.27764976958525345 0.5387110726643599 0.2701612903225806 0.5339532871972319 0.26756912442396313 0.5311418685121108 0.2632488479262673 0.5294117647058825 0.25864055299539174 0.5287629757785467 0.25489631336405527 0.5289792387543253 0.24855990783410137 0.5324394463667821 0.24193548387096775 0.5434688581314879 0.24164746543778803 0.5471453287197232 0.24279953917050695 0.5503892733564014
3 0.3303571428571429 0.5730968858131489 0.33352534562211983 0.5765570934256056 0.33842165898617516 0.578287197231834 0.3522465437788019 0.5765570934256056 0.3557027649769585 0.5750432525951558 0.3649193548387097 0.5676903114186851 0.36693548387096775 0.5642301038062284 0.3660714285714286 0.5605536332179931 0.3724078341013825 0.5570934256055364 0.3709677419354839 0.5501730103806228 0.36693548387096775 0.5447664359861591 0.3626152073732719 0.5432525951557093 0.35829493087557607 0.5430363321799309 0.34475806451612906 0.5454152249134949 0.3346774193548387 0.5503892733564014 0.3294930875576037 0.5570934256055364 0.32776497695852536 0.5622837370242215 0.32805299539170507 0.5674740484429066 0.3303571428571429 0.5730968858131489
5 0.7269585253456221 0.5570934256055364 0.7309907834101382 0.5622837370242215 0.7410714285714286 0.5625000000000001 0.747983870967742 0.5614186851211074 0.7603686635944701 0.5542820069204153 0.7632488479262673 0.5501730103806228 0.7635368663594471 0.5439013840830451 0.7580645161290323 0.5387110726643599 0.7497119815668203 0.5376297577854672 0.7419354838709677 0.5380622837370242 0.7318548387096774 0.541089965397924 0.7275345622119815 0.5460640138408305 0.726094470046083 0.5499567474048443 0.7258064516129032 0.5536332179930796 0.7269585253456221 0.5570934256055364
5 0.6964285714285714 0.5328719723183392 0.7024769585253456 0.5432525951557093 0.7030529953917051 0.5475778546712803 0.7108294930875576 0.5497404844290659 0.7223502304147466 0.5469290657439447 0.7272465437788018 0.5419550173010381 0.7286866359447004 0.53719723183391 0.7272465437788018 0.5298442906574394 0.7232142857142858 0.5224913494809689 0.7171658986175116 0.5181660899653979 0.7091013824884793 0.5175173010380624 0.7016129032258065 0.5207612456747406 0.6981566820276498 0.5255190311418685 0.6961405529953917 0.5294117647058825 0.6964285714285714 0.5328719723183392
5 0.684331797235023 0.5756920415224914 0.6889400921658987 0.5795847750865052 0.6955645161290323 0.5815311418685122 0.7076612903225807 0.5774221453287198 0.7125576036866359 0.5711505190311419 0.7125576036866359 0.5674740484429066 0.7108294930875576 0.5642301038062284 0.7056451612903226 0.5599048442906576 0.6993087557603687 0.5570934256055364 0.6895161290322581 0.5570934256055364 0.6834677419354839 0.559688581314879 0.6800115207373272 0.5633650519031141 0.681163594470046 0.5696366782006921 0.684331797235023 0.5756920415224914
5 0.6512096774193549 0.5659602076124568 0.6604262672811061 0.5687716262975779 0.668778801843318 0.569204152249135 0.6728110599078342 0.5679065743944637 0.6765552995391706 0.5614186851211074 0.6765552995391706 0.5566608996539792 0.6725230414746544 0.5497404844290659 0.6682027649769585 0.5462802768166091 0.6610023041474655 0.5441176470588236 0.6540898617511521 0.5443339100346021 0.648905529953917 0.5469290657439447 0.6463133640552996 0.5519031141868512 0.6460253456221199 0.5570934256055364 0.6512096774193549 0.5659602076124568
5 0.5380184331797235 0.5445501730103807 0.5432027649769585 0.5469290657439447 0.5486751152073733 0.5473615916955017 0.5515552995391706 0.5469290657439447 0.5552995391705069 0.5447664359861591 0.5584677419354839 0.5402249134948097 0.5596198156682027 0.5363321799307958 0.5576036866359447 0.5328719723183392 0.5538594470046083 0.5298442906574394 0.5377304147465438 0.5263840830449827 0.5362903225806452 0.52530276816609 0.5328341013824885 0.5311418685121108 0.5331221198156683 0.5397923875432526 0.5380184331797235 0.5445501730103807
5 0.46543778801843316 0.5413062283737025 0.4740783410138249 0.5451989619377163 0.4804147465437788 0.555363321799308 0.48099078341013823 0.5581747404844292 0.4835829493087558 0.5592560553633218 0.4876152073732719 0.5590397923875433 0.4902073732718894 0.5562283737024222 0.49107142857142855 0.5497404844290659 0.48905529953917054 0.5426038062283738 0.4858870967741936 0.53719723183391 0.47695852534562216 0.5324394463667821 0.47062211981566826 0.5328719723183392 0.46687788018433185 0.5365484429065744 0.46486175115207373 0.5395761245674742 0.46543778801843316 0.5413062283737025
5 0.45650921658986177 0.569204152249135 0.46082949308755766 0.5713667820069205 0.4642857142857143 0.572015570934256 0.47292626728110604 0.5717993079584776 0.47695852534562216 0.5696366782006921 0.4804147465437788 0.564446366782007 0.48127880184331795 0.5570934256055364 0.4772465437788019 0.5493079584775087 0.47062211981566826 0.5426038062283738 0.4634216589861751 0.5417387543252595 0.4596774193548387 0.5430363321799309 0.4553571428571429 0.5464965397923875 0.4519009216589862 0.5540657439446367 0.4521889400921659 0.5614186851211074 0.45650921658986177 0.569204152249135
5 0.47350230414746547 0.6079152249134949 0.4855990783410139 0.6068339100346021 0.49107142857142855 0.6046712802768167 0.4942396313364055 0.598832179930796 0.49510368663594473 0.5934256055363323 0.49279953917050695 0.5886678200692043 0.4904953917050691 0.5867214532871973 0.4835829493087558 0.5847750865051904 0.4804147465437788 0.5854238754325259 0.47667050691244245 0.5875865051903115 0.47321428571428575 0.5955882352941176 0.47206221198156684 0.6022923875432526 0.4717741935483871 0.6061851211072665 0.47350230414746547 0.6079152249134949
5 0.2842741935483871 0.5363321799307958 0.2903225806451613 0.5389273356401384 0.30414746543778803 0.5382785467128028 0.3087557603686636 0.5350346020761246 0.31134792626728114 0.529628027681661 0.30760368663594473 0.5198961937716263 0.3035714285714286 0.5164359861591696 0.29694700460829493 0.5140570934256056 0.2932027649769585 0.5151384083044983 0.2868663594470046 0.5207612456747406 0.2828341013824885 0.5285467128027682 0.2825460829493088 0.5333044982698962 0.2842741935483871 0.5363321799307958
5 0.28485023041474655 0.5832612456747406 0.28773041474654376 0.5862889273356402 0.3004032258064516 0.5901816608996541 0.307315668202765 0.5897491349480969 0.31077188940092165 0.5880190311418685 0.3159562211981567 0.5780709342560554 0.3165322580645161 0.5746107266435987 0.3145161290322581 0.5700692041522493 0.3035714285714286 0.5579584775086506 0.29723502304147464 0.5555795847750866 0.29349078341013823 0.5566608996539792 0.2897465437788019 0.5609861591695502 0.28715437788018433 0.5674740484429066 0.2839861751152074 0.572015570934256 0.283410138248848 0.5785034602076126 0.28485023041474655 0.5832612456747406
5 0.4130184331797235 0.7272923875432526 0.41849078341013823 0.7307525951557093 0.42857142857142855 0.7333477508650519 0.43202764976958524 0.7333477508650519 0.440668202764977 0.7288062283737025 0.44441244239631333 0.7255622837370244 0.4470046082949309 0.7208044982698962 0.4421082949308756 0.7125865051903115 0.4372119815668203 0.7091262975778547 0.4291474654377881 0.7071799307958477 0.4251152073732719 0.7073961937716263 0.41849078341013823 0.7095588235294119 0.4118663594470046 0.7134515570934257 0.41013824884792627 0.7182093425605537 0.41013824884792627 0.7229671280276817 0.4130184331797235 0.7272923875432526