2 0.3849240675549531 0.789688313304732 0.37704678327142077 0.7914294572926119 0.3720508977244541 0.7940123728806372 0.3629485453643432 0.8027454677562315 0.35498062535337016 0.813647436153827 0.3527946613047245 0.8215476160262802 0.35415494877998216 0.8270034310961714 0.36218403259211934 0.8401576384491879 0.36689916590464794 0.8412108593808473 0.371388444091057 0.8389771387646168 0.3988192971586829 0.8085122004947003 0.3996934249422142 0.8060654202565913 0.398524543153589 0.8025678345223698 0.3923980927963894 0.7922825009253079 0.3895345633693849 0.7903218561540919 0.3849240675549531 0.789688313304732
0 0.322456053549515 0.7308202259776679 0.3216508246449582 0.7359244306402177 0.3326340736115405 0.7418784583547346 0.3362670933239794 0.7409726448055423 0.3390272744325221 0.738947152940097 0.34573696610706406 0.7301419646636336 0.3465256148816948 0.7225901746177926 0.34553026947014076 0.7221696913903113 0.34242172642782054 0.721607436796638 0.32883267424057055 0.7254413351797393 0.322456053549515 0.7308202259776679
0 0.3732923319833011 0.5001651863906 0.37055002018431943 0.5010718050849745 0.36391180574802207 0.505401500677155 0.36040000366360603 0.5091745776919377 0.3568703322696288 0.5140665278777912 0.3572008248938451 0.5177731475079803 0.36437751777091726 0.5215558862649495 0.3678178426170888 0.5222583019344497 0.37761691884475473 0.518700699977092 0.38437764008871006 0.5136718092961401 0.3847630298212448 0.510455350858755 0.3831577287306714 0.506397925966407 0.38010279361703464 0.5024790518595216 0.3769598011352272 0.5005880850536281 0.3732923319833011 0.5001651863906
0 0.39080546955450834 0.463257669503727 0.38911082191612933 0.46479461046673276 0.3877122174624793 0.468709458847707 0.38882878050205616 0.47199720554077895 0.3922678161685927 0.47626607976464114 0.39645847281100255 0.4787873688391657 0.4000736232138803 0.4790004284610442 0.41027466930400713 0.47467395344959246 0.4159519877682378 0.471252486842151 0.4181187933276872 0.4680376386951304 0.41911671709851134 0.4613252048138879 0.41487374170705316 0.4585940766982136 0.40554811258009266 0.45690731291719455 0.39546957329762367 0.4605345928398747 0.39080546955450834 0.463257669503727
0 0.6292753334643038 0.45060600437265136 0.6225682201490319 0.452278275540391 0.6171346261204821 0.45786781052465164 0.6152996023648839 0.46122281974749946 0.6156645444285875 0.466258151589909 0.6176194966325733 0.46933686438701344 0.6197671437028268 0.47080734796542545 0.6234869316038012 0.47144008566960327 0.6341767157449245 0.4678832888574277 0.6372163599082702 0.46578811902665984 0.638422269495653 0.46348149986437814 0.6375685893809528 0.45767648982269254 0.6343745673297322 0.45200922542128746 0.6319997759537241 0.4508182588493477 0.6292753334643038 0.45060600437265136
0 0.6297053068680765 0.46899813630258746 0.6234346128547529 0.4712302466284536 0.6201320857665303 0.4758426798078349 0.6206195346378918 0.480178816561473 0.6224519800342196 0.48395672444734894 0.6268174622333358 0.4859886574742517 0.6303802938871652 0.48599187805498056 0.6401793701148312 0.48243427609762274 0.6437613602578568 0.47775216495291895 0.6425758983393054 0.4718069938354062 0.6407779023824646 0.4693577981617506 0.6354515242112816 0.4682340941195867 0.6297053068680765 0.46899813630258746
0 0.6739803979753375 0.46442273980158716 0.6700487567188994 0.47008356304153465 0.6706063936488704 0.4735106656652516 0.6723520708566628 0.4757500222977574 0.6792493006789319 0.4796024390200492 0.6825849880270067 0.47988517660725005 0.6897987087028362 0.4778637104677158 0.6940787118930518 0.4747906336868867 0.6960362424563078 0.4707364293752674 0.6951481129021205 0.4636027071213612 0.6934892038828637 0.4629019017422255 0.689891922789547 0.46156996894927627 0.6841635747559033 0.4612151379612063 0.6739803979753375 0.46442273980158716
0 0.6777549037793009 0.5069439460281868 0.6749602732312711 0.5076407256814115 0.6653347333806763 0.5142754301455095 0.6619977568529665 0.5175591511126705 0.6605289643407068 0.5223830336235659 0.6649799255487236 0.5295199764582006 0.6669706163718319 0.5303609429131636 0.6703764917785161 0.5297346463704435 0.6838609064676694 0.5254810699050431 0.6885250102107847 0.5227579932411908 0.690098440221141 0.5183537888125946 0.6885288777496898 0.512058617578105 0.6862944624909009 0.5090495827463231 0.6835355705619932 0.5075086160574063 0.6777549037793009 0.5069439460281868
5 0.4833652161618881 0.42613826780568653 0.48116396116295135 0.4280244037404867 0.47775679657663195 0.43221715883756895 0.4773190880950489 0.4352237782338042 0.4786449261308193 0.4393508810914749 0.4842839276166574 0.4453000779348987 0.4913381136860718 0.4497820117806393 0.5006981922525195 0.4527974877738788 0.5023928398908986 0.4512605468108732 0.5093309650508302 0.4386093829735757 0.5110090325592831 0.4346248566272788 0.5099447882687547 0.4315469489753566 0.5015634749839349 0.4265043708263073 0.4870505546233754 0.42544229329764394 0.4833652161618881 0.42613826780568653
5 0.5238477529502948 0.4289720848391534 0.5162499317215656 0.4306435508617108 0.5110792206178927 0.4337158224973578 0.5049973539319312 0.44503907926761704 0.5031265915572108 0.45063183483260644 0.5063537738682837 0.46119427000059376 0.5112424435578836 0.4653245934389932 0.5217739822722266 0.4647047380577306 0.5321154044795725 0.4585601947864367 0.536081495175498 0.4542280837587097 0.5366595797743001 0.4494033961026321 0.5334860053919105 0.4354843414214324 0.5291218123724295 0.42988594984016776 0.5271311215493213 0.4290449833852047 0.5238477529502948 0.4289720848391534
5 0.5406028236474536 0.4116444458734274 0.5346804915679073 0.4164643026584118 0.5335434808594991 0.4214283462451345 0.5334349758224971 0.4317080438259208 0.5349700888544612 0.43667450284819004 0.5388110943834585 0.4401745040179583 0.5408196545161278 0.4398965973018506 0.5437023424323284 0.4371719103476338 0.5473379405040375 0.4291331796897177 0.5585203302350624 0.4156466854137326 0.557351448446437 0.412149099679511 0.5517634765300122 0.4099762004315989 0.5463669103002198 0.40976153051935593 0.5406028236474536 0.4116444458734274
5 0.5923924421808258 0.15266838203779615 0.583746956791494 0.15370952579172248 0.5790994331783048 0.15888018783886587 0.5740512288822898 0.16125326438574145 0.5738751141459485 0.16530907898772504 0.5838757302919976 0.1839895845211374 0.5927981003768622 0.1900116799106125 0.5965702070268851 0.19085425665593983 0.6037839277027146 0.1888327905164056 0.6063169645055027 0.18708681565743243 0.6096718103427736 0.18268422151920077 0.6180748604760598 0.17590855083409354 0.6154078934542279 0.16164030118109934 0.6062060603145603 0.15568788375694673 0.5975095453558152 0.15295272991536152 0.5923924421808258 0.15266838203779615
5 0.6188596417117853 0.17905613645133833 0.615174303250298 0.17975211095938098 0.6093221592293612 0.18366293361444436 0.6052680111652651 0.19002295194316318 0.6050548686301667 0.1998829714416504 0.6139402109162738 0.21170927172762885 0.6212036719818816 0.21703056173796803 0.6322060794376599 0.2182992577270523 0.635559636095296 0.21746312214318242 0.6382687876344254 0.2116613326822257 0.6378693961312347 0.2052972886275958 0.633033045190683 0.20137680423034604 0.6319866702097157 0.19718002340735302 0.6334720428519013 0.1948037262797487 0.6368779182585856 0.1941774297370286 0.6400400692295893 0.19138306481748937 0.6408797475736332 0.18760757236716002 0.639153228855037 0.18068288400922147 0.636062555122278 0.17900175624447762 0.6257926101531768 0.18067080683148848 0.6188596417117853 0.17905613645133833