2 0.5131802780159548 0.3876096393772057 0.5011110479103776 0.38482332590948853 0.495260193069076 0.38447896180878705 0.49017882851320865 0.38700105602849394 0.4805776038703503 0.3993175175072764 0.47792592779880955 0.4075717232226176 0.47808417322558966 0.41050866465353053 0.4819634957329795 0.4163793269346276 0.48608654267604984 0.4200819208389057 0.4894924180827342 0.4207082173816258 0.525938676116606 0.4126332551905108 0.527597585135863 0.4119324498113749 0.5273168329014248 0.4082963132916905 0.5256374762133368 0.40074532839103183 0.5186304521744307 0.39075158897817514 0.5131802780159548 0.3876096393772057
2 0.41458654357443986 0.5199374940102925 0.4056947553901574 0.5139315015244613 0.39896977276532436 0.511140357185651 0.38503235864429697 0.5098942052616683 0.3750610352191948 0.5129801643654125 0.36767506734592914 0.5176022592869802 0.3633976425149837 0.5216620996148749 0.3607804158829301 0.5285875931179957 0.361603514097048 0.5348106709516163 0.36532588035729263 0.5413108503561623 0.3757553599328091 0.549483300928448 0.38197373519708455 0.5519252502954638 0.3989329241718966 0.5541476988791435 0.4072453385777418 0.551762545154535 0.4154339569962942 0.5451117377867932 0.41878493529466 0.5388149562619393 0.4203889472055983 0.5311910728152293 0.42023070177881816 0.5282541313843163 0.41741691274159215 0.5228720200056588 0.41458654357443986 0.5199374940102925
2 0.5128619256244424 0.5698490257666398 0.506066754941 0.5661488472979084 0.4975424871796911 0.5622404400783916 0.48676593485003217 0.5602221945195861 0.48248722083945167 0.5607155762931189 0.47496087684896693 0.5635196029548444 0.4721675354805721 0.5663892818559815 0.4707715093861922 0.569607350583731 0.47184477793416607 0.5914946528123419 0.4745705096032215 0.5948488568900077 0.4752532317001205 0.599253866463786 0.47780413781246966 0.6021187144938299 0.4826953858613396 0.6051213081641544 0.49742015957736274 0.6103527915796161 0.5063795574609846 0.6101349010866445 0.5103800975963971 0.6131382999021511 0.5228678776943613 0.6142459010406711 0.5286829939165407 0.6123525187992309 0.5325418687550992 0.6099713908005335 0.5357167323171239 0.5996187946736958 0.5334605802098686 0.5908095806713214 0.5289521435342633 0.5838905283296582 0.5128619256244424 0.5698490257666398
4 0.43944034852635677 0.3785853199829351 0.43828417932875235 0.3689359446707797 0.4342287420850212 0.359009467787699 0.4276951651468206 0.35426009411321924 0.4214946591921064 0.3529370179172743 0.41665701907192 0.35329104376016207 0.411907436319904 0.3556729769040417 0.40043802766159536 0.36952959992655854 0.39560683343958414 0.387715918541256 0.39159229153351555 0.3942930222177643 0.39068629266976707 0.4003078713005995 0.3940934572560864 0.40450062639768164 0.40254882613842086 0.4110664580416391 0.40663742364200406 0.41609776415813765 0.4113717154437289 0.419729874951911 0.4145683158542197 0.42119552765922974 0.42455879776851796 0.4227949002809182 0.4314215781512999 0.4202711957708469 0.4400121664323132 0.4143892614571992 0.44175784364010556 0.41214990482469327 0.4424890169471477 0.40564569969423614 0.4432023209446287 0.39802262139270833 0.4419580943788537 0.3863453387795612 0.43944034852635677 0.3785853199829351
4 0.5244009847253721 0.4104667971040562 0.5202103280829622 0.4129880861785808 0.5115661318732656 0.41551340097901646 0.49768232568092163 0.41762386856824596 0.4881831601768899 0.4223877348560053 0.4806057866169918 0.4289680591132424 0.4796666274933913 0.43987807896266 0.4833009363854653 0.4443503510662142 0.4928562881774504 0.45007602140039094 0.5065678471723583 0.4546091148722634 0.5094147964694367 0.45509605548433874 0.5137458292290656 0.45439283466965624 0.5201020022512898 0.4515199351877904 0.5249919611205247 0.4509560703037529 0.5327977681658125 0.44822172160734974 0.5412314001996805 0.44296930441715093 0.5507458566540032 0.4321913941917385 0.5530313014822055 0.42540606176444484 0.5520167975814553 0.4211412132664938 0.5507585692450242 0.4190444331453616 0.5450289320317453 0.41583280557906976 0.5244009847253721 0.4104667971040562
4 0.8927211507230147 0.32376958863984634 0.8856133567249171 0.3248949029723747 0.8795889655065441 0.32762764137841344 0.8719414038880366 0.3332989315057294 0.863858712147216 0.3430965193455338 0.8594753606385389 0.344009579201366 0.8553370227451772 0.3463210292347409 0.854011184709407 0.35044813209241144 0.8577143924804552 0.3522629797715249 0.8664810954978099 0.35043686005986063 0.8936732016429658 0.3485241543340479 0.897481046912111 0.349919323930862 0.9004326337072859 0.34998658646063785 0.9020915427265429 0.349285781081502 0.9042034511776738 0.34557755116094857 0.9052498261586412 0.3413807703379555 0.9043220904464265 0.3355773705866342 0.9021195462678548 0.33012477609747204 0.8994461333478478 0.32656073297865673 0.8927211507230147 0.32376958863984634
4 0.8143614872138814 0.579716423200016 0.8087364874986994 0.5760851175514248 0.7988506430824976 0.5740660668474372 0.794956029624817 0.5742094485039931 0.7896998395122435 0.5762421866760782 0.784863488571692 0.5801626710733279 0.777985417238619 0.5887004195210521 0.7746867576893014 0.5947873620047565 0.7722992537222726 0.6091252896230732 0.7754116643034978 0.6192624106924858 0.781701516806018 0.6261798527437846 0.7868543586001298 0.6281332512083608 0.79081916011642 0.628898903681726 0.8070088588057975 0.6282548939449973 0.816490155000268 0.6223721544861673 0.8214643036987684 0.613136821240036 0.822702084366368 0.6069818110813736 0.8199890652883337 0.5904806459573311 0.8173143631886914 0.5833501442841538 0.8143614872138814 0.579716423200016
4 0.4623301770168423 0.2153466488721488 0.45826073800245526 0.21500067448108293 0.4513456388706249 0.21773421803230386 0.43554390827305234 0.22872760331514125 0.4322452487237348 0.23481454579884561 0.4328233333225371 0.23963923345492325 0.4368940615165591 0.24355166640035103 0.44197671525206134 0.244596030735006 0.4425203504113764 0.25074943060330407 0.4437607094382462 0.2517273375533655 0.4491228262285515 0.25284137985334304 0.4562306202266491 0.2517160655208147 0.46064842117481364 0.24947429345276223 0.46513512100195253 0.2445750969602689 0.46955292195011705 0.24233332489221646 0.47454622913781375 0.23778332337151772 0.476848254095942 0.22855040556093303 0.47520463602697627 0.2232371670024158 0.4720948038050209 0.22023296304172696 0.4623301770168423 0.2153466488721488
5 0.35334363238790917 0.24768316464946133 0.33741294908450337 0.24014506207171774 0.3307938931374022 0.24050069820497 0.3261668171930442 0.2435818264376211 0.32484097915727383 0.24770892929529173 0.32583890292809803 0.254421363176534 0.3347371370105557 0.2782596484341745 0.3381264322873139 0.2813335303601859 0.3494784908565049 0.2810435464663453 0.3565684155450415 0.27879935896274616 0.36189350453658936 0.2741091963662202 0.3633418493800177 0.27068128859732116 0.3632882414513342 0.2673246690841089 0.36003545475288995 0.255369479754854 0.35655810210796113 0.2502676905278508 0.35334363238790917 0.24768316464946133
5 0.43029011731441946 0.1890817120059542 0.4260803021828134 0.1869176693550462 0.42211550066652304 0.18615201688168104 0.4175573236011395 0.18657572068989134 0.4151302134760833 0.18797652630298084 0.40961371879790304 0.19462491823517603 0.40685740522826547 0.2032988020328165 0.4084717305762842 0.2242065870210017 0.4117908377944328 0.22637143481709193 0.4226898969317497 0.22908887546466886 0.42607790302887283 0.2285962988363183 0.43313208909828715 0.22411436499057774 0.43536650435707597 0.22110533015879566 0.4348764771264445 0.21830854980370992 0.4368480094603565 0.2127822516233142 0.43689646067049975 0.20187303691907887 0.43238673481525947 0.1913875260230538 0.43029011731441946 0.1890817120059542
5 0.5030079870307865 0.2212539781660982 0.49263469374322355 0.22357106421574863 0.48798974848930443 0.22553331927732895 0.4859122894776606 0.227912836985662 0.48331164297553314 0.23239074510549168 0.4822142384251523 0.24036382352399627 0.48368174175777695 0.2416212474805298 0.4908954624336063 0.243642713620064 0.49344507936632054 0.242941103095746 0.5088805787205546 0.2334165911009561 0.5154115772994852 0.2310330476667121 0.5223100963013894 0.23074708949878237 0.524632568928349 0.22976596196799215 0.5257325518379997 0.2289258006582114 0.5254517996035617 0.22528966413852697 0.5215558969662458 0.221866587240721 0.5149712904586319 0.2208935111617528 0.5030079870307865 0.2212539781660982
5 0.6647774896036929 0.24866039808258983 0.6596438062987773 0.2513923313434463 0.6565544217456533 0.256639917662552 0.6559623353761952 0.26139573249848935 0.659440977200759 0.27006398027985445 0.6620620713717178 0.2738378624398194 0.6659566848293986 0.2736944807832634 0.6689261409341347 0.2748806164841101 0.6738160998033697 0.2743167516000727 0.6771862365909317 0.2727053018006513 0.6805550841988587 0.2675273934468681 0.6822816029174549 0.2606027050889296 0.6816690688791656 0.2571067296450723 0.6782963537323333 0.2515852623357698 0.6724965284604449 0.24746460063955675 0.6647774896036929 0.24866039808258983
5 0.6508094935820833 0.2594423340339132 0.6432308308425504 0.26245619973678835 0.63841234921156 0.2674955573051089 0.6347819078583911 0.2737226608646404 0.6315547255473183 0.28428509603262775 0.6320970715269981 0.2868720373465638 0.6363604945872876 0.29239269951068414 0.6459847452582472 0.29546094542042006 0.6560951556209333 0.29062659602215607 0.659272597542228 0.28740691700404214 0.6610514350098725 0.280272389604954 0.6603342634734866 0.2771960922433961 0.6617826083169147 0.2737681844744969 0.6582860971827897 0.2639810635220611 0.6552107144003216 0.2596481473491519 0.6508094935820833 0.2594423340339132
5 0.6943241186613551 0.28611648209503854 0.6909003739451095 0.2843713123812476 0.6835667248208923 0.28878356826166574 0.67972443011226 0.288717110877072 0.6769846966725485 0.2949434092914213 0.6629656710815256 0.3095016428382563 0.6602782563908626 0.31551810221145593 0.6593020694685047 0.3206239171643701 0.6603867614278643 0.3257977997922423 0.6683010735101538 0.3333431486766257 0.6755671129350318 0.3351547757750103 0.6782915554244522 0.334942521298314 0.6828139938707134 0.3322810711479623 0.6913535525823133 0.3301754344298259 0.703831019243197 0.3027513671334506 0.7046502499184099 0.29827506930398545 0.7008411154696297 0.29331344115280944 0.6983935576757421 0.28646245648610436 0.6943241186613551 0.28611648209503854
5 0.8296619811170947 0.29333685617721783 0.8265700182047006 0.2914515253875998 0.821312538912492 0.28991780500532294 0.8160206101807962 0.28971279683526646 0.8105551450720293 0.2925848911719501 0.8077630928832695 0.29902102862744906 0.8081829320552913 0.3009087748526137 0.8119384585753883 0.30251378349057745 0.8157284345349722 0.3027900799163208 0.8186634412002214 0.3053049278293879 0.819589887732801 0.30754186902634717 0.8197825825990682 0.3091500982450397 0.8148071447209329 0.3148189729368091 0.8138654072380623 0.3185960756775029 0.8175010053097711 0.326634806335419 0.8198770858654141 0.3290102983178411 0.8232829612720985 0.3296365948605612 0.824330625432701 0.32900627259193016 0.8263200270761741 0.3245988475826052 0.8319590285620123 0.3186496507391814 0.8367787993726375 0.31717675172522286 0.8391854618288626 0.30752415583233883 0.8384504209829154 0.3033289852997102 0.8358293268119565 0.2995551031397451 0.8296619811170947 0.29333685617721783
5 0.8539089463652507 0.3091891806934387 0.8502759266528118 0.30828336714424637 0.8483898733278004 0.30870465551691006 0.8429244082190335 0.31157674985359374 0.8394509231130097 0.3171743362896763 0.8376210560759517 0.328085161284276 0.8386878787257505 0.3321401707410775 0.8459552073302632 0.33751825639382405 0.8499200088465535 0.3382839088671892 0.8530285518888736 0.3377216542735161 0.8574629329669643 0.33303229682217245 0.8648144514007428 0.3297389141128252 0.8663495644327067 0.32477245509055586 0.865841667892514 0.32085680156439944 0.8600405534409907 0.3131696813138245 0.8539089463652507 0.3091891806934387
5 0.7866294342429863 0.5373635581306206 0.7791362505123538 0.5352724140257639 0.7745959427565313 0.5368149910050449 0.7699688668121734 0.539896119237696 0.7638066778358514 0.5479437064926163 0.7597411063603696 0.5582971077646361 0.7594310614049845 0.5702555176746198 0.7636753259760779 0.5710908481133075 0.7733697647056469 0.5750681281529645 0.7761299458141897 0.5770936200184098 0.7867138032775812 0.5775036363585226 0.7910614161671361 0.574352830160549 0.7926322678182223 0.5716241174804214 0.7950555104043734 0.5595239362042462 0.7950171934259812 0.5501532727533809 0.791940521463878 0.5422538980261098 0.7866294342429863 0.5373635581306206
5 0.759780712518397 0.5712342297698634 0.7497047515951981 0.574739866955907 0.7421273780353002 0.5813201912131442 0.7332241664396318 0.592027618328052 0.731551255649719 0.6023089261992026 0.7342425378792872 0.6069918424890888 0.7392039739867666 0.6109034702893343 0.7525658818682619 0.6144578516659631 0.7601100951683077 0.6127726981753083 0.7708291720303782 0.6007349485578158 0.7756450753020983 0.5885626738807715 0.7759755679263146 0.5848560542505825 0.7724446073527023 0.5763976455103671 0.7658765809750144 0.5729769840481078 0.759780712518397 0.5712342297698634
5 0.9040639710871023 0.587817215851086 0.892798680706447 0.5865686484915567 0.8903537012718298 0.5868505809335753 0.8720533833109559 0.5947692791452194 0.8632190705942622 0.6028192818356862 0.861054843394083 0.6067373507973893 0.8665764947908032 0.6143547930826417 0.8763066721394948 0.6205698194644403 0.8901215794528643 0.6211167762996516 0.8970366785846947 0.6183832327484307 0.9046842402032022 0.6127119426211147 0.9120689188968327 0.604523389145185 0.9124695995796586 0.6017258036449171 0.9115418638674437 0.5959224038935959 0.9088327123283145 0.590120614432639 0.9040639710871023 0.587817215851086
5 0.8400313721234239 0.6184347620400914 0.8286269948051848 0.6189345849750818 0.8205072752656066 0.6229279679183828 0.8103637046430684 0.6326574880832292 0.807798796760063 0.6393731425452003 0.8117138578865752 0.6474815511684388 0.8149985156652366 0.6509751111767494 0.8292166820207022 0.6558573996204166 0.8356609124110971 0.6550124074395426 0.8410383201516936 0.6501124058018671 0.8448435870615685 0.6443746582899573 0.8495535636555569 0.6290556031408505 0.8486436972529035 0.6243710765605999 0.846756354748257 0.6212259063789018 0.8400313721234239 0.6184347620400914
5 0.38091203452349764 0.9002504426317195 0.37403009565151946 0.8980888154163582 0.37135797191114744 0.8980912308519047 0.3661017817985739 0.9001239690239897 0.36182435696762844 0.9041838093518845 0.3592594490846232 0.9108994638138554 0.35906933257762585 0.9164241517038867 0.3616725574390235 0.9190791606927811 0.3709650263061318 0.9222875676783442 0.38046677016943375 0.9246566184993086 0.39234330540874335 0.9258347027483331 0.39389628775026847 0.9219871168971349 0.39295068272849265 0.915064843974743 0.3888786653548355 0.9075859524749532 0.3842834604906947 0.9022054513866603 0.38091203452349764 0.9002504426317195
5 0.3264474999428254 0.9234466981085248 0.320804630918082 0.9186965192888629 0.3127691012077696 0.9140184338700701 0.30908376274628224 0.9133224593620273 0.3058003941472559 0.9133953579080785 0.3001077847327343 0.9159879352382901 0.2978567893440193 0.9214445554533632 0.29779175800394997 0.9348013555408899 0.30546492400982883 0.9516476899108159 0.3093786959567059 0.9561896399796928 0.3186545846938881 0.9618456323485469 0.3236670503707808 0.9619809625532809 0.32660076785639475 0.9609293519119861 0.3302324983891986 0.9582687069068164 0.3358536305654757 0.951200636892322 0.3374053237273657 0.9437865924867616 0.3368795578776119 0.9387520657895344 0.33359361091931533 0.931692047226862 0.3264474999428254 0.9234466981085248
5 0.3697567175648086 0.9616595779973347 0.3620019400889343 0.960617629098226 0.35767090732930545 0.9613208499129084 0.3534623813773344 0.9627232658163625 0.34569231295116903 0.967695360854907 0.3449968782632492 0.9764373123275055 0.38831365175771326 0.9872373969524908 0.3895514324253131 0.9810823867938282 0.38677080364793903 0.9708051046485885 0.3760274115781324 0.9638916883232007 0.3697567175648086 0.9616595779973347
5 0.42986541034985937 0.9467799598945532 0.4259707968921784 0.9469233415511091 0.41234987362471137 0.9515510724889523 0.40871814309190757 0.9542117174941218 0.4054896716011996 0.9612076941077472 0.40610349481912406 0.9682701281059665 0.40916100829203084 0.9714841711078049 0.42159904800021675 0.9799345283961983 0.4331948310050883 0.9774764761255387 0.4353947968243901 0.975796153505977 0.43595243375436094 0.97236905088226 0.4367830878409597 0.9511793334520562 0.43377789311710124 0.947755451409068 0.42986541034985937 0.9467799598945532
5 0.4688830221649116 0.9498216360132765 0.45583760513697663 0.9521411374984734 0.4437722425703047 0.9600541996938421 0.4404033949623776 0.9652321080476252 0.4391324540349258 0.97628228897287 0.44372894807870156 0.985229248615525 0.44648912918724426 0.9872547404809703 0.45235785333810713 0.9887179777527425 0.466207210090964 0.9879362223757333 0.4713587627054407 0.9863231622859476 0.48216589693568174 0.9763133199694469 0.4876466529947397 0.9674271816951101 0.4889367524113878 0.9610623324952983 0.4867342082328161 0.9556097380061359 0.4794847489378643 0.9513505255244603 0.4688830221649116 0.9498216360132765