2 0.8522547321129345 0.9532062764503264 0.8590398524778153 0.9560990798109528 0.8663209919630892 0.9574499695671422 0.8700714185737775 0.9574699778005199 0.8760096515995087 0.9552097303241055 0.8787840237720431 0.9531152937689675 0.8819412317685972 0.9473192776605295 0.88711180576264 0.9414177455112785 0.8901105571442717 0.9325981970744313 0.8907404088366631 0.9226034388291939 0.8871850719191542 0.9097961803371725 0.884657715614992 0.9055974382003733 0.8804272536865423 0.9019210715740436 0.8727339888613308 0.8982096229942199 0.8639694574878728 0.8960702354590652 0.8584932885936224 0.8961406695463838 0.8412198819553703 0.9022433647507361 0.8372950149271281 0.9043980961863379 0.8334720128656217 0.9084965269759175 0.8334400452603588 0.9188930709706954 0.8357430223554237 0.9298169249892041 0.8431779529826258 0.939605585666078 0.8462192995934614 0.9481085859804882 0.8522547321129345 0.9532062764503264
2 0.9016230187305695 0.723014682840032 0.9099687719074468 0.7171633063643912 0.9115247392464493 0.7138333651203993 0.9110447039286879 0.710177006727447 0.9087031063717166 0.7040194915165546 0.9037276220708531 0.6971337734071613 0.9025478376992273 0.6911319299106912 0.8997668126700498 0.6875961612786673 0.8720557492556663 0.6706408566841191 0.8650622334843195 0.6692748932078134 0.8593776691836033 0.6708721671794529 0.854381535607114 0.6745989596597237 0.8527643111469312 0.6822633065215589 0.8542703396943899 0.6834837374902969 0.869672853147444 0.6857083626525552 0.8782130053118047 0.6945728620694196 0.8813222619004641 0.704371661953148 0.88070372853771 0.7145823867932716 0.8816524808435953 0.7216791369842898 0.8840666538513847 0.723718213172225 0.8881612958241867 0.7248029806599184 0.9016230187305695 0.723014682840032
2 0.29803112466967474 0.2563435779995341 0.3073982056032556 0.2534705126919542 0.31416535478185603 0.2505171442705324 0.31822604176574604 0.2509540119735668 0.32753653105114033 0.247001113691555 0.3316245201672991 0.24245567599208676 0.3329880759024671 0.2354543026350266 0.3309341020594229 0.22928171370401823 0.3275438746134795 0.2251281927275674 0.32310501727856394 0.2229786659855582 0.3049847233011624 0.22392831035286967 0.2930789677337819 0.22238666692876424 0.28878724868415145 0.22304470592027786 0.28741704009234026 0.22441587409017633 0.28672394389511896 0.22770059417382 0.2875142395860819 0.23177381203642894 0.2854056614785002 0.23556583391042563 0.2786225284972683 0.24371747432923638 0.273834790327245 0.24591742692518662 0.27545400217107713 0.24929752384278828 0.2799494511541793 0.2525268835592294 0.2945796401025506 0.2565244626409267 0.29803112466967474 0.2563435779995341
2 0.18061343011532743 0.23369473008641722 0.18611223566885252 0.23405622918887117 0.19723901387490733 0.23174062134525406 0.20046413184928516 0.22724040480613406 0.20958220953084505 0.21961607441105402 0.21035453403552756 0.21784312049161492 0.20683980496357365 0.21131396697141397 0.20071382580700217 0.20448854374248504 0.18895987399790082 0.20034022745962693 0.17909012108728403 0.19912500118448184 0.16622628226802988 0.20131508475390913 0.16262299394262653 0.2041026422540541 0.15906031346277832 0.21316830472602014 0.15920278627506929 0.22139010905181822 0.1617301425792316 0.22558885118861718 0.16531744710200352 0.22799956568586102 0.18061343011532743 0.23369473008641722
4 0.51352203512155 0.8020418894120734 0.5186879436425988 0.801554595855098 0.5220828365615364 0.8002938782392736 0.5248232537451588 0.7975515418994765 0.5305963772993245 0.7866375569074912 0.5334366720660336 0.7747944761422346 0.5319126723322942 0.7677278733914485 0.5262827122961153 0.7593605365580828 0.5221880703233135 0.7582757690703893 0.5100399643605551 0.7576130657459454 0.5047608725431332 0.7559406933540571 0.49578328029021523 0.7607423842954983 0.49413676631411435 0.7623445927803992 0.4931786830622408 0.7660763197739318 0.491930298007095 0.7862818028592926 0.4944916093001693 0.7911284447807506 0.5036183272220214 0.800178763352269 0.51352203512155 0.8020418894120734
4 0.802021319931369 0.7321326624282578 0.8094542631749221 0.730876879325695 0.8194465303279003 0.7234232943651531 0.8231903040819457 0.717813097411369 0.8239107024114357 0.7095460719252228 0.8267509971781448 0.6977029911599663 0.8258248815315341 0.6910381741587208 0.8230099015134446 0.686854505742038 0.8206183651649301 0.6852473627438754 0.8145103571946389 0.6842681112969944 0.8055940220629016 0.684735396620592 0.8000499431908275 0.6835100311385924 0.7960232111958492 0.6837210632202173 0.7898426277747401 0.6868602507962933 0.7851454362418153 0.6907879361513345 0.7836347422213622 0.694981743774872 0.7864084236882005 0.7203904333708833 0.7890715999480106 0.7271807746463186 0.796488559388932 0.7311232635411447 0.802021319931369 0.7321326624282578
4 0.7913559998845383 0.6662077608010437 0.7971244579657101 0.6607080144013338 0.8007776850826567 0.6533700846884587 0.8001505114796101 0.6469061605619837 0.7953494675963005 0.6378457027836105 0.7902221795371578 0.6335666575329697 0.7835162874797381 0.6321856203365481 0.7760154342583612 0.6321456038697928 0.7697216675408789 0.6331251254970052 0.765266826403332 0.6361738707523847 0.7590023492017675 0.6432155307565315 0.7532971356254257 0.6554253153178351 0.7531906051856957 0.658895854556133 0.7601954392866797 0.6604777846273251 0.7688194852314958 0.6654398116161188 0.7775840166049538 0.6675791991512734 0.7888126597777444 0.6672072906616336 0.7913559998845383 0.6662077608010437
4 0.24409697046864695 0.3113610502300121 0.24849055448501325 0.31264671059247584 0.2557037839924631 0.31270180077934717 0.25910999524103795 0.31165704975840913 0.2622672032375919 0.3058610336499708 0.26389842411675735 0.2819539710113096 0.2629157168219599 0.27420932103563234 0.26002150849640937 0.26851388645474483 0.2570773613793154 0.26736882408658713 0.25477637166789935 0.26748941384751557 0.2382186978861433 0.2707393221579969 0.22872711532655204 0.27123675492182675 0.2253435407372518 0.2727134391325376 0.22294733891574312 0.2765205347266504 0.22417239660591814 0.2833862446026661 0.23344158734006126 0.3006583674999828 0.2399117818587464 0.3085485499832277 0.24409697046864695 0.3113610502300121
4 0.3029713573036733 0.22403382639368208 0.3107371975797026 0.2236268359505486 0.3272609163725466 0.21972902785540813 0.3308868413572247 0.21737340354503573 0.337112698096883 0.21509808234850522 0.3426953974308634 0.21155710902288855 0.34421740978095383 0.20757926799423757 0.3397832179190324 0.20001550265995305 0.332157863071645 0.19759985364944774 0.326625102529208 0.1965904547623345 0.31854900187997715 0.19658058573581133 0.3054248414790647 0.193803437622852 0.29679613006125444 0.1942556492263336 0.29451777700911297 0.19480817217703464 0.28960087174008514 0.20004673082151014 0.2883664831039217 0.20400949813004515 0.2887626246412277 0.21156832895106806 0.29085055347318384 0.2183888176667356 0.2947820733580693 0.2218642914182952 0.3029713573036733 0.22403382639368208
4 0.2294229743465576 0.15793953023358598 0.24146921534257998 0.15665853420405268 0.24630222683115255 0.15532244798764783 0.2520593665826868 0.14960673499305138 0.2519621670889452 0.1422487970467988 0.2479174639076865 0.13661365734637548 0.24250255213461677 0.13234968581585077 0.23185382186267428 0.12727720827298308 0.22104196950281524 0.1245954369939816 0.21157302360249858 0.12552480294758422 0.20589977763141967 0.1273380435141099 0.20314804211816 0.12986441325902054 0.20026713950589578 0.13542938905245633 0.2005840527357406 0.1414764537092748 0.20911288657046403 0.15012498653125267 0.22269444562986324 0.15612655984739154 0.2294229743465576 0.15793953023358598
5 0.7215198595815835 0.8580581522294463 0.7360368652335818 0.85989606536228 0.7391667710978669 0.8590823546563442 0.7419298249407638 0.8567719515063201 0.7436941876862319 0.8519151703780075 0.7423899016885956 0.8435376943377871 0.7355754918077969 0.8345827526002267 0.7338883699861409 0.829906856113307 0.7305547341883841 0.8268331681112879 0.7270127029841615 0.8252863199935895 0.7170637217660835 0.8225593275542398 0.7072618788332905 0.822639900848413 0.7029927964429347 0.8237298730296991 0.6934399567621627 0.8285617114113727 0.6921716131370873 0.8318765789352482 0.6931430021022474 0.8394052623160391 0.696832171591755 0.8437596761672603 0.7038822790112884 0.8462054726179978 0.7215198595815835 0.8580581522294463
5 0.8807029530985748 0.8356393351773057 0.891163937239677 0.8316261420148298 0.8919748822062659 0.8250868492877744 0.890586702428174 0.8206118456756247 0.88538018606157 0.8148210342607793 0.8840033246131158 0.8105619972435161 0.8809573125292859 0.8074732355213812 0.8753792786682997 0.8055999702547225 0.8725030415290295 0.8057507074558832 0.8654868890984082 0.8039528107898046 0.8582962962502331 0.804329653792706 0.8523693815541389 0.8068058678640071 0.8508134142151367 0.8101358091079989 0.8528946901904495 0.8113260926365047 0.856076522229927 0.8170064534972763 0.8628569771218139 0.8253134954501776 0.8740310160300669 0.834906197765543 0.8807029530985748 0.8356393351773057
5 0.86115862170396 0.7268678101354867 0.8707294325710123 0.7278821435358616 0.8752974570049326 0.7269930642293454 0.878370771221031 0.725099520548978 0.8802256806035977 0.7219704721797564 0.8815213263609417 0.7136732992533781 0.8811185319669924 0.7004842632451934 0.8772482692032879 0.6926743838757903 0.8744785625037477 0.689354581838653 0.8696954898067185 0.6861402958423278 0.8560413552965013 0.6842571615491462 0.8466403193740086 0.6864823270720669 0.8444411946293284 0.6885466161869728 0.8407879675123816 0.6958845458998477 0.8409304403246726 0.7041063502256458 0.8483267504899686 0.7186613497101361 0.855281645799409 0.7247936519940579 0.86115862170396 0.7268678101354867
5 0.8413485278155572 0.7396002403875906 0.8448113307123185 0.7396353223410844 0.8498753742666316 0.7372043294301317 0.854989356612488 0.7302229643064491 0.8556937711393466 0.7271542108176918 0.8492914865984854 0.7205598279037652 0.8429051858602555 0.7087671729924496 0.8389736659753702 0.70529169924089 0.8324761693244161 0.7023838221601476 0.8282184052636976 0.7036897609363202 0.825579853046811 0.7083757966300946 0.8246896797727613 0.7134033231929454 0.8249160463655076 0.7177226550906728 0.830530022599055 0.7312882639214274 0.8324481764864513 0.7348692537137995 0.8372425675131178 0.7382995063050108 0.8413485278155572 0.7396002403875906
5 0.89581801230458 0.6507713895939106 0.9059867072587611 0.6521875087438259 0.9187553339679226 0.6536839310075832 0.9236336187750445 0.6532117111707239 0.9281903248793274 0.6521066652693216 0.9353436363102692 0.6482668198881802 0.9369255667368677 0.6481839144275419 0.9405175367326335 0.6451803903325104 0.9401893051731512 0.6389173590808056 0.9379042992643669 0.6338396768443451 0.9354901262565777 0.6318006006564099 0.9289699929463492 0.6284607903858948 0.9257608587746027 0.6277627349276259 0.9233127307779017 0.6250757589550316 0.9182533526965825 0.622092513273709 0.8975830657557442 0.6184114823144488 0.8869409883404448 0.6189692099587428 0.8770552516271964 0.6229522556809867 0.8716196905785012 0.6293007947401261 0.8705936973488034 0.6317367221643404 0.8710850509962021 0.6356090471521789 0.8766244643952824 0.6422486512264538 0.8828796106508587 0.6460354684068578 0.89581801230458 0.6507713895939106
5 0.9073695308581626 0.6895798770994 0.9169516600548523 0.6908101770946611 0.9219657648176218 0.6929295563964384 0.9285651264353116 0.697781132831158 0.9335000028906201 0.6983887459687305 0.9408810199589807 0.6906388912994604 0.9416240549477453 0.6828037990030869 0.9390514253250336 0.6777411904867424 0.9236469244883307 0.6644721215450472 0.9130547858645748 0.6604794769766114 0.9063715304664297 0.6595303729699624 0.8954531476668409 0.660319140929259 0.8940489840861178 0.6610424093144983 0.8921488013850016 0.6633075913041744 0.8897252974312242 0.6720969923007898 0.8902506060675348 0.6766172170732874 0.8951921353794864 0.6828550353980217 0.9018028153268137 0.6879225784276276 0.9073695308581626 0.6895798770994