2 0.6117511520737328 0.9429065743944637 0.6134792626728112 0.9496107266435987 0.6203917050691244 0.9608564013840832 0.6235599078341014 0.9636678200692043 0.6296082949308757 0.9651816608996541 0.6345046082949308 0.9647491349480969 0.6376728110599078 0.9630190311418685 0.6509216589861752 0.9498269896193772 0.658410138248848 0.9387975778546714 0.6592741935483871 0.9323096885813149 0.6561059907834101 0.9219290657439447 0.6509216589861752 0.9169550173010382 0.6362327188940092 0.9152249134948098 0.6267281105990784 0.9156574394463668 0.6123271889400922 0.9217128027681663 0.6131912442396313 0.9284169550173011 0.6117511520737328 0.9429065743944637
3 0.7246543778801844 0.8624567474048443 0.7335829493087558 0.8708910034602078 0.7600806451612904 0.8754325259515572 0.7655529953917051 0.8752162629757786 0.768721198156682 0.8739186851211074 0.7713133640552996 0.8715397923875432 0.7724654377880185 0.8659169550173011 0.7690092165898618 0.856401384083045 0.7626728110599078 0.848832179930796 0.7548963133640554 0.8416955017301039 0.7528801843317973 0.8423442906574395 0.7471198156682027 0.8408304498269897 0.7410714285714286 0.8419117647058825 0.7272465437788018 0.8481833910034602 0.7235023041474655 0.8529411764705882 0.7229262672811061 0.8576989619377164 0.7246543778801844 0.8624567474048443
5 0.9300115207373272 0.3384515570934256 0.931163594470046 0.3393166089965398 0.941820276497696 0.3384515570934256 0.9464285714285715 0.3414792387543253 0.9493087557603687 0.3421280276816609 0.9533410138248849 0.3395328719723184 0.9559331797235023 0.33520761245674746 0.9616935483870968 0.3315311418685122 0.9619815668202765 0.3280709342560554 0.9599654377880185 0.32461072664359863 0.9567972350230415 0.32331314878892736 0.9484447004608295 0.3235294117647059 0.9423963133640554 0.32266435986159175 0.935483870967742 0.3243944636678201 0.9294354838709677 0.32785467128027684 0.929147465437788 0.3336937716262976 0.9300115207373272 0.3384515570934256
5 0.9248271889400922 0.35532006920415227 0.9282834101382489 0.35683391003460213 0.9323156682027649 0.35705017301038067 0.9386520737327189 0.35553633217993086 0.9426843317972351 0.35596885813148793 0.9452764976958525 0.35380622837370246 0.949020737327189 0.3527249134948097 0.9507488479262672 0.349264705882353 0.9498847926267281 0.34126297577854675 0.9423963133640554 0.3384515570934256 0.9383640552995391 0.3382352941176471 0.9294354838709677 0.34039792387543255 0.923963133640553 0.34580449826989623 0.9236751152073733 0.3531574394463668 0.9248271889400922 0.35532006920415227
5 0.8827764976958525 0.4446366782006921 0.8899769585253458 0.44961072664359863 0.8974654377880185 0.45004325259515576 0.9017857142857142 0.4480968858131488 0.9043778801843319 0.4485294117647059 0.9078341013824884 0.4459342560553633 0.9118663594470047 0.4392301038062284 0.9130184331797235 0.43014705882352944 0.9121543778801844 0.4260380622837371 0.911578341013825 0.4253892733564014 0.9055299539170507 0.4256055363321799 0.898905529953917 0.4243079584775087 0.8870967741935484 0.4253892733564014 0.8836405529953918 0.42841695501730104 0.8804723502304148 0.4357698961937716 0.8801843317972351 0.4392301038062284 0.8827764976958525 0.4446366782006921
5 0.9190668202764977 0.45285467128027684 0.921947004608295 0.4563148788927336 0.9256912442396313 0.4571799307958478 0.9320276497695852 0.455666089965398 0.9423963133640554 0.45501730103806237 0.9461405529953918 0.45371972318339104 0.9519009216589863 0.4461505190311419 0.9524769585253458 0.44247404844290666 0.9504608294930875 0.4390138408304499 0.9461405529953918 0.4362024221453288 0.9320276497695852 0.4355536332179931 0.9256912442396313 0.4370674740484429 0.9184907834101382 0.44420415224913495 0.9179147465437788 0.44961072664359863 0.9190668202764977 0.45285467128027684
5 0.7606566820276498 0.4422577854671281 0.7646889400921659 0.4446366782006921 0.7702188940092165 0.4429065743944637 0.7762096774193549 0.4429065743944637 0.7796658986175116 0.4437716262975779 0.7842741935483871 0.44269031141868515 0.7848502304147466 0.4390138408304499 0.7908986175115207 0.43252595155709345 0.7908986175115207 0.4290657439446367 0.7868663594470047 0.4219290657439447 0.7790898617511521 0.4160899653979239 0.7736175115207373 0.4147923875432526 0.769873271889401 0.4154411764705882 0.7672811059907835 0.4169550173010381 0.7569124423963134 0.42863321799307963 0.7566244239631337 0.4320934256055364 0.7606566820276498 0.4422577854671281
5 0.7586405529953917 0.47037197231833916 0.7609447004608295 0.4785899653979239 0.7655529953917051 0.4852941176470589 0.7690092165898618 0.4874567474048443 0.7727534562211982 0.4870242214532873 0.7848502304147466 0.48010380622837373 0.7940668202764977 0.4788062283737025 0.7952188940092166 0.4764273356401384 0.7920506912442397 0.4701557093425606 0.7920506912442397 0.4563148788927336 0.7888824884792627 0.45004325259515576 0.7842741935483871 0.4474480968858132 0.7756336405529954 0.4459342560553633 0.7713133640552996 0.4472318339100346 0.7681451612903226 0.4498269896193772 0.7655529953917051 0.44961072664359863 0.7603686635944701 0.45263840830449825 0.7586405529953917 0.4563148788927336 0.7586405529953917 0.47037197231833916
5 0.7168778801843319 0.47469723183391005 0.7214861751152074 0.47534602076124577 0.7266705069124424 0.47231833910034604 0.7335829493087558 0.47080449826989623 0.7358870967741936 0.4692906574394464 0.7376152073732719 0.4647491349480969 0.736463133640553 0.4565311418685122 0.7344470046082949 0.45263840830449825 0.7304147465437788 0.44874567474048443 0.7269585253456221 0.4480968858131488 0.720910138248848 0.4491782006920416 0.7125576036866359 0.4565311418685122 0.7128456221198156 0.46453287197231835 0.7168778801843319 0.47469723183391005
5 0.8672235023041475 0.3137975778546713 0.8767281105990783 0.3174740484429066 0.8839285714285715 0.31487889273356406 0.893721198156682 0.3127162629757786 0.8966013824884793 0.3094723183391004 0.8971774193548387 0.30341695501730104 0.8951612903225806 0.29822664359861595 0.8919930875576038 0.29498269896193774 0.8873847926267281 0.29346885813148793 0.8833525345622121 0.29325259515570934 0.875 0.29584775086505194 0.8695276497695852 0.3001730103806229 0.8660714285714286 0.30579584775086505 0.8657834101382489 0.31141868512110726 0.8672235023041475 0.3137975778546713
5 0.8539746543778802 0.34126297577854675 0.8557027649769585 0.342560553633218 0.859447004608295 0.34277681660899656 0.872983870967742 0.33888408304498274 0.8752880184331797 0.33542387543252594 0.8778801843317974 0.32547577854671284 0.8770161290322582 0.3213667820069205 0.8657834101382489 0.3179065743944637 0.863479262672811 0.3163927335640139 0.8580069124423962 0.3155276816608997 0.8516705069124424 0.3157439446366782 0.8493663594470047 0.319204152249135 0.8505184331797235 0.33412629757785467 0.8539746543778802 0.34126297577854675
5 0.8911290322580646 0.3386678200692042 0.8945852534562212 0.34666955017301043 0.898905529953917 0.35056228373702425 0.9040898617511521 0.3507785467128028 0.9086981566820278 0.3494809688581315 0.9147465437788019 0.34580449826989623 0.9228110599078342 0.3432093425605537 0.9277073732718895 0.3386678200692042 0.9285714285714286 0.33499134948096887 0.9262672811059908 0.3235294117647059 0.9230990783410139 0.3194204152249135 0.9176267281105991 0.3163927335640139 0.9121543778801844 0.31617647058823534 0.9038018433179724 0.31769031141868515 0.8966013824884793 0.32179930795847755 0.8931451612903226 0.32698961937716264 0.8911290322580646 0.3313148788927336 0.8911290322580646 0.3386678200692042
5 0.6140552995391706 0.39987024221453293 0.6163594470046083 0.4024653979238755 0.6221198156682027 0.4059256055363322 0.6267281105990784 0.4063581314878893 0.631336405529954 0.4054930795847751 0.6376728110599078 0.4016003460207613 0.6411290322580645 0.39814013840830453 0.6425691244239632 0.3905709342560554 0.6376728110599078 0.3832179930795848 0.633352534562212 0.3812716262975779 0.622983870967742 0.3808391003460208 0.6203917050691244 0.3814878892733564 0.61463133640553 0.38905709342560557 0.6131912442396313 0.39359861591695505 0.6140552995391706 0.39987024221453293
5 0.5858294930875576 0.3907871972318339 0.5918778801843319 0.3940311418685122 0.599078341013825 0.39446366782006925 0.6077188940092166 0.38862456747404844 0.6105990783410139 0.38429930795847755 0.6111751152073733 0.3799740484429066 0.6100230414746544 0.3767301038062284 0.6057027649769585 0.3711072664359862 0.6002304147465438 0.3680795847750865 0.5918778801843319 0.36699826989619383 0.5889976958525346 0.3682958477508651 0.5849654377880185 0.36764705882352944 0.5800691244239632 0.37608131487889274 0.5806451612903226 0.3836505190311419 0.5858294930875576 0.3907871972318339
5 0.5639400921658987 0.37954152249134954 0.5673963133640554 0.3821366782006921 0.5743087557603687 0.38343425605536335 0.5786290322580645 0.3821366782006921 0.5800691244239632 0.3804065743944637 0.5803571428571429 0.37586505190311426 0.5841013824884793 0.36699826989619383 0.5838133640552996 0.3602941176470588 0.5817972350230415 0.35705017301038067 0.5711405529953917 0.35294117647058826 0.5642281105990784 0.3522923875432526 0.5570276497695852 0.35467128027681666 0.5515552995391706 0.3594290657439447 0.55213133640553 0.36613321799307963 0.5639400921658987 0.37954152249134954
5 0.5953341013824885 0.36786332179930803 0.6019585253456221 0.3698096885813149 0.6126152073732719 0.37629757785467133 0.6160714285714286 0.3752162629757786 0.6163594470046083 0.36916089965397925 0.6131912442396313 0.3596453287197232 0.6129032258064516 0.35467128027681666 0.6143433179723503 0.3488321799307959 0.6131912442396313 0.34537197231833916 0.6059907834101382 0.34558823529411764 0.5993663594470047 0.3509948096885813 0.5918778801843319 0.3531574394463668 0.5887096774193549 0.35532006920415227 0.5849654377880185 0.3600778546712803 0.5852534562211982 0.36851211072664364 0.5953341013824885 0.36786332179930803
5 0.6195276497695853 0.38019031141868515 0.6238479262672811 0.37954152249134954 0.626152073732719 0.3804065743944637 0.6339285714285714 0.3804065743944637 0.6399769585253456 0.3791089965397924 0.6434331797235023 0.37737889273356406 0.6442972350230415 0.3767301038062284 0.643721198156682 0.3734861591695502 0.6373847926267281 0.36375432525951557 0.6359447004608295 0.35575259515570934 0.6322004608294931 0.3522923875432526 0.6307603686635945 0.3486159169550173 0.6258640552995393 0.34580449826989623 0.6195276497695853 0.34429065743944637 0.6160714285714286 0.34731833910034604 0.6149193548387097 0.351643598615917 0.61463133640553 0.36397058823529416 0.6195276497695853 0.38019031141868515
0 0.5008640552995391 0.4485294117647059 0.5123847926267281 0.4548010380622838 0.5184331797235023 0.4563148788927336 0.5259216589861752 0.45371972318339104 0.533410138248848 0.4459342560553633 0.5336981566820277 0.4422577854671281 0.5319700460829493 0.4392301038062284 0.5259216589861752 0.4355536332179931 0.5190092165898618 0.43403979238754326 0.5132488479262672 0.43490484429065746 0.5023041474654378 0.43879757785467133 0.49942396313364057 0.44160899653979246 0.49913594470046085 0.4461505190311419 0.5008640552995391 0.4485294117647059
0 0.3813364055299539 0.5480103806228375 0.38392857142857145 0.5490916955017301 0.39055299539170507 0.5493079584775087 0.3948732718894009 0.5475778546712803 0.3980414746543779 0.5449826989619377 0.3989055299539171 0.5408737024221454 0.39602534562211983 0.5376297577854672 0.3908410138248848 0.5356833910034602 0.3870967741935484 0.5354671280276817 0.38018433179723504 0.5384948096885813 0.37788018433179726 0.5426038062283738 0.378168202764977 0.5451989619377163 0.3813364055299539 0.5480103806228375
0 0.3421658986175115 0.5471453287197232 0.3525345622119816 0.548659169550173 0.3626152073732719 0.5432525951557093 0.36347926267281105 0.5395761245674742 0.3597350230414747 0.5350346020761246 0.3522465437788019 0.5337370242214534 0.3456221198156682 0.5363321799307958 0.34130184331797236 0.5406574394463668 0.3407258064516129 0.5439013840830451 0.3421658986175115 0.5471453287197232
0 0.3487903225806452 0.5743944636678201 0.3487903225806452 0.5778546712802768 0.3522465437788019 0.5793685121107267 0.35455069124423966 0.5785034602076126 0.35723876728110604 0.5751875 0.3660714285714286 0.5772058823529412 0.37644009216589863 0.5735294117647058 0.38047235023041476 0.5709342560553634 0.3790322580645161 0.5642301038062284 0.37644009216589863 0.5607698961937717 0.37327188940092165 0.5588235294117647 0.36693548387096775 0.5570934256055364 0.35944700460829493 0.5573096885813149 0.3557027649769585 0.5594723183391004 0.3516705069124424 0.5637975778546713 0.34994239631336405 0.5674740484429066 0.35080645161290325 0.5705017301038062 0.3487903225806452 0.5743944636678201
0 0.3029953917050691 0.5508217993079585 0.32430875576036866 0.5612024221453288 0.32862903225806456 0.5622837370242215 0.3300691244239632 0.5609861591695502 0.3303571428571429 0.5588235294117647 0.32862903225806456 0.5536332179930796 0.31797235023041476 0.5419550173010381 0.31077188940092165 0.5369809688581315 0.3035714285714286 0.5363321799307958 0.3004032258064516 0.5402249134948097 0.3004032258064516 0.5467128027681661 0.3029953917050691 0.5508217993079585
1 0.4173387096774194 0.5064878892733564 0.4213709677419355 0.5101643598615917 0.4251152073732719 0.5121107266435987 0.42655529953917054 0.5147058823529412 0.42655529953917054 0.515787197231834 0.4228110599078341 0.5190311418685122 0.4176267281105991 0.5222750865051904 0.4182027649769585 0.5266003460207613 0.43260368663594473 0.5270328719723183 0.4389400921658987 0.5255190311418685 0.4435483870967742 0.5233564013840831 0.4455645161290323 0.5211937716262975 0.4495967741935484 0.5207612456747406 0.45593317972350234 0.5272491349480969 0.4596774193548387 0.5283304498269896 0.46543778801843316 0.5268166089965398 0.4674539170506913 0.5272491349480969 0.47033410138248855 0.5315743944636678 0.4737903225806452 0.5317906574394464 0.49107142857142855 0.5278979238754326 0.49769585253456217 0.5240051903114187 0.5118087557603687 0.5181660899653979 0.5135368663594471 0.5149221453287198 0.511520737327189 0.509515570934256 0.5213133640552996 0.4984861591695502 0.5221774193548387 0.49307958477508657 0.5190092165898618 0.4863754325259516 0.508352534562212 0.4770761245674741 0.5051843317972351 0.4762110726643599 0.5017281105990784 0.4762110726643599 0.49107142857142855 0.47923875432525953 0.48819124423963134 0.48205017301038067 0.48502304147465436 0.48313148788927335 0.4824308755760369 0.4874567474048443 0.4755184331797235 0.4874567474048443 0.4758064516129032 0.4803200692041523 0.4711981566820277 0.47253460207612463 0.46370967741935487 0.4673442906574395 0.45650921658986177 0.4666955017301039 0.4513248847926268 0.4701557093425606 0.4475806451612903 0.48010380622837373 0.4432603686635945 0.48421280276816614 0.4317396313364055 0.4885380622837371 0.4213709677419355 0.49437716262975784 0.4182027649769585 0.4974048442906575 0.41676267281105994 0.5004325259515572 0.41647465437788017 0.5051903114186851 0.4173387096774194 0.5064878892733564
1 0.3580069124423963 0.48096885813148793 0.3626152073732719 0.48313148788927335 0.3686635944700461 0.4844290657439447 0.38306451612903225 0.4861591695501731 0.4055299539170507 0.4865916955017301 0.4150345622119816 0.48334775086505194 0.41877880184331795 0.48291522491349487 0.43202764976958524 0.48183391003460213 0.4389400921658987 0.48313148788927335 0.44038018433179726 0.4811851211072665 0.43980414746543783 0.4759948096885814 0.440668202764977 0.47210207612456745 0.44009216589861755 0.46993944636678203 0.4337557603686636 0.4649653979238755 0.4294354838709678 0.4571799307958478 0.4251152073732719 0.45198961937716264 0.4216589861751152 0.45134083044982704 0.41676267281105994 0.45198961937716264 0.4115783410138249 0.45047577854671284 0.4049539170506913 0.45004325259515576 0.3922811059907834 0.45501730103806237 0.383352534562212 0.4567474048442907 0.37932027649769584 0.45977508650519033 0.3770161290322581 0.46431660899653987 0.37355990783410137 0.4679930795847751 0.3557027649769585 0.47361591695501737 0.35339861751152074 0.4762110726643599 0.35339861751152074 0.4779411764705883 0.3580069124423963 0.48096885813148793