5 0.17477158830991218 0.5028922253159412 0.17922394036967132 0.49188696572026547 0.17476964658065813 0.4863330461838461 0.1685514541212137 0.4829566898279715 0.15593866343033075 0.4794939431161752 0.14647450270946155 0.4780413510588433 0.14132881413528414 0.47867316217096684 0.13525048582617744 0.4811625836272631 0.13208762755335204 0.48612656232406704 0.13266745574429348 0.4908488839797999 0.1374866886013438 0.4970116558519336 0.14893367962356502 0.5027964154939459 0.1592331417879526 0.5063253161601123 0.16869326000080545 0.5053816467722374 0.17477158830991218 0.5028922253159412
5 0.2563363447885277 0.4699991898436774 0.2633777111674412 0.4682630704727666 0.26927154868852116 0.46427109212600987 0.27175319797097763 0.45612244928127366 0.268949294528919 0.4427398397364901 0.2600934186046146 0.4320613026323544 0.2516369225912413 0.4269987917386976 0.24409883800998564 0.4270528038521365 0.2374751223528313 0.4298270775274647 0.23392501169312413 0.43636381434940946 0.23355797184632446 0.4499178797005836 0.2351352789499665 0.46040067731646683 0.23896511791034913 0.4655954961188636 0.24112435398369508 0.4666376977035912 0.24644030504308753 0.4744825768331967 0.25015663567999347 0.47402626880777426 0.2563363447885277 0.4699991898436774
5 0.21417141555315414 0.45273402364841964 0.2093562252041202 0.44896751322149264 0.20158093818111578 0.44708966647576825 0.1956039906714365 0.4480414304242637 0.1878144753456204 0.4531377170298077 0.1850915811133987 0.4569582395701738 0.18411027223276374 0.4607828093908502 0.18586802761641627 0.4703719024519872 0.19274107323936868 0.4767182719714425 0.20532346559537423 0.47757010625368074 0.2150127012339429 0.47376577283455595 0.21787351788724832 0.45925184897426574 0.21417141555315414 0.45273402364841964
5 0.22225651111269454 0.5303985320860111 0.22588973176100108 0.5269020096623274 0.23099693698426824 0.5188667632302325 0.2352384424291396 0.5061442957597448 0.23447816595818774 0.5023156786587581 0.22461462532638748 0.4952470603909472 0.21775370722748427 0.4960894752071117 0.20769953252087836 0.49928495629052205 0.20027899877111585 0.5073863566769872 0.19947813817049134 0.5103172219429174 0.2008365136432128 0.5142902887935753 0.21050133518417455 0.5268304835221942 0.21508336559947616 0.5310613965351643 0.21867195961009359 0.531928095033191 0.22225651111269454 0.5303985320860111
5 0.2767640523350371 0.6529128818481826 0.27735406632077386 0.6482648087074404 0.2763221465651794 0.6374971588725253 0.2670567049351487 0.6305729903543856 0.2616474580923616 0.6290582916229941 0.2547338283397365 0.6294714044704557 0.25008485796790125 0.631785322840051 0.24541357427722144 0.6362808516705013 0.2422891993553063 0.6486482656872767 0.24384015063208736 0.6589164123188084 0.24967109070465004 0.6638655267998239 0.2529211014740912 0.6643380239464877 0.26679703012504696 0.6615448387750609 0.2736802615427946 0.658520813498041 0.2767640523350371 0.6529128818481826
5 0.2907615743255024 0.6605633463949884 0.29919381529077727 0.6512482886174051 0.3010550522526196 0.6451368064838531 0.29995215003247505 0.6385177265862968 0.2966980967550175 0.6356489679944262 0.2904048793230065 0.6340249201307038 0.27808604523561076 0.6353195956919806 0.2746069170404536 0.6377077625765665 0.27610919917152915 0.6499428686846019 0.27188192202946954 0.6556912028038211 0.27118648473628887 0.6594806720071572 0.2798761406833946 0.6640787803147709 0.28678977043601966 0.6636656674673092 0.2907615743255024 0.6605633463949884
4 0.3990556257625352 0.3703320390835003 0.410719606686423 0.3660673503586428 0.41448864897705084 0.36604034430192334 0.42254980758750954 0.36788309043030765 0.4262661382244154 0.3674267824048851 0.4279023002685583 0.3665722257477894 0.42872951669604376 0.36385601146621066 0.4269230921666859 0.35623387788157734 0.428163916807914 0.35215955645920927 0.4317971374562205 0.34866303403552557 0.4388608171539786 0.3447453042037596 0.43812689650988784 0.3411313380871244 0.4320668390116092 0.3390428876373588 0.42229045087642464 0.3374107452130157 0.4093735177872594 0.3385609710246213 0.4038932884799221 0.34119484223058866 0.39739730944905627 0.3426461093824676 0.3874931846875833 0.34233697348157366 0.36406788454839656 0.35480026988429597 0.3617585985299176 0.3572626852838727 0.36043870640810644 0.3606930537531863 0.3612516945327803 0.3649509728228761 0.36684947467161055 0.37036448988993476 0.37764565503834024 0.37557549781357286 0.3812342490489577 0.37644219631159953 0.3886932661496304 0.3757442312451061 0.3990556257625352 0.3703320390835003
4 0.5585493401441719 0.4143716987064954 0.5651770983093428 0.4139936864763739 0.5700065169611884 0.4107860635520325 0.5779805230750313 0.40719233383694897 0.5859241308539969 0.4009876916923073 0.5906400411823658 0.3921289419401465 0.5911509876875196 0.38683691584634977 0.5899953738136532 0.37978853398009066 0.5848031168725327 0.3682243868818293 0.5812855053264653 0.3632091184464438 0.5796189449474451 0.3614527626739813 0.5700189625842546 0.35653065424968533 0.5598512795541718 0.3540750085052764 0.550391161341319 0.35501867789315134 0.5401078692089971 0.3610748230078115 0.5372795516693316 0.3640367416107716 0.5326427088215457 0.37353944431598685 0.528867523244139 0.38533310661438813 0.527912570190365 0.389372327419416 0.5287215158070224 0.39123398504389906 0.5391344862948868 0.40041401253788483 0.5449998672103432 0.4103703008936651 0.5499164383588047 0.41259915381279144 0.5585493401441719 0.4143716987064954
4 0.4433875579882707 0.4548761233918661 0.45393845089721874 0.4533627495659275 0.46830301273448366 0.44745914876155907 0.4721957491433836 0.4437128747361837 0.4750727358287546 0.43878399665672 0.47633587378882736 0.4325280647734967 0.47403273105712723 0.4232238239313915 0.4686194417063237 0.41931286375479343 0.4503034475691666 0.4095779960385325 0.43829279838806956 0.4086559605216139 0.42579351602066345 0.41084434063763675 0.4102246711638265 0.41166651905224977 0.40523711755081504 0.41358623607048217 0.39856473274795506 0.41832746922231384 0.39508964706081445 0.42311189755210654 0.39452598890193863 0.42797462167720024 0.3994810434013104 0.437606909916298 0.40323181488111004 0.4421577757656404 0.4269043442073325 0.4529780402445899 0.43800466697234447 0.4535760756448261 0.4433875579882707 0.4548761233918661
4 0.7426506755998927 0.7769912420993096 0.7465616828196207 0.7686670961678723 0.7452844756062446 0.7511750645833806 0.7421541164470591 0.7445870380228541 0.7389000631696014 0.7417182794309836 0.731929679255238 0.7393058288645357 0.7244098654848103 0.7347819690719127 0.7226155684795017 0.7343486198228995 0.7057491448196982 0.7364195562459708 0.6980082986395876 0.7395488833750112 0.693178879987742 0.7427565062993526 0.688586663777645 0.7478959880828574 0.6848074356922218 0.7572933889360522 0.6879580073914895 0.7758627227226118 0.7051609135137069 0.7883489053377917 0.7160017205181258 0.7891966923397197 0.729802624196515 0.7881558156604448 0.7354633017838625 0.7846282398997313 0.7426506755998927 0.7769912420993096
4 0.8496009311011854 0.7995928819078261 0.8530313901506368 0.7991716744997438 0.8583007728430863 0.7948205954189643 0.8627165832811894 0.7929710796354124 0.8680123218004997 0.7888346515389847 0.8692491039337116 0.78236406867141 0.8665729371179414 0.7676584526031772 0.8561559241220605 0.7560821636639847 0.8541954071395533 0.749568385618449 0.8485672286658454 0.7415439561218324 0.8444555606260249 0.7387804993819823 0.8387077305420616 0.7368715992992281 0.8297929996772565 0.7375304164680709 0.8250122501711162 0.7387710799159087 0.8225975408451933 0.7403748913780795 0.8115336006523293 0.7613432089847033 0.8031986979784655 0.7667243478092793 0.7999081030793517 0.7730113330295322 0.7974041404780505 0.7833415863351234 0.7982171286027244 0.7875995054048135 0.8014184702264601 0.7900389620279809 0.8073731044172948 0.7912688085403405 0.8220173945552351 0.7970967633603138 0.8496009311011854 0.7995928819078261
4 0.5828251905970452 0.9831266785672337 0.5677530639425503 0.9856309642393182 0.5576644483930505 0.9838192714479639 0.5433019873345478 0.9755599545654439 0.538486796985514 0.9717934441385168 0.5274311008581909 0.9668321878165702 0.5236357027407023 0.9666445428889385 0.5195321197169146 0.9686736090395017 0.5168355813115537 0.9727087825642192 0.515598799178342 0.9791793654317941 0.5168902346945298 0.9896972636650172 0.5222082458044415 1 0.5288067622707169 1 0.5852074008093281 0.9930748723623932 0.5856656356607599 0.9873535442998935 0.5847249109097977 0.984418631753653 0.5828251905970452 0.9831266785672337
4 0.47842158260548845 0.9292723853993203 0.4733022498581721 0.9301188474957953 0.47028944153047975 0.9315782092082948 0.4701089932504693 0.9324719137630411 0.4784337101295376 0.9364611697349403 0.5031058191472231 0.9388789924871516 0.5034890290260885 0.9349099729168042 0.49578472446763405 0.9288835562337209 0.47842158260548845 0.9292723853993203
4 0.48353461301651757 0.9709146763635108 0.48955214465586955 0.9632034300480982 0.4919729972685712 0.9498329623442459 0.4886925881642526 0.9467495527680239 0.48063142955379395 0.9449068066396393 0.4789648691747736 0.943150450867177 0.4740259847074677 0.9431032084089057 0.472178976048437 0.9422405571911895 0.46087184917655344 0.9423215753613479 0.45809220078259355 0.9433165344878043 0.45736636515453544 0.9444950912615824 0.45414060943319284 0.9584001627861582 0.4551461733619263 0.968953161636722 0.45772306015703135 0.9710335175258671 0.46206788813058425 0.9733325716796738 0.46836110556259525 0.9749566195433961 0.4764182216650375 0.9744031042265737 0.48353461301651757 0.9709146763635108
2 0.39333997669319476 0.41831532738138294 0.3970299515032397 0.4176443683716088 0.40676785628751394 0.4118730754759805 0.42776826130598256 0.410383985331904 0.4383637808526196 0.40450739058425506 0.44066498185506575 0.397252452294265 0.4361985605420033 0.38450974842222563 0.43553562236246257 0.37674721236823155 0.43170578340208 0.3715523935658347 0.42821857019089 0.3691480375600074 0.41178402555565724 0.3652829949362275 0.4017562066759123 0.36869312700398943 0.39996595217862 0.3706560392001828 0.3881742346284437 0.3762437344484895 0.3815991881169949 0.37705104864731387 0.3780146366143939 0.3785806115944938 0.37108677855895705 0.38596785779322407 0.3624356059627617 0.3887731848055819 0.35542463791872553 0.3931202166060509 0.35238951627218856 0.39676118877940564 0.3518481714321574 0.39944230244364415 0.3536282401346544 0.406849785043926 0.358157558896234 0.4106513960881932 0.368663825167493 0.413501243183965 0.3771913036454164 0.41441518414026285 0.38686631098117347 0.4175849840724067 0.39333997669319476 0.41831532738138294