2 0.7311275160428218 0.6786623025867531 0.7359702104894411 0.6810533945424171 0.747466136616237 0.6822020397637181 0.7532308862667553 0.6810225288564227 0.757310565788359 0.6777891011748448 0.7593839787234017 0.6726647202981642 0.765783160294413 0.6645699030711981 0.7675481828615294 0.6545599626750965 0.7632608324947213 0.6423848297295787 0.7606289595799873 0.6390659701748904 0.7535714631040826 0.6343079562375953 0.7398024141918401 0.6294645104271899 0.7325443432680112 0.6308199068646769 0.7288194333782947 0.6303827039311833 0.7210316305540948 0.6314250951613218 0.7134355765854989 0.6346972886959346 0.710460875531078 0.6449331284982841 0.711494727152379 0.6556561851101833 0.7176717025934256 0.6670665140358569 0.7224017360251228 0.6700965383572295 0.7311275160428218 0.6786623025867531
2 0.743014378768306 0.6278348746353893 0.7546101598203039 0.6333931105895827 0.7616676562962087 0.6381511245268778 0.7663769226433854 0.6396402927855409 0.7828825444904842 0.6405742866236153 0.7909332230161693 0.6380410532068234 0.7926894199909653 0.6363743254899782 0.7955890137021049 0.6265644405981011 0.7945966962498446 0.6189230961116212 0.7877980949780252 0.6093795504070172 0.7847076170088019 0.6020270411538526 0.7822467258651513 0.5993971278409292 0.77730815699073 0.595891134733028 0.7726364443151941 0.5941889890191289 0.7685280367142698 0.5892921814766865 0.7650660025260388 0.5873641363565394 0.7521854356434544 0.5824577547190661 0.7424664735759751 0.5811832378436297 0.7377404206416782 0.5814479031029125 0.7270826167831794 0.5854978226083811 0.7181682038097563 0.5929295374956057 0.7165662020189235 0.5970390449721614 0.7168538253023293 0.6003837484288728 0.7193434445253004 0.6111438969658166 0.7241901194693198 0.6168296785021359 0.743014378768306 0.6278348746353893
2 0.5431368847328465 0.32336248397512657 0.549397793109495 0.3260036453110712 0.5594003979629802 0.32732817606256387 0.5679432547173955 0.3253209253083566 0.5720980415822808 0.3216615427163062 0.5756232416215932 0.313279564184015 0.5781976583776861 0.3003379532906626 0.569901755335156 0.287675603535595 0.566836024947853 0.2851586399257955 0.5654889378637055 0.281187926054387 0.5587150841738064 0.27647992599314797 0.5513196046531348 0.2736387091529787 0.5422054818293077 0.2722512425744184 0.5333414286172458 0.2744214569078056 0.5248025523602305 0.2797233972426682 0.5203345300324987 0.2901351225752093 0.5199046530573299 0.29423170810075333 0.52186055988253 0.3013841618496932 0.5278250193834524 0.309023832408183 0.5431368847328465 0.32336248397512657
2 0.48037499248723836 0.34260055595832556 0.49099922317149647 0.3420583034887485 0.4949870087626983 0.3410046642355888 0.5041307242633659 0.3355897741976023 0.5095742774562376 0.33457322686948693 0.5148260817935055 0.33132687723689735 0.5265225823682255 0.32636211208341614 0.5296011188452487 0.3238305525946147 0.5309402449345961 0.3212118873047124 0.5316537646957709 0.3171653156552245 0.530686194825431 0.31435951681210933 0.5274326960799243 0.31290744047849073 0.5170921081816721 0.313499706824124 0.5138761631078061 0.3118346530352693 0.503144116503546 0.3013779356106432 0.49931537119122743 0.29323645236360163 0.49602431877407993 0.29199735348521927 0.49271647976981203 0.29251208812478274 0.48357276426914436 0.29792697816276925 0.4736987424201816 0.3091422733681894 0.4706034193560381 0.31342766637493674 0.4665692545008753 0.32303749576258917 0.46532998333672976 0.3300657517853839 0.4669439266197629 0.3358403130507943 0.47071037067852 0.3393592281097071 0.48037499248723836 0.34260055595832556
3 0.1720239789710683 0.6848260732193007 0.185067566629936 0.6838320219372278 0.20527335078483064 0.680367673065431 0.20952401207751792 0.6778231916256177 0.21233569235565564 0.6734877847428142 0.2125778009726206 0.6704560864934512 0.21002986099348844 0.6583680593490342 0.2058838997209234 0.6536842292618281 0.1970869928573429 0.6488391095234323 0.17983912316974895 0.6438214521108254 0.16673721475472011 0.6434876247854249 0.16006719648742324 0.6464839050377338 0.1540059979611788 0.652661925167574 0.15076444070787223 0.6610939175759215 0.1504887589166665 0.6676332828611761 0.15624866347226468 0.6780916742137927 0.1623050169035889 0.6835515563438641 0.1720239789710683 0.6848260732193007
4 0.28250637557493785 0.3551444032077857 0.28804580319561157 0.3552427570319076 0.2925425536026638 0.35296126692338675 0.29577130476625013 0.34957779761364033 0.29733575288544223 0.34568126759232093 0.29314912204135646 0.32298313353912844 0.28915735595275455 0.3207420832116329 0.27896698274106546 0.3204824397363212 0.2770398039951859 0.3214602212114016 0.2778986933480035 0.32819964200088075 0.2752787619254697 0.3347648511881586 0.27331402950794936 0.33595561011847513 0.2673407444147068 0.33665915223924187 0.2547645874026487 0.3333436405405344 0.2527207671444468 0.33166566480066806 0.25187381928382935 0.334810312753155 0.2544305848552818 0.33855512721831554 0.27074359324925645 0.35219191059248284 0.2745643775667749 0.3537440146782137 0.28250637557493785 0.3551444032077857
4 0.19259818670105325 0.29778691855694195 0.19622722216296767 0.29710922033819853 0.2004739029582549 0.29127004931772993 0.2058047951362043 0.2908924343553233 0.21079770426938677 0.2924316164900425 0.22450047143066792 0.2893578045316638 0.23079097248415703 0.2851966092510617 0.23142938490205017 0.2815759925120462 0.2291562621166036 0.2778811919229417 0.22470987147091237 0.2749011814776252 0.21229275473773762 0.26239054727871636 0.20542700711743675 0.25986233564589567 0.2016645435560796 0.2596381101676381 0.19480277643317873 0.26040458811547273 0.18966363311083329 0.26301200538235375 0.18142916672434423 0.26990481565598196 0.17954352214750552 0.27396430925648146 0.17815801679419702 0.2851391646808764 0.18101919223617569 0.29047484908480276 0.1852027071803815 0.29494570171677276 0.19259818670105325 0.29778691855694195
4 0.6309444821702892 0.20686622487108086 0.6351408032042154 0.20628855440444965 0.6420361435013568 0.2020144094207236 0.6431667341479801 0.19891977534429284 0.6419115409942343 0.19276927304446606 0.642529186327607 0.18760780024274099 0.6452282055908224 0.18391132572564625 0.647835330923636 0.1823946396369695 0.6481901005555233 0.17872400902189783 0.6438108562583135 0.16872866450479843 0.6413707321991834 0.1676396072545844 0.6407243587864901 0.16467084483228925 0.6360318790264339 0.1614278430556803 0.6283191835455156 0.1620442793753465 0.6241811832677507 0.16394982844945094 0.6162294950697473 0.1858252444397027 0.6151987593483261 0.19332946924902594 0.6196906646604583 0.20268588140041682 0.6238534125201436 0.20561587796967723 0.6309444821702892 0.20686622487108086
5 0.09040616306439259 0.8076841381504188 0.0932465714218508 0.8114789664916356 0.09954901396754011 0.8172018399529997 0.10651063601564296 0.8208449527380577 0.11390213503891464 0.8203914799975713 0.11748963633178829 0.8166320696534088 0.12009278116720176 0.8118206939840766 0.1234845531070714 0.8025367917547845 0.12506180731598385 0.7935917386348639 0.12394004226168087 0.7883431600320381 0.11757529846243031 0.7779977183825456 0.11103074729977609 0.7753065431705446 0.10414821309235481 0.7745321650556696 0.09231430392079198 0.7753003169314944 0.08795098161318242 0.7784837307370163 0.08583118941417883 0.7921643017481894 0.08693616788136142 0.799166713868961 0.08920929066680805 0.8028615144580655 0.09040616306439259 0.8076841381504188
5 0.08483316226947818 0.8110934513621885 0.09048525090507416 0.8105528728206017 0.09197459168098479 0.8070822977097546 0.08687784712520027 0.7978388352614877 0.085547546628173 0.7921142878721333 0.08646164083727184 0.7819543058478633 0.0856650527380155 0.7798374532465129 0.07732675092892435 0.7790259832065933 0.07180410989537106 0.7771737958645255 0.07084052052243124 0.777662686602066 0.06817905493085663 0.7811461836639246 0.06715229970683549 0.7919450980539031 0.07024675817345892 0.802592296887723 0.07675773616187252 0.8087911391356155 0.08483316226947818 0.8110934513621885
5 0.14174637192896616 0.8018040578760136 0.14860813905186698 0.8010375799281789 0.156938479866158 0.7952596708067878 0.16027591154726653 0.7879425795506776 0.1600554346123421 0.7775825420221829 0.1547501546138333 0.7678631107873872 0.15157176321160803 0.7659850795432964 0.1473250824163209 0.7718242505637649 0.1390075476917502 0.772553636586555 0.13297992233974648 0.7752239896805039 0.12885870864910193 0.7753757052366625 0.12390733368496028 0.7769182352273625 0.12200092202360116 0.7794368727651524 0.12206322327716239 0.7840594409532811 0.12695143239022266 0.7928269346150196 0.13455942785101865 0.7994388098223728 0.14174637192896616 0.8018040578760136
5 0.054744351056181514 0.6931336023922468 0.06130568880595618 0.6940709440863019 0.06935636733164144 0.6915377106695099 0.07241413672414423 0.6874652951179987 0.07656096259422937 0.6772165333646376 0.07346650412760596 0.6665693345308179 0.06986706134253215 0.6604446761330145 0.06532479626903895 0.6563497645354607 0.056227460032332297 0.6532084644389548 0.04743453366615187 0.6516580342812143 0.042670927060214095 0.652135676995733 0.03570047941979095 0.6568357768899317 0.033514405469826106 0.6625990901323207 0.033802028753231975 0.6659437935890322 0.043086268750622395 0.6829527982499245 0.05209569155432723 0.6915685763555042 0.054744351056181514 0.6931336023922468
5 0.18383225921915308 0.33423190730435615 0.18825788278032393 0.33567106168696303 0.19266273925697427 0.33556936000686044 0.20882241706450594 0.33183077178074993 0.21864607915210757 0.3258769771291671 0.22364781387761026 0.31907294658462976 0.22456588858410917 0.31220765414101515 0.22251410733110707 0.303940299239838 0.21339202351248 0.29596345349996683 0.1977788641924395 0.2982612134154802 0.19420814948668627 0.300266790241697 0.19211396946712325 0.303850315055668 0.17876112684280918 0.31489139865888677 0.17511928529117443 0.3206176199762315 0.17468940831600555 0.3247142055017755 0.1761116027434347 0.3282589644627116 0.17885613667309103 0.33093889165169127 0.18383225921915308 0.33423190730435615
5 0.27713169792558784 0.31928043278298346 0.28426032124737405 0.32031780222915085 0.2908008919126283 0.31971428786049644 0.2935582319320049 0.3173456919508749 0.2961406096828979 0.31099346021883323 0.2982979555535423 0.2970999117524239 0.2942191406294587 0.2854007475934346 0.2886717520139849 0.27871301460800196 0.27879461426514224 0.2717010283921996 0.27071918815753654 0.2693987161656267 0.2574542589662243 0.27496532175977195 0.25418795413099726 0.2785617685247546 0.25387073817075073 0.28201942168459 0.25426219687675866 0.2930684054548493 0.26475611536145394 0.3098515107094939 0.27713169792558784 0.31928043278298346
5 0.25281664157224876 0.3327805659529053 0.26577231579811456 0.33726099267990606 0.2697601013893164 0.33620735342674624 0.2732389221646678 0.33638156502894756 0.27488245812454154 0.3353537696778111 0.2778611396763627 0.32841261945611705 0.27645175133865385 0.31981933739657986 0.26462268726201116 0.30894958701249287 0.25547585586146354 0.29613719562925683 0.2485389813952812 0.29732962848756384 0.24406299807274934 0.30115197465879423 0.24187692412278441 0.3069152879011833 0.2410339567595671 0.3133546254343257 0.2421181681422293 0.31881618149238755 0.2441076481416701 0.32246096820543596 0.25281664157224876 0.3327805659529053
5 0.6948279765971187 0.411817086000614 0.7009890300485652 0.4100486566036663 0.7038214774112233 0.4072541057835723 0.7058029964158641 0.40430951333531 0.7069631797393279 0.39441252264233234 0.7017537741686211 0.3858079925597738 0.6977995617516599 0.38335396477704203 0.6956015463094948 0.3792332092774651 0.6918390827481377 0.3790089837992078 0.6760006013982525 0.3825846084461381 0.6724714208615401 0.3876718973977742 0.6718330084436469 0.39129251413678967 0.6729715600850703 0.3947872592216696 0.6807920714859907 0.4051697927962067 0.6888714780909966 0.41076679460343496 0.6948279765971187 0.411817086000614
5 0.5997325359418875 0.3954883924322784 0.60765376686553 0.39534792489914083 0.6150284793016814 0.39664828567660054 0.6197337651514577 0.3948427643546083 0.6252859988618519 0.389892595080129 0.6260370722946673 0.385633045975405 0.6251406292702089 0.3791066026411619 0.6223377745843914 0.3750987968447089 0.6191218295105255 0.3734337430558542 0.6109712960596382 0.3715573857397537 0.6053567610956829 0.37188498682610416 0.5972309752267162 0.37484417515336854 0.5901854202430116 0.3799702299580394 0.5878451511090834 0.38329076344071805 0.587527935148837 0.3867484166005535 0.5900471470486487 0.3907062085209502 0.5943433230077768 0.3945381287872117 0.5997325359418875 0.3954883924322784
5 0.6558467265826402 0.20993956735654815 0.6620661007902477 0.20949901656707381 0.6682024066597738 0.20289504152676097 0.6756323239522064 0.18729599949047154 0.6753822543404413 0.18373831857852388 0.670347811038218 0.1791174243183855 0.6608541710005832 0.1765650427115318 0.654901652991861 0.17880944089500822 0.6480398858689602 0.17957591884284274 0.6429798303872963 0.1850520707799066 0.6419866483375158 0.1923433181339938 0.6433960366752247 0.20093660019353096 0.6509289247927393 0.20797443031135643 0.6558467265826402 0.20993956735654815
5 0.6844446306980675 0.14229482060856471 0.6882822016027064 0.14209309117634977 0.6955946127852963 0.13877088376568075 0.7040376146145096 0.13235404227858108 0.7106621182153657 0.12298136032019764 0.7110672476086141 0.11404922915128868 0.7051403417793324 0.10619658113756278 0.6909206488074007 0.10390886478999173 0.6840213280128591 0.1048883201930626 0.6757700750392497 0.11353496398463667 0.6713188392986383 0.12219285579923192 0.6699669071195705 0.1298600441877354 0.6715600833180833 0.13409374939043625 0.6751763126902773 0.13846457427029377 0.6844446306980675 0.14229482060856471