5 0.6999723219066916 0.16078586011940738 0.6898780102235426 0.1576252062398898 0.6876331268966684 0.1553756134479154 0.6871535001652773 0.15311914708610147 0.6823972036630916 0.15567779005202226 0.676999473813881 0.1566040185302894 0.6728607247914213 0.16345328611334597 0.6669536442644095 0.1689096688064653 0.6661506261135768 0.17482881048548768 0.6670168774653789 0.177518910527568 0.6693697357823514 0.18166177785901466 0.6731881233308383 0.18438766523946026 0.6870558589615186 0.1900626693885381 0.7007226624547209 0.19202177785370708 0.7067498827173071 0.19405706892783461 0.7102205043918002 0.19376155435645637 0.7221126497140855 0.18460096825672956 0.7219566811775628 0.18109660968370597 0.720110365404749 0.17795154550725695 0.715290835701594 0.17190094675207496 0.7054122072232152 0.16559912612187544 0.6999723219066916 0.16078586011940738
5 0.7290089294621163 0.18379840200308767 0.7257301051250943 0.1836109599532662 0.7164542730591494 0.1884568263747933 0.7122825033693839 0.1937654517822235 0.7143297512796758 0.20062641164258155 0.7238697486840682 0.20810568262606594 0.7330591720808242 0.21809150902757643 0.735696563070821 0.2166465365897443 0.7428296037572784 0.21557255082578802 0.7475859002594639 0.21301390785986724 0.7502380423167528 0.2047118729874442 0.7495094899014594 0.19712842690817006 0.7395648200884687 0.18774532192671756 0.7329860936807683 0.1845006905867071 0.7290089294621163 0.18379840200308767
5 0.6609938861345942 0.21152111091290657 0.6570377996495986 0.21368856956965482 0.654085663452914 0.21365278223128956 0.6487209542710094 0.21611965288518314 0.6445730704485427 0.21877006816313113 0.6410666199731011 0.22305289792873267 0.6508707827159409 0.2428573063172288 0.6577073477957243 0.2487002653872925 0.6654698788955571 0.25058779917573093 0.6756569259142593 0.2486435699071694 0.67885776598302 0.24707883267047914 0.6814621363057111 0.2440932180570206 0.6818246532469966 0.24025755757425352 0.6799600678741688 0.22871478878758705 0.6807392001577026 0.22545385723804698 0.6792645361261813 0.22267198488393944 0.6730363837261172 0.21692079812590292 0.6640809131341451 0.21219150958392788 0.6609938861345942 0.21152111091290657
5 0.7326601828648619 0.3824494703468723 0.7225960837153764 0.3863574160128309 0.7167339667893198 0.39202533581683563 0.7161466318432571 0.394803310745176 0.7170009402614097 0.39882251585199746 0.7230822589249584 0.4052681963421191 0.730020694140302 0.4102051245692123 0.7346961982405837 0.4114222596866294 0.7445685000525982 0.40799727064187064 0.7474545949146711 0.40495177362898305 0.7479400597251736 0.40307982954361316 0.7448136853919521 0.39114197902200687 0.7401859530262682 0.3846084236456252 0.7364574926796923 0.3823056104869503 0.7326601828648619 0.3824494703468723
5 0.6792407171842338 0.40264790507038517 0.6762436173865939 0.40240058062113465 0.6728868087813104 0.40046095928480135 0.668762810826143 0.40045316443326706 0.6685920912223283 0.40380586829483445 0.6711248039431226 0.40879488406982245 0.667618353467681 0.41307771383542413 0.6741970798753815 0.41632234517543454 0.6799369593313009 0.4294734333886908 0.6874838072263636 0.43450213392781134 0.6914609714450156 0.4352044225114306 0.6959685640751253 0.43424630412056536 0.7013452161906796 0.4304503284019307 0.703095278095218 0.42344550868165076 0.7017133493992501 0.4155587531794641 0.6952273583271029 0.40720923869137443 0.6833436374057451 0.39978595268155187 0.6792407171842338 0.40264790507038517
5 0.8115718790899618 0.4198444042513726 0.8092042697056971 0.42255859935451656 0.803027407572953 0.42674575938232395 0.8038367523901501 0.43055342737825997 0.8029227293037501 0.43317974759514416 0.8049488994803855 0.4371709602151346 0.809049011568254 0.4398369651961511 0.816056296251852 0.44232722040464745 0.8251375228466834 0.44349226797416985 0.8305352526958941 0.4425660394959027 0.83399673957038 0.43807167261941576 0.8347309082529583 0.4345992039589904 0.8327735875445773 0.42816131832040305 0.8280889486442886 0.42274533089787714 0.8182883044341709 0.41819568955418934 0.8115718790899618 0.4198444042513726
5 0.7519888480830466 0.307148632710304 0.7491027532209736 0.31019412972319166 0.7475683745212053 0.3140577826927896 0.7573929045986217 0.3159492139069952 0.7632971769919912 0.31602078858372573 0.7711496352937348 0.3183313965939349 0.7801620124203118 0.3219431171820542 0.7843401087764417 0.32636130144958236 0.7878795799191891 0.3236191138596073 0.7900223712986768 0.31984723320203645 0.7897764755602434 0.31591980040724216 0.7873667107086659 0.3128945010296512 0.7801015873529848 0.30780591809110164 0.7691621020516903 0.3048249114098712 0.7519888480830466 0.307148632710304
5 0.8592844859819764 0.38803552349022985 0.8572344299380419 0.38670252099972163 0.8508566356678197 0.38717378534362 0.8432500731045094 0.38879061012820515 0.8388654283436164 0.3917124449164674 0.8367556576314346 0.3970249677496648 0.836809756032397 0.40143535716565876 0.8396213851589307 0.41189244791106755 0.8428074741603995 0.4171847731089682 0.8474141287924268 0.42084858124498226 0.8556262959018136 0.42485148614227414 0.8605835245414772 0.42600873886026214 0.8715258179764145 0.4234617881716428 0.8752240657893268 0.4186960017848415 0.8741119186990917 0.41207846894796685 0.8664716250693958 0.3913719271422676 0.8641517874197293 0.3887697019864473 0.8592844859819764 0.38803552349022985
5 0.871872163052249 0.38491774129415063 0.8681647804393293 0.3854846753758433 0.8665524174712997 0.38759614905892953 0.8661779575963646 0.39276091460643775 0.8677636265634531 0.3988356084226835 0.8696099423362668 0.40198067259913256 0.8724033018627864 0.4040400587343241 0.8861059341569371 0.4020118520052697 0.8906254697206959 0.3997246285496633 0.8927113545655789 0.39707031584594815 0.8920038798839421 0.39235661700704166 0.8885690870103973 0.3886648163841967 0.8824519395459003 0.3862064510882984 0.871872163052249 0.38491774129415063
5 0.8487061302864841 0.42831226252539817 0.8476122527962625 0.43009243429874083 0.8429458834959878 0.4330741514864324 0.8391935372821127 0.43342954845723974 0.836634130560377 0.43662670018158367 0.8365652810921228 0.4390733732001805 0.8377462776506126 0.4432442330184583 0.8406625850463488 0.44726733555104686 0.8462612470330375 0.45005700275668853 0.8498217959094415 0.45018456240708105 0.8552644893596074 0.44946987103969915 0.8611027204183653 0.44646016136517674 0.8625921355171784 0.4423849712846934 0.8601971217328928 0.4325026094725115 0.857178944201596 0.4293855377828934 0.8520418611581111 0.4273821366213639 0.8487061302864841 0.42831226252539817
4 0.6861657217424176 0.19003077947594002 0.6724778405155589 0.1852019237704035 0.6658183217059546 0.18573307051373095 0.65884124955602 0.1903114148507108 0.6565186037727109 0.19323714706474027 0.6558385334910949 0.20112000514115985 0.6588328251550926 0.2068952869602602 0.6642965963389151 0.20905034283324592 0.670896400480272 0.21516472141362403 0.678320300506118 0.21822970555534732 0.6826452305987638 0.22195339609079046 0.6885256171248344 0.22468318089700318 0.6966597999659598 0.22693390650778325 0.7099999153188248 0.2287413602614959 0.7168631743995496 0.2263981518322276 0.7221527074468355 0.21665114452197246 0.7212773212950265 0.20976219217478348 0.7080566352786563 0.1946636877736597 0.7029195522351709 0.19266028661213022 0.6861657217424176 0.19003077947594002
4 0.5039266178130872 0.6002055212409154 0.49623012804786626 0.6013992718037298 0.48920809229697626 0.6057660790298244 0.4868854465136671 0.608691811243854 0.48564473528693003 0.6111664767492816 0.4862383968993572 0.6181153114958998 0.4882196034750372 0.6218949870050048 0.4933447435848729 0.6252274932312755 0.49778348674672834 0.6267160478590071 0.507799814161616 0.628124522452013 0.5114622331735801 0.6273460512594349 0.5197130372175577 0.6218336835926538 0.5230726539564836 0.6182453475591372 0.5244271782524305 0.6135355461459978 0.5219513720662412 0.6074289624171539 0.5172547902323028 0.6033420800593692 0.5126811562675813 0.6012189140989815 0.5039266178130872 0.6002055212409154
2 0.34732221538224006 0.6766062263284254 0.34176570886286417 0.6795560536035187 0.3336975673563507 0.6803866123439916 0.33097024916444295 0.6814085105600529 0.32954968353388414 0.6830370276219395 0.3246887087624958 0.6920296588006803 0.3240086384808798 0.6999125168770999 0.3297604608704487 0.711734500025615 0.33466991777551447 0.7182081730025678 0.33894988426720485 0.7217203264271255 0.34721895791119645 0.7246056633705615 0.3543519985976536 0.7235316776066053 0.3583200280162986 0.720035113885116 0.35998016271892624 0.7126072199430652 0.36222411383489456 0.687146584027866 0.36003003218808705 0.6809801178995929 0.3564034419770713 0.6777712738979477 0.3514012497364522 0.6764024840690742 0.34732221538224006 0.6766062263284254