0 0.5066244239631337 0.4271193771626298 0.518721198156682 0.4275519031141869 0.5210253456221199 0.4251730103806229 0.5207373271889402 0.416522491349481 0.5190092165898618 0.4143598615916956 0.5161290322580645 0.4134948096885814 0.5112327188940092 0.4132785467128028 0.5060483870967742 0.41673875432525953 0.503168202764977 0.4210640138408305 0.503168202764977 0.4253892733564014 0.5066244239631337 0.4271193771626298
0 0.5322580645161291 0.45523356401384085 0.5348502304147466 0.4558823529411765 0.5403225806451613 0.4558823529411765 0.5443548387096774 0.4545847750865052 0.5480990783410139 0.45263840830449825 0.5501152073732719 0.4498269896193772 0.5460829493087558 0.4446366782006921 0.5397465437788018 0.44117647058823534 0.5328341013824885 0.4439878892733565 0.5288018433179723 0.44874567474048443 0.5296658986175116 0.4530709342560554 0.5322580645161291 0.45523356401384085
0 0.5501152073732719 0.4785899653979239 0.5625 0.4781574394463668 0.5642281105990784 0.4777249134948097 0.5685483870967742 0.4733996539792388 0.5702764976958525 0.47037197231833916 0.5699884792626728 0.4669117647058824 0.5648041474654378 0.46237024221453293 0.560483870967742 0.46128892733564014 0.5570276497695852 0.46150519031141873 0.5504032258064516 0.4656141868512111 0.5480990783410139 0.47037197231833916 0.5472350230414746 0.47383217993079585 0.5501152073732719 0.4785899653979239
0 0.8001152073732719 0.4569636678200692 0.8070276497695852 0.45891003460207613 0.810483870967742 0.4591262975778547 0.8116359447004609 0.4582612456747405 0.8173963133640554 0.45285467128027684 0.8185483870967742 0.45004325259515576 0.8182603686635945 0.4457179930795848 0.8156682027649771 0.4429065743944637 0.8076036866359446 0.44117647058823534 0.8038594470046083 0.44160899653979246 0.8006912442396313 0.4431228373702423 0.7963709677419355 0.4461505190311419 0.7955069124423964 0.4478806228373703 0.7952188940092166 0.45328719723183397 0.8001152073732719 0.4569636678200692
0 0.7822580645161291 0.4850778546712803 0.7860023041474655 0.4863754325259516 0.790610599078341 0.4865916955017301 0.7963709677419355 0.4852941176470589 0.8018433179723502 0.48096885813148793 0.8024193548387097 0.4768598615916956 0.800979262672811 0.474264705882353 0.7969470046082949 0.4712370242214533 0.7934907834101382 0.46993944636678203 0.7860023041474655 0.4710207612456748 0.7825460829493088 0.47275086505190317 0.7785138248847926 0.4764273356401384 0.7788018433179724 0.48183391003460213 0.7822580645161291 0.4850778546712803
0 0.8971774193548387 0.47275086505190317 0.900921658986175 0.474264705882353 0.9046658986175116 0.474264705882353 0.9147465437788019 0.47296712802768165 0.918778801843318 0.47058823529411764 0.9202188940092165 0.4673442906574395 0.9199308755760368 0.46345155709342567 0.918778801843318 0.4608564013840831 0.9156105990783411 0.458044982698962 0.9098502304147467 0.455666089965398 0.9029377880184333 0.4545847750865052 0.8963133640552996 0.4565311418685122 0.8940092165898618 0.4591262975778547 0.893721198156682 0.4671280276816609 0.8971774193548387 0.47275086505190317
1 0.8274769585253458 0.8334775086505191 0.8329493087557603 0.8382352941176471 0.8346774193548387 0.8441464100346021 0.8338133640552996 0.8460207612456749 0.8320852534562212 0.8466695501730104 0.8185483870967742 0.848832179930796 0.816820276497696 0.8522923875432526 0.8199884792626728 0.8557525951557095 0.8280529953917052 0.8605103806228375 0.8315092165898618 0.8607266435986161 0.838421658986175 0.8574826989619379 0.8485023041474655 0.8546712802768166 0.8695276497695852 0.8557525951557095 0.8804723502304148 0.8581314878892734 0.8873847926267281 0.8579152249134949 0.8911290322580646 0.8531574394463668 0.8922811059907835 0.8490484429065746 0.8922811059907835 0.8382352941176471 0.886520737327189 0.8278546712802768 0.8775921658986177 0.8228806228373703 0.8726958525345623 0.8157439446366782 0.8669354838709677 0.8142301038062284 0.8617511520737328 0.8148788927335641 0.8516705069124424 0.8135813148788928 0.8485023041474655 0.8150951557093427 0.8418778801843319 0.8226643598615917 0.8404377880184333 0.8230968858131489 0.8389976958525345 0.8233131487889274 0.8332373271889401 0.8187716262975779 0.8303571428571429 0.8176903114186851 0.8274769585253458 0.8176903114186851 0.8243087557603687 0.8209342560553633 0.8245967741935484 0.825475778546713 0.8274769585253458 0.8334775086505191
2 0.1650345622119816 0.5471453287197232 0.1716589861751152 0.5488754325259516 0.18289170506912442 0.548659169550173 0.18605990783410137 0.5497404844290659 0.19268433179723504 0.5462802768166091 0.195852534562212 0.5456314878892734 0.20478110599078342 0.5402249134948097 0.20794930875576037 0.5328719723183392 0.20766129032258066 0.5291955017301039 0.20305299539170507 0.5248702422145329 0.18231566820276499 0.5194636678200693 0.17511520737327188 0.5192474048442908 0.16820276497695855 0.520544982698962 0.15985023041474655 0.5240051903114187 0.15725806451612906 0.5276816608996541 0.1578341013824885 0.5430363321799309 0.1650345622119816 0.5471453287197232
4 0.10570276497695852 0.49307958477508657 0.10973502304147467 0.4961072664359862 0.11261520737327188 0.4945934256055364 0.11463133640552996 0.49113321799307963 0.11789544930875577 0.4884660467128028 0.12557603686635946 0.48421280276816614 0.12442396313364054 0.47145328719723184 0.12672811059907835 0.4632352941176471 0.12471198156682028 0.46020761245674746 0.11952764976958526 0.4576124567474049 0.11261520737327188 0.4584775086505191 0.10483870967741934 0.46345155709342567 0.1016705069124424 0.467560553633218 0.10023041474654378 0.47145328719723184 0.10195852534562214 0.4878892733564014 0.10570276497695852 0.49307958477508657
4 0.18404377880184333 0.5108131487889274 0.1846198156682028 0.5168685121107266 0.1863479262672811 0.5194636678200693 0.18922811059907835 0.520544982698962 0.20017281105990783 0.5209775086505191 0.20852534562211983 0.5190311418685122 0.21399769585253456 0.5155709342560554 0.21457373271889404 0.5121107266435987 0.21226958525345624 0.5054065743944637 0.2044930875576037 0.4982698961937716 0.20650921658986174 0.4961072664359862 0.20650921658986174 0.49437716262975784 0.19239631336405533 0.49394463667820077 0.18577188940092165 0.4969723183391004 0.18202764976958524 0.5004325259515572 0.18202764976958524 0.5058391003460209 0.18404377880184333 0.5108131487889274
5 0.12672811059907835 0.48464532871972327 0.1298963133640553 0.4861591695501731 0.13796082949308758 0.4878892733564014 0.14717741935483872 0.49221453287197237 0.1517857142857143 0.4900519031141869 0.15581797235023043 0.4850778546712803 0.15725806451612906 0.48096885813148793 0.1566820276497696 0.4770761245674741 0.15034562211981567 0.4701557093425606 0.14372119815668202 0.4649653979238755 0.14055299539170507 0.46366782006920415 0.13306451612903228 0.46388408304498274 0.1284562211981567 0.4649653979238755 0.12644009216589863 0.4664792387543253 0.12442396313364054 0.47166955017301043 0.12471198156682028 0.4805363321799308 0.12672811059907835 0.48464532871972327
5 0.11808755760368664 0.5101643598615917 0.12327188940092167 0.5147058823529412 0.133352534562212 0.5194636678200693 0.13882488479262672 0.5198961937716263 0.14372119815668202 0.518598615916955 0.15149769585253456 0.5110294117647058 0.1529377880184332 0.5054065743944637 0.15149769585253456 0.5 0.14544930875576037 0.49286332179930803 0.1370967741935484 0.4874567474048443 0.12701612903225806 0.4852941176470589 0.11952764976958526 0.4872404844290658 0.11491935483870967 0.4915657439446367 0.11232718894009217 0.497188581314879 0.11232718894009217 0.5017301038062284 0.11808755760368664 0.5101643598615917
5 0.07373271889400922 0.5164359861591696 0.07920506912442396 0.5224913494809689 0.08842165898617513 0.5298442906574394 0.09907834101382489 0.5322231833910035 0.10455069124423963 0.5304930795847751 0.10973502304147467 0.5268166089965398 0.11232718894009217 0.5218425605536333 0.11203917050691245 0.5153546712802768 0.10915898617511521 0.5073529411764707 0.10253456221198157 0.5012975778546713 0.08150921658986175 0.4967560553633218 0.07805299539170507 0.4978373702422146 0.07402073732718895 0.5012975778546713 0.07258064516129033 0.5060553633217993 0.0722926267281106 0.5118944636678201 0.07373271889400922 0.5164359861591696
5 0.19671658986175117 0.7253460207612458 0.2033410138248848 0.7277249134948097 0.21025345622119818 0.7257785467128028 0.21889400921658986 0.7210207612456748 0.2217741935483871 0.7173442906574394 0.222926267281106 0.7138840830449827 0.22235023041474652 0.7028546712802768 0.22321428571428573 0.6996107266435987 0.2180299539170507 0.6961505190311419 0.21342165898617513 0.6944204152249135 0.20622119815668202 0.6948529411764707 0.19786866359447006 0.7002595155709344 0.19527649769585254 0.7056660899653979 0.1947004608294931 0.7221020761245676 0.19671658986175117 0.7253460207612458
5 0.2226382488479263 0.7160467128027682 0.2269585253456221 0.7177768166089966 0.2341589861751152 0.7169117647058825 0.23761520737327188 0.7136678200692043 0.23847926267281108 0.7102076124567475 0.2379032258064516 0.7063148788927336 0.23502304147465441 0.7002595155709344 0.23214285714285715 0.6983131487889274 0.2278225806451613 0.6972318339100346 0.22379032258064516 0.6978806228373703 0.22119815668202766 0.6996107266435987 0.2203341013824885 0.7041522491349481 0.2226382488479263 0.7160467128027682
5 0.24049539170506912 0.7378892733564014 0.25144009216589863 0.740484429065744 0.25518433179723504 0.7396193771626298 0.258352534562212 0.7363754325259516 0.25921658986175117 0.7331314878892734 0.25892857142857145 0.7262110726643599 0.25518433179723504 0.7192906574394464 0.24855990783410137 0.7160467128027682 0.24481566820276499 0.7162629757785468 0.24107142857142855 0.7186418685121108 0.2387672811059908 0.7227508650519032 0.23761520737327188 0.7301038062283738 0.24049539170506912 0.7378892733564014
5 0.1650345622119816 0.705233564013841 0.1716589861751152 0.7069636678200693 0.1849078341013825 0.7030709342560554 0.18721198156682028 0.6955017301038062 0.1863479262672811 0.6931228373702423 0.18173963133640553 0.6881487889273357 0.1713709677419355 0.6881487889273357 0.16589861751152074 0.6907439446366783 0.16388248847926268 0.6931228373702423 0.16330645161290322 0.7030709342560554 0.1650345622119816 0.705233564013841
5 0.14948156682027652 0.7454584775086506 0.15380184331797236 0.7480536332179931 0.160426267281106 0.7500000000000001 0.16474654377880185 0.7502162629757786 0.17108294930875576 0.7489186851211074 0.1742511520737327 0.745242214532872 0.17482718894009217 0.7400519031141869 0.1713709677419355 0.7307525951557093 0.1676267281105991 0.7255622837370244 0.1641705069124424 0.7231833910034602 0.1581221198156682 0.7212370242214534 0.1509216589861751 0.7205882352941176 0.1457373271889401 0.7231833910034602 0.14372119815668202 0.7270761245674742 0.14400921658986177 0.7370242214532873 0.14948156682027652 0.7454584775086506