5 0.25847209795287907 0.3907577288787615 0.2617532690758876 0.3892528421714415 0.2666973105115333 0.3846123686648978 0.2695094481631794 0.38155714646676175 0.2703405394567432 0.3779298138766446 0.2640949978051522 0.37640912772046775 0.25656372940571726 0.37263062411254244 0.24939589427950257 0.3719126091857054 0.24274303757793514 0.3762167996205786 0.2425476106497523 0.3831404482120949 0.24936847369635728 0.3888203950498264 0.2541472596890035 0.3906720977947214 0.25847209795287907 0.3907577288787615
5 0.6630079675358485 0.2911389024802581 0.6694496238411318 0.28985501842592937 0.6753159587514012 0.28441187369004584 0.674966923495263 0.2770165704579079 0.6711248289943226 0.2700273819326235 0.667570739053644 0.26717736293862177 0.6633364152453187 0.2657973148343483 0.655276458129664 0.26545049879677335 0.649606237873087 0.2680890733221513 0.6473234766631701 0.27183168633094773 0.6472336499331294 0.27724518173219204 0.6514844349350655 0.286647650428448 0.6586831292719729 0.29105327139621806 0.6630079675358485 0.2911389024802581
5 0.49127223229448785 0.6661020262626252 0.49691296879139085 0.6680140024583359 0.502522846077601 0.6662383726131136 0.5071041419655357 0.6626564888064924 0.5084796954434205 0.6595008108569967 0.5090378679193143 0.6515185725655579 0.5061790975888739 0.6469828465117888 0.49435385013625643 0.6468063178607567 0.4800332656264189 0.6451545518370436 0.47734181391550656 0.6464838846748686 0.47735758738360773 0.6503872268858405 0.47973292622560343 0.657707431999843 0.4834989042880758 0.6616562229943113 0.49127223229448785 0.6661020262626252
0 0.5466119481670534 0.7211344481975477 0.5520860537699378 0.7213004438826754 0.5608715019810144 0.7195300805204055 0.5644701614239587 0.7176138126232796 0.5657552004462932 0.7157525516940173 0.5660116580703525 0.7120850368033562 0.5637426071520083 0.7073737568800922 0.5607631508808343 0.7045639201866343 0.556589170042876 0.7023209274022054 0.5503285426486932 0.7010159774160675 0.5434637978253322 0.7042213958504744 0.5388825019373973 0.7078032796570956 0.5366909429085405 0.7143705540266696 0.5382036435207699 0.7175114073088456 0.5417879049466319 0.7199299539627695 0.5466119481670534 0.7211344481975477
1 0.4160816096918906 0.6348292575850824 0.423370130758839 0.6338213831516084 0.4308245949942964 0.6304404108477064 0.43277478214168574 0.6273249151987546 0.43312175422129534 0.6223629832878601 0.43100356072886853 0.6154943416642074 0.41916253980814966 0.6114144708022031 0.41078509437255917 0.6114790359544339 0.40372354716999614 0.6133699462183355 0.39778109582125865 0.6157726934234025 0.3937442621176449 0.6198262318706453 0.3929289442921824 0.6273569066717345 0.39525833818089334 0.631205241914843 0.39920534515446626 0.6325651988688443 0.4160816096918906 0.6348292575850824
0 0.22801651346914023 0.38862806694993735 0.2344129125466484 0.38799139140572525 0.23831397456693662 0.38587947848883253 0.23764676326535322 0.3747764780654895 0.23388078520288094 0.37082768707102143 0.22935914455980355 0.36942754781647613 0.2215714185363092 0.36931655909921196 0.21482735965368188 0.37079608817330756 0.2114255025899395 0.3740268642409387 0.2110936162529216 0.37877305998179434 0.21361981252083453 0.383935903395408 0.2206066187359485 0.38724275236271166 0.22801651346914023 0.38862806694993735
0 0.6434059534492713 0.26592117865585785 0.6458251740680231 0.2643560184977221 0.6468983249685639 0.2613959855679934 0.6473056400185404 0.2555711089769434 0.6458834538618613 0.25113583867453404 0.6405903771700776 0.2483810089489397 0.6345567236402803 0.24795909479322922 0.6298842255712855 0.2487163172390729 0.6246981245286628 0.2526894910852279 0.6241248663101773 0.2608874655467057 0.6250629332529021 0.26398813652833786 0.6292369140908605 0.2662311293127667 0.6434059534492713 0.26592117865585785
0 0.7258672604741869 0.27992549554592205 0.7294357484319478 0.2784406999888741 0.735756031070988 0.2747636269138456 0.7380086207957213 0.27145248624512686 0.7342721264929228 0.26295314452957014 0.7320942777556387 0.2610665259670837 0.728434587616818 0.2597266601633542 0.7221136172522684 0.25928465485737184 0.7159894492669208 0.2601571577218946 0.7117256416989217 0.2633276603387099 0.7101388878247527 0.26950364466875004 0.711711931407349 0.27178155327077047 0.7176557582071055 0.27761696282772513 0.7232663232188251 0.27996041136351363 0.7258672604741869 0.27992549554592205
1 0.725711633188321 0.34408476913151215 0.73381822298277 0.35202253342099216 0.7448274648844155 0.35561065849210277 0.7519802142680384 0.3565444095889788 0.7568028820374408 0.3495107470617353 0.7567411636160548 0.3421355349798693 0.7592502109648473 0.33515687942048933 0.7584170564947551 0.3264269768675742 0.7670818187650978 0.32638250286561526 0.7716034594081753 0.3277826421201605 0.7780149442282752 0.32693023040590957 0.7857868967836682 0.32313787691220186 0.7868751334268008 0.3199621078124344 0.779116203437471 0.3111814899930706 0.7691801124363663 0.3046333319922313 0.7521982477007999 0.30387942646626553 0.7447437834653426 0.3072603987701674 0.7433373707767648 0.30672847067873005 0.741295293722806 0.30290022658589344 0.7381498942831228 0.3024634877628633 0.7339766011706742 0.30433957335944534 0.7312090330212937 0.30262850866645385 0.7277612310042667 0.3023874148631908 0.7208361432105386 0.3064557779777531 0.709646560123302 0.30957556532812003 0.7086639236783114 0.31124118123761535 0.7112957201443665 0.3148938714609568 0.7116138961898116 0.31860156865216177 0.7055055016725652 0.32337741372765666 0.7051434438503639 0.32855508180859 0.7087578767614093 0.33054215612243615 0.7218085079915041 0.3338394469053725 0.725711633188321 0.34408476913151215
1 0.6084541299476894 0.3239618170176119 0.6134441163366199 0.3227932133819624 0.6146838981311793 0.3215791609628168 0.6121734753313676 0.32031965976017496 0.6074090873558035 0.3141331424642303 0.5982149486437314 0.3134902256555287 0.5960535611000579 0.3196260276850249 0.5972186019071681 0.3236097344970846 0.6008481205608055 0.32538107264089183 0.6078040675652264 0.32500031556726244 0.6084541299476894 0.3239618170176119
1 0.6295173978891352 0.3158958972052075 0.6410560162325101 0.3201714130869786 0.643656953487872 0.3201364972693871 0.6441856422040919 0.31670480969903675 0.6421284794075414 0.31309230177623915 0.6463010847944808 0.3070971377986464 0.6471472618306362 0.3032540690384902 0.6425783007832551 0.2901439031510292 0.639402042132879 0.28601955828706604 0.6382829462790535 0.2855077213459005 0.632748497705802 0.28620467034092845 0.6183086027062498 0.29451695043954823 0.6160710987241081 0.29761235493822813 0.6158297268426406 0.3010641336588503 0.6178868896391911 0.30467664158164803 0.6184923825193887 0.30840442992312483 0.6213813243350124 0.3125086836368161 0.6257521075521726 0.3160661845917502 0.6295173978891352 0.3158958972052075
1 0.5618938054124684 0.5025937079481528 0.5690774140067841 0.5072150650859618 0.5742340312897329 0.5077924419608952 0.5777572620197187 0.5069548549139641 0.5848332072393638 0.5007291300990128 0.5855730963518677 0.49427713614811786 0.5910156550185499 0.4866364474113018 0.591529257992178 0.4834204960109904 0.5903038742147009 0.48029973387908625 0.5836798135472977 0.4759342952118601 0.570387122710226 0.47196970476853506 0.5554919045308839 0.4702777564442783 0.5521805619226919 0.472214115491676 0.5515318749912479 0.48149077080334823 0.5557223170228169 0.49175618417975986 0.55575317623351 0.495443790220693 0.5618938054124684 0.5025937079481528
1 0.6433622043283685 0.547312925584827 0.6478385877436709 0.549360273349489 0.6537056103794496 0.5480362069946164 0.6623539114561817 0.5399693124006747 0.6671018382381348 0.5381334091046367 0.6698838044045975 0.5355096592465785 0.6690513376600148 0.5308988350746741 0.6615653264883549 0.5264731229566321 0.6565890503909972 0.519187833660221 0.6564224194969788 0.5174418531496381 0.6500555041791445 0.5135279779727614 0.6485201749530275 0.5107107289456437 0.6491613190131758 0.501541941718991 0.6473763873087858 0.49816526111650417 0.643369037364846 0.4976682488426583 0.6374265860161085 0.5000709960477254 0.6291259447444957 0.5072950371117834 0.6271915310652074 0.5143138749717071 0.6245761957927634 0.5186836053403484 0.6238369944057689 0.529254677672254 0.6316713531080573 0.5369566146414232 0.6385525591250293 0.541773616798999 0.6433622043283685 0.547312925584827
1 0.5280096310073513 0.5247216863320917 0.5333932221546854 0.5261820990374526 0.5491353050956926 0.5281500569825641 0.5553657610046918 0.5298864793087799 0.5592215657972048 0.5284217749020038 0.5627290230590892 0.5236808456441004 0.5617306131459975 0.5214431193426238 0.553488251668223 0.515446980583494 0.5436584485907698 0.5115077477733931 0.5217771119218234 0.5106280288628435 0.5181935382214709 0.5123285605899304 0.5177101067330263 0.515113039650164 0.5191624643748888 0.5191168376124956 0.5230038711503197 0.5219869477567692 0.5280096310073513 0.5247216863320917