5 0.41089413902368943 0.589236774693224 0.40693226452292874 0.5913226795782025 0.4042047841018076 0.5957458212461314 0.4037488184879541 0.6074470629889227 0.40763313998311396 0.6196459229589797 0.41214701887935884 0.6251145595732347 0.41831248096629653 0.6283615736551663 0.4264098217550492 0.6291607822721986 0.4335304215682544 0.6267481774710539 0.4385078135473629 0.6207317035767346 0.4422357165088118 0.611945730431031 0.4439713610163654 0.6038785128764913 0.4440176849881758 0.5969522616831904 0.44308622882668863 0.5950372356703151 0.4394736162158906 0.5906191001320676 0.4330203111488207 0.5873821377484951 0.4295435529802039 0.5868543644261526 0.4174767902216804 0.587924929459882 0.41089413902368943 0.589236774693224
5 0.44717952777387043 0.5719564459712171 0.44071763608004033 0.5767263909520299 0.43981533063684336 0.5838989284746249 0.4429428269154975 0.5909307422201934 0.4548263721022794 0.6011191047624626 0.45694693752934573 0.6040745801529864 0.4645440670479345 0.607055204508906 0.47065669685180184 0.608789299951319 0.474686498573653 0.6086485761742929 0.47867101548144386 0.6072110649919651 0.48120122255055353 0.6053915498329985 0.4877924603753046 0.5960727972352708 0.48883062026068264 0.5927906219285809 0.4888316594184327 0.5845675833299784 0.48415928367297667 0.5745601907971678 0.4800313648539948 0.5718912085293739 0.47068453504758245 0.5683225006609576 0.45999660743763976 0.5676137573291565 0.45570160514268643 0.5684129265071924 0.44717952777387043 0.5719564459712171
5 0.1875391438115719 0.4488060666107588 0.188205399399957 0.451379538024644 0.21223872950437297 0.4628747791095698 0.21891949779949466 0.4643726399210479 0.2295998779404274 0.4648652520186321 0.23384204795231023 0.46255316420107756 0.2357059994330347 0.4581601776282258 0.23520682732062093 0.4521185547685107 0.2322151854841478 0.4489771032388469 0.20719756693517427 0.4340539175015271 0.20227404639688612 0.4333602714367627 0.19739581067265838 0.4339634127772998 0.18936535794724604 0.44333242386682226 0.1875391438115719 0.4488060666107588
5 0.15492855237500994 0.39801010212310955 0.1492169775864257 0.3995079234955915 0.14773898618296427 0.4067005644149043 0.1550019487496104 0.4166174916624838 0.1651292853373088 0.4177786008594369 0.19328402594944658 0.42350365437933724 0.19670040436598313 0.4223023778279444 0.19742053139518873 0.4181657292827457 0.1974593078979891 0.4110233468552278 0.19493768745563966 0.4048359546498089 0.18929507904589604 0.40005591853164085 0.17470669584502302 0.3949390913599513 0.17135928380732726 0.3898625104206941 0.16761732506560822 0.38999318249936127 0.15492855237500994 0.39801010212310955
5 0.4233634340821893 0.2200646021319777 0.4253018210952644 0.2260559664998977 0.4315125679962623 0.23059976798713086 0.43994303657920764 0.23268571231110569 0.4477298919807978 0.23284657892384616 0.4556989257963796 0.22997155655919058 0.45876708148070333 0.22705128183242124 0.4603582849193157 0.22310060942636234 0.4606396195881879 0.21465138789518398 0.4569817221633297 0.20893646495163493 0.4421356858583648 0.20469421441517222 0.4335003964543979 0.20499576536594272 0.42838715003310834 0.20712187704435733 0.4238108130692829 0.21637026775357177 0.4233634340821893 0.2200646021319777
5 0.6664421002926927 0.009246972265161446 0.6775698594207189 0.006045249984339751 0.687329986743871 0 0.6442316179780387 0 0.644226397697191 0.00028499580068466204 0.6464375327523779 0.005834046001811899 0.6520952361001418 0.01104634458841396 0.6584881614151312 0.012554257098251042 0.6664421002926927 0.009246972265161446
5 0.7940882383024505 0.041576586502432365 0.7919666337176341 0.04684414971051085 0.7931461171987029 0.06411454505114733 0.7960849267521057 0.0657430779412926 0.79925119953356 0.0656325092593435 0.8255818043255239 0.06038512832597549 0.841739787715729 0.052679850790352846 0.8464444316527256 0.04710569106282625 0.8465284929695864 0.041260096040610164 0.843256555621991 0.03834482744352226 0.8359321741455144 0.03492188892080979 0.8215098352628628 0.034559948901892755 0.8117911011594575 0.03684688775405167 0.7985729664804052 0.03795765958121722 0.7940882383024505 0.041576586502432365
4 0.6976491358581437 0.07761992861289527 0.6934220607842809 0.08036427889888378 0.6906719379561297 0.08413902686416179 0.6888306288824353 0.08918040713966438 0.686337120000626 0.10030361706831795 0.6865031643188473 0.10505850422109045 0.6883736241108316 0.10910468748105817 0.6934329990913007 0.11368869576172735 0.6963340712996532 0.11423657248078811 0.704689065192498 0.11416120446259356 0.7241491758063386 0.1102357204609266 0.7263915398953158 0.10842625700031898 0.7290445847840866 0.09361876439161829 0.728955054313716 0.08280215098241275 0.7285841891744732 0.08043475910438547 0.7268042990106094 0.07898215065502105 0.7190174436090191 0.07882128404228057 0.7099961941277894 0.07632318064658997 0.7050953159965313 0.07627792828447628 0.6976491358581437 0.07761992861289527
4 0.12641361156588962 0.3654646721635916 0.12394378424886039 0.36901323719629364 0.12265551872840041 0.3733861203724273 0.12245824537638883 0.3759897468813895 0.12432870516837327 0.38003593014135717 0.12942581749389265 0.3857005945931111 0.13562901692588064 0.39002826484612735 0.1419303334549994 0.39716564114396374 0.1471643393804499 0.3984976292130199 0.15433777147672542 0.3975979430513938 0.16221623566418641 0.392129345876135 0.16383008150982903 0.38882706717272686 0.16335355180444538 0.3834338380156625 0.16522608991192994 0.37103394407842527 0.16035644081446226 0.363630178054577 0.15619833211944023 0.36009667084991526 0.14947227901025822 0.3573020226331356 0.1422837519759624 0.35776944632632784 0.12641361156588962 0.3654646721635916
4 0.3854861304016932 0.5466286875794187 0.3828718620157229 0.5542937977606016 0.383416318942197 0.5616322080256182 0.38565764387342427 0.5680457831636132 0.38841427501283554 0.5727102050311546 0.393503839869345 0.5781587382486915 0.4019871407353605 0.5817576012121849 0.40603203739523186 0.5820491399035925 0.4103194922211751 0.5810338394913395 0.41992501428942947 0.5755049321259267 0.4253950700696919 0.567090911258503 0.42826699155975423 0.5585512244420934 0.42725355239690643 0.5460357162542293 0.4233380018679562 0.5411953699459071 0.4121584496146097 0.5346611349886079 0.4058108091136806 0.5344500098840723 0.3958117794991532 0.5369631316688072 0.38988783642053726 0.5406323170818174 0.3854861304016932 0.5466286875794187
4 0.36806870454327095 0.27068436610587243 0.3610678250764766 0.2847781092530906 0.3603024132332106 0.2876179703929877 0.3610290485736763 0.2919204916806083 0.3655655698769512 0.29803752199751415 0.37030691200124793 0.30176705703967466 0.3732230791476205 0.3027471962271692 0.3838355320674627 0.30129462721680095 0.3925624302573003 0.29536361247803133 0.40403945127528906 0.28565784977398356 0.40595623503908407 0.2827777818406503 0.40642625643320773 0.2797318411648953 0.4055109343674907 0.2700260390218513 0.4006488327390332 0.2628384042322198 0.3956649324486646 0.2604157082937199 0.38987788296997977 0.2597522173240325 0.3824015129555519 0.26022969271558377 0.3758867889786515 0.2634867190568782 0.36806870454327095 0.27068436610587243
4 0.7625292053411216 0.5408194763908435 0.7602329698113237 0.549339059810535 0.7604367514745953 0.5551746031343923 0.7657915169042067 0.5599646909509194 0.7787434118524068 0.5677354031233661 0.7886206428050233 0.5699872201897629 0.7998540664991903 0.5698113351879782 0.8076862067148409 0.5712689892060203 0.8160487480766957 0.5714097524220426 0.8223435562945542 0.5701079588870597 0.8262676934502646 0.5669413978309963 0.8274880317496344 0.5606233335469103 0.8259064540955322 0.5483440599899811 0.8237934361374759 0.5456047158336742 0.8105386032711233 0.5374117928911525 0.7838759098427169 0.5331493995189757 0.7687485388688798 0.5373563705136912 0.7625292053411216 0.5408194763908435
3 0.7124877332966741 0.5603113365078186 0.7056614847748611 0.5711530594434239 0.7049187153386253 0.5746413142859718 0.7096061860221016 0.5850809692872162 0.7187708374145225 0.5916855661330286 0.7205809174544265 0.5940026995192608 0.7226184607223821 0.5945807313333983 0.7469029356196302 0.5967622259502783 0.7639158613234718 0.5970337006839641 0.7727937088935106 0.595425310629533 0.7862015694555644 0.5914947810591883 0.7917999322089978 0.5867549911734524 0.7915810556077061 0.5804871853811614 0.7846285784282224 0.5712086001378738 0.7575809640803032 0.5559235138206332 0.7344252186965539 0.5530534187076666 0.7292515925231838 0.5534504805123458 0.7163967755143644 0.5567125129833216 0.7124877332966741 0.5603113365078186
3 0.7096262033841126 0.4866206373382038 0.7000206813158583 0.49214954470361666 0.6920516475002766 0.49502456706827225 0.6884304482627185 0.49861333889441034 0.6871119928662183 0.5021216971336763 0.6871185011774783 0.5105608669664956 0.6897382387169583 0.5195579652167348 0.6933206614517162 0.5231115758181144 0.697448580270698 0.5257805580859084 0.7087876685310057 0.5286305103631608 0.728460147434878 0.5225336623209653 0.7383308700762347 0.5163463095545426 0.7554655944419872 0.511852845437097 0.761624548217665 0.5066606896862091 0.7626853505100731 0.5040269080821699 0.7625042112538318 0.4988397584609635 0.7606262039928373 0.49457744396677905 0.7590888719950455 0.491817996413754 0.7552337012181757 0.48870669997916705 0.7381302058862133 0.48584165043487804 0.7156331686218391 0.4853288955015797 0.7096262033841126 0.4866206373382038
5 0.7141190257605965 0.5987726445000737 0.7136867417115231 0.6028992413469134 0.7146408402800405 0.6054626610624396 0.7210931061893603 0.6169226620446145 0.7283948452588068 0.6196972068646762 0.7335221474603664 0.6262263962532979 0.7422706488994841 0.6291668138157814 0.743694768862125 0.6286842928555526 0.7483994127991215 0.623110133128026 0.7526566777490246 0.6212303077789053 0.7565732674357248 0.617847615488625 0.7603615501492543 0.610790692216657 0.7611194145235101 0.607734699842543 0.7602871146169037 0.6004063412758851 0.756181838204952 0.598385752710742 0.7289962910993515 0.5956563813748017 0.7180733527923471 0.5964706083808782 0.7155054083781871 0.5972094673687601 0.7141190257605965 0.5987726445000737