5 0.8623271889400922 0.11613321799307959 0.872983870967742 0.12067474048442908 0.881336405529954 0.11980968858131488 0.8911290322580646 0.11634948096885814 0.8945852534562212 0.11267301038062286 0.8945852534562212 0.108780276816609 0.8974654377880185 0.10705017301038063 0.898905529953917 0.10467128027681663 0.9000576036866359 0.09515570934256055 0.9014976958525345 0.09191176470588236 0.900921658986175 0.08780276816608998 0.8977534562211982 0.08607266435986159 0.8911290322580646 0.08455882352941177 0.886520737327189 0.08455882352941177 0.8830645161290323 0.08585640138408304 0.8715437788018434 0.09731833910034603 0.8626152073732719 0.10942906574394465 0.861463133640553 0.1124567474048443 0.8623271889400922 0.11613321799307959
5 0.9006336405529953 0.12089100346020762 0.9107142857142858 0.12846020761245674 0.9112903225806452 0.12997404844290658 0.9182027649769585 0.13019031141868515 0.918778801843318 0.12846020761245674 0.9216589861751153 0.127378892733564 0.9254032258064516 0.11634948096885814 0.9251152073732719 0.10640138408304498 0.9216589861751153 0.09839965397923876 0.9182027649769585 0.09796712802768168 0.9078341013824884 0.09969723183391004 0.9026497695852536 0.10185986159169551 0.8994815668202765 0.10618512110726644 0.8966013824884793 0.11634948096885814 0.9006336405529953 0.12089100346020762
5 0.6952764976958525 0.10034602076124569 0.695852534562212 0.10250865051903116 0.6995967741935484 0.10532006920415227 0.7044930875576038 0.10640138408304498 0.7203341013824885 0.10705017301038063 0.7307027649769585 0.10445501730103808 0.7376152073732719 0.10012975778546714 0.7445276497695853 0.08737024221453288 0.746831797235023 0.08001730103806229 0.7474078341013825 0.07115051903114188 0.744815668202765 0.06790657439446367 0.7410714285714286 0.06574394463667821 0.7350230414746545 0.06596020761245676 0.7237903225806452 0.06855536332179932 0.7134216589861752 0.07482698961937717 0.7067972350230415 0.0823961937716263 0.7004608294930875 0.08499134948096887 0.6975806451612904 0.08845155709342561 0.6972926267281105 0.09429065743944638 0.6952764976958525 0.10034602076124569
5 0.8608870967741936 0.23983564013840836 0.8660714285714286 0.24156574394463667 0.8735599078341014 0.24243079584775087 0.8827764976958525 0.2407006920415225 0.8870967741935484 0.2387543252595156 0.893721198156682 0.23161764705882354 0.896889400921659 0.22426470588235295 0.8971774193548387 0.21280276816608995 0.8951612903225806 0.19961072664359863 0.8914170506912443 0.1970155709342561 0.8836405529953918 0.1952854671280277 0.8775921658986177 0.19593425605536335 0.8715437788018434 0.19831314878892736 0.8654953917050692 0.20285467128027684 0.8554147465437788 0.22015570934256057 0.8551267281105991 0.2342128027681661 0.8608870967741936 0.23983564013840836
5 0.9098502304147467 0.26211072664359863 0.9112903225806452 0.26362456747404844 0.9205069124423962 0.2655709342560554 0.9320276497695852 0.26405709342560557 0.9461405529953918 0.2556228373702422 0.9565092165898618 0.2448096885813149 0.9599654377880185 0.23442906574394465 0.9588133640552996 0.23075259515570937 0.9556451612903226 0.22880622837370246 0.9455645161290323 0.2277249134948097 0.9392281105990783 0.229022491349481 0.929147465437788 0.23356401384083045 0.9216589861751153 0.2346453287197232 0.9121543778801844 0.24156574394463667 0.907258064516129 0.2480536332179931 0.9069700460829493 0.2521626297577855 0.9098502304147467 0.26211072664359863
5 0.8922811059907835 0.2993079584775087 0.8974654377880185 0.30471453287197237 0.9014976958525345 0.3070934256055363 0.9112903225806452 0.310121107266436 0.9182027649769585 0.3094723183391004 0.9254032258064516 0.30687716262975784 0.935483870967742 0.30493079584775085 0.9435483870967742 0.3010380622837371 0.9487327188940092 0.29498269896193774 0.9565092165898618 0.29260380622837373 0.9602534562211982 0.28503460207612463 0.9599654377880185 0.2774653979238754 0.9565092165898618 0.2720588235294118 0.9484447004608295 0.27141003460207613 0.9395161290322582 0.2694636678200692 0.9328917050691243 0.27011245674740486 0.9233870967741936 0.27314013840830453 0.9130184331797235 0.2750865051903114 0.9061059907834101 0.27789792387543255 0.8940092165898618 0.28654844290657444 0.8905529953917052 0.29173875432525953 0.8902649769585255 0.29411764705882354 0.8922811059907835 0.2993079584775087
4 0.4962557603686636 0.1810121107266436 0.49942396313364057 0.18576989619377166 0.5048963133640554 0.1887975778546713 0.5080645161290323 0.18923010380622837 0.5288018433179723 0.1859861591695502 0.5339861751152074 0.17884948096885817 0.5360023041474655 0.17214532871972318 0.5360023041474655 0.16738754325259517 0.533410138248848 0.15808823529411767 0.523905529953917 0.14359861591695502 0.5195852534562212 0.14186851211072665 0.5152649769585254 0.14165224913494812 0.5046082949308757 0.14403114186851212 0.501152073732719 0.14705882352941177 0.4936635944700461 0.15765570934256057 0.4936635944700461 0.16500865051903116 0.4962557603686636 0.1810121107266436
4 0.8015552995391705 0.24199826989619377 0.808467741935484 0.24545847750865052 0.8136520737327189 0.24675605536332182 0.8315092165898618 0.24545847750865052 0.838421658986175 0.24264705882352944 0.8421658986175116 0.23442906574394465 0.8424539170506913 0.2240484429065744 0.8369815668202765 0.20999134948096887 0.8326612903225806 0.2054498269896194 0.8211405529953918 0.19744809688581316 0.8182603686635945 0.196583044982699 0.8130760368663594 0.1970155709342561 0.8076036866359446 0.19896193771626297 0.8024193548387097 0.2022058823529412 0.7998271889400922 0.20653114186851212 0.7986751152073733 0.2164792387543253 0.7978110599078342 0.2374567474048443 0.8015552995391705 0.24199826989619377
4 0.26123271889400923 0.6890138408304499 0.2623847926267281 0.6961505190311419 0.26555299539170507 0.6991782006920416 0.2669930875576037 0.6993944636678202 0.27620967741935487 0.6996107266435987 0.2932027649769585 0.7019896193771626 0.2975230414746544 0.70090830449827 0.30097926267281105 0.6965830449826991 0.3018433179723502 0.6887975778546713 0.29925115207373276 0.6682525951557093 0.2963709677419355 0.6615484429065744 0.29349078341013823 0.659818339100346 0.2888824884792627 0.6589532871972319 0.2793778801843318 0.659385813148789 0.27563364055299544 0.661332179930796 0.26900921658986177 0.6706314878892734 0.2672811059907834 0.6775519031141869 0.26123271889400923 0.6890138408304499
4 0.3355414746543779 0.7683823529411765 0.3378456221198157 0.7698961937716263 0.34447004608294934 0.7707612456747406 0.36059907834101385 0.7675173010380624 0.38018433179723504 0.766219723183391 0.3845046082949309 0.76340830449827 0.38652073732718895 0.7590830449826991 0.3859447004608295 0.7547577854671281 0.38421658986175117 0.7517301038062285 0.3784562211981567 0.7474048442906576 0.37298387096774194 0.7450259515570935 0.3487903225806452 0.7415657439446368 0.342741935483871 0.7422145328719724 0.3358294930875576 0.7454584775086506 0.33122119815668205 0.7551903114186852 0.33122119815668205 0.7599480968858132 0.3355414746543779 0.7683823529411765
4 0.25259216589861755 0.8388840830449829 0.2566244239631336 0.8419117647058825 0.26526497695852536 0.8436418685121108 0.27563364055299544 0.842128027681661 0.2900345622119816 0.8356401384083046 0.2975230414746544 0.8291522491349482 0.2995391705069125 0.8248269896193772 0.2995391705069125 0.8209342560553633 0.29723502304147464 0.8140138408304498 0.29435483870967744 0.812067474048443 0.28773041474654376 0.8109861591695502 0.27246543778801846 0.8122837370242214 0.25892857142857145 0.8179065743944637 0.2534562211981567 0.8226643598615917 0.25 0.8285034602076126 0.25 0.8352076124567475 0.25259216589861755 0.8388840830449829
2 0.2059331797235023 0.7690311418685122 0.2096774193548387 0.7714100346020761 0.22004608294930877 0.7720588235294119 0.22379032258064516 0.7731401384083045 0.2275345622119816 0.772923875432526 0.24107142857142855 0.7675173010380624 0.24654377880184333 0.7631920415224914 0.2505760368663595 0.7558391003460209 0.24855990783410137 0.7491349480968859 0.24337557603686638 0.7450259515570935 0.24078341013824883 0.7402681660899655 0.23847926267281108 0.7387543252595157 0.23559907834101385 0.7383217993079585 0.2269585253456221 0.7385380622837371 0.2168778801843318 0.7417820069204153 0.20708525345622122 0.7465397923875433 0.20506912442396313 0.7480536332179931 0.2036290322580645 0.7515138408304499 0.2033410138248848 0.7605968858131489 0.2059331797235023 0.7690311418685122
2 0.872983870967742 0.25259515570934254 0.8770161290322582 0.254757785467128 0.8839285714285715 0.2556228373702422 0.8870967741935484 0.2538927335640139 0.8905529953917052 0.2538927335640139 0.8940092165898618 0.25237889273356406 0.8980414746543779 0.24978373702422146 0.9043778801843319 0.24329584775086505 0.9141705069124424 0.2383217993079585 0.9190668202764977 0.2342128027681661 0.9210829493087559 0.22642733564013842 0.9262672811059908 0.21410034602076125 0.92713133640553 0.20804498269896196 0.9254032258064516 0.20458477508650522 0.9182027649769585 0.19939446366782007 0.9147465437788019 0.1985294117647059 0.900921658986175 0.19831314878892736 0.8980414746543779 0.19982698961937717 0.8963133640552996 0.20242214532871974 0.8971774193548387 0.2188581314878893 0.8960253456221199 0.22707612456747409 0.8879608294930875 0.2387543252595156 0.8784562211981568 0.24286332179930797 0.8744239631336406 0.24372837370242215 0.8726958525345623 0.245242214532872 0.8718317972350231 0.2495674740484429 0.872983870967742 0.25259515570934254