5 0.6913071162894444 0.2945408344336087 0.6812461906797979 0.29719324379257467 0.6746808724326232 0.3014252750672851 0.6721408934482911 0.3069239230503915 0.6740057709406094 0.3125242727136005 0.68037137933738 0.31711142290467526 0.6876837905199702 0.3204336303153441 0.6915341675143292 0.3256838828461602 0.6932488303200843 0.3304323226884244 0.7007657964479986 0.33657325089322027 0.7098176180182645 0.3398083525027886 0.7177764026135479 0.3401617974911623 0.7248506856765731 0.337157617071813 0.7292802897351438 0.33242377310855076 0.730948573276938 0.32861602281632235 0.7301056059137208 0.32217668528317994 0.7273146927201034 0.316300422337667 0.7204776731791231 0.3106983987464675 0.7141160452797525 0.3028165589747376 0.7082801687833528 0.29791640357631444 0.7023652044462714 0.2958849828480744 0.6913071162894444 0.2945408344336087
5 0.4467054506321849 0.3121972026457625 0.44842011343794025 0.3169456424880267 0.45246223928790325 0.3199660927143685 0.45548643550616524 0.3205308412299881 0.4660395393445417 0.3173524492084374 0.46953912720441354 0.3156373815435266 0.47657983709319807 0.30912553408828564 0.47978297607734366 0.3024119572008298 0.4791277770723301 0.2970375069438685 0.47383841906342167 0.2935781798560427 0.4654833306672102 0.29263581637801656 0.45861758304690936 0.2951640280108373 0.45246535518778314 0.301738811293146 0.4480565182137326 0.3049317991936986 0.4467054506321849 0.3121972026457625
5 0.514307443531852 0.2842464071515961 0.5174443007650364 0.28545008803292427 0.520639478754382 0.285325890306779 0.5275220129618032 0.28455151219190405 0.5305294225929449 0.2833624271895778 0.5377579008399332 0.27791546701051795 0.5395428258940499 0.2714519595033428 0.5383578949886655 0.2663905144537301 0.5336358225517686 0.26283115961379194 0.524638341240264 0.26156286897740555 0.5165629151326582 0.2638651812039785 0.5132886493026311 0.26685811360030665 0.5116124047660368 0.27725524305384586 0.514307443531852 0.2842464071515961
5 0.4672904095106868 0.23653898770577486 0.4682045037197858 0.24669896973004493 0.47039455816715064 0.24916759339177874 0.47570468326057974 0.25108606441689496 0.4792586113792126 0.25133780772516606 0.48595337722842996 0.24949854233410992 0.4896654810284261 0.2440128163020152 0.4916757281123874 0.23882717352625732 0.492246994181799 0.2354324561934896 0.4907576534058885 0.23196188108264257 0.48639433109827895 0.22877846727712076 0.48204779537778963 0.22734888698954475 0.4753154758569315 0.22897517492536457 0.4715697988826947 0.2309532339215678 0.4672904095106868 0.23653898770577486
5 0.4337454534187185 0.24201467016992745 0.43515570635394757 0.24835397995095737 0.4389685296766658 0.25339125502653725 0.44121690488019194 0.25453200008079774 0.45554527836964603 0.25617790567959076 0.465193113591244 0.25118274431302645 0.4682796110630673 0.24712492464051738 0.46598485659558014 0.23742798945176422 0.46196349783013757 0.23286668316271292 0.45158535626024454 0.2320614393618435 0.4427548762224235 0.23339889206434777 0.43762853898979825 0.23583999789606783 0.4351676478461477 0.23846991120899136 0.4337454534187185 0.24201467016992745
5 0.4950238941979753 0.14336995541634315 0.4947362709145695 0.14671465887305457 0.49756473777982757 0.1528038992738038 0.500851809699575 0.15485948997607696 0.5047269342758545 0.15527419686352806 0.5122143077269282 0.15461276845177702 0.5146168781144176 0.15331073374632678 0.5201850338144116 0.14508214469818456 0.5201139069685302 0.14136150020705696 0.5170769046605479 0.1357482285928362 0.5074370304337499 0.13415401079808972 0.5045630489020512 0.13444117210341494 0.5007798182561733 0.13620625364438207 0.4975055524261463 0.13919918604071002 0.4950238941979753 0.14336995541634315
5 0.5212979732763945 0.13149035341610243 0.5196296897346002 0.13529810370833087 0.5213611391274757 0.1418003770685409 0.5237014082614039 0.14512091055121953 0.5291617480413959 0.14789129139728058 0.5347762830053512 0.1482188924836311 0.5397316384668928 0.1464667328936758 0.5453749015101687 0.13866409875600602 0.5477063450517764 0.133641419559428 0.5483527184644698 0.13067265713713283 0.5465046275592716 0.12682614099186945 0.541498912336369 0.12331680002798762 0.5361680201584196 0.12293918506558103 0.5307788072243089 0.1238894487106477 0.5254439345489595 0.12680652332889641 0.5212979732763945 0.13149035341610243
5 0.5488722380676807 0.17010890435288473 0.5490016856697233 0.17250167023653912 0.5610905095479714 0.18135004346032807 0.5653619379251791 0.18235366883743173 0.5726239893464079 0.18041437569426333 0.5751224341616994 0.17799743983657623 0.5758814685893149 0.17566760977998955 0.5741707862809597 0.16762448035706995 0.5691858381425774 0.1625742833304784 0.5654441416657406 0.16125765274602627 0.5607931960747251 0.16141894239721605 0.5548742512402437 0.16268221124963125 0.551524878066935 0.16524918873548683 0.5488722380676807 0.17010890435288473
5 0.5630079981040105 0.15905202041558483 0.5688478550978104 0.16065748623335258 0.5726478723308085 0.16064623821033136 0.5799099237520374 0.15870694506716293 0.5827918662785365 0.15183040460052707 0.5820447733431211 0.14427616591514775 0.579892272567397 0.14202051970865 0.5662398651674767 0.14420820830410866 0.562740277307605 0.14592327596901972 0.560108404392871 0.14924213552370783 0.5613476755570165 0.1562703915465026 0.5630079981040105 0.15905202041558483
5 0.5420485467237401 0.10653034691736236 0.5424033163556274 0.11020097753243388 0.5447811391611962 0.11373448847034875 0.5474258181656505 0.11546415201426168 0.5528318176868815 0.11626772188714077 0.5569154777058852 0.11620645998806345 0.5644611719131202 0.11421715296883886 0.5678480987580696 0.11186315293821929 0.5706133997722462 0.10764236968653007 0.5689570577226523 0.10156605123679249 0.5665792349170834 0.09803254029887762 0.562366127296037 0.09570103631430071 0.5572437705608118 0.09484745256536553 0.5501902545823072 0.09631077692200529 0.5446636330513537 0.10145765384472823 0.5420485467237401 0.10653034691736236
2 0.7439025183077635 0.2942704124081872 0.7403485901891307 0.2940186690999161 0.7339750207975599 0.29602089807015225 0.7324984861113697 0.2975988460579064 0.731835326111556 0.2988137749622557 0.7331081704499421 0.30934969802094203 0.7317571028683945 0.3166151014730059 0.7334638046793497 0.3279529204765808 0.737030538887703 0.33325318688345307 0.7422823432249708 0.33649953651604253 0.7544710220284209 0.3409383190069392 0.7598977886341721 0.34020103281710856 0.7793812274355721 0.3312755973601612 0.781917225922504 0.3290716389577102 0.78415677553371 0.32186917133271403 0.7836142375436188 0.3171336534414614 0.7818037003100617 0.3135001147514343 0.7668696229794351 0.2968086676089502 0.7611799806721983 0.29605511161212733 0.7582892125533788 0.2945884393995068 0.7475523208541986 0.293407254564221 0.7439025183077635 0.2942704124081872
2 0.6243596206703522 0.5318738428540757 0.6187994259651581 0.5335130527409072 0.6149578745631192 0.5366060128893476 0.6093649712812047 0.5496701475808546 0.6100033836990978 0.5532907643198701 0.6142500644943849 0.5591299353403387 0.6176497974290547 0.5618244584083203 0.6264555298849555 0.565322551349181 0.6373801899423397 0.5675686234606477 0.651333026715386 0.5670847545070787 0.6617487219569197 0.5681029757631844 0.6656821672893604 0.567189804043162 0.6685769159055799 0.5653617866751273 0.6739740898344906 0.5578221438687498 0.6747706779337469 0.5557052912673994 0.6738486227298479 0.55213468840444 0.6466547397498896 0.5272838142799319 0.6441978291036393 0.5266190380121999 0.6331565275339327 0.5270287231156799 0.6301115642311503 0.5280048306627699 0.6243596206703522 0.5318738428540757
2 0.5708791950124551 0.5918116964146981 0.5657696443669503 0.5960066357643641 0.563855271710791 0.6000773773878848 0.5664040762874434 0.6029219420840348 0.5735455056989499 0.6069330957364686 0.5777418267328761 0.6075107662030999 0.5865347530990566 0.6059603360453594 0.5913774475456759 0.6035692440896954 0.5935171422316798 0.6007763671975919 0.6005746387075845 0.5960183532602967 0.6028853151646719 0.5925365301264283 0.6038944192040525 0.586649019157894 0.6023171649951402 0.5777039660379735 0.5989214125578705 0.5717147533893365 0.5910624828877892 0.5669517176680703 0.5805716803029739 0.5655075415014923 0.5774436486621097 0.5726470732994204 0.5743076560264455 0.5863759842586596 0.5708791950124551 0.5918116964146981
2 0.5230390961150728 0.521191491532458 0.5203824756184185 0.5293458967305111 0.5219389627428104 0.5398318059131413 0.5277165184830491 0.5460598399190377 0.5330058764919576 0.5495191670068634 0.5423245542611088 0.5509504212224299 0.5490944274536078 0.5495371107418462 0.5560352824171902 0.547434854019498 0.5621084224356349 0.5437288054073721 0.5688111492796524 0.5353001608550054 0.5737201254772331 0.5249918111305572 0.573815999905035 0.5238769099783201 0.5664324618765634 0.5168340580765233 0.5565336924456802 0.5104543085144682 0.5498221400093424 0.5105397403875783 0.5424474275731911 0.5118401011650381 0.5268055401738302 0.5176725764735451 0.5230390961150728 0.521191491532458
3 0.5752492712271441 0.4955154904348508 0.5716538089394703 0.49834545925199886 0.565355346891181 0.5007736431327073 0.5591447982758938 0.5086763050224894 0.572551981158969 0.5216841995988902 0.5782584100533261 0.5241915891136589 0.5872558913648307 0.5254598797500453 0.6019677625654927 0.5226461807398897 0.6071316534697585 0.5204180523634057 0.6115029367721683 0.5170120870076168 0.6156904322137742 0.5092465447949915 0.6163368056264673 0.5062777823726963 0.6149976795371199 0.5036591170827941 0.6086903918965104 0.4977440882842462 0.5997136776695262 0.4949349415851502 0.5908288573729439 0.4943055833144725 0.5865198753240954 0.4930889804821327 0.5752492712271441 0.4955154904348508
4 0.5422750590972679 0.5606215125091597 0.5391302408692835 0.5660072107891423 0.5366030679746717 0.5765543818708498 0.5392525920740461 0.5899219476746745 0.5470699875750866 0.59776669552136 0.5499232020222651 0.5990203902787443 0.5537607729269038 0.5992221197109592 0.5648603952527717 0.5974845560000058 0.5718635514699153 0.5907597310895287 0.5764513312098494 0.5802884177859006 0.5791910200445854 0.5659705883370091 0.5779102147113993 0.5620240444396335 0.5758328212789565 0.5601943531436083 0.571373624543545 0.5581258404903237 0.5576125366261027 0.5563799071394184 0.5473638426582523 0.5579674292222034 0.5422750590972679 0.5606215125091597