0 0.45650921658986177 0.9965397923875432 0.4634216589861751 0.9967560553633218 0.46889400921658986 0.9950259515570934 0.47523041474654376 0.9911332179930797 0.4772465437788019 0.9878892733564015 0.476094470046083 0.9826989619377164 0.4711981566820277 0.9803200692041523 0.46687788018433185 0.9794550173010382 0.46082949308755766 0.9794550173010382 0.45650921658986177 0.9807525951557095 0.4536290322580645 0.9852941176470589 0.4533410138248848 0.9917820069204153 0.45650921658986177 0.9965397923875432
0 0.41705069124423966 0.9779411764705884 0.42223502304147464 0.9811851211072666 0.42857142857142855 0.9818339100346021 0.43461981566820274 0.9794550173010382 0.43692396313364057 0.9772923875432526 0.435483870967742 0.9695069204152249 0.4334677419354839 0.9664792387543253 0.4317396313364055 0.9656141868512111 0.4262672811059908 0.9653979238754327 0.4228110599078341 0.9662629757785467 0.4182027649769585 0.9684256055363323 0.415610599078341 0.9714532871972319 0.4150345622119816 0.9740484429065746 0.41705069124423966 0.9779411764705884
0 0.07488479262672812 0.4169550173010381 0.08064516129032259 0.41846885813148793 0.08842165898617513 0.41760380622837373 0.09245391705069125 0.411764705882353 0.09331797235023041 0.4076557093425606 0.09101382488479262 0.4033304498269897 0.08784562211981567 0.40030276816608995 0.08525345622119816 0.39922145328719727 0.08093317972350231 0.40008650519031147 0.07373271889400922 0.4041955017301039 0.07286866359447006 0.40657439446366783 0.07315668202764977 0.4137110726643599 0.07488479262672812 0.4169550173010381
0 0.3914170506912443 0.4472318339100346 0.3925691244239632 0.4493944636678201 0.39746543778801846 0.45198961937716264 0.408410138248848 0.4530709342560554 0.41417050691244245 0.45198961937716264 0.41618663594470046 0.45047577854671284 0.4176267281105991 0.4429065743944637 0.415610599078341 0.4392301038062284 0.4112903225806452 0.4364186851211073 0.4038018433179723 0.4355536332179931 0.39746543778801846 0.4375 0.3928571428571429 0.44052768166089973 0.39112903225806456 0.44247404844290666 0.3914170506912443 0.4472318339100346
0 0.4009216589861751 0.5702854671280277 0.4069700460829493 0.5726643598615917 0.4147465437788019 0.5733131487889274 0.4213709677419355 0.5707179930795848 0.4294354838709678 0.5642301038062284 0.43029953917050695 0.5618512110726643 0.43001152073732724 0.559688581314879 0.4262672811059908 0.555363321799308 0.42252304147465436 0.5532006920415226 0.41877880184331795 0.5525519031141869 0.40783410138248855 0.553416955017301 0.4038018433179723 0.5544982698961938 0.402073732718894 0.5557958477508651 0.3994815668202765 0.5609861591695502 0.3994815668202765 0.5676903114186851 0.4009216589861751 0.5702854671280277
1 0.47667050691244245 0.4599913494809689 0.478110599078341 0.46345155709342567 0.48646313364055305 0.46539792387543255 0.5014400921658987 0.47080449826989623 0.5158410138248848 0.4697231833910035 0.5227534562211982 0.4673442906574395 0.5250576036866359 0.46518166089965407 0.5259216589861752 0.46064013840830453 0.5236175115207373 0.4576124567474049 0.5204493087557605 0.4461505190311419 0.5118087557603687 0.4282006920415225 0.5036002304147466 0.4271193771626298 0.4982718894009217 0.4245242214532873 0.4919354838709678 0.42690311418685123 0.47926267281105994 0.4282006920415225 0.47494239631336405 0.43187716262975784 0.47206221198156684 0.44355536332179935 0.47292626728110604 0.4563148788927336 0.47667050691244245 0.4599913494809689
1 0.5135368663594471 0.3901384083044983 0.5112327188940092 0.39597750865051906 0.5120967741935484 0.40095155709342567 0.5158410138248848 0.4046280276816609 0.5204493087557605 0.40657439446366783 0.5190092165898618 0.4108996539792388 0.516705069124424 0.41284602076124577 0.5092165898617511 0.4134948096885814 0.5057603686635945 0.4150086505190312 0.504320276497696 0.4171712802768166 0.5020161290322581 0.41825259515570934 0.5017281105990784 0.4219290657439447 0.5060483870967742 0.4227941176470589 0.5120967741935484 0.4260380622837371 0.5190092165898618 0.42690311418685123 0.5224654377880185 0.42949826989619383 0.5360023041474655 0.4329584775086506 0.5434907834101382 0.42949826989619383 0.5504032258064516 0.43036332179930803 0.5576036866359447 0.4253892733564014 0.5642281105990784 0.418901384083045 0.5699884792626728 0.4210640138408305 0.5720046082949308 0.4258217993079585 0.5743087557603687 0.42690311418685123 0.5757488479262672 0.4264705882352941 0.5766129032258065 0.42474048442906576 0.5745967741935484 0.4137110726643599 0.5760368663594471 0.4108996539792388 0.5817972350230415 0.4078719723183391 0.582373271889401 0.4044117647058824 0.5786290322580645 0.4016003460207613 0.5771889400921659 0.39792387543252594 0.5774769585253456 0.39684256055363326 0.584389400921659 0.39359861591695505 0.5852534562211982 0.3905709342560554 0.5711405529953917 0.37846020761245674 0.5625 0.37651384083044986 0.560483870967742 0.37240484429065746 0.5607718894009217 0.36224048442906576 0.5576036866359447 0.3626730103806229 0.5552995391705069 0.36613321799307963 0.556163594470046 0.36786332179930803 0.5596198156682027 0.3698096885813149 0.560483870967742 0.3734861591695502 0.5587557603686636 0.3767301038062284 0.5613479262672811 0.3804065743944637 0.5599078341013825 0.3827854671280277 0.560483870967742 0.3873269896193772 0.5576036866359447 0.3910034602076125 0.5515552995391706 0.3905709342560554 0.5455069124423964 0.38775951557093424 0.5380184331797235 0.3782439446366782 0.5345622119815668 0.37586505190311426 0.5256336405529953 0.3737024221453288 0.5192972350230415 0.3704584775086505 0.5120967741935484 0.3711072664359862 0.508352534562212 0.372621107266436 0.5054723502304148 0.37651384083044986 0.5069124423963134 0.3808391003460208 0.5135368663594471 0.3901384083044983
0 0.3626152073732719 0.4980536332179931 0.3654953917050691 0.5015138408304499 0.3692396313364056 0.5030276816608997 0.3770161290322581 0.5032439446366783 0.3822004608294931 0.5004325259515572 0.3870967741935484 0.4997837370242215 0.39372119815668205 0.4954584775086506 0.39631336405529954 0.4913494809688582 0.39544930875576034 0.4878892733564014 0.3908410138248848 0.48399653979238755 0.37672811059907835 0.4757785467128028 0.37298387096774194 0.47448096885813157 0.3695276497695853 0.474264705882353 0.3660714285714286 0.47556228373702425 0.35944700460829493 0.48486159169550175 0.3591589861751152 0.48810553633218 0.3626152073732719 0.4980536332179931
1 0.5866935483870968 0.4701557093425606 0.5826612903225807 0.47383217993079585 0.5826612903225807 0.4775086505190312 0.5915898617511521 0.4859429065743945 0.5953341013824885 0.4876730103806229 0.6028225806451613 0.4883217993079585 0.6129032258064516 0.4859429065743945 0.6152073732718895 0.48421280276816614 0.616647465437788 0.4788062283737025 0.619815668202765 0.4772923875432526 0.6301843317972351 0.4772923875432526 0.6373847926267281 0.4803200692041523 0.6408410138248848 0.479022491349481 0.6440092165898618 0.474264705882353 0.6440092165898618 0.4733996539792388 0.6347926267281105 0.4669117647058824 0.6307603686635945 0.4586937716262976 0.6264400921658987 0.45328719723183397 0.6209677419354839 0.448961937716263 0.6163594470046083 0.4470155709342561 0.6051267281105991 0.4463667820069205 0.601094470046083 0.4474480968858132 0.5973502304147466 0.44961072664359863 0.5930299539170507 0.4545847750865052 0.5875576036866359 0.4586937716262976 0.5861175115207373 0.46150519031141873 0.5858294930875576 0.4682093425605537 0.5866935483870968 0.4701557093425606
5 0.5383064516129032 0.3298010380622838 0.5403225806451613 0.3323961937716263 0.5501152073732719 0.3399653979238755 0.5547235023041475 0.3423442906574395 0.5601958525345622 0.34277681660899656 0.5665322580645162 0.34039792387543255 0.5754608294930875 0.3384515570934256 0.5803571428571429 0.33477508650519033 0.581221198156682 0.3313148788927336 0.5780529953917051 0.32461072664359863 0.5662442396313364 0.3070934256055363 0.5584677419354839 0.30060553633217996 0.554147465437788 0.2990916955017301 0.5446428571428572 0.2999567474048443 0.5362903225806452 0.30428200692041524 0.5342741935483871 0.3081747404844291 0.5339861751152074 0.31769031141868515 0.5383064516129032 0.3298010380622838
5 0.2903225806451613 0.2804930795847751 0.2926267281105991 0.2854671280276817 0.2966589861751152 0.28806228373702425 0.31105990783410137 0.2887110726643599 0.3197004608294931 0.28352076124567477 0.3231566820276498 0.27941176470588236 0.3234447004608295 0.27530276816609 0.32142857142857145 0.268598615916955 0.315668202764977 0.2610294117647059 0.31105990783410137 0.2577854671280277 0.30760368663594473 0.256704152249135 0.3004032258064516 0.256704152249135 0.29579493087557607 0.2582179930795848 0.29205069124423966 0.26081314878892736 0.28485023041474655 0.2683823529411765 0.2857142857142857 0.2761678200692042 0.2903225806451613 0.2804930795847751
5 0.2799539170506912 0.32244809688581316 0.2831221198156682 0.32244809688581316 0.2860023041474654 0.32396193771626297 0.28830645161290325 0.3300173010380623 0.29089861751152074 0.33261245674740486 0.2952188940092166 0.33391003460207613 0.3035714285714286 0.33391003460207613 0.30817972350230416 0.3321799307958478 0.3130760368663595 0.3285034602076125 0.31480414746543783 0.32504325259515576 0.3084677419354839 0.3157439446366782 0.3084677419354839 0.30990484429065746 0.3127880184331797 0.3003892733564014 0.3127880184331797 0.29649653979238755 0.31077188940092165 0.29368512110726647 0.29723502304147464 0.2923875432525952 0.2923387096774194 0.29346885813148793 0.2903225806451613 0.2954152249134948 0.28744239631336405 0.30233564013840836 0.2836981566820277 0.30579584775086505 0.27880184331797236 0.31444636678200694 0.2782258064516129 0.3211505190311419 0.2799539170506912 0.32244809688581316
5 0.2459677419354839 0.31444636678200694 0.24913594470046085 0.3211505190311419 0.25489631336405527 0.32504325259515576 0.26180875576036866 0.32785467128027684 0.27246543778801846 0.32525951557093424 0.27793778801843316 0.32093425605536335 0.27736175115207373 0.317257785467128 0.2831221198156682 0.3040657439446367 0.2799539170506912 0.293901384083045 0.27246543778801846 0.2889273356401384 0.26411290322580644 0.2884948096885813 0.2595046082949309 0.289143598615917 0.25144009216589863 0.29325259515570934 0.24625576036866362 0.3010380622837371 0.24539170506912442 0.30384948096885817 0.2459677419354839 0.31444636678200694
5 0.26180875576036866 0.35596885813148793 0.27073732718894006 0.3605103806228374 0.2796658986175115 0.3602941176470588 0.2860023041474654 0.358780276816609 0.29176267281105994 0.35553633217993086 0.29694700460829493 0.3486159169550173 0.29694700460829493 0.34450692041522496 0.29493087557603687 0.3382352941176471 0.2868663594470046 0.3293685121107267 0.285426267281106 0.32461072664359863 0.2831221198156682 0.32374567474048443 0.27476958525345624 0.3259083044982699 0.27246543778801846 0.32569204152249137 0.26526497695852536 0.3289359861591696 0.26152073732718895 0.33196366782006925 0.2597926267281106 0.33650519031141873 0.25518433179723504 0.340181660899654 0.25460829493087556 0.3423442906574395 0.26180875576036866 0.35596885813148793
5 0.20247695852534564 0.28568339100346024 0.21342165898617513 0.2874134948096886 0.2203341013824885 0.2861159169550173 0.22465437788018433 0.28352076124567477 0.23214285714285715 0.2759515570934256 0.23646313364055302 0.2688148788927336 0.23502304147465441 0.26535467128027684 0.22724654377880188 0.2586505190311419 0.2171658986175115 0.25605536332179935 0.2131336405529954 0.256704152249135 0.20996543778801846 0.2556228373702422 0.20276497695852536 0.2651384083044983 0.19873271889400923 0.27270761245674746 0.1984447004608295 0.2798442906574395 0.20247695852534564 0.28568339100346024
5 0.2180299539170507 0.2584342560553633 0.22580645161290325 0.2597318339100346 0.23271889400921658 0.26405709342560557 0.2341589861751152 0.2666522491349481 0.23761520737327188 0.26924740484429066 0.24452764976958527 0.2690311418685121 0.2508640552995392 0.2655709342560554 0.24798387096774194 0.2586505190311419 0.24135944700460832 0.2517301038062284 0.23444700460829493 0.24653979238754328 0.22724654377880188 0.24416089965397925 0.2203341013824885 0.24286332179930797 0.21370967741935484 0.24416089965397925 0.20910138248847926 0.25237889273356406 0.20910138248847926 0.2588667820069204 0.2180299539170507 0.2584342560553633
5 0.1615783410138249 0.23096885813148788 0.1742511520737327 0.23248269896193774 0.18202764976958524 0.23529411764705882 0.18951612903225806 0.2346453287197232 0.19642857142857145 0.229022491349481 0.19988479262672812 0.2240484429065744 0.2033410138248848 0.21518166089965401 0.2033410138248848 0.20653114186851212 0.20132488479262672 0.20307093425605535 0.195852534562212 0.19809688581314883 0.1935483870967742 0.19766435986159173 0.1814516129032258 0.19744809688581316 0.17482718894009217 0.19917820069204153 0.17021889400921658 0.20242214532871974 0.160426267281106 0.21907439446366786 0.16013824884792627 0.2272923875432526 0.1615783410138249 0.23096885813148788