0 0.6046333968336163 0.8226813987032205 0.6024594630370695 0.8192941359947185 0.5955782403382988 0.8183713352987363 0.5918214131902033 0.8192796160539253 0.5883339676143997 0.8215817979278626 0.5876902810498749 0.8256502712027567 0.5921467007789069 0.8306742452117873 0.5994319958361153 0.8336878975858919 0.6042253269400685 0.8321311063024659 0.6056735295054714 0.8271386122794002 0.6046333968336163 0.8226813987032205
0 0.24155090328857645 0.17265871857559273 0.24683072023669878 0.1689947255949667 0.2467297943518676 0.16431044182998994 0.24469055134146683 0.16162012968086176 0.23900303331890935 0.15808754687894838 0.2312312524175316 0.15718109620204374 0.22540141735772073 0.15938639801370713 0.22376987542175505 0.16389266164711844 0.2246865722745691 0.16632381359538964 0.22551722692565424 0.16784729481456656 0.22985021083564527 0.1708452071956886 0.23592691753353812 0.17269202863984204 0.24155090328857645 0.17265871857559273
0 0.2345535022027593 0.17992130446053595 0.23098764067633426 0.1748809804324282 0.22837586962003525 0.17339019925140575 0.22103067101130489 0.17191637811555535 0.21514093239997228 0.17566151116547285 0.21416796071163374 0.17987591455987267 0.21806310736187245 0.18477030846847478 0.22763088835156636 0.18942067214310754 0.2288133380606748 0.18814000110571033 0.23289945033258386 0.18708579023101554 0.2345535022027593 0.17992130446053595
0 0.20883549764398426 0.19529118698758646 0.20872331679204814 0.19193601429114393 0.20659803157991843 0.18833803141292157 0.20403490910803632 0.18663653006217915 0.19126031908193547 0.18435313831169803 0.19183647584383107 0.18825933144800908 0.19579515476158899 0.19671961822277367 0.2002740844248308 0.19908537009473587 0.2042029959763841 0.19999243079773527 0.20617870671926575 0.19911685008070087 0.20883549764398426 0.19529118698758646
0 0.28281462308965344 0.23079259503390634 0.28434886785678526 0.226707771739935 0.2806370605771094 0.2222996082209872 0.274145026553674 0.21969104616724536 0.26699805099860874 0.22248006845693175 0.26541515764706 0.226775611920623 0.266417896701603 0.23011443459798836 0.268187758139712 0.2314108456283681 0.2749117801181272 0.2342949179020442 0.2776321033103649 0.23403514767509243 0.28281462308965344 0.23079259503390634
0 0.3048088277634223 0.24563622682001104 0.3062831689790323 0.243091234764294 0.3056209700154077 0.23827737089888873 0.3038024599928818 0.23719168003822894 0.2956153517659615 0.23552348875173584 0.29157788807846935 0.23636697945671062 0.2902981412005271 0.23806909083354771 0.29008103692864956 0.24157019364949606 0.2942568201182849 0.24652937760831234 0.29412575804813645 0.2509381511533548 0.2953343464074521 0.25210498208330606 0.2976132036239401 0.24863596927941756 0.3048088277634223 0.24563622682001104
0 0.23485117586480472 0.25545356517818746 0.23176054521544395 0.249635150521414 0.22352478840410678 0.24817767940464078 0.2201458949642418 0.24872930987060404 0.2179755898836925 0.2504477712665184 0.21709991536418785 0.25424073432147826 0.21801661221700197 0.25667188626974935 0.22159372871053193 0.260383099229323 0.22458343347506146 0.26151723012111966 0.2296947947357233 0.26114361978672196 0.23485117586480472 0.25545356517818746
1 0.1836344839338085 0.1828145271256333 0.18813592353126007 0.1825220568605271 0.1919040056464604 0.1802846650368039 0.19457205153828383 0.17512989087515546 0.19572836259718515 0.17140171787040986 0.19474813347685188 0.16540467305597611 0.18828986435473105 0.15880877779663174 0.17887928408539286 0.1521971425443048 0.1724246436792695 0.15070697138937708 0.1669614873605842 0.15388473398034894 0.1629425360721918 0.16361056182562295 0.16211551013710407 0.16719280471086279 0.1633128435293148 0.16968874670934814 0.1708562651917102 0.1754254112707354 0.17600864878568148 0.18127591593956865 0.1836344839338085 0.1828145271256333
1 0.23433566029265637 0.21671497404005322 0.24542243354726714 0.23015018476661667 0.2509640058165738 0.23431492807768994 0.2529284615923505 0.23476845842918964 0.26039346730412444 0.23316261708853175 0.26749179427477277 0.2305843149685653 0.268171060098611 0.22508137054027708 0.26980441639257546 0.22312796895907422 0.27242744241597927 0.2232896390715624 0.2748783840359253 0.22163596772586228 0.27547342201603325 0.21777821462068822 0.2736774219277171 0.21403430162296008 0.2691610986471633 0.21055015885218373 0.2648655083544843 0.20867063736987582 0.2620591429605176 0.20802273686773334 0.25548469545135055 0.20961222818931408 0.2276268908164562 0.20096123142047523 0.21946592123974304 0.20174054210133047 0.2125360499565553 0.2010284615750685 0.20929184730283623 0.20227704260040597 0.20953871894091822 0.20632916585622274 0.2177182009167311 0.2144321923156669 0.22113448797390803 0.21499895274851788 0.22709901381986475 0.21349060149622864 0.23061259804587558 0.21363592158963968 0.23433566029265637 0.21671497404005322
1 0.1927018829033091 0.4789937451607532 0.20045878012158455 0.4761235828017753 0.2038376735614495 0.4755719523358121 0.20748594857360617 0.47641422298859737 0.20997791252686157 0.4809846666461281 0.20921441885929298 0.48813280239753054 0.2114370012402566 0.4913093449363129 0.2150965312195182 0.4908225045205639 0.21910785625680312 0.48753151184824073 0.2229619805737324 0.4862017907536119 0.22651295841705527 0.487465501745837 0.232005882101945 0.49184096522663046 0.23603209082233226 0.49232658559018977 0.24069073114013947 0.49007284374738946 0.24415203806573604 0.48532315990610364 0.24514751968828427 0.47845053437463536 0.24099424643285866 0.47083312827875073 0.2507980129126425 0.46421844289595005 0.25205162114037766 0.4600688295517645 0.2510376271187297 0.45805911794293336 0.23809095268917088 0.4539603847342638 0.23205163960859002 0.45323195418892465 0.22688037479640638 0.4551453957615765 0.22027216238592467 0.46072222028875975 0.21042737357283153 0.46111279066832955 0.2029885065112647 0.4651661339763359 0.19947492228525393 0.4650208138829249 0.1960698901951819 0.4631249423815397 0.19222339212936004 0.45801982830321764 0.18789040821936903 0.45502191592209557 0.17936275990153022 0.4548287658236423 0.17530278627982834 0.45833047866568544 0.1740491780520932 0.46248009200987095 0.17466272843130076 0.4675046760449962 0.17673936505901358 0.4713133790929385 0.18264761606944593 0.4764505831833203 0.1891882986772983 0.4788484250673422 0.1927018829033091 0.4789937451607532
1 0.5780593366117743 0.8007877312801769 0.5889442580967227 0.8048543744767868 0.5966372542283663 0.8150646026334307 0.609632577242342 0.8189526156723803 0.6131461614683528 0.8190979357657913 0.6269049781498972 0.8158378130533384 0.6290865381975512 0.8127902405888898 0.6254945380209189 0.8053024145934338 0.6277922764556194 0.7940694555480599 0.6312161897639038 0.78820138080796 0.6145951016719812 0.7808128749791567 0.609940458889284 0.7715260575445895 0.604009697944642 0.7690470755912762 0.6006794530891939 0.7693879858875193 0.59679156387095 0.7747050401877509 0.59047524296697 0.7790175436966141 0.5872571789634581 0.7827136266893 0.5854274139738272 0.7829570468971745 0.5764695546473436 0.7782255431532501 0.5723946973425396 0.7779506429594106 0.5733861814299775 0.7826185767053102 0.577427273833467 0.7868808101047522 0.5786993944603019 0.791613533900866 0.5746020272212881 0.7939968558440949 0.5733110253762408 0.7970280782894664 0.5780593366117743 0.8007877312801769
1 0.6303092726017436 0.8510262513182925 0.6302493690502218 0.8525660825565466 0.628602943431154 0.8532957331540756 0.6124755986153954 0.8540114738369059 0.6097814140733646 0.8567187460312059 0.6093435768136123 0.8586152275586858 0.6111508318690333 0.8610300294878798 0.6228925466552739 0.869067655871015 0.6298111629713568 0.8711088474658112 0.6367896828389615 0.871610207822353 0.6411077830658504 0.8708315071675926 0.6455456903957827 0.8669731440363238 0.6482736398391278 0.8602785386364211 0.6533850010997898 0.8599049283020234 0.6577553786270929 0.8640212315819596 0.6747206355259314 0.8750404203271396 0.6820171855502448 0.8767249616327101 0.6890443540022664 0.8770156018195321 0.6954841107252875 0.8747291599385771 0.696408433829209 0.8707254767138973 0.6956750763469579 0.8687805551552806 0.6936358333365571 0.8660902430061522 0.6899988132915054 0.863918861284833 0.6863843031806632 0.8590892574264452 0.6858081464187676 0.855183064290134 0.6843675701044722 0.8537407231402486 0.6799187766265475 0.8422819139582671 0.678179051373756 0.8318924456178681 0.6714775393295505 0.8263501512071236 0.6594326780697035 0.8209059569108426 0.6529181341120582 0.8209556169941692 0.6475036263777901 0.8239226594154211 0.6421301409768312 0.8331138168399039 0.6389832354919461 0.8339409575258013 0.6352489182780603 0.832191016143922 0.6301564382356108 0.8248006802368344 0.6237130527965924 0.8219813980133726 0.6193575589523916 0.8216417077693189 0.6174304967939269 0.8223065683166334 0.613407916789537 0.8269266720574906 0.6115218769643819 0.8338156476080363 0.6130521241964036 0.8412713835914326 0.6146273912968448 0.8434106753006922 0.6210221281514464 0.8464406776938741 0.6271961320181731 0.8478660587985875 0.6303092726017436 0.8510262513182925
1 0.6663850592871011 0.8189598153000363 0.6690454789278171 0.8202398763113387 0.6700108243650481 0.8224603080898898 0.6692324470143773 0.8258318308054097 0.6728095635079072 0.8295430437649832 0.67951470426811 0.8401910622801445 0.6830769370785378 0.8401256622038356 0.6936028060734679 0.8367850094481859 0.7007421553774256 0.8404308223314505 0.7074400387056337 0.8408673926377783 0.710613082840726 0.8424877539192291 0.718104227202707 0.8433294145459197 0.7272120298175515 0.8358881985033163 0.728866081687727 0.8287237127328364 0.7266921478911803 0.8253364500243343 0.7231524250149625 0.8227436279635748 0.7197361379577855 0.8221768675307238 0.7130269996624726 0.8230694082929304 0.7101345920667769 0.8215138370616938 0.7095097867204645 0.8178183640951027 0.7128814227283347 0.8070552854203058 0.7117439928876456 0.803019512183566 0.7069956816521119 0.7992598591928557 0.7003577018754258 0.7972834576482738 0.6957103165247234 0.79820808842254 0.6935138727939669 0.797479047851106 0.6877029189523686 0.7919204034212843 0.6840059953557949 0.791288852938219 0.6771284013730214 0.7954717763466539 0.6755081144041608 0.798648928911531 0.6746473235677584 0.8062185050023732 0.6733189281053991 0.8081313365489304 0.6694386651382624 0.807013555676211 0.6605519643304056 0.7994131096254984 0.6553171672507027 0.7977606583319877 0.6504377939450207 0.7984097788863197 0.6477922579874069 0.8009063309108999 0.647025135603841 0.8029487425578855 0.6477472381189874 0.8062227751850365 0.6528284631943321 0.8149422221606581 0.6562708889017161 0.8179564845608576 0.6627255293078396 0.8194466557157852 0.6663850592871011 0.8189598153000363
1 0.7800141968338857 0.7877077094196876 0.7839282247023369 0.7848381570868046 0.7861322946842009 0.7791323624852875 0.7886206299214586 0.7785970820384015 0.7905251821457138 0.7805904436281554 0.7907720537837958 0.7846425668839723 0.7930207748149664 0.790266611390103 0.79692717643231 0.7938318942301709 0.8006727486133007 0.794252724543516 0.8121265694281495 0.7920141126676035 0.8186748782871096 0.7879771193786743 0.8205496631451599 0.782417254896663 0.8192063839996985 0.7805534734073376 0.8068434925831426 0.7739260981620282 0.7979567917752857 0.7663256521113155 0.7929165890332504 0.7638303201389249 0.7886435086747814 0.7592925765195486 0.7839289623405622 0.7515455903232355 0.7777923520911478 0.7512386001173363 0.7727035007646956 0.7489539883146656 0.7686286434598915 0.7486790881208261 0.7540653107774693 0.7528632315814505 0.7499080399869333 0.7567863847629336 0.7483625402526967 0.7622003191254391 0.7521509491249952 0.7713981264942238 0.7511311432102385 0.7783761121105517 0.7537316592994328 0.7811960043601085 0.7630561973670422 0.7868999688833412 0.7800141968338857 0.7877077094196876
1 0.5300091095469712 0.8578335974589327 0.5365236535046164 0.8577839373756063 0.5408904023159222 0.8567945165511258 0.5430719623635762 0.8537469440866772 0.5451264578761921 0.8435675858899033 0.5420844758112483 0.8375384510634099 0.5388366444415318 0.8336813079843306 0.5289994818795462 0.8276370431909494 0.521508337517565 0.8267953825642589 0.5156672474906493 0.8303297954444566 0.5143388520282901 0.8322426269910139 0.5139271534187448 0.8365866104858419 0.5166285953927702 0.8440907865003755 0.5167407762447063 0.8474459591968181 0.519880055478484 0.8530536536838715 0.5300091095469712 0.8578335974589327