1 0.5228603774329368 0.4231489574836142 0.519408008657648 0.4273247204601948 0.5167396733841226 0.42746698073662276 0.5120571138507242 0.42589585125518614 0.5052655447658119 0.42611787888441477 0.5014601748742388 0.42758129694777053 0.5004346795702777 0.43134755352424053 0.5026842379076736 0.43486917322425517 0.510064142186393 0.4391677204504013 0.5099403474229567 0.43980458929779387 0.5133330681030753 0.4404640673924133 0.5184160213985785 0.44299426835280986 0.5204653828549219 0.4460363523133445 0.529141253711596 0.4497055671078403 0.5326165042340055 0.4499404659708648 0.5362629421656717 0.4477852225522316 0.5434487772880138 0.45006325022043037 0.5555954000940013 0.4449337505829433 0.5623702151564677 0.43876007729564215 0.5702162890171368 0.4376414711110808 0.576572327143474 0.43513167780022216 0.5775565575262896 0.4315777108395495 0.5762438369258891 0.4262553976131273 0.5792896842143984 0.4226615469760543 0.5845499526438331 0.4212606218363259 0.5857756448288467 0.4179739009993357 0.5801394935360069 0.41225181938623423 0.5791385091307454 0.4098541406888344 0.5711228770123984 0.40278829204157846 0.5710587303441322 0.39858991981777103 0.567413921564045 0.39017056612292916 0.5647991066610148 0.3870185691466248 0.5623370959932167 0.38609938134406513 0.5531415351840977 0.39114157721300924 0.55372374265323 0.3972031358868516 0.5431268036767447 0.39888858157943596 0.5412363741803079 0.39653832297417885 0.5313531943126449 0.39153287756127053 0.5301107481051857 0.38886795274018837 0.5278901992395852 0.3882160110613112 0.5169815240679612 0.3869768222248732 0.5110671446248741 0.3902333973988942 0.5106422399640699 0.3954382611938042 0.5147699723485527 0.4043921071360109 0.5118234089247803 0.4135130241995614 0.5120052226318078 0.41861551139444375 0.5137367201683377 0.42027394464442336 0.5228603774329368 0.4231489574836142
1 0.49235738132354107 0.48044894769709157 0.50500368175637 0.48180558596504186 0.5136627985905982 0.47952315510146526 0.515253747341246 0.47586681154076504 0.5128162475721474 0.46878368846433566 0.5138127334043131 0.462147753866728 0.5098455621313158 0.4433111361663239 0.508561851002711 0.4408585009610391 0.5050163260873604 0.4379662136926748 0.5001335696729097 0.4359155484717582 0.49350706027257923 0.43528841763779685 0.489707818105681 0.43521085188268505 0.4832341129405826 0.43681653022246864 0.47515270500239054 0.43612690646488 0.471299942464997 0.4393435979625006 0.46611444700159954 0.45243552480257654 0.46376847422098405 0.46299504908456673 0.4651285874672048 0.466564088876724 0.47141272204902196 0.4719715042740004 0.4757774176626066 0.4721589830448821 0.4881990103156835 0.47920002084722235 0.49235738132354107 0.48044894769709157
1 0.5959391445049926 0.5151237093044679 0.5982896158587043 0.5135977983174851 0.5976187508226062 0.5095018026937052 0.6004521457807133 0.5085103839540872 0.6063542697744504 0.5083357764170012 0.6125681299633264 0.5110858034089375 0.6160311250363862 0.514402669908897 0.6188171273486729 0.5151645246035439 0.6249852240433074 0.5090932279162704 0.624266966361389 0.5067505057267556 0.6194667397892292 0.5042752612742439 0.6162864714395127 0.5010133512821696 0.6147032795651187 0.49255411391092735 0.6124185840312523 0.4877038000082428 0.6046505414397779 0.4793642136662018 0.5986781430530999 0.4768814327979479 0.5905967351149078 0.47619180904035935 0.5784088473877748 0.4815335982936439 0.5717165621675993 0.48728269234934996 0.5692239128764267 0.4940684236391279 0.5663431252724991 0.49681311581301085 0.5654001598108288 0.500154793157886 0.5667602730570496 0.5037238329500432 0.573921597280692 0.512165795892112 0.5767427367894493 0.5142563447894288 0.5869621637509508 0.5160224894574894 0.5959391445049926 0.5151237093044679
1 0.42789692867122475 0.4981016714212802 0.43141344411477983 0.49812428066850717 0.4359905920587666 0.49570932754193386 0.43969667808560303 0.48871884305210084 0.439015186751734 0.477130217951781 0.4429398528336474 0.4659963177460254 0.4419449961530607 0.4620576552301581 0.4343526395439391 0.460361539901467 0.42759620765549755 0.46191226173336564 0.41974400607015355 0.4645718517363945 0.40313177463426564 0.4745614032899974 0.4012932363567453 0.4794914845454826 0.39472474590000606 0.48460370975379624 0.3966151753964429 0.4869539683590534 0.40398895195048734 0.492793499403667 0.4072578778671697 0.49408984634567893 0.42789692867122475 0.4981016714212802
1 0.37110399447570785 0.48838410753907546 0.383657138768475 0.4826726955620807 0.386579191293548 0.47971571377240024 0.38610852313850225 0.47609925388810037 0.38301078463107663 0.4724127646644309 0.37100796891412896 0.4617078468856482 0.3678215728397375 0.4599869207120412 0.3609123367160639 0.4593048333701949 0.3537310001668179 0.46606041899700373 0.35189858961397247 0.4694495164340215 0.35372937101523905 0.47663501611047854 0.3530691322769119 0.48003164996323855 0.35648473470415126 0.48510178989746305 0.36496040867977303 0.488291468952479 0.37110399447570785 0.48838410753907546
5 0.5698440533385302 0.36861186549586905 0.579951940985945 0.3679329113743872 0.5867496377955322 0.366169899926691 0.5899605447686233 0.361726890826428 0.5894960043382524 0.35656944712366057 0.5841196980216352 0.34649166017883914 0.5804458797697521 0.3352026284628599 0.5766650207768788 0.33050211125234563 0.571181673719271 0.32701283881298926 0.5622520856110493 0.3261583455317458 0.554723875670194 0.32866060242686207 0.5501757371980028 0.3339452335745728 0.5483249434711326 0.34195728246699303 0.5509029920261133 0.3543551823541025 0.5541183975723004 0.3589457865488469 0.5613683793629085 0.365422186440853 0.5661686059350683 0.3678974308933647 0.5698440533385302 0.36861186549586905
5 0.39715356377953687 0.2804071801765254 0.40096506139578486 0.2774027782947022 0.40111336705792083 0.2706019741734398 0.3994415176165611 0.26410829985226014 0.39614358222808316 0.25994227488911076 0.3929984510748373 0.25800905909970634 0.3864896087132682 0.2582860432368199 0.3824427770194973 0.25948221517649317 0.37669345726099224 0.26188963188732417 0.37377140473591924 0.2648466136770046 0.3723683974169741 0.2720644606141199 0.37836367755077305 0.2789579033219787 0.38179153542736216 0.28094607561926804 0.3857084446330219 0.28192775634545486 0.39213475715229995 0.28207535143993623 0.39715356377953687 0.2804071801765254
5 0.21012972585047157 0.015370918068250906 0.21445928426758565 0.014229702636462704 0.22125085335249786 0.014007675007234077 0.2265172495066074 0.011065766049038129 0.23013467796647805 0.006040844609267548 0.23151383112714252 0 0.17988585201472948 0 0.18232322309809917 0.004458113869048486 0.18610408209097268 0.009158631079562784 0.19280086588424417 0.01244315031886405 0.19946251248104513 0.014398975355495391 0.21012972585047157 0.015370918068250906
5 0.23441652848114752 0.1998653286754299 0.23996565135860032 0.19697837622511888 0.2491505858699484 0.18444355087963493 0.2507827995417415 0.1805749177031372 0.25141402880827307 0.17430860582923965 0.24466535379608514 0.16374374672919592 0.23921714393494803 0.16158316849250937 0.23052901762892417 0.16099592133494847 0.2269299723430782 0.1613978913193166 0.21822346286302965 0.16543359561715812 0.21521888049566584 0.16881515663843363 0.21260856416573182 0.17469677295713654 0.21006852222873884 0.18323577768117935 0.21078065218598235 0.1871194836891617 0.21279487644585546 0.18883287344702632 0.21691198253256738 0.1902940899126931 0.22775488188434653 0.19790950363879856 0.23441652848114752 0.1998653286754299
5 0.2826279882299904 0.24316453553004097 0.2898031970545615 0.2379499337216997 0.2895862461510633 0.23151875232414731 0.2866596950528944 0.22544212081882037 0.2819481260477003 0.22100131331624628 0.2674710442136048 0.21245917537183892 0.2627472197590609 0.21110033550619978 0.25676256592303287 0.21169952227488084 0.25473608621381 0.21306810015395117 0.25318640238430773 0.21651215409885388 0.2512592065398216 0.22340779840440167 0.26748616908447176 0.22898541814338627 0.2698182572641586 0.23208245861180582 0.2714075768632274 0.23900071216458046 0.2730978094786118 0.24087143503035763 0.2826279882299904 0.24316453553004097
5 0.2717070576090164 0.24500731433053785 0.2723672963473436 0.24161068047777773 0.26877600793775147 0.22989706953020353 0.26781016072896036 0.22882808503547367 0.2568312111643951 0.22493150779369567 0.2511766766975307 0.22383237763599667 0.24635806695134616 0.22598008463888752 0.2429943557430231 0.22819028456540558 0.23746811461269104 0.23548789885532145 0.23594744025498438 0.2418016308213617 0.23612925396201204 0.24690411801624412 0.23842007722055344 0.25021344810046114 0.24221319166277672 0.2518319976740405 0.2559903989889786 0.25340846197353056 0.2717070576090164 0.24500731433053785
5 0.3523360649807509 0.2679502589384909 0.35501665570362595 0.26472603102512793 0.3549234995635642 0.257657980780183 0.3499185775372559 0.24566958729318406 0.34311025442989795 0.23993996926434025 0.33644860783309694 0.237984144227709 0.33074668072041213 0.23863828750427496 0.32253372114253004 0.2507011135260213 0.32114296927293473 0.25483699282620154 0.32322746792574886 0.25920777098940606 0.32457532572261993 0.26585877841849836 0.3270724735868885 0.2681066604237278 0.3445663932376978 0.27018526970992485 0.3523360649807509 0.2679502589384909
5 0.2970450330872752 0.2972993191810803 0.3007617454118825 0.2978014641677872 0.30440205561887385 0.2971872045676215 0.311337431792826 0.28113075952212296 0.31004309436645017 0.27118549484029836 0.30799373291010657 0.2681434108797637 0.3033173011013831 0.26503129757985955 0.3000071102635553 0.2639472402536452 0.29160171068087465 0.2634149496039691 0.28297773104311696 0.26702607467021566 0.27599659137492333 0.27426119603650434 0.273638363144958 0.28790268795542956 0.2760468534422608 0.2921161330107217 0.28192446653729836 0.29810546074750544 0.28591777786057393 0.3002035460605647 0.2925916799067247 0.2990774034602611 0.2970450330872752 0.2972993191810803
5 0.31860703702739707 0.31316701548068393 0.3253924783876344 0.31448597166992276 0.33223144011836697 0.312510670606429 0.3358366131288878 0.3105677168035934 0.3375039639971515 0.3080277778297656 0.33371247870650705 0.29583463114271136 0.33787247886594335 0.28650896087910577 0.34051180466767306 0.2834970225815404 0.3412545732482911 0.2796758094971853 0.3401771867254134 0.27616172621291296 0.3320606415907509 0.2741434082526544 0.3221178136279178 0.27397320391094626 0.30798434688227394 0.29083358892518096 0.3080484935505401 0.2950319611489884 0.3057744243144445 0.2976742767228438 0.30984413775533615 0.3008887666227756 0.3116397819601322 0.30674557209656267 0.31485518750631925 0.3113361762913071 0.31860703702739707 0.31316701548068393
5 0.30135132087562794 0.3325048465451192 0.3079839580006333 0.33159099356061306 0.31414592697059285 0.3270606806918071 0.31541288407675194 0.32356167023901933 0.3136356230459805 0.3130819133098298 0.3094253608192068 0.30455264659921816 0.3033765603149126 0.3009534611440917 0.2962258623890412 0.300004127678563 0.2915723123274384 0.3013026762182638 0.2880435414345336 0.30436203460797195 0.28264109506763785 0.31102278005049533 0.28308725232398396 0.3208031752086651 0.28852933446044626 0.3245047372638191 0.29082015771898767 0.3278140673480362 0.2979998651166547 0.3316330788347024 0.30135132087562794 0.3325048465451192
0 0.4091029327510055 0.44686137663629416 0.4114121391835718 0.44554775526510876 0.4148354984870649 0.43850231426739067 0.4140821036086759 0.43483089787520585 0.409653261326825 0.43044504688051666 0.39890964583978267 0.42835669958088857 0.39101617933329325 0.43122857919971497 0.38939009338617503 0.4335562285577453 0.38884752168660924 0.4378569773815803 0.39182146543059854 0.4421803354526421 0.39851824922387 0.44546485469194347 0.4055451523863051 0.4470510570048648 0.4091029327510055 0.44686137663629416
0 0.395602786930129 0.5585784694559779 0.40288953506878655 0.5558089664371793 0.4047158178969572 0.5539608528186288 0.40516973202955714 0.5516256670448563 0.4049756628731796 0.5496051474869088 0.4009946069992538 0.5444250945369146 0.3932433184302254 0.5420371538529459 0.3839897386775151 0.541339993679615 0.3809561468383557 0.5418518766797532 0.3741813317758893 0.5480255499670542 0.3732383663142189 0.5513672273119294 0.37499887332254445 0.5558953385830465 0.3769305677401266 0.5580333075725061 0.38007569889337256 0.5599665233619107 0.39049532273592635 0.5622122037694512 0.395602786930129 0.5585784694559779