2 0.6006904761117771 0.028934680531751855 0.610455191209951 0.03061919569865861 0.6243119391898169 0.02891440286608953 0.6356486279481492 0.02305599978098778 0.6392326492649981 0.015764497870160633 0.6405241969772802 0.007784092927635466 0.6400388312685407 0.002584518789004697 0.5902192312506676 0.0017149144359948742 0.5904052994647779 0.007558152073508051 0.5924750888176578 0.021004627340116412 0.594419198906037 0.025148184363134617 0.6006904761117771 0.028934680531751855
3 0.72381599800331 0.10440816094816441 0.7321823576714541 0.10368901262460631 0.7379871407152077 0.10119478446519378 0.7479367969715621 0.0922840277759879 0.7521533820618249 0.08175912852647764 0.751398913333261 0.0754733775836903 0.7454269336221502 0.07104321791619066 0.7385381898803988 0.06962519893473687 0.7246436988070264 0.07349229214610417 0.7165577650867582 0.07464892716017948 0.7104612331670768 0.07735435874271443 0.7054864050388996 0.08180973708731729 0.702834244990094 0.08522417816057928 0.7027172414002246 0.09192730933485435 0.7066620762172423 0.09697097281269267 0.7155062529754251 0.10188385870352494 0.72381599800331 0.10440816094816441
5 0.7517766326723787 0.33438618537673553 0.7713890976744403 0.33299815487719203 0.7749655703725878 0.3261391130421245 0.7637221122920914 0.31015325568660473 0.7597508573096191 0.3066232024739252 0.7551696844098367 0.30502916637264976 0.741328033667373 0.3058690390536995 0.736390948632702 0.30816211701950397 0.7331628394507418 0.3115665048632513 0.7316625776682453 0.31500105239554244 0.7309243332330138 0.324288890794861 0.7354300199457838 0.33020752765373335 0.7414359684410503 0.3326916169803145 0.7517766326723787 0.33438618537673553
5 0.8707606101503478 0.6306255078537097 0.8811201459284292 0.6312389260607316 0.8845871636554087 0.6306505553241796 0.8895355716181317 0.6277087872447356 0.8927938752748968 0.6225745590979493 0.8958170446959937 0.6144080838060881 0.894770827091502 0.6083335362864235 0.8905342433985561 0.6035010762317078 0.8799584449315591 0.5987742606902116 0.8782683406256014 0.5965818006228696 0.8716600228317262 0.5956012683319327 0.8647373103058189 0.5961293196913975 0.8603761744043025 0.5984324508867165 0.857151839531693 0.601620608692584 0.8535149778839355 0.611939331133729 0.853678400241942 0.6190799489985211 0.8607494378884534 0.6265574356553679 0.8621930850306905 0.6263663386912744 0.8707606101503478 0.6306255078537097
5 0.9265359655859994 0.6203516825321136 0.9265850316075575 0.6175406920396757 0.9239517431055049 0.6198739829235382 0.921090868986485 0.6187425665865663 0.9191618561355084 0.613734089412029 0.9201276861877069 0.6079109582335449 0.9192939569627802 0.6061660380862345 0.9170128062862652 0.6048284449408972 0.8964911258722644 0.6087961560507269 0.8957755272931369 0.6167866142227666 0.9020430301895264 0.6207893404292639 0.9126490231313283 0.6237863156677214 0.9265359655859994 0.6203516825321136
5 0.898772276548779 0.6101337491960643 0.9126516703847491 0.6071315761362162 0.9190625970364621 0.6029175609032794 0.9191229859860721 0.599457880297202 0.9132076209152207 0.5917842700615046 0.8997218823076455 0.5887370286754744 0.8919050516072016 0.590979840493706 0.8877979214881065 0.5952340686447009 0.8883134816716515 0.598703802480293 0.891951470375339 0.6048235895327733 0.8956309764818832 0.6085648461685753 0.898772276548779 0.6101337491960643
5 0.8427640409893187 0.6502523463598362 0.8470836594879783 0.6503277455811953 0.85281673065407 0.6519418881414999 0.856579271566328 0.6509260839439452 0.8618307513330306 0.6471244223277393 0.8644791370724857 0.6439262112923572 0.8628682932628913 0.6371929204295383 0.8603255881852535 0.6343366904042849 0.8563354616560284 0.6318877873810046 0.846593392413958 0.6289058919868191 0.8428497230484531 0.6288405459949744 0.8359081389757929 0.6304497475438383 0.8347184976159774 0.6325919414636078 0.8348856942833349 0.63951632929052 0.8368109328249609 0.6447410365029371 0.8396265152317735 0.6484672132944672 0.8427640409893187 0.6502523463598362
5 0.8254806656294 0.6337284700186537 0.8281290513688552 0.6305302589832718 0.8339262857939074 0.6284684908996188 0.8423870031958172 0.6223435916290646 0.8427995299709652 0.6152130269937871 0.8414200460876886 0.6117282133139231 0.8371759137760415 0.6073282133349671 0.8326098381136615 0.6048692570821723 0.8248571706721781 0.6034361582564467 0.8199314085655592 0.6050805461086115 0.8169988225688772 0.6080575004913567 0.8168704960509562 0.6154093217792713 0.8186749566933624 0.6275533902038434 0.8223167197064004 0.6334569472184437 0.8254806656294 0.6337284700186537
5 0.7460117944652385 0.5326289171944929 0.7509224593344552 0.5318494494938473 0.7576289091714469 0.5272080007999083 0.7604169443568749 0.516009278362972 0.7590336861642477 0.5127406947209879 0.7536301069675904 0.5087530483587622 0.7444526639306229 0.5064298963077309 0.7378330232086955 0.5060980541304336 0.7296640546827138 0.5120117499778651 0.7264246225727015 0.5160648279352522 0.7266635311177206 0.5188808450424475 0.7289031643913785 0.522596968604463 0.7405591492470228 0.5314522613247052 0.7460117944652385 0.5326289171944929
5 0.7417050190921218 0.4988115788343636 0.7448387705403163 0.5008129419376123 0.7494388149868519 0.5013258278494885 0.7609955407434502 0.4993645920609814 0.7639356753588333 0.49595517760247665 0.7647154371969216 0.48428880878647984 0.7637333828513905 0.47453835062285765 0.7617666269069074 0.47169217382711875 0.7563554990915486 0.46813698754065297 0.7480457540636637 0.4656126852960135 0.7454879517486236 0.46362137542227944 0.7397133631796751 0.4643857632786531 0.7334885047420724 0.4744430161491028 0.7309997670512736 0.4849980750871568 0.7311631894092802 0.492138692951949 0.733402822682938 0.49585481651396435 0.7376846980880912 0.49809251611412214 0.7417050190921218 0.4988115788343636
5 0.7033704329531849 0.5000891094125637 0.7077768605669088 0.49519121776268654 0.7092808966587559 0.4915404401925156 0.7105573471336358 0.4844249554015099 0.7083554569534842 0.4785465314606959 0.7069344556673507 0.47744024819751035 0.6977343667742796 0.4764144763737579 0.6937517888637554 0.473533113274718 0.6908644945792812 0.47391530720290487 0.6894057501996416 0.4749713243185176 0.6858179545734422 0.48247905626722476 0.6856518849620147 0.4919931779339379 0.6927229226085261 0.49947066459078454 0.6961635201700511 0.5003959041193913 0.7033704329531849 0.5000891094125637
5 0.6019550534107857 0.5671009995228193 0.6077371905984355 0.565904151590686 0.6118028033146732 0.5640284538563692 0.6167851800615518 0.5591406154360067 0.6171486408151415 0.5548210412931672 0.6155226997681446 0.5489526705818677 0.6112634702190951 0.545417590754431 0.602112447347582 0.5415808284382406 0.5914234196000663 0.5433409140331398 0.5867403403478169 0.5475850889546201 0.5855431503693003 0.5501597429501491 0.586267424623059 0.5581753341959752 0.5882228576394902 0.5616702011053536 0.5953354126888584 0.566769157345522 0.6019550534107857 0.5671009995228193
5 0.5628520283618126 0.5793962088033768 0.5654626710077614 0.5783602981467931 0.5697822895064208 0.5784356973681524 0.5773337914963913 0.5748904787078846 0.5823161682432698 0.5700026402875218 0.5844074763963234 0.5657132258332259 0.5836152645742534 0.5615897752692371 0.5807770363113371 0.559160978704986 0.5791058035521328 0.5558873684482446 0.5751269999509593 0.5527897753113249 0.5699547806806197 0.5520506061320543 0.55954617888098 0.5542481784174704 0.552813308878534 0.5604032373765684 0.5512941755492843 0.5649189350982586 0.5514953410007972 0.5698972525842524 0.55400785160363 0.5744833229125447 0.5591196819243595 0.5786821726978927 0.5628520283618126 0.5793962088033768
5 0.5464537023602387 0.5946832811043177 0.5583550173236737 0.5894836213623702 0.5596503393453067 0.5812869863819653 0.5534394510891766 0.5740408096072703 0.5489601845418608 0.5666085624832391 0.5429051700250362 0.5669354636490959 0.5385553570515718 0.5685899047307754 0.5305951025958041 0.5790494579884411 0.5278901022160898 0.5854911195920208 0.5281403336891608 0.5876584465855764 0.5309370445492201 0.5924657735665059 0.5377955938161666 0.5956136328509984 0.5464537023602387 0.5946832811043177
5 0.5798134603709982 0.5978611288707205 0.582935888891141 0.6005111820876088 0.5867097527314511 0.5988466877764147 0.5876000965966373 0.5973481573555276 0.5878341037763759 0.5839418950069775 0.5912056367136599 0.572320765723796 0.5872494789685903 0.5679257923595972 0.576163021683329 0.5759515224382544 0.5605444575198435 0.5795722259231985 0.559335944613275 0.5827955700323669 0.5603859365271172 0.5886538875141518 0.5623602410903017 0.5910676042341311 0.5686352926053923 0.5946378703648687 0.5798134603709982 0.5978611288707205
0 0.4945635790751168 0.5143969334723184 0.49862164317265345 0.5129536958137614 0.5035813740634281 0.5093632376206778 0.5059493338550072 0.5057275398947787 0.5057330711660917 0.5016141425603046 0.5012236101439711 0.495911735739312 0.49549808759658065 0.49386513310324787 0.48743102542306554 0.49394061792792376 0.4737943144414656 0.49954257805708735 0.47261222170035133 0.5012523119010969 0.4725480584413907 0.5049282225450542 0.473669762232895 0.5066781693071222 0.4765079904958112 0.5091069658713732 0.4842229148437883 0.5127023650758973 0.4945635790751168 0.5143969334723184
0 0.36183828464090756 0.411286306728661 0.3679197193231865 0.40944579529764535 0.370874951175972 0.4051714606876213 0.3675060654921086 0.4001378504392975 0.3574722473741106 0.39736715846823456 0.34992074538414014 0.4009123771285026 0.34984148488777705 0.40545320792397926 0.35380141694219747 0.40963195125029817 0.35752244045159864 0.410994677469422 0.36183828464090756 0.411286306728661
0 0.32262090325548576 0.4136299076519885 0.32636457262099067 0.4136952536438331 0.33330993100300155 0.4118698220570892 0.33595831674245663 0.4086716110217072 0.3368939523198504 0.404578320146262 0.33634819766150076 0.4028384266137087 0.32975497710502777 0.40099297417125257 0.3263483483276583 0.39812166430172713 0.31886855821534965 0.3975585122422782 0.3142194477472561 0.39985661682283985 0.3138295668282119 0.4056898012308384 0.31550457389676695 0.40874718144969985 0.3197638034458165 0.41228226127713663 0.32262090325548576 0.4136299076519885
0 0.33399420805139435 0.38917069469446314 0.33744612854097134 0.3894472441094304 0.3449938562215912 0.38611825548704226 0.351116808306727 0.3818992136393483 0.35149159198836866 0.37693094938286914 0.35093451440196716 0.37583974596395536 0.33294308908162207 0.36687386771905295 0.33010108650935527 0.3646613011926817 0.3228639792514165 0.3666979362025481 0.3193554441215801 0.36966483735577854 0.3175445619164027 0.37439173850059126 0.3174653014200396 0.378932569296068 0.32055376115602674 0.3835286928538749 0.3245438876852521 0.3859775958771551 0.33399420805139435 0.38917069469446314
0 0.28090988281398455 0.4103062880576244 0.2881432157625727 0.4084858830856378 0.2919359511496357 0.40574023858504465 0.29994904593631216 0.3922534647970612 0.3011877533176857 0.3873002803848539 0.2995202948678319 0.3838104400902327 0.29520067636917235 0.3837350408688735 0.28850932376958316 0.38751156941129306 0.28587226095817997 0.3900610903330357 0.28268566917907656 0.39108694776010483 0.2777863272379118 0.3912177253471109 0.2719098323164964 0.3978203242262405 0.27128481716178376 0.40062126148916366 0.27267184966376157 0.40367361509326793 0.27519945750399655 0.4073947652700408 0.2777572598190367 0.40938607514377495 0.28090988281398455 0.4103062880576244
1 0.41080111643618916 0.4612401296803951 0.4173565938991559 0.4652478825016496 0.4196188730289174 0.4676666258363862 0.4245948282130246 0.4796497569854086 0.4277361282799205 0.48121866001289765 0.43611381087611667 0.4798508215756999 0.447238011254884 0.46966279111824416 0.4478818979563498 0.4657807036659216 0.4465288342385277 0.4607822797208989 0.4537546185684146 0.45939433482467196 0.4559791546046699 0.4639753785382069 0.4602308355350181 0.46794291844140334 0.4671044820393672 0.4702258575743765 0.4768880686842943 0.47082922255188386 0.4789152135783872 0.4702157187415453 0.48592850952870936 0.4644981464729643 0.49211939918215625 0.45638696394343314 0.49273686571816777 0.45401848675626955 0.49252815164795355 0.4494726293460355 0.4894472405306677 0.44444404571246904 0.4866278838145046 0.4409340989588187 0.4823535570280525 0.4382639392829013 0.48181157667905355 0.4363078157124683 0.483884013285354 0.4330995514475715 0.48278495534995347 0.43005222445822466 0.47168227377136 0.4225043651947761 0.4685145535390097 0.42244907243244595 0.4567868568057033 0.41770215043192066 0.4441688162072109 0.4144537588522825 0.44155439925191137 0.41570589954674597 0.43919776238838415 0.4186929071590054 0.436299145175858 0.4197237912008319 0.429687053072632 0.4189594889477748 0.4265004612935286 0.41998534637484397 0.4203171202587829 0.4276640688286154 0.4188772474258964 0.427638935754829 0.4134849911572907 0.42300259927896394 0.40777456584730276 0.4200910764913803 0.39396310957964414 0.41920110886939127 0.3893404192770048 0.41998560318479417 0.38898450714211624 0.423872717251874 0.39124301196252725 0.42650769062449034 0.3960857392634326 0.4296203636056819 0.3971810228894825 0.43288392063290876 0.388405910755541 0.44051740355386454 0.3877620240540751 0.44439949100618714 0.3885617844948464 0.4480904814944163 0.38996013992487605 0.45049414498488105 0.3973568952314709 0.4558143578776866 0.41080111643618916 0.4612401296803951
1 0.3553035396949929 0.48860618122401356 0.37877780470835853 0.49701887503566483 0.38975103271310096 0.49548004609340285 0.3975301203200387 0.49539953465396963 0.4010650756153294 0.4909190232355803 0.4058425126013443 0.4812690973671039 0.4081765036087678 0.47957946998212336 0.4150841188972724 0.479916338774178 0.4159820113811598 0.4779853482775313 0.4160159801653155 0.47603927793661266 0.411778452895032 0.47126087539136685 0.4115895539489086 0.46557981028226375 0.40468571296975453 0.4650267114523293 0.39515613210724926 0.4663744434304979 0.38824851681874467 0.4660375746384432 0.37710431783729426 0.46086824579167285 0.36730940826431535 0.46091357092780516 0.33960723523263503 0.4636744664793036 0.3282818694023547 0.46888417945076577 0.32651627890938467 0.47101632014102046 0.3285056807099714 0.47256511670948037 0.3353453584301648 0.47679412618337214 0.34537540223881225 0.47978104819231493 0.3553035396949929 0.48860618122401356