5 0.7451036866359446 0.6176470588235294 0.741647465437788 0.6176470588235294 0.7344470046082949 0.6195934256055364 0.7266705069124424 0.6241349480968859 0.7209101382488479 0.6299740484429066 0.7188940092165899 0.6368944636678201 0.7157258064516129 0.6425173010380624 0.7059331797235023 0.6498702422145329 0.7024769585253455 0.6544117647058825 0.7016129032258064 0.6580882352941176 0.7050691244239632 0.6632785467128028 0.7088133640552995 0.6656574394463668 0.7171658986175116 0.6678200692041523 0.7292626728110599 0.6663062283737025 0.7410714285714286 0.6624134948096886 0.7439516129032258 0.659385813148789 0.7459677419354838 0.6541955017301039 0.7511520737327189 0.6461937716262975 0.7557603686635945 0.6440311418685122 0.758352534562212 0.634515570934256 0.7580645161290323 0.6267301038062285 0.7554723502304148 0.6224048442906576 0.7497119815668203 0.6189446366782008 0.7451036866359446 0.6176470588235294
5 0.49308755760368667 0.6842560553633218 0.48847926267281105 0.684688581314879 0.4861751152073732 0.6855536332179931 0.4824308755760368 0.6890138408304499 0.48300691244239624 0.6955017301038062 0.48473502304147464 0.6993944636678202 0.49107142857142855 0.705233564013841 0.49452764976958524 0.7069636678200693 0.502016129032258 0.7086937716262977 0.5086405529953917 0.7073961937716263 0.5141129032258064 0.7041522491349481 0.5152649769585254 0.698529411764706 0.5120967741935484 0.6926903114186851 0.49913594470046085 0.6855536332179931 0.49308755760368667 0.6842560553633218
5 0.564516129032258 0.7067474048442908 0.5573156682027649 0.708044982698962 0.5547235023041475 0.7093425605536333 0.5521313364055299 0.7119377162629759 0.5504032258064516 0.7173442906574394 0.5558755760368663 0.7270761245674742 0.5576036866359446 0.7283737024221454 0.5648041474654378 0.7298875432525952 0.5717165898617511 0.7281574394463669 0.5777649769585254 0.7236159169550174 0.5794930875576036 0.7205882352941176 0.5786290322580645 0.7166955017301039 0.5769009216589861 0.71280276816609 0.5731566820276497 0.7093425605536333 0.564516129032258 0.7067474048442908
5 0.5221774193548387 0.7489186851211074 0.5144009216589861 0.7525951557093427 0.5129608294930875 0.7549740484429066 0.5129608294930875 0.7621107266435987 0.5144009216589861 0.7653546712802769 0.5192972350230415 0.7688148788927336 0.5299539170506912 0.7709775086505191 0.5331221198156681 0.7703287197231835 0.538594470046083 0.7655709342560554 0.5397465437788018 0.7618944636678202 0.5380184331797235 0.7584342560553634 0.5342741935483871 0.7530276816608997 0.5296658986175115 0.7495674740484429 0.5221774193548387 0.7489186851211074
5 0.4982718894009216 0.7482698961937717 0.4879032258064516 0.7508650519031143 0.4827188940092165 0.7538927335640139 0.4804147465437788 0.7577854671280277 0.4792626728110599 0.7618944636678202 0.4798387096774193 0.7655709342560554 0.4838709677419355 0.7698961937716263 0.4879032258064516 0.7714100346020761 0.4982718894009216 0.7716262975778547 0.5080645161290323 0.7698961937716263 0.51036866359447 0.7681660899653979 0.5129608294930875 0.7621107266435987 0.5129608294930875 0.7536764705882353 0.51036866359447 0.7515138408304499 0.502016129032258 0.7482698961937717 0.4982718894009216 0.7482698961937717
5 0.6201036866359446 0.8016868512110727 0.6126152073732719 0.8053633217993081 0.6088709677419354 0.8105536332179932 0.6080069124423962 0.8135813148788928 0.6117511520737328 0.8211505190311419 0.6203917050691243 0.8226643598615917 0.628168202764977 0.8192041522491349 0.6316244239631337 0.8142301038062284 0.6319124423963134 0.8060121107266436 0.6307603686635945 0.8036332179930797 0.627016129032258 0.8016868512110727 0.6201036866359446 0.8016868512110727
5 0.6330645161290323 0.8207179930795849 0.6261520737327189 0.8222318339100347 0.6221198156682027 0.8248269896193772 0.620679723502304 0.8274221453287198 0.6209677419354838 0.8319636678200693 0.6224078341013825 0.8349913494809689 0.6298963133640554 0.8380190311418685 0.6428571428571429 0.8375865051903115 0.6442972350230415 0.8349913494809689 0.643721198156682 0.8315311418685122 0.6419930875576038 0.8248269896193772 0.6373847926267281 0.8209342560553633 0.6330645161290323 0.8207179930795849
5 0.599078341013825 0.8403979238754327 0.594758064516129 0.8406141868512111 0.5895737327188939 0.8419117647058825 0.5846774193548387 0.8453719723183392 0.5826612903225806 0.855968858131488 0.5869815668202765 0.8600778546712803 0.5921658986175115 0.8631055363321799 0.5967741935483871 0.8646193771626299 0.6025345622119815 0.8650519031141869 0.606278801843318 0.8631055363321799 0.6140552995391705 0.8561851211072666 0.6137672811059908 0.8525086505190312 0.6068548387096774 0.8449394463667821 0.6022465437788018 0.8414792387543253 0.599078341013825 0.8403979238754327
5 0.5610599078341013 0.8395328719723183 0.5584677419354839 0.8423442906574395 0.5576036866359446 0.849264705882353 0.5587557603686636 0.8525086505190312 0.564516129032258 0.8572664359861593 0.5673963133640553 0.8581314878892734 0.5714285714285714 0.8585640138408305 0.5780529953917051 0.8574826989619379 0.5823732718894009 0.8546712802768166 0.5838133640552996 0.84969723183391 0.5835253456221199 0.8453719723183392 0.5748847926267281 0.83780276816609 0.5642281105990783 0.8382352941176471 0.5610599078341013 0.8395328719723183
5 0.6235599078341014 0.8680795847750865 0.6149193548387096 0.8704584775086506 0.6123271889400922 0.8728373702422146 0.611463133640553 0.8756487889273357 0.6117511520737328 0.8804065743944637 0.6137672811059908 0.8836505190311419 0.6195276497695852 0.8877595155709344 0.6232718894009217 0.888840830449827 0.6310483870967742 0.8875432525951558 0.6359447004608295 0.8834342560553633 0.6370967741935484 0.8732698961937716 0.6336405529953917 0.8700259515570934 0.6275921658986174 0.8680795847750865 0.6235599078341014 0.8680795847750865
4 0.5518433179723502 0.3948961937716263 0.5440668202764977 0.3910034602076125 0.5360023041474654 0.39121972318339104 0.5293778801843317 0.39359861591695505 0.521889400921659 0.4044117647058824 0.521889400921659 0.41046712802768165 0.5230414746543779 0.42149653979238755 0.5276497695852534 0.42928200692041524 0.5302419354838709 0.4312283737024222 0.536578341013825 0.43339100346020765 0.5449308755760368 0.43339100346020765 0.5544354838709677 0.43101211072664364 0.5639400921658986 0.4258217993079585 0.5659562211981567 0.42214532871972327 0.565668202764977 0.41933391003460213 0.5610599078341013 0.4072231833910035 0.5552995391705069 0.39814013840830453 0.5518433179723502 0.3948961937716263
3 0.5961981566820277 0.4591262975778547 0.5809331797235023 0.4582612456747405 0.5685483870967742 0.46237024221453293 0.565668202764977 0.46453287197231835 0.5601958525345622 0.4712370242214533 0.5567396313364055 0.47383217993079585 0.5544354838709677 0.4772923875432526 0.5538594470046083 0.48096885813148793 0.5573156682027649 0.48572664359861595 0.5633640552995391 0.48810553633218 0.5748847926267281 0.4907006920415225 0.5852534562211982 0.490484429065744 0.5996543778801844 0.48572664359861595 0.6080069124423962 0.48161764705882354 0.6111751152073733 0.4768598615916956 0.611463133640553 0.47058823529411764 0.606278801843318 0.46280276816608995 0.6025345622119815 0.46107266435986166 0.5961981566820277 0.4591262975778547
2 0.5754608294930875 0.3838667820069205 0.5694124423963134 0.3799740484429066 0.5648041474654378 0.3791089965397924 0.5573156682027649 0.37954152249134954 0.550979262672811 0.38256920415224915 0.5466589861751152 0.38667820069204156 0.5449308755760368 0.3905709342560554 0.5558755760368663 0.39900519031141873 0.5642281105990783 0.4156574394463668 0.567684331797235 0.42019896193771633 0.5786290322580645 0.4160899653979239 0.5829493087557603 0.4124134948096886 0.586405529953917 0.4035467128027682 0.5861175115207373 0.39359861591695505 0.5838133640552996 0.38862456747404844 0.581221198156682 0.38624567474048443 0.5754608294930875 0.3838667820069205
2 0.6442972350230415 0.4041955017301039 0.6376728110599078 0.4063581314878893 0.6232718894009217 0.4078719723183391 0.6160714285714286 0.41003460207612463 0.6039746543778801 0.41760380622837373 0.599078341013825 0.4253892733564014 0.5982142857142857 0.42863321799307963 0.6013824884792627 0.4355536332179931 0.6080069124423962 0.4439878892733565 0.6235599078341014 0.4485294117647059 0.6336405529953917 0.4472318339100346 0.6379608294930875 0.4452854671280277 0.6483294930875576 0.4359861591695502 0.6563940092165899 0.4236591695501731 0.6612903225806452 0.41846885813148793 0.6612903225806452 0.4126297577854672 0.6558179723502304 0.4057093425605537 0.6514976958525345 0.4035467128027682 0.6442972350230415 0.4041955017301039
2 0.5472350230414746 0.4422577854671281 0.5348502304147466 0.44117647058823534 0.5293778801843317 0.44160899653979246 0.521889400921659 0.4452854671280277 0.5175691244239631 0.44961072664359863 0.513536866359447 0.456098615916955 0.5138248847926267 0.46237024221453293 0.5161290322580645 0.47037197231833916 0.5192972350230415 0.47448096885813157 0.5296658986175115 0.4785899653979239 0.5455069124423962 0.4794550173010381 0.5515552995391705 0.4785899653979239 0.561347926267281 0.4712370242214533 0.5648041474654378 0.46518166089965407 0.5679723502304148 0.46345155709342567 0.5639400921658986 0.4565311418685122 0.5616359447004609 0.45285467128027684 0.5550115207373272 0.4463667820069205 0.5472350230414746 0.4422577854671281
2 0.8047235023041475 0.615484429065744 0.8004032258064516 0.6139705882352942 0.7839861751152074 0.6113754325259516 0.7762096774193548 0.6122404844290659 0.7658410138248848 0.6189446366782008 0.7606566820276498 0.6265138408304499 0.7600806451612903 0.6373269896193772 0.763536866359447 0.6505190311418685 0.761520737327189 0.6647923875432526 0.7623847926267281 0.666089965397924 0.7684331797235023 0.6671712802768167 0.7799539170506913 0.6667387543252595 0.8076036866359446 0.6552768166089966 0.8153801843317972 0.6479238754325259 0.8150921658986174 0.6414359861591696 0.8116359447004609 0.6241349480968859 0.808179723502304 0.6182958477508651 0.8047235023041475 0.615484429065744