2 0.6509864660090481 0.50271543106354 0.6510816781191406 0.5064019368967243 0.6530997095896239 0.511921691529812 0.6529232817884211 0.5207913956402692 0.6573102129481441 0.5251359404649671 0.6604401188124294 0.525949651170903 0.6742460570809257 0.5266731897364736 0.6800438046780152 0.5261107977592492 0.6847363307379458 0.5246242445220152 0.6928190842438199 0.5189841703083302 0.7024597924723451 0.5056295935592002 0.7030756477457545 0.49938163602761165 0.7004597321881426 0.49426366714406456 0.6963038330941599 0.49101402901391455 0.690388236727703 0.48832184834772735 0.6621605049173013 0.49312272874817464 0.6541343430596137 0.4976829699874277 0.6509864660090481 0.50271543106354
2 0.6613519838397404 0.2223806516941776 0.6603646110719488 0.2247110630775795 0.6606502474022268 0.2357705805771325 0.6648174648258468 0.2388042521123961 0.6803151903889932 0.2402661327833223 0.6840995719885936 0.23959822476528553 0.6873652978085266 0.23782033633258476 0.6910837568139521 0.22740378410442919 0.6925578177561481 0.21578680914091336 0.6915544611857252 0.21291894852692644 0.6850522990617771 0.2104125870153934 0.6792771881239623 0.21054304580284508 0.6733323022415878 0.21391300351359227 0.6657908411746558 0.22023112495216832 0.6613519838397404 0.2223806516941776
2 0.605393751283843 0.101422933936038 0.5992018495330965 0.09849971295484847 0.5948941466808346 0.09264340196594593 0.5926497486176052 0.09144297923058567 0.5893500678087603 0.09386876744794544 0.5864671778128471 0.09934823543394655 0.5860936729348156 0.10647513306519682 0.5870743928459639 0.1097749268689566 0.5903221474796163 0.11384321021830393 0.5956172230996698 0.1173691098238046 0.6085649556993793 0.12346166582130236 0.6123040639804305 0.12365762418281108 0.6166976479967967 0.12237196382034718 0.6209507465845212 0.11826366400424457 0.622993402097928 0.1123070416681227 0.6221767979665207 0.10587573223851048 0.6229840711519398 0.10147856448357198 0.6168374427197426 0.09769147712283681 0.615308777513009 0.09934384128134761 0.6105822964641664 0.1014782943032408 0.605393751283843 0.101422933936038
3 0.3678451495521727 0.7763342283040211 0.36527718540245513 0.7868110754126408 0.35916252457552095 0.7934205320466836 0.3598942412346483 0.8014715909379433 0.35869182020374785 0.8079053676241864 0.3591086110166794 0.8109590473928276 0.3612285074538985 0.8145351026719381 0.37368488640620934 0.8244999836572744 0.3771137343140588 0.8251128014884399 0.3878689950257312 0.8235108631838701 0.3908018238131879 0.822581767410599 0.39589515688341875 0.8189506219446171 0.4008366861953703 0.812712803619883 0.4059253537926071 0.8036674195616259 0.4060724920778922 0.8008598538281031 0.39884794424080494 0.8011309106098607 0.3911793034585174 0.7933659822204747 0.38528167827834114 0.7848276297722394 0.3802875320855011 0.7700563935125315 0.3735476850391694 0.7720853304936124 0.3678451495521727 0.7763342283040211
3 0.6681606857699093 0.5272205079935819 0.6591877589899855 0.5278330556444161 0.6567849043118336 0.529656165237465 0.6532135835916932 0.5372651517320977 0.6468678906990185 0.5427797016715925 0.644052910680929 0.5469633700882753 0.6448072639993311 0.5545824957897626 0.6464311413161574 0.5566166374644361 0.655075836536599 0.5622671210653067 0.6618429857151994 0.5652204894867285 0.6687006815308983 0.5664461251490592 0.675694197302245 0.5650801616727537 0.6801896462853472 0.5618508019563127 0.6849680535093824 0.5532222773677122 0.6854367704975063 0.5497818855696464 0.6812375854686233 0.5363516700396049 0.6819373345224877 0.534006184936087 0.6846164945849296 0.5324141156580404 0.6850852115730535 0.5289737238599745 0.6816790003244786 0.5279289728390365 0.6681606857699093 0.5272205079935819
3 0.5739586056468433 0.5361434110285915 0.5755645117773891 0.5440237244853133 0.5795959092453613 0.5496489951592134 0.5926455068118066 0.5537978518027338 0.5975124732892912 0.5544860382344795 0.6038515133253227 0.5546016934821463 0.6119955239523774 0.553296024886305 0.6184270980091565 0.5406395035954439 0.6180895355036862 0.536074057662598 0.6153104978581576 0.5285653825151847 0.6077483875156 0.5242709933640967 0.5951948090695477 0.5216640503250128 0.5870507984424929 0.5229697189208543 0.5790359549144427 0.5273139935652209 0.5739586056468433 0.5361434110285915
3 0.6983928891371907 0.25853832590189146 0.7021366628912358 0.2641485228556756 0.7245599942479053 0.26554023961961415 0.7268836206185959 0.26522889619076995 0.7286999095392566 0.2635916057523752 0.7291912631866552 0.25971928076453665 0.7274042637819125 0.2552944328259969 0.7228315738749982 0.24899111492720558 0.7172262378817431 0.24588207479136162 0.702573412274097 0.25031158706283174 0.698585300741025 0.2548668937888231 0.6983928891371907 0.25853832590189146
3 0.69193997509909 0.2330792104519391 0.6908507373645626 0.23735332118931834 0.6938448232732 0.2407586310338905 0.6994614775960925 0.24365170457484808 0.7030081742733091 0.247519095049425 0.7104750725057741 0.24812697836732886 0.7133852646339561 0.24762981578383023 0.7166736271131636 0.24541999416135685 0.7218188863585869 0.23529477712866798 0.7222876033467109 0.23185438533060204 0.7210305780512729 0.22832355121183984 0.71884277163623 0.22604329550204777 0.7140323968069321 0.2242752760958703 0.7082686041987547 0.22418976828843545 0.6938015373383 0.23057805363399897 0.69193997509909 0.2330792104519391
5 0.3251710001569415 0.7981359046396961 0.32180340937027274 0.8018574924263742 0.3178086449805575 0.8120430043395274 0.31696642311440215 0.8226102937688434 0.3202707693962411 0.8255987441437588 0.3223567108445481 0.8298226992075282 0.3314361680642019 0.8326806907949923 0.3352205496638024 0.8320127827769556 0.3378997097262439 0.830420713498909 0.3520471852675089 0.8136208104384515 0.3542303262095576 0.8104868275559685 0.35536483726263424 0.8053488504390437 0.35591278255821945 0.8003966924767733 0.35475762222951723 0.7949221590040336 0.3520737966940815 0.7910999896898048 0.34814892966583927 0.7889452582542027 0.34063675811482513 0.7892012413158443 0.3335413773767425 0.7925109041461275 0.3251710001569415 0.7981359046396961
5 0.43321832971610597 0.8222060051290224 0.4314133591250827 0.8236273289725309 0.4317282849712784 0.8286247080951495 0.4387877233368001 0.8370073888289626 0.44325388280398437 0.8398401674894558 0.44954764952146664 0.8408196891166682 0.45249179663856054 0.8396746267485107 0.45725223267631526 0.8368922739419581 0.4594580102776386 0.8333263578697023 0.4599267272657627 0.8298859660716366 0.45754849663053443 0.8202326986954755 0.45420552988678925 0.8124779095129441 0.4507200903307532 0.8129449246562104 0.44911219681655845 0.8161090549789257 0.4436859667138514 0.820588993104337 0.43321832971610597 0.8222060051290224
5 0.4213657970018708 0.7787060070558347 0.4157811102842414 0.786209477509655 0.41215985077255757 0.7892680917915578 0.4114261467297811 0.7922614766797349 0.4156479684179387 0.8052597590200037 0.419357787183072 0.8115178557584468 0.4273819616571105 0.8180020582986309 0.4294792214350549 0.8220100467675138 0.43282884103544317 0.8241346307628838 0.43786558245748736 0.8215833182713339 0.4433077963628259 0.8223016521433119 0.45091716740758175 0.8146877311354175 0.4515103860217162 0.8088717067936017 0.4504457723301126 0.8016694405617709 0.4481967087938889 0.7950547792341356 0.4418596561415066 0.7838946802070316 0.4348162015786164 0.7807102714706075 0.42511622361255935 0.778685998822457 0.4213657970018708 0.7787060070558347
5 0.3587376994945541 0.7409908051629055 0.35861786334153767 0.7487806762989309 0.36127905221769885 0.7530347788029325 0.36601019873953555 0.7563145643733145 0.3702113711520676 0.7587003361239191 0.3770803852974038 0.7597100051913634 0.38410785605766246 0.7576961419303988 0.39304216237568024 0.7523172554719484 0.3952139849880916 0.7493992391843516 0.3962805860633444 0.7455570616367451 0.39688512300711626 0.7395250707000428 0.3936486867031011 0.7352408207558092 0.3858215893058911 0.7304994246948322 0.37859704146880396 0.73077048147659 0.3648297236622136 0.7348132817186355 0.3612537374690791 0.7370080296209929 0.3587376994945541 0.7409908051629055
5 0.8049083541614588 0.4274066264926364 0.7989747866087215 0.4305606176084972 0.7948848101089137 0.43705962368846596 0.7949687038893689 0.4409620961165367 0.7982437606552902 0.45001268486838664 0.8037132766928975 0.4557133241428669 0.806820545897908 0.4569589680385754 0.8164253117538725 0.45529673485354144 0.8220712555926827 0.4521276700175646 0.8264149008175057 0.44629163744237105 0.8274815018927584 0.44244945989476453 0.8260953094983157 0.43588001972747714 0.821798924975691 0.4298077421436883 0.8158720102795971 0.4273315280723874 0.8112021208789411 0.42838614811984865 0.8078072279600033 0.4271254305040243 0.8049083541614588 0.4274066264926364
5 0.8258389626839555 0.41875836385098975 0.8230239826658661 0.42294203226767263 0.8224420823813687 0.4285420900146021 0.8297824916041743 0.44257004965569297 0.8358272550696357 0.44830083637040535 0.8434799120492917 0.4508674927624027 0.8484261068342374 0.45004391302994373 0.8550820601001137 0.44411250362079224 0.857355747679261 0.43925078797921807 0.8593757665333932 0.4337260988328688 0.8572558700961743 0.43015004355375847 0.8466157800645242 0.4185478721300274 0.8435424658484255 0.4166543284496599 0.8360868859455979 0.4158304785368697 0.8300015146345814 0.41637779679397796 0.8258389626839555 0.41875836385098975
5 0.870418650958993 0.43213923424841527 0.8674631855122614 0.4335002632114593 0.8639031831217585 0.44089328311120557 0.8631015691011582 0.4451824675687009 0.8640822890123065 0.44848226137246067 0.8681363231395531 0.45367559885658804 0.8728561513317526 0.4571713510218564 0.8845242219767495 0.46016500609036476 0.8902993329145644 0.46003454730291315 0.8950710872819563 0.45703622790147447 0.8970005594989899 0.4532392715142161 0.8969166657185346 0.44933679908614543 0.8951523029730666 0.444480017957833 0.8895309831771799 0.4361727058246001 0.8844895762821416 0.43330977972387463 0.8744793379428829 0.43170236654538086 0.870418650958993 0.43213923424841527
5 0.8915163563367041 0.40379279031176074 0.8878611418361084 0.4074993043783227 0.886264566651551 0.4104474681061515 0.8867765695745751 0.41718765370797717 0.8886201606275046 0.4205326686720851 0.8917047931732405 0.4222102457575664 0.8984832606814782 0.4249476475841017 0.9027862980607461 0.42538971998072894 0.9095874022282585 0.4276951886174915 0.9199079009407187 0.4288857423263287 0.9231057167828279 0.4284036534629461 0.9270938283158999 0.4238483467369547 0.9274786515235688 0.4165054825108182 0.9247835076584956 0.41289927979147567 0.9189584579291372 0.4084793663661975 0.9102458527308718 0.40412468233464505 0.9034334302337221 0.40203518029276886 0.8965530977587484 0.40124147782021086 0.8915163563367041 0.40379279031176074
5 0.8706982404048844 0.3827782608533944 0.8702295234167605 0.3862186526514603 0.8720731144696897 0.3895636676155683 0.879911530196537 0.39408909708165873 0.8924424719833152 0.39712797331051525 0.9005978009400071 0.39560633811978757 0.9048395811980943 0.39171400489857133 0.9049594173511105 0.38392413376254597 0.9011703702785159 0.3791778031883074 0.891076238158802 0.3736679175817429 0.8859669212859398 0.3721007910503357 0.8833783078605967 0.3719651275692912 0.8766271424846275 0.37421003114525836 0.8706982404048844 0.3827782608533944
5 0.7239602075105668 0.3705402913814764 0.7236998859289085 0.37550752306386287 0.7241279950714775 0.3783452362376179 0.7271107626504774 0.38196651267707643 0.7360497344414895 0.3820018648109014 0.7418927553571281 0.3805756064541316 0.743974031332441 0.37938532292562566 0.7461911272634018 0.37560344025848347 0.7476312332166858 0.36463436507962677 0.7463176162730611 0.3621833639352964 0.7421503988494412 0.3591496924000328 0.739308116699083 0.3583510554142132 0.736397924570901 0.35884821799771166 0.7263131233971751 0.36416680957569775 0.7239602075105668 0.3705402913814764
5 0.6547592750786937 0.22160202294173562 0.658142849667994 0.2230787071524465 0.6622148549815213 0.2224258728545258 0.6723902027923455 0.2153795485174487 0.6751599094918858 0.21205974648031128 0.6755220960402798 0.20514881544394736 0.6700073066841232 0.20031204254901253 0.6633806429341648 0.20018131358122973 0.6585975702371356 0.20339559957755465 0.6541860150344887 0.2105274317220665 0.6547592750786937 0.22160202294173562
5 0.5948715100215599 0.09307533515571871 0.596991406458779 0.09665139043482904 0.6019535850463562 0.10102608269975918 0.6053597962949311 0.10207083372069717 0.6102720360909648 0.10189515377289737 0.6149985171398075 0.09976070075100427 0.6186537316404033 0.0960541866844423 0.6193421623646305 0.09392466817581066 0.6183501241238447 0.09084084096693727 0.6142734533373232 0.0860794366725827 0.6038011508665837 0.08228221010499315 0.6003043929809102 0.08296519184314581 0.5969820755127908 0.08582291325027835 0.5948715100215599 0.09307533515571871
5 0.3831432175207677 0.13222099064498427 0.38498680857369705 0.13556600560909216 0.3907892216437806 0.14041785222414327 0.3956222331323531 0.14175393844054796 0.4020291831462085 0.14057379411889656 0.40645672215148687 0.13864023397177366 0.40836355770924593 0.1352752107742881 0.4091718245864894 0.12535582112963115 0.4016889425513931 0.11954966581433842 0.3973972235017626 0.11889162682282498 0.3895747915775468 0.11956446935412317 0.38392884773873653 0.1227335341901001 0.38257462294955685 0.12656063801759063 0.3831432175207677 0.13222099064498427
5 0.346161581960849 0.11144216583455094 0.3476949126405767 0.11520404026831539 0.35154055136135776 0.11887053786812211 0.35583227041098825 0.11952857685963578 0.3653804446187661 0.11894617664903376 0.3692214178665531 0.1171984356565651 0.37078403806219856 0.11489817171339527 0.3700296847437966 0.10727904601190823 0.366274592660114 0.10188481565301051 0.36315600512546614 0.10085513835218837 0.35624171766158064 0.10070933566428945 0.3512389312284484 0.1026127483711802 0.3488247582206591 0.10465182455911552 0.346161581960849 0.11144216583455094
5 0.32575161660166874 0.11015596511142464 0.32764048097314724 0.11263711369598703 0.3346839355360373 0.11582152243241128 0.3428845378112787 0.11343602086213793 0.345586334532995 0.1114120183943188 0.3482495107928051 0.1046216771188834 0.3472801092112941 0.10110591672023728 0.3372245975534861 0.10036236992128891 0.33155135158240717 0.0985491293547633 0.32780092497171875 0.09856913758814097 0.32495198996471736 0.10340070578948293 0.32575161660166874 0.11015596511142464
5 0.3272549670597825 0.09247685177097438 0.32788015327917996 0.09705737142393622 0.328962738157064 0.09841346587371876 0.3349122895124327 0.10045774675524685 0.3452214698952559 0.10186426705897027 0.3508900503933406 0.09826326903322058 0.3534739983456895 0.09298469392199 0.35342405955414613 0.08843432170926002 0.35005845615112646 0.08111146571650121 0.3455470233653928 0.07914255343555343 0.3394956070432883 0.07904197190800248 0.33355072116091383 0.08241192961874963 0.3283215681350352 0.08863467422336777 0.3272549670597825 0.09247685177097438
5 0.3638777001329092 0.07057459390774845 0.3699111452687332 0.0765213472173473 0.3779306542697775 0.07759131116525601 0.3849468067003988 0.07579341449917765 0.3895780756391488 0.06997245564409997 0.38983839722080704 0.06500522396171346 0.3868669479714443 0.06116798092736877 0.38213580144960757 0.057888195356986485 0.37554309268856106 0.0571095666045446 0.36809217825872753 0.06169995528402979 0.3646566774942349 0.06671734264002609 0.3638777001329092 0.07057459390774845