5 0.2526508975305447 0.5733395670248262 0.2590603631102327 0.5753323002466723 0.2677974147716101 0.5752498828848636 0.2752001139870425 0.5701753915676802 0.2833251649375617 0.5599611005857483 0.285353202004735 0.5558783562908542 0.2868280034638707 0.5453845986419924 0.2854936510179257 0.5403925246866179 0.28297257432063855 0.5376359389888152 0.2794453613057811 0.5358298916323975 0.273546130663343 0.534345643886239 0.2689525853529912 0.533918451509935 0.2574078106616365 0.5353533756603464 0.2543148721740723 0.5366657980304698 0.250290326903791 0.5404679513960089 0.24881552544465535 0.5509617090448706 0.2489746254459809 0.5684551343603463 0.25112019271879527 0.5718141105977632 0.2526508975305447 0.5733395670248262
5 0.21020394939640757 0.5525236320252704 0.21764964928262787 0.5533516685863672 0.22428556521708215 0.5516636259605371 0.2291356588711621 0.5481958841698003 0.2326356356472643 0.5419177360358135 0.23280618264941685 0.5262177461122126 0.22863400918453256 0.5227923372648053 0.22663750098142454 0.5225117463354503 0.20869759426731105 0.5239214465567756 0.2006184057377864 0.5317399116072185 0.19959507411308006 0.5390212944656123 0.2009896225369491 0.5435850517822578 0.2038704442266762 0.5479209145525707 0.21020394939640757 0.5525236320252704
5 0.16077996651761556 0.521336441157141 0.16960731214587885 0.5206115488372386 0.18338937895203727 0.5177439490612661 0.19356970320848504 0.5115311092748446 0.1955074463087725 0.5080908399380439 0.19598901413216374 0.5046643068282115 0.19363419181171906 0.4986552619214618 0.18329190580373897 0.4956730302021767 0.17559108844889385 0.494590750903236 0.16566731253617434 0.49690865652261673 0.15638849707348174 0.5008459236329869 0.15110269801700518 0.5053443726020671 0.14884964147016888 0.5089587158397528 0.14835230921474496 0.5145669165617098 0.1494774066130598 0.5169089218477515 0.15370977605586802 0.5199060140564298 0.16077996651761556 0.521336441157141
5 0.2581172349090018 0.4806376114563474 0.25955907662896877 0.47865636593661937 0.2577589207916651 0.4749091574789527 0.25340615939300903 0.4727686985477324 0.25065863234095564 0.4736928886976061 0.2505826719309991 0.47630287294845963 0.2511373384141401 0.4785647093975428 0.2550543944103995 0.4817358755071064 0.2581172349090018 0.4806376114563474
5 0.23461492373734072 0.5050698931405719 0.24510913056523392 0.5028321563581498 0.25239143782481854 0.49861429831842463 0.2522137116412535 0.4916008944248428 0.2486434979556082 0.48389231919014486 0.24723461597480995 0.4773610525807392 0.2426582659715943 0.47060301568742624 0.24024181679812234 0.4691714643242901 0.23829117101600894 0.466495047463446 0.23339807669114113 0.4640602613759027 0.22914851194119684 0.46739401368423356 0.22399600752239404 0.47715251557350014 0.22123271603830794 0.4802583733354983 0.2189036990815151 0.48648270082403766 0.2187360138295693 0.49388433693786943 0.22056626765583487 0.49741738707617167 0.22709469431626722 0.502702663925444 0.23461492373734072 0.5050698931405719
5 0.2741422677185862 0.37282207175206394 0.2815879676048064 0.3736501083131608 0.2911362340930531 0.3719345932333944 0.2954459948209214 0.36817252428633446 0.29818205006625226 0.35698247103393177 0.29677316808545395 0.3504512044245262 0.29426785582019954 0.3455129511145991 0.28565262698977323 0.34058955829406506 0.2749047335683585 0.33842387543375885 0.27253271594077777 0.33874567504401815 0.2640622535547478 0.34934819824619984 0.26363945083417717 0.3564955916221878 0.2644478039108397 0.36316084771399926 0.2665030772167682 0.3671622989095098 0.2741422677185862 0.37282207175206394
5 0.32210861963948295 0.36471289741044055 0.32301155930834147 0.3582881478295047 0.32121140347103794 0.35454093937183806 0.31169752759706315 0.34359476541758627 0.3066095117814943 0.34047741995347003 0.2998990663121869 0.3406262699252692 0.29570969754016646 0.34353170559487095 0.2991738528268933 0.35406442339978683 0.296046523725057 0.3680385348039287 0.31030729660439993 0.37004275572789275 0.3165376051254195 0.36917126196104133 0.32210861963948295 0.36471289741044055
4 0.40123959048857305 0.6625778888234448 0.41332469810613953 0.6614372918293566 0.42282567129828835 0.6662667795859638 0.4368614246979684 0.6678025994527196 0.4483761014003611 0.6665818336216727 0.44996843306513784 0.663529796505122 0.4474473563678507 0.6607732108073192 0.4419537331388472 0.658472414202182 0.4421085157089671 0.6449540918907057 0.4407139672850982 0.6403903345740602 0.427383370313369 0.640045559559565 0.4217392571395558 0.6388155545512502 0.41160765705430935 0.6343342145964135 0.402827604722144 0.6285141040799421 0.39937492124213975 0.6282472493775553 0.3922287703704357 0.6294268065276978 0.3782503511984729 0.6357610238319821 0.3748564328212892 0.6392150293957508 0.3746142180344902 0.6450774728555515 0.37854560758767886 0.6502161482578751 0.3956857712816456 0.6607054088570367 0.40123959048857305 0.6625778888234448
4 0.5578945196825088 0.6509625026907649 0.5675158848305055 0.654935357169914 0.5777392097577412 0.6546250452617726 0.5889844354345797 0.651182527400122 0.5958768997127623 0.645599550607251 0.6052503017676508 0.6285722778241336 0.6061374770044766 0.6243291958553223 0.605614339385401 0.6177040241819902 0.6017589102421688 0.6099553645288129 0.5953809735265462 0.6035992960827178 0.5795307307326333 0.5963487584655354 0.5655394088788446 0.5965662895721751 0.5609902951143841 0.5978924481692667 0.55499647787975 0.6094982060958555 0.5443804482209057 0.6167417530606201 0.5437928219985959 0.6229924287406707 0.5480208988160941 0.6384370516640028 0.5528366018559019 0.6476309989072843 0.5578945196825088 0.6509625026907649
4 0.42483217082122443 0.5940438538395212 0.4357907501653727 0.5947104284642758 0.4385081792284643 0.5940003966337668 0.449420896151618 0.5970627971900104 0.4635770415071458 0.597741983779308 0.4686664881978181 0.5967101523385395 0.4766840498743153 0.5934691808317104 0.47938714538047755 0.5907916397084413 0.48626384522662736 0.5873903305276948 0.4911297033127401 0.5817409211248336 0.4932652296539352 0.5706848573548368 0.487473488285519 0.5622272901335756 0.48276098189442285 0.5585075541298451 0.47567645787574603 0.5551096177363741 0.46600923030675484 0.5535325891887138 0.44505234551503364 0.553644727529309 0.4375607832078189 0.5552125168997013 0.42787636033169163 0.5599663328690503 0.42218638473688375 0.5611321537922247 0.4191378777952107 0.5641979271357436 0.4163287238901302 0.5696996108292308 0.4122740806308868 0.5737159225141345 0.41114612148236535 0.5796722710378621 0.41369586529351104 0.5863638753211846 0.4215299772860298 0.5927062075403117 0.42483217082122443 0.5940438538395212
4 0.721564968413517 0.2769349259451413 0.7289949038677046 0.2799446301183626 0.7470236736736006 0.2820416318438283 0.7573989194207493 0.27651135143397976 0.7619179351962477 0.2753993511562527 0.7671593027068332 0.2691475512137771 0.7692031042060391 0.2628831393067585 0.7699412203731586 0.2555616720298852 0.7693435532192298 0.24739730770252208 0.7667336134301601 0.24113402005792847 0.7580295215079513 0.23270392529060363 0.7534517406296324 0.23009506530217508 0.7393557912520285 0.22898756207414833 0.7270155661658371 0.2298739163303928 0.7138168329566782 0.23893837114096866 0.711338756930179 0.2420843133214461 0.7087503298794512 0.26050192878679534 0.7127705825244225 0.26914730613590987 0.7165070505869101 0.2736034221616605 0.721564968413517 0.2769349259451413
4 0.8329466002610989 0.2563361330234019 0.8417366935248835 0.276571283547287 0.8447379071704584 0.2800505130401417 0.8477548852480661 0.28134807492087194 0.8581129356880789 0.2821486390280325 0.8662953208663151 0.2798043852171407 0.8705147876272976 0.2766847912281743 0.8766891927957035 0.26379408338539834 0.8805790125532077 0.25888105400455735 0.8867204579824447 0.25450285829091507 0.8888531225734333 0.25174514833068734 0.8911104717455796 0.2356832743783479 0.8903608837717375 0.23273887855269176 0.8875846896058258 0.22972805011704547 0.8816109294285341 0.22670460971685596 0.8773341284398347 0.22195416653478225 0.8748875812774008 0.22073677349101048 0.86391323750122 0.2222518664783805 0.8490963672636322 0.22213498601021783 0.8404639431260701 0.22354243770669316 0.8236333693782388 0.22947581082618465 0.819879706008615 0.23135053931744293 0.8196833536428108 0.23481715684575466 0.8233109015561733 0.2503957692514927 0.8266876246262209 0.2532726082047331 0.8329466002610989 0.2563361330234019
4 0.5293425534582185 0.08219760072132738 0.5290587688757349 0.0780083393979635 0.5252463404032907 0.07616220762306644 0.5187910124026079 0.07656530033270936 0.5134306838112783 0.07952455664775852 0.5133547234013217 0.08213454089861214 0.5165967209585923 0.08390050383655065 0.5261593210037684 0.08415249804954446 0.5293425534582185 0.08219760072132738
4 0.4913057009504545 0.07139216182403194 0.4989018907814845 0.0711494067883061 0.5085404512366172 0.06879141675044612 0.5131941925248927 0.068790292488021 0.5184943251382987 0.0662593528117009 0.5200565588141133 0.06342147401451462 0.5183638922508316 0.05270094608174523 0.5140584241482735 0.044015484314151455 0.5102316621189 0.04020184324649438 0.499859278121958 0.03743376984657383 0.4940345770143731 0.03748871475444622 0.48798342555202173 0.041224435509995064 0.4841982333183326 0.04746249922550261 0.48327952921744133 0.05606891641856269 0.485197215260386 0.06725784540854055 0.4874330765000863 0.06997434668786395 0.4913057009504545 0.07139216182403194
4 0.5537936667197327 0.048944743524678015 0.5595882698383556 0.04910395693617016 0.5865404027398142 0.03323688376410159 0.5967938256560118 0.03271241353659571 0.6139067531112233 0.03511747864535266 0.6152282028753425 0.03399286640308254 0.6157398686876957 0.030352174973885582 0.6131313597737293 0.019939710424407498 0.6073238539732805 0.013663810815271038 0.6060640310621885 0.010210929513927259 0.578968562591437 0.006402909758395481 0.5784425632221546 0.008076091894832337 0.5692698061583805 0.009189216434984626 0.5552455245654232 0.01791925967075807 0.5515061947527287 0.021761497454776447 0.5480062179766264 0.02803964558876313 0.5473282977874309 0.03493279622690722 0.5485866898234193 0.04253485443313556 0.5510920020886738 0.04747310774306266 0.5537936667197327 0.048944743524678015
2 0.382294953526097 0.6173296721396647 0.392650142215903 0.6264285900565943 0.39715339355936885 0.627498257390992 0.40329340811350256 0.6272692385822343 0.4113525395856844 0.6340799718585697 0.41951772945678484 0.6380665625646869 0.4251317446416361 0.6395107258923662 0.43289275797440513 0.6401646885525777 0.43946847793093546 0.6389049625654766 0.4446783165774556 0.6370164978472501 0.45122536942012736 0.6318217532746291 0.45223436748790447 0.6225728611234751 0.4553301677256754 0.6129620849435826 0.4555422845235125 0.6073137998031463 0.45216699232856816 0.6002877839450212 0.44295123459400615 0.5954983806068933 0.437277023431231 0.5944825339179431 0.42480207283226246 0.5942580121588856 0.4121493960497289 0.5870200865062463 0.404493010240775 0.5876911581807012 0.37667375915983325 0.5931721149948027 0.37056241171955806 0.5973361523890804 0.36758843431273824 0.6019411183866302 0.36745227792485785 0.6049794192762129 0.370497923116324 0.6102119997424632 0.37600587990225687 0.6144803056403605 0.382294953526097 0.6173296721396647