5 0.25944490973907197 0.5987606584173968 0.26813518309880513 0.5941485610127708 0.2723182123927666 0.5885526431081596 0.2731034945104696 0.5845091125743943 0.27095043635645244 0.5725137150968334 0.26756099138696676 0.5684710293490761 0.2641122525578899 0.5668752668423347 0.2604939343568125 0.5670252009400378 0.2570418746450266 0.5676674676807377 0.2505245847355654 0.570846787078277 0.247735898539591 0.5745773990146845 0.24404832383079506 0.5838883440957273 0.2445437784159606 0.5876033712721588 0.24909703281048703 0.5950923855208933 0.25410305234413333 0.5975532039498689 0.25944490973907197 0.5987606584173968
5 0.22107594277636194 0.5728072911783529 0.22608528319271745 0.5730300803598873 0.24424447026446866 0.5642384135117526 0.24642077459744968 0.5605676062572248 0.24837982878832082 0.5532563164821129 0.24721767980463466 0.548690973357415 0.2422166415950519 0.5428731110572775 0.23192307720199445 0.5401149587909201 0.22173813787999194 0.5391770477848545 0.217115626977747 0.5408490445194596 0.21360427340636995 0.5439382345011754 0.2099660299090378 0.557516344083526 0.2106787346363132 0.5648718537805416 0.21462292805055547 0.5701826434637145 0.22107594277636194 0.5728072911783529
5 0.18468381283025034 0.5650710765161971 0.19258548318957142 0.5667405388927779 0.19692812920740616 0.5661130121260458 0.20857002636969613 0.5605006646754505 0.21115308551304235 0.5452964678524146 0.20331236945466702 0.5400610676110973 0.20002988911488181 0.5389576377473526 0.19240144187455266 0.5407197638977813 0.18042204640961595 0.548704489933545 0.17657319453559217 0.5541660585004291 0.17673447170082004 0.5580154350145878 0.18057170048536197 0.560386968813748 0.1813470199549376 0.5630575260223065 0.18468381283025034 0.5650710765161971
5 0.18327334734789053 0.5402889255086804 0.19034206481939933 0.540615739293998 0.1976923076166729 0.5387790684877218 0.2012020007466954 0.5368088931297267 0.20455041671149 0.530989341257573 0.2046673439893177 0.527214509399262 0.20250266274581857 0.5230522142877454 0.1982786044471661 0.5187858945724456 0.19254991753811704 0.5156836541887782 0.1851486830880251 0.5143721751174672 0.17484515604684028 0.5183281105934334 0.1672677004593295 0.5232383866214493 0.16564946545381423 0.5259392685639515 0.16508641480228478 0.530266237747139 0.167583613024367 0.535413198144649 0.17147681478579102 0.5375758379502347 0.18327334734789053 0.5402889255086804
5 0.2296236858549403 0.5141990531857148 0.23641253844203902 0.5155703369389056 0.25478731521454556 0.5115381672350756 0.25824601669174974 0.5064198419994932 0.2589786467152798 0.5003471762118611 0.25608963765502335 0.49666247376937356 0.2484151800859395 0.491919406171053 0.24518867272303627 0.49060708231373373 0.23828787418217362 0.4896535865476923 0.2333328463013456 0.4903409179963039 0.22670527087947484 0.49281901075727175 0.21890392338443587 0.4985648627595861 0.21878865654796273 0.5012206799941767 0.22045124144087808 0.5061440064241441 0.2252300481842872 0.5116784300748596 0.2296236858549403 0.5141990531857148
5 0.5054080073737837 0.6066782677466891 0.5113589257490064 0.6100639467797785 0.5184259827791606 0.6115097751888168 0.5257185921581976 0.6110010129998359 0.5309534849234357 0.6092692115833511 0.5356912626621538 0.6049413976141554 0.537209174803387 0.5948252012927582 0.5339416384357929 0.5836506398155278 0.5306065060018346 0.5805180746979166 0.5222620331515209 0.5771627203987709 0.5153119033991945 0.5719420601314216 0.5049063930523728 0.5696016958522133 0.5001192841021911 0.569662345320101 0.4973339187889258 0.5711549280090672 0.49287434549326326 0.5755572866341103 0.49047248881139954 0.5811826844866574 0.4910749080262654 0.5878369675471016 0.4937367042962847 0.594595275211329 0.4974026932674714 0.5998315202386544 0.5054080073737837 0.6066782677466891
5 0.41934915337073714 0.5717525962160337 0.42691332542741145 0.575794437177783 0.43086416060707194 0.5766291683660734 0.44328137723893757 0.5736873781240363 0.45526077270387433 0.5657026520882725 0.456451149190588 0.5512447466097197 0.45456633283149905 0.54603798153033 0.4510106293727218 0.5415029631395761 0.4483965038728119 0.5401308346003771 0.43303928652787144 0.5362397725223393 0.4276957686915782 0.5361513326785321 0.41755850013968504 0.540599600797495 0.41153832525674383 0.5463749327477452 0.4106970701621588 0.5506273572750853 0.41179826484489934 0.5587586382645195 0.41579178947060547 0.5683365924490004 0.41934915337073714 0.5717525962160337
5 0.5610050281266779 0.5761253873307925 0.5659007621479148 0.5778849791231968 0.5773071443131947 0.5809413100129444 0.5863792658629748 0.5815810423956198 0.5968490513934512 0.5781174395626503 0.599692050124953 0.5752969482563888 0.6009267764990668 0.5684632511503057 0.6001531174708458 0.5646736793180267 0.5909839939394926 0.5543806033090148 0.5856997699627906 0.5518452402241917 0.5715673163438366 0.5478345687823947 0.5629379972850492 0.5488807283222841 0.5539152069467328 0.5525081604409163 0.5506820578184115 0.5556718950784796 0.5495625982807708 0.5598497749499721 0.5506128013106929 0.5648329060618192 0.5557784375682127 0.5722621156286741 0.5610050281266779 0.5761253873307925
5 0.46708601479817435 0.5115548878305408 0.47292830810234215 0.5131203256033383 0.4772726145615313 0.5113737842128858 0.4867448491562586 0.5049561855219358 0.4894215893984687 0.5016433615726774 0.49098883275116567 0.4957943297525881 0.49010820909324415 0.4890655020362963 0.48722252091569673 0.48314277034636743 0.47293211101422405 0.4730446931429704 0.4669778717562923 0.47189704335732213 0.4556224812438308 0.47198886234516185 0.4488286473326684 0.47397462246313304 0.44158370872374075 0.47986956377714246 0.4394040835080505 0.48577840027911157 0.44034400102556326 0.4900603047543874 0.4431720557848739 0.49731094506161144 0.45034275656201944 0.5039340586021036 0.46708601479817435 0.5115548878305408
4 0.1332397723946012 0.2351513139963483 0.1464273271719788 0.23823712483403145 0.1554451361862314 0.23796673658656098 0.16368928617226286 0.23390677650681155 0.1672039606263491 0.2285795572776545 0.16715462941488526 0.22431239277634657 0.16320877555928842 0.22012061771689434 0.15147153685678 0.2149606069174328 0.1328334996134088 0.2088471003519296 0.12660105591242143 0.20762490591043375 0.11602264531089015 0.2092682674831113 0.11407189332679173 0.2109844841396201 0.11345286969838034 0.21552034731638217 0.12027278864204265 0.2334679564318078 0.12338735005118176 0.2351980682762763 0.1332397723946012 0.2351513139963483
3 0.48560498229319016 0.5603998440910025 0.49266871844063526 0.5640837017474819 0.5050759724243735 0.5678559992477688 0.5163753899599531 0.5679730742535037 0.5321360412325495 0.5625687760104747 0.538488733094074 0.5577781093462181 0.5418371490588686 0.5519585574740644 0.5412347298440027 0.5453042744136203 0.5383490416664553 0.5393815427236912 0.5276242978718872 0.5271043961687246 0.5238430420642273 0.5245239683759897 0.5199481798614488 0.5234803431941246 0.5092628046302171 0.5221844488827896 0.5064790997583064 0.5225580169480353 0.5023620060893544 0.521230953116748 0.5001380309862642 0.5195155812462474 0.4942940772407418 0.5190691580971706 0.48894723852173955 0.5212187475008045 0.48604826681335567 0.5242481328006406 0.47964126241630395 0.5281286788347512 0.47378734602265427 0.5343963434279981 0.47333790176624346 0.5371865100003158 0.4740472856108098 0.5467800489447725 0.47948946587003044 0.5554028177911956 0.48560498229319016 0.5603998440910025
2 0.1001562078207748 0.2484518984313337 0.10510957526024826 0.24888358160644275 0.11312651245604251 0.2478972267484329 0.11713664149529424 0.24628503469570742 0.12054103043697084 0.24025658882997902 0.12160617743908404 0.23516858832834048 0.1165014954825101 0.22417344089674907 0.11322399646678849 0.2197129671618426 0.10615527899527968 0.21938615337652498 0.09942239938506307 0.21780597562975954 0.09274051142766478 0.21937394776058153 0.0812632123133119 0.2265976424778943 0.07814034869739987 0.23046260375202882 0.07818967990886369 0.23472976825333677 0.0817980354618138 0.24129392189795737 0.08507885536024443 0.24351636638542268 0.1001562078207748 0.2484518984313337
2 0.10277981393963916 0.2809475424411355 0.11418785654627359 0.2828848587071624 0.11830827109793482 0.28197389329100825 0.12248797950918715 0.27861600463383823 0.12349549309306371 0.274855912749495 0.12288809255413413 0.2715586735602127 0.11905916597636505 0.2635920666424493 0.11428035923295599 0.25805764299173395 0.11116579782381678 0.2563275311472655 0.10203936373850922 0.25477767813444396 0.09691641692703509 0.2560916915637794 0.09061969804239285 0.2606734642344615 0.08821784136052904 0.2662988620870085 0.0898820866947991 0.2701031738932554 0.09454894748444412 0.27605538553111997 0.10277981393963916 0.2809475424411355