4 0.9783986175115208 0.2378892733564014 0.9821428571428571 0.24005190311418687 0.9913594470046083 0.24005190311418687 0.9968317972350231 0.23140138408304498 0.9997119815668203 0.23010380622837373 0.9997119815668203 0.22210207612456748 0.9974078341013826 0.22145328719723184 0.9953917050691243 0.2184256055363322 0.991647465437788 0.21583044982698962 0.9841589861751153 0.21583044982698962 0.9798387096774194 0.22037197231833913 0.9769585253456222 0.2272923875432526 0.9766705069124424 0.23226643598615918 0.9783986175115208 0.2378892733564014
4 0.04205069124423964 0.23032006920415227 0.043202764976958526 0.23205017301038064 0.04925115207373272 0.23594290657439448 0.061347926267281104 0.2383217993079585 0.0673963133640553 0.23680795847750868 0.0699884792626728 0.23442906574394465 0.0722926267281106 0.23096885813148788 0.0699884792626728 0.22642733564013842 0.0673963133640553 0.2240484429065744 0.0625 0.22210207612456748 0.05961981566820277 0.21864186851211076 0.05587557603686636 0.2164792387543253 0.05011520737327189 0.21453287197231835 0.046370967741935484 0.21474913494809691 0.043202764976958526 0.21669550173010382 0.04061059907834101 0.22123702422145333 0.04003456221198157 0.2240484429065744 0.04205069124423964 0.23032006920415227
4 0.5558755760368663 0.6446799307958477 0.5630760368663594 0.6548442906574394 0.5679723502304148 0.6591695501730104 0.5711405529953917 0.6606833910034602 0.5849654377880185 0.6650086505190311 0.5938940092165899 0.6652249134948097 0.6048387096774194 0.6630622837370244 0.6091589861751152 0.661332179930796 0.6123271889400922 0.6585207612456748 0.6154953917050692 0.6518166089965398 0.6143433179723503 0.641219723183391 0.606278801843318 0.6262975778546713 0.6016705069124424 0.6224048442906576 0.595910138248848 0.6195934256055364 0.5817972350230415 0.6163494809688582 0.574020737327189 0.617863321799308 0.568836405529954 0.6198096885813149 0.5622119815668203 0.6252162629757786 0.5544354838709677 0.6288927335640139 0.55213133640553 0.6314878892733564 0.55213133640553 0.6371107266435987 0.5558755760368663 0.6446799307958477
3 0.6091589861751152 0.6890138408304499 0.6126152073732719 0.6885813148788927 0.6160714285714286 0.6903114186851211 0.6224078341013825 0.6883650519031143 0.6273041474654378 0.6890138408304499 0.629320276497696 0.6926903114186851 0.6304723502304148 0.6996107266435987 0.6327764976958525 0.701340830449827 0.636520737327189 0.7026384083044983 0.6509216589861752 0.7017733564013842 0.6549539170506913 0.7000432525951558 0.6586981566820277 0.6963667820069205 0.6610023041474655 0.6918252595155711 0.6612903225806452 0.6864186851211074 0.6601382488479264 0.6786332179930796 0.6566820276497696 0.6712802768166091 0.6451612903225807 0.6611159169550174 0.6370967741935484 0.6557093425605537 0.6304723502304148 0.6559256055363323 0.6215437788018433 0.6596020761245676 0.6154953917050692 0.6637110726643599 0.6074308755760369 0.6676038062283738 0.6039746543778802 0.6708477508650519 0.6039746543778802 0.6753892733564014 0.6091589861751152 0.6890138408304499
3 0.5933179723502304 0.7603806228373703 0.5976382488479263 0.765787197231834 0.6235599078341014 0.7893598615916956 0.6298963133640554 0.7932525951557095 0.6342165898617511 0.7941176470588236 0.6440092165898618 0.7941176470588236 0.6506336405529953 0.7921712802768167 0.6540898617511521 0.7880622837370244 0.655241935483871 0.7828719723183392 0.655241935483871 0.7688148788927336 0.6538018433179723 0.7649221453287198 0.6535138248847926 0.7547577854671281 0.648905529953917 0.7458910034602078 0.646889400921659 0.7450259515570935 0.6483294930875576 0.7413494809688582 0.644873271889401 0.7374567474048443 0.6368087557603687 0.7316176470588236 0.6336405529953917 0.7275086505190311 0.6301843317972351 0.7253460207612458 0.6232718894009217 0.7244809688581315 0.6126152073732719 0.7268598615916956 0.5985023041474655 0.726643598615917 0.5953341013824885 0.7272923875432526 0.5941820276497696 0.7294550173010381 0.5944700460829493 0.7324826989619377 0.589573732718894 0.7411332179930796 0.5884216589861752 0.7480536332179931 0.5933179723502304 0.7603806228373703
3 0.40005760368663595 0.6297577854671281 0.4035138248847926 0.6334342560553634 0.40754608294930883 0.6405709342560554 0.42079493087557607 0.6522491349480969 0.42885944700460826 0.6583044982698962 0.435483870967742 0.6608996539792388 0.445852534562212 0.6591695501730104 0.4513248847926268 0.6561418685121108 0.4547811059907835 0.6531141868512111 0.4576612903225807 0.6477076124567475 0.45881336405529954 0.6265138408304499 0.4539170506912442 0.6126730103806228 0.4495967741935484 0.6076989619377163 0.4389400921658987 0.6012110726643599 0.43260368663594473 0.6003460207612458 0.41417050691244245 0.6003460207612458 0.4112903225806452 0.6009948096885813 0.4038018433179723 0.6057525951557093 0.40034562211981567 0.6092128027681661 0.3989055299539171 0.6124567474048443 0.3980414746543779 0.6204584775086506 0.40005760368663595 0.6297577854671281
3 0.5296658986175116 0.3300173010380623 0.5423387096774194 0.330666089965398 0.5501152073732719 0.333044982698962 0.5538594470046083 0.33326124567474047 0.563652073732719 0.3243944636678201 0.5679723502304148 0.3189878892733564 0.5722926267281105 0.3073096885813149 0.5694124423963134 0.29974048442906576 0.5653801843317973 0.29649653979238755 0.5613479262672811 0.29519896193771633 0.5518433179723503 0.29498269896193774 0.548963133640553 0.29563148788927335 0.5403225806451613 0.3016868512110727 0.5322580645161291 0.3105536332179931 0.5285138248847926 0.3174740484429066 0.5285138248847926 0.3282871972318339 0.5296658986175116 0.3300173010380623
5 0.6993087557603687 0.6671712802768167 0.7024769585253456 0.6680363321799309 0.7128456221198156 0.6695501730103807 0.7203341013824885 0.6695501730103807 0.7269585253456221 0.6682525951557093 0.7330069124423964 0.6611159169550174 0.7355990783410139 0.655060553633218 0.7376152073732719 0.6438148788927336 0.7350230414746545 0.6386245674740485 0.7275345622119815 0.6351643598615918 0.7223502304147466 0.6351643598615918 0.7105414746543779 0.638840830449827 0.7021889400921659 0.6470588235294118 0.6941244239631337 0.6604671280276817 0.6952764976958525 0.6645761245674742 0.6993087557603687 0.6671712802768167
5 0.5247695852534562 0.682742214532872 0.5276497695852534 0.6872837370242215 0.5325460829493088 0.6900951557093427 0.5432027649769585 0.6920415224913495 0.548963133640553 0.6918252595155711 0.5524193548387097 0.6905276816608997 0.5576036866359447 0.6862024221453288 0.5616359447004609 0.6773356401384084 0.5625 0.6673875432525952 0.5587557603686636 0.6608996539792388 0.5535714285714286 0.657006920415225 0.5504032258064516 0.6559256055363323 0.5469470046082949 0.655060553633218 0.5357142857142858 0.6548442906574394 0.5253456221198156 0.6580882352941176 0.5224654377880185 0.6611159169550174 0.5213133640552996 0.6650086505190311 0.5221774193548387 0.6753892733564014 0.5247695852534562 0.682742214532872
5 0.508352534562212 0.7102076124567475 0.511520737327189 0.7115051903114187 0.5190092165898618 0.7125865051903115 0.5221774193548387 0.7106401384083045 0.5328341013824885 0.7097750865051904 0.5400345622119815 0.7069636678200693 0.5466589861751152 0.7056660899653979 0.5512672811059909 0.7000432525951558 0.5501152073732719 0.6926903114186851 0.538594470046083 0.6916089965397925 0.5259216589861752 0.6879325259515572 0.5120967741935484 0.6883650519031143 0.5077764976958525 0.6920415224913495 0.504320276497696 0.6967993079584776 0.504320276497696 0.7035034602076126 0.508352534562212 0.7102076124567475
5 0.45881336405529954 0.6224048442906576 0.4599654377880184 0.6371107266435987 0.46226958525345624 0.6401384083044983 0.46687788018433185 0.6435986159169551 0.48127880184331795 0.6435986159169551 0.48502304147465436 0.6425173010380624 0.4902073732718894 0.6377595155709342 0.49308755760368667 0.6306228373702423 0.49279953917050695 0.6262975778546713 0.48905529953917054 0.6137543252595157 0.48617511520737333 0.6100778546712803 0.4824308755760369 0.6076989619377163 0.4737903225806452 0.6076989619377163 0.4680299539170507 0.61310553633218 0.4570852534562212 0.615484429065744 0.45650921658986177 0.6195934256055364 0.45881336405529954 0.6224048442906576