1 0.09850230414746544 0.2683823529411765 0.10973502304147467 0.27184256055363326 0.11491935483870967 0.26773356401384085 0.12298387096774195 0.2666522491349481 0.12730414746543778 0.26405709342560557 0.12816820276497695 0.26124567474048443 0.12672811059907835 0.2569204152249135 0.12327188940092167 0.25367647058823534 0.11261520737327188 0.2480536332179931 0.10685483870967742 0.24653979238754328 0.10195852534562214 0.24653979238754328 0.09850230414746544 0.24826989619377166 0.09648617511520738 0.25151384083044986 0.09533410138248848 0.2655709342560554 0.09850230414746544 0.2683823529411765
1 0.15754608294930877 0.2969290657439446 0.16129032258064518 0.2980103806228374 0.16964285714285715 0.29433391003460213 0.17223502304147467 0.29411764705882354 0.1774193548387097 0.2971453287197232 0.18577188940092165 0.30428200692041524 0.1961405529953917 0.3105536332179931 0.20017281105990783 0.3092560553633218 0.20737327188940094 0.305363321799308 0.21025345622119818 0.30276816608996543 0.21630184331797236 0.3001730103806229 0.21342165898617513 0.29974048442906576 0.21140552995391704 0.29736159169550175 0.2116935483870968 0.29584775086505194 0.2157258064516129 0.29346885813148793 0.21514976958525348 0.2867647058823529 0.21399769585253456 0.28503460207612463 0.20910138248847926 0.2822231833910035 0.1995967741935484 0.28157439446366783 0.1972926267281106 0.28330449826989623 0.19297235023041476 0.28416955017301043 0.18317972350230416 0.28287197231833916 0.1765552995391705 0.28330449826989623 0.16676267281105991 0.28243944636678203 0.15841013824884792 0.2852508650519031 0.1483294930875576 0.2861159169550173 0.1480414746543779 0.2900086505190312 0.15754608294930877 0.2969290657439446
1 0.1814516129032258 0.557742214532872 0.18894009216589863 0.5599048442906576 0.19441244239631336 0.5592560553633218 0.19815668202764977 0.5579584775086506 0.20247695852534564 0.5538494809688582 0.20823732718894009 0.552984429065744 0.21140552995391704 0.5540657439446367 0.21370967741935484 0.5640138408304499 0.2154377880184332 0.5663927335640139 0.2171658986175115 0.5670415224913495 0.2203341013824885 0.5653114186851211 0.22494239631336405 0.5594723183391004 0.22955069124423963 0.5592560553633218 0.23761520737327188 0.5627162629757786 0.24107142857142855 0.5618512110726643 0.2451036866359447 0.5579584775086506 0.24654377880184333 0.5538494809688582 0.24625576036866362 0.5495242214532873 0.2451036866359447 0.5462802768166091 0.24107142857142855 0.5408737024221454 0.24164746543778803 0.5374134948096886 0.24625576036866362 0.5333044982698962 0.24711981566820276 0.5294117647058825 0.2439516129032258 0.5274653979238755 0.2387672811059908 0.5263840830449827 0.22724654377880188 0.5263840830449827 0.22321428571428573 0.5291955017301039 0.22004608294930877 0.5341695501730104 0.20708525345622122 0.5384948096885813 0.20276497695852536 0.5434688581314879 0.19527649769585254 0.5421712802768167 0.18922811059907835 0.5378460207612458 0.18577188940092165 0.5369809688581315 0.1788594470046083 0.5380622837370242 0.1765552995391705 0.5395761245674742 0.173963133640553 0.5434688581314879 0.17453917050691245 0.5490916955017301 0.1814516129032258 0.557742214532872
1 0.8024193548387097 0.7106401384083045 0.8067396313364055 0.7229671280276817 0.8093317972350231 0.7249134948096886 0.8142281105990783 0.7255622837370244 0.8205645161290323 0.7277249134948097 0.8346774193548387 0.7253460207612458 0.8375576036866359 0.7240484429065744 0.8410138248847927 0.7203719723183392 0.8401497695852536 0.7166955017301039 0.8415898617511521 0.7134515570934257 0.8456221198156681 0.7141003460207613 0.8485023041474655 0.7212370242214534 0.8522465437788019 0.7246972318339101 0.8554147465437788 0.7253460207612458 0.8698156682027649 0.7210207612456748 0.8752880184331797 0.7166955017301039 0.8758640552995391 0.7130190311418685 0.8735599078341014 0.7089100346020761 0.8643433179723502 0.7069636678200693 0.8557027649769585 0.7019896193771626 0.849078341013825 0.6998269896193772 0.8444700460829493 0.7002595155709344 0.840725806451613 0.698961937716263 0.8306451612903226 0.6926903114186851 0.8289170506912443 0.6900951557093427 0.8214285714285715 0.6875000000000001 0.8156682027649771 0.6887975778546713 0.8018433179723502 0.698961937716263 0.8001152073732719 0.7024221453287198 0.7998271889400922 0.7065311418685122 0.8024193548387097 0.7106401384083045
1 0.7131336405529953 0.7724913494809689 0.7200460829493088 0.779628027681661 0.7237903225806452 0.7822231833910036 0.7330069124423964 0.7811418685121108 0.7384792626728112 0.7817906574394464 0.7404953917050692 0.7874134948096886 0.7517281105990784 0.7990916955017302 0.7551843317972351 0.7990916955017302 0.7592165898617511 0.7954152249134949 0.766705069124424 0.7932525951557095 0.7690092165898618 0.7941176470588236 0.7759216589861752 0.7943339100346021 0.7805299539170507 0.7930363321799309 0.7839861751152074 0.7934688581314879 0.7897465437788018 0.7926038062283738 0.7963709677419355 0.7861159169550174 0.7975230414746545 0.7794117647058825 0.7943548387096775 0.7748702422145329 0.7897465437788018 0.7731401384083045 0.7842741935483871 0.7746539792387545 0.7828341013824885 0.7759515570934257 0.7776497695852534 0.7742214532871973 0.7762096774193549 0.7586505190311419 0.7741935483870968 0.7545415224913495 0.7695852534562213 0.7521626297577855 0.7620967741935484 0.751946366782007 0.7592165898617511 0.7530276816608997 0.7554723502304148 0.7530276816608997 0.747983870967742 0.7504325259515572 0.7439516129032258 0.7510813148788927 0.7407834101382489 0.7534602076124568 0.7390552995391706 0.756704152249135 0.7384792626728112 0.7625432525951558 0.7393433179723503 0.7660034602076126 0.7384792626728112 0.767733564013841 0.7331028225806453 0.7667242647058824 0.7292626728110599 0.7644896193771628 0.724078341013825 0.76340830449827 0.7165898617511521 0.76340830449827 0.7119815668202765 0.7651384083044983 0.7116935483870968 0.7692474048442908 0.7131336405529953 0.7724913494809689
1 0.6419930875576038 0.7714100346020761 0.6442972350230415 0.7744377162629759 0.6382488479262673 0.7794117647058825 0.6402649769585254 0.7824394463667821 0.6540898617511521 0.7850346020761246 0.6612903225806452 0.7895761245674742 0.6647465437788018 0.7932525951557095 0.6670506912442397 0.7941176470588236 0.6719470046082949 0.7947664359861593 0.679147465437788 0.7943339100346021 0.6895161290322581 0.7906574394463669 0.6961405529953917 0.786332179930796 0.695852534562212 0.7822231833910036 0.690668202764977 0.7798442906574394 0.6900921658986175 0.7781141868512111 0.6923963133640554 0.7694636678200693 0.6915322580645162 0.7636245674740485 0.6926843317972351 0.7586505190311419 0.682315668202765 0.7562716262975779 0.6777073732718895 0.7571366782006921 0.6745391705069125 0.7558391003460209 0.6710829493087558 0.7515138408304499 0.6644585253456221 0.7474048442906576 0.6612903225806452 0.7474048442906576 0.6581221198156683 0.7493512110726643 0.6500576036866359 0.7629757785467128 0.6463133640552996 0.7640570934256056 0.6402649769585254 0.7625432525951558 0.6370967741935484 0.76340830449827 0.6353686635944701 0.7649221453287198 0.6359447004608295 0.7666522491349481 0.6419930875576038 0.7714100346020761
1 0.6889400921658987 0.8159602076124568 0.7050691244239632 0.8205017301038063 0.7050691244239632 0.8215830449826991 0.7027649769585254 0.8224480968858131 0.7007488479262673 0.8246107266435987 0.6921082949308757 0.8261245674740485 0.6895161290322581 0.8285034602076126 0.6889400921658987 0.8319636678200693 0.690668202764977 0.8349913494809689 0.7001728110599078 0.8388840830449829 0.7059331797235023 0.8401816608996541 0.7171658986175116 0.8391003460207613 0.7232142857142858 0.8367214532871973 0.7289746543778802 0.828287197231834 0.7307027649769585 0.8269896193771628 0.7344470046082949 0.8261245674740485 0.7379032258064516 0.8267733564013842 0.7410714285714286 0.8289359861591696 0.751152073732719 0.8326124567474048 0.7577764976958525 0.8334775086505191 0.7658410138248848 0.833044982698962 0.7704493087557605 0.8317474048442908 0.7756336405529954 0.8280709342560554 0.7747695852534562 0.8233131487889274 0.7701612903225807 0.8189878892733565 0.7655529953917051 0.8176903114186851 0.7580645161290323 0.8099048442906576 0.7528801843317973 0.8001730103806229 0.746831797235023 0.7932525951557095 0.7407834101382489 0.7884948096885813 0.7344470046082949 0.7858996539792388 0.7203341013824885 0.7858996539792388 0.7174539170506913 0.7897923875432526 0.714573732718894 0.8001730103806229 0.709389400921659 0.8012543252595157 0.7065092165898618 0.8001730103806229 0.6961405529953917 0.7923875432525953 0.6923963133640554 0.7919550173010381 0.6883640552995393 0.7939013840830451 0.6846198156682027 0.8006055363321799 0.6849078341013825 0.8086072664359862 0.6889400921658987 0.8159602076124568
1 0.5938940092165899 0.8382352941176471 0.5950460829493088 0.8429930795847751 0.6025345622119815 0.8512110726643598 0.606278801843318 0.851643598615917 0.6126152073732719 0.8507785467128028 0.6160714285714286 0.8499134948096886 0.619815668202765 0.8475346020761247 0.6224078341013825 0.8412629757785467 0.621831797235023 0.8315311418685122 0.6126152073732719 0.8241782006920415 0.6025345622119815 0.8207179930795849 0.5987903225806452 0.8211505190311419 0.5950460829493088 0.8226643598615917 0.5907258064516129 0.8285034602076126 0.5904377880184332 0.8317474048442908 0.5938940092165899 0.8382352941176471
0 0.1578341013824885 0.2530276816608997 0.16129032258064518 0.2538927335640139 0.17194700460829493 0.25237889273356406 0.17684331797235026 0.2484861591695502 0.17684331797235026 0.2443771626297578 0.17569124423963134 0.24264705882352944 0.17194700460829493 0.23983564013840836 0.16849078341013826 0.2387543252595156 0.16388248847926268 0.2387543252595156 0.1578341013824885 0.24005190311418687 0.15351382488479265 0.24416089965397925 0.1543778801843318 0.2493512110726644 0.1578341013824885 0.2530276816608997
0 0.15034562211981567 0.26773356401384085 0.16071428571428573 0.2703287197231834 0.16618663594470046 0.2660034602076125 0.1679147465437788 0.26232698961937717 0.1653225806451613 0.2588667820069204 0.16129032258064518 0.2562716262975779 0.15380184331797236 0.2564878892733564 0.1509216589861751 0.2580017301038063 0.1483294930875576 0.26211072664359863 0.1480414746543779 0.26535467128027684 0.15034562211981567 0.26773356401384085
0 0.1336405529953917 0.28416955017301043 0.14055299539170507 0.28719723183391005 0.1445852534562212 0.28654844290657444 0.14660138248847926 0.28287197231833916 0.14544930875576037 0.2785467128027682 0.14256912442396313 0.27465397923875434 0.14084101382488481 0.27400519031141873 0.1336405529953917 0.27422145328719727 0.12903225806451613 0.27551903114186854 0.1287442396313364 0.27941176470588236 0.1336405529953917 0.28416955017301043
0 0.21658986175115208 0.3040657439446367 0.2203341013824885 0.30384948096885817 0.22379032258064516 0.3016868512110727 0.2266705069124424 0.2971453287197232 0.22609447004608296 0.29325259515570934 0.2203341013824885 0.29044117647058826 0.21342165898617513 0.2902249134948097 0.20794930875576037 0.29433391003460213 0.20794930875576037 0.30060553633217996 0.21658986175115208 0.3040657439446367
0 0.23761520737327188 0.3094723183391004 0.24107142857142855 0.310121107266436 0.24452764976958527 0.3120674740484429 0.2508640552995392 0.3070934256055363 0.25144009216589863 0.30320069204152256 0.24798387096774194 0.2999567474048443 0.2390552995391705 0.3001730103806229 0.23588709677419356 0.30190311418685123 0.23502304147465441 0.30449826989619383 0.23761520737327188 0.3094723183391004
0 0.6647465437788018 0.8075259515570934 0.6728110599078342 0.8081747404844292 0.67713133640553 0.8042820069204153 0.6756912442396314 0.7980103806228375 0.6690668202764977 0.7958477508650519 0.6647465437788018 0.7964965397923877 0.6595622119815668 0.8001730103806229 0.6586981566820277 0.8040657439446367 0.6647465437788018 0.8075259515570934
0 0.16964285714285715 0.3384515570934256 0.17482718894009217 0.3410467128027682 0.17857142857142858 0.34039792387543255 0.18375576036866362 0.33499134948096887 0.18289170506912442 0.3315311418685122 0.17914746543778803 0.3298010380622838 0.17223502304147467 0.3304498269896194 0.16877880184331798 0.33261245674740486 0.1676267281105991 0.33520761245674746 0.16964285714285715 0.3384515570934256