0 0.5780529953917051 0.3103373702422146 0.5918778801843319 0.3112024221453288 0.5956221198156683 0.3086072664359862 0.599078341013825 0.30320069204152256 0.5996543778801844 0.3001730103806229 0.5982142857142858 0.29671280276816614 0.5953341013824885 0.293901384083045 0.5907258064516129 0.2923875432525952 0.5777649769585254 0.29260380622837373 0.5737327188940092 0.29411764705882354 0.5702764976958525 0.2969290657439446 0.570852534562212 0.30298442906574397 0.5780529953917051 0.3103373702422146
0 0.33093317972350234 0.5936418685121108 0.33496543778801846 0.5940743944636678 0.33870967741935487 0.5927768166089966 0.34706221198156684 0.5880190311418685 0.3485023041474654 0.5852076124567475 0.34706221198156684 0.5778546712802768 0.33870967741935487 0.5737456747404844 0.334389400921659 0.5741782006920416 0.33122119815668205 0.5778546712802768 0.3271889400921659 0.5860726643598617 0.3271889400921659 0.5891003460207613 0.33093317972350234 0.5936418685121108
0 0.22321428571428573 0.6185121107266436 0.2269585253456221 0.6211072664359862 0.23127880184331798 0.6217560553633218 0.24135944700460832 0.620242214532872 0.24452764976958527 0.6189446366782008 0.24654377880184333 0.6167820069204153 0.2502880184331797 0.6092128027681661 0.24971198156682028 0.6057525951557093 0.24452764976958527 0.6022923875432526 0.24164746543778803 0.601643598615917 0.23070276497695855 0.6022923875432526 0.2226382488479263 0.6087802768166091 0.22119815668202766 0.6109429065743945 0.2206221198156682 0.6128892733564014 0.22321428571428573 0.6185121107266436
0 0.6301843317972351 0.7711937716262977 0.6408410138248848 0.7711937716262977 0.6442972350230415 0.770544982698962 0.6477534562211982 0.7685986159169551 0.6494815668202765 0.765787197231834 0.6497695852534562 0.7612456747404844 0.6486175115207373 0.7577854671280277 0.644873271889401 0.7534602076124568 0.6405529953917051 0.7521626297577855 0.633352534562212 0.751946366782007 0.629320276497696 0.7528114186851211 0.6264400921658987 0.7562716262975779 0.6264400921658987 0.7660034602076126 0.6301843317972351 0.7711937716262977
0 0.7128456221198156 0.761461937716263 0.7252304147465438 0.7664359861591696 0.7307027649769585 0.7675173010380624 0.7318548387096774 0.7670847750865052 0.741647465437788 0.7571366782006921 0.7422235023041475 0.7547577854671281 0.7407834101382489 0.7523788927335641 0.7304147465437788 0.7456747404844292 0.7229262672811061 0.7463235294117647 0.7171658986175116 0.7515138408304499 0.7119815668202765 0.7586505190311419 0.7128456221198156 0.761461937716263
1 0.7171658986175116 0.7069636678200693 0.7134216589861752 0.7134515570934257 0.720910138248848 0.7153979238754327 0.7307027649769585 0.7203719723183392 0.7370391705069125 0.7188581314878894 0.7456797235023042 0.7184256055363323 0.7508640552995393 0.7190743944636678 0.7632488479262673 0.7229671280276817 0.7724654377880185 0.7233996539792388 0.7790898617511521 0.7208044982698962 0.7923387096774194 0.7102076124567475 0.7923387096774194 0.7063148788927336 0.7911866359447005 0.705233564013841 0.7816820276497696 0.7004757785467128 0.7759216589861752 0.6961505190311419 0.7716013824884793 0.698961937716263 0.7675691244239632 0.6972318339100346 0.7675691244239632 0.6926903114186851 0.7652649769585254 0.6905276816608997 0.7632488479262673 0.6853373702422145 0.7635368663594471 0.6740916955017301 0.7618087557603687 0.6689013840830451 0.7586405529953917 0.6686851211072665 0.7445276497695853 0.6719290657439447 0.7327188940092166 0.6810121107266436 0.7286866359447004 0.6898788927335641 0.7203341013824885 0.6924740484429066 0.7168778801843319 0.6924740484429066 0.7116935483870968 0.6950692041522493 0.7119815668202765 0.6996107266435987 0.7171658986175116 0.7069636678200693
1 0.6232718894009217 0.724264705882353 0.6399769585253456 0.7335640138408305 0.6434331797235023 0.7326989619377163 0.6477534562211982 0.7272923875432526 0.6517857142857143 0.7179930795847752 0.6523617511520737 0.7132352941176471 0.6480414746543779 0.7060986159169551 0.6500576036866359 0.6996107266435987 0.6471774193548387 0.6991782006920416 0.6353686635944701 0.7024221453287198 0.6298963133640554 0.7054498269896194 0.6252880184331797 0.7091262975778547 0.6206797235023042 0.7179930795847752 0.6203917050691244 0.7205882352941176 0.6232718894009217 0.724264705882353
1 0.6460253456221199 0.4995674740484429 0.6480414746543779 0.5015138408304499 0.646889400921659 0.5056228373702423 0.648905529953917 0.5118944636678201 0.6572580645161291 0.5194636678200693 0.661578341013825 0.5222750865051904 0.6647465437788018 0.5224913494809689 0.6679147465437788 0.5188148788927336 0.668778801843318 0.516219723183391 0.6679147465437788 0.5084342560553633 0.6730990783410139 0.5051903114186851 0.6805875576036866 0.5049740484429066 0.685483870967742 0.5058391003460209 0.684331797235023 0.5034602076124568 0.6817396313364055 0.5021626297577855 0.682315668202765 0.4984861591695502 0.6849078341013825 0.49502595155709345 0.6903801843317973 0.4915657439446367 0.6926843317972351 0.4874567474048443 0.6912442396313364 0.4844290657439447 0.6834677419354839 0.4788062283737025 0.679147465437788 0.47361591695501737 0.6751152073732719 0.47058823529411764 0.6716589861751152 0.47037197231833916 0.6638824884792627 0.47383217993079585 0.652073732718894 0.48421280276816614 0.6457373271889402 0.4876730103806229 0.6442972350230415 0.49113321799307963 0.6440092165898618 0.49480968858131497 0.6460253456221199 0.4995674740484429
1 0.5702764976958525 0.511461937716263 0.5711405529953917 0.5222750865051904 0.5685483870967742 0.5352508650519032 0.5699884792626728 0.5421712802768167 0.574020737327189 0.5434688581314879 0.5832373271889402 0.5436851211072665 0.5987903225806452 0.5408737024221454 0.6057027649769585 0.5384948096885813 0.6094470046082949 0.5346020761245676 0.6097350230414746 0.5289792387543253 0.6036866359447004 0.5151384083044983 0.5961981566820277 0.5069204152249135 0.5921658986175116 0.5056228373702423 0.5869815668202765 0.5056228373702423 0.5809331797235023 0.5086505190311419 0.5774769585253456 0.5060553633217993 0.5783410138248848 0.5049740484429066 0.5757488479262672 0.5032439446366783 0.5748847926267281 0.5012975778546713 0.570852534562212 0.5017301038062284 0.5691244239631337 0.5049740484429066 0.5731566820276498 0.5088667820069205 0.5702764976958525 0.511461937716263
1 0.5273617511520737 0.48161764705882354 0.5362903225806452 0.490484429065744 0.5397465437788018 0.49178200692041524 0.5432027649769585 0.49113321799307963 0.5509792626728112 0.4868079584775087 0.5673963133640554 0.4852941176470589 0.5766129032258065 0.4835640138408305 0.5777649769585254 0.48226643598615915 0.5763248847926268 0.4772923875432526 0.5676843317972351 0.4677768166089966 0.5625 0.45891003460207613 0.5550115207373272 0.456098615916955 0.5504032258064516 0.45285467128027684 0.5397465437788018 0.45501730103806237 0.5371543778801844 0.4563148788927336 0.5285138248847926 0.4649653979238755 0.5213133640552996 0.469506920415225 0.5181451612903226 0.47361591695501737 0.5178571428571429 0.4775086505190312 0.5273617511520737 0.48161764705882354
1 0.4228110599078341 0.3845155709342561 0.4251152073732719 0.38884083044982704 0.42857142857142855 0.3907871972318339 0.43807603686635943 0.3929498269896194 0.445852534562212 0.39273356401384085 0.4550691244239632 0.38905709342560557 0.45910138248847926 0.3845155709342561 0.4599654377880184 0.381704152249135 0.459389400921659 0.37651384083044986 0.4547811059907835 0.372621107266436 0.4495967741935484 0.3706747404844291 0.44297235023041476 0.36916089965397925 0.42828341013824883 0.3698096885813149 0.42425115207373276 0.3711072664359862 0.4210829493087558 0.37391868512110726 0.42021889400921664 0.3767301038062284 0.4228110599078341 0.3845155709342561
5 0.5077764976958525 0.36310553633217996 0.5328341013824885 0.3628892733564014 0.5360023041474655 0.35834775086505194 0.5374423963133641 0.3488321799307959 0.533410138248848 0.34450692041522496 0.5253456221198156 0.3416955017301038 0.5120967741935484 0.3477508650519031 0.508352534562212 0.3509948096885813 0.5066244239631337 0.35532006920415227 0.506336405529954 0.361159169550173 0.5077764976958525 0.36310553633217996
5 0.6514976958525346 0.7515138408304499 0.6581221198156683 0.7554065743944637 0.665610599078341 0.7564878892733564 0.6682027649769585 0.7558391003460209 0.6728110599078342 0.7523788927335641 0.6797235023041475 0.7415657439446368 0.6800115207373272 0.7378892733564014 0.6779953917050692 0.7344290657439447 0.6722350230414746 0.7307525951557093 0.6684907834101382 0.7292387543252595 0.6638824884792627 0.7288062283737025 0.6578341013824885 0.7309688581314879 0.6535138248847926 0.7342128027681661 0.6494815668202765 0.7430795847750866 0.6491935483870968 0.745242214532872 0.6514976958525346 0.7515138408304499
5 0.2620967741935484 0.6213235294117647 0.2678571428571429 0.6206747404844292 0.271889400921659 0.6189446366782008 0.27592165898617516 0.6191608996539792 0.28110599078341014 0.6163494809688582 0.27764976958525345 0.6094290657439447 0.2727534562211982 0.6033737024221454 0.26900921658986177 0.601643598615917 0.2623847926267281 0.6025086505190311 0.25518433179723504 0.6053200692041523 0.25230414746543783 0.6092128027681661 0.25230414746543783 0.6161332179930796 0.2620967741935484 0.6213235294117647