3 0.22350230414746544 0.39770761245674746 0.22724654377880188 0.4061418685121107 0.25201612903225806 0.42322664359861595 0.25489631336405527 0.4243079584775087 0.27880184331797236 0.4290657439446367 0.285426267281106 0.42928200692041524 0.3018433179723502 0.4227941176470589 0.3090437788018433 0.41111591695501737 0.309331797235023 0.4046280276816609 0.307315668202765 0.4007352941176471 0.29694700460829493 0.3892733564013841 0.2923387096774194 0.3873269896193772 0.27534562211981567 0.3855968858131488 0.2692972350230415 0.38408304498269896 0.2505760368663595 0.3830017301038063 0.24308755760368667 0.3847318339100346 0.23070276497695855 0.38581314878892736 0.22465437788018433 0.3910034602076125 0.22321428571428573 0.39359861591695505 0.22350230414746544 0.39770761245674746
3 0.25547235023041476 0.49178200692041524 0.2664170506912443 0.49437716262975784 0.29694700460829493 0.4974048442906575 0.3015552995391705 0.4963235294117648 0.30472350230414746 0.49416089965397925 0.3122119815668203 0.4913494809688582 0.31797235023041476 0.490484429065744 0.32056451612903225 0.4883217993079585 0.3248847926267281 0.4783737024221454 0.32430875576036866 0.4669117647058824 0.32229262672811065 0.46237024221453293 0.3182603686635945 0.4593425605536333 0.3070276497695853 0.4558823529411765 0.3001152073732719 0.45523356401384085 0.28629032258064513 0.458044982698962 0.27563364055299544 0.4649653979238755 0.2574884792626728 0.4688581314878893 0.25230414746543783 0.47275086505190317 0.24971198156682028 0.4785899653979239 0.25 0.48572664359861595 0.25547235023041476 0.49178200692041524
4 0.19066820276497695 0.4338235294117648 0.19988479262672812 0.43944636678200694 0.20737327188940094 0.44269031141868515 0.21370967741935484 0.4446366782006921 0.2341589861751152 0.4463667820069205 0.24711981566820276 0.44247404844290666 0.2508640552995392 0.43944636678200694 0.2534562211981567 0.43252595155709345 0.253168202764977 0.4253892733564014 0.23732718894009217 0.41306228373702425 0.23185483870967744 0.41025086505190317 0.22638248847926268 0.4085207612456748 0.21342165898617513 0.40938581314878897 0.204205069124424 0.4076557093425606 0.19498847926267282 0.4076557093425606 0.19009216589861752 0.40960207612456745 0.18778801843317974 0.4145761245674741 0.18692396313364057 0.42322664359861595 0.19066820276497695 0.4338235294117648
4 0.5904377880184332 0.45155709342560557 0.5973502304147466 0.4573961937716263 0.6022465437788018 0.4591262975778547 0.6126152073732719 0.4586937716262976 0.6195276497695853 0.4569636678200692 0.6275921658986175 0.44961072664359863 0.6322004608294931 0.4429065743944637 0.6324884792626728 0.4353373702422146 0.6301843317972351 0.4271193771626298 0.6252880184331797 0.4178200692041523 0.619815668202765 0.4143598615916956 0.606278801843318 0.41306228373702425 0.5976382488479263 0.416522491349481 0.592741935483871 0.4225778546712803 0.5869815668202765 0.4338235294117648 0.5866935483870968 0.44333910034602075 0.5904377880184332 0.45155709342560557
4 0.8438940092165899 0.6336505190311419 0.8487903225806452 0.6418685121107267 0.8588709677419356 0.6474913494809689 0.8669354838709677 0.6479238754325259 0.8695276497695852 0.6474913494809689 0.8804723502304148 0.641219723183391 0.8859447004608295 0.6338667820069205 0.8862327188940092 0.6299740484429066 0.8850806451612904 0.6265138408304499 0.8801843317972351 0.6195934256055364 0.8683755760368663 0.6083477508650519 0.8663594470046083 0.6070501730103807 0.861463133640553 0.6068339100346021 0.8545506912442397 0.6079152249134949 0.8479262672811061 0.611159169550173 0.8441820276497696 0.6161332179930796 0.8453341013824884 0.6245674740484429 0.8438940092165899 0.6336505190311419
4 0.26872119815668205 0.9031141868512111 0.27620967741935487 0.9033304498269897 0.28629032258064513 0.9063581314878894 0.29435483870967744 0.9065743944636679 0.3004032258064516 0.9050605536332181 0.30328341013824883 0.9022491349480969 0.30760368663594473 0.8940311418685122 0.3099078341013825 0.8855968858131489 0.31077188940092165 0.8767301038062284 0.30817972350230416 0.872188581314879 0.30414746543778803 0.8698096885813149 0.29781105990783413 0.8687283737024222 0.2891705069124424 0.8689446366782008 0.2857142857142857 0.8700259515570934 0.27592165898617516 0.8708910034602078 0.2727534562211982 0.872188581314879 0.27044930875576034 0.8760813148788928 0.2669930875576037 0.893166089965398 0.2669930875576037 0.9009515570934257 0.26872119815668205 0.9031141868512111
4 0.015841013824884793 0.9997837370242216 0.04550691244239631 0.9997837370242216 0.048675115207373276 0.9913494809688583 0.048963133640553 0.9842128027681663 0.04665898617511521 0.9779411764705884 0.04176267281105991 0.9723183391003462 0.036290322580645164 0.9703719723183392 0.029377880184331802 0.9708044982698963 0.02217741935483871 0.9731833910034602 0.015264976958525347 0.9775086505190312 0.01065668202764977 0.9820501730103807 0.010368663594470046 0.9909169550173011 0.015841013824884793 0.9997837370242216
5 0.5296658986175116 0.4158737024221454 0.5328341013824885 0.4186851211072665 0.5466589861751152 0.4240916955017301 0.5529953917050692 0.4249567474048443 0.560483870967742 0.4245242214532873 0.5711405529953917 0.42171280276816614 0.5754608294930875 0.4178200692041523 0.5769009216589862 0.41046712802768165 0.5748847926267281 0.4041955017301039 0.5627880184331797 0.3899221453287197 0.5555875576036866 0.38494809688581316 0.5432027649769585 0.381704152249135 0.5360023041474655 0.3832179930795848 0.5319700460829493 0.3884083044982699 0.5273617511520737 0.4016003460207613 0.5276497695852534 0.40895328719723184 0.5296658986175116 0.4158737024221454
5 0.5771889400921659 0.4022491349480969 0.5815092165898618 0.4054930795847751 0.5901497695852534 0.4067906574394464 0.6025345622119815 0.4063581314878893 0.6091589861751152 0.4033304498269897 0.6131912442396313 0.39770761245674746 0.6137672811059909 0.3918685121107267 0.6129032258064516 0.3799740484429066 0.6105990783410139 0.3730536332179931 0.6080069124423964 0.3698096885813149 0.6028225806451613 0.36613321799307963 0.5956221198156683 0.36397058823529416 0.5887096774193549 0.36397058823529416 0.5849654377880185 0.36526816608996543 0.5809331797235023 0.3689446366782007 0.5780529953917051 0.37391868512110726 0.5725806451612903 0.38905709342560557 0.5731566820276498 0.39749134948096887 0.5771889400921659 0.4022491349480969
5 0.5420506912442397 0.7811418685121108 0.5449308755760369 0.7841695501730104 0.5501152073732719 0.7865484429065744 0.5576036866359447 0.7884948096885813 0.5676843317972351 0.7887110726643599 0.5722926267281105 0.7869809688581315 0.5777649769585254 0.7763840830449827 0.5780529953917051 0.7718425605536333 0.5766129032258065 0.7681660899653979 0.5717165898617511 0.7636245674740485 0.5642281105990784 0.7608131487889274 0.5501152073732719 0.7605968858131489 0.5429147465437788 0.7644896193771628 0.5408986175115207 0.767733564013841 0.5403225806451613 0.7763840830449827 0.5420506912442397 0.7811418685121108
5 0.5985023041474655 0.7275086505190311 0.6068548387096774 0.7346453287197232 0.6137672811059909 0.7365916955017302 0.622983870967742 0.7344290657439447 0.6324884792626728 0.7281574394463669 0.6362327188940092 0.724264705882353 0.6440092165898618 0.7102076124567475 0.6425691244239632 0.7035034602076126 0.6388248847926268 0.6978806228373703 0.6345046082949308 0.6946366782006921 0.6301843317972351 0.6931228373702423 0.626152073732719 0.6933391003460209 0.6183755760368663 0.6957179930795848 0.6077188940092166 0.7022058823529412 0.6002304147465438 0.7086937716262977 0.5979262672811061 0.7125865051903115 0.5964861751152074 0.7203719723183392 0.5961981566820277 0.723832179930796 0.5985023041474655 0.7275086505190311
5 0.15380184331797236 0.9400951557093427 0.1578341013824885 0.9418252595155711 0.1728110599078341 0.9426903114186851 0.19210829493087558 0.9409602076124568 0.1995967741935484 0.9392301038062284 0.20132488479262672 0.9368512110726644 0.20276497695852536 0.9297145328719724 0.20161290322580644 0.9256055363321799 0.20190092165898615 0.9212802768166091 0.1995967741935484 0.9171712802768166 0.19441244239631336 0.9147923875432526 0.18865207373271892 0.9145761245674742 0.17597926267281108 0.9163062283737025 0.1676267281105991 0.9178200692041523 0.1566820276497696 0.9217128027681663 0.1509216589861751 0.9256055363321799 0.14919354838709678 0.9286332179930797 0.14919354838709678 0.9357698961937716 0.15380184331797236 0.9400951557093427
5 0.30328341013824883 0.9997837370242216 0.3415898617511521 0.9997837370242216 0.3421658986175115 0.9978373702422146 0.3464861751152074 0.995242214532872 0.347926267281106 0.9917820069204153 0.3464861751152074 0.9803200692041523 0.34418202764976963 0.9772923875432526 0.33842165898617516 0.9740484429065746 0.3283410138248848 0.9744809688581316 0.31739631336405527 0.976643598615917 0.30414746543778803 0.9826989619377164 0.3018433179723502 0.9842128027681663 0.30069124423963134 0.9868079584775087 0.3004032258064516 0.9915657439446367 0.30328341013824883 0.9997837370242216
5 0.8165322580645162 0.598832179930796 0.8214285714285715 0.6031574394463668 0.8274769585253458 0.6048875432525952 0.8358294930875576 0.6089965397923877 0.838421658986175 0.6144031141868512 0.8418778801843319 0.6135380622837371 0.8464861751152075 0.6100778546712803 0.8580069124423962 0.6057525951557093 0.8617511520737328 0.6031574394463668 0.8620391705069125 0.5986159169550174 0.8603110599078342 0.5938581314878892 0.8554147465437788 0.5882352941176471 0.8525345622119817 0.5873702422145329 0.844758064516129 0.5871539792387543 0.8320852534562212 0.583044982698962 0.8251728110599078 0.5817474048442908 0.8179723502304148 0.5815311418685122 0.8142281105990783 0.580233564013841 0.8133640552995391 0.5813148788927336 0.8139400921658986 0.5949394463667821 0.8165322580645162 0.598832179930796
5 0.7793778801843319 0.5532006920415226 0.8038594470046083 0.5674740484429066 0.8107718894009217 0.5681228373702423 0.8142281105990783 0.5670415224913495 0.8182603686635945 0.5633650519031141 0.8225806451612904 0.5573096885813149 0.8228686635944701 0.5532006920415226 0.8208525345622121 0.5501730103806228 0.8156682027649771 0.5464965397923875 0.8067396313364055 0.5426038062283738 0.8001152073732719 0.5384948096885813 0.7908986175115207 0.5363321799307958 0.7836981566820277 0.5365484429065744 0.7779377880184332 0.5389273356401384 0.7759216589861752 0.5426038062283738 0.7756336405529954 0.5469290657439447 0.7793778801843319 0.5532006920415226
5 0.4631336405529954 0.6987456747404844 0.467741935483871 0.701340830449827 0.49107142857142855 0.7041522491349481 0.5028801843317973 0.708044982698962 0.5051843317972351 0.7099913494809689 0.5080645161290323 0.7073961937716263 0.5069124423963134 0.7024221453287198 0.5023041474654378 0.6944204152249135 0.4841589861751152 0.6818771626297578 0.4740783410138249 0.6797145328719724 0.47033410138248855 0.6805795847750866 0.46658986175115214 0.685121107266436 0.4631336405529954 0.6926903114186851 0.46226958525345624 0.6952854671280277 0.4631336405529954 0.6987456747404844