5 0.1513926989590524 0.7115660858340063 0.14394952488432017 0.730730047765879 0.14378610252631346 0.7378706656306712 0.14824914478029677 0.7460120078487459 0.1624429333482982 0.7505227645589956 0.1695932314911726 0.7475861086976255 0.17781994171334387 0.7403047456196297 0.18369756369068918 0.7304688350051338 0.18966954340180003 0.726038675337634 0.193311306414838 0.7201351183230337 0.194395267112836 0.7162228711821673 0.19400538619379182 0.7103896867741689 0.18961028150811993 0.7061404852379313 0.18007692633626393 0.7045765232218828 0.17605660533223352 0.7052955859421244 0.1685390721264187 0.7036964376227749 0.1581908592763891 0.7049585459434363 0.1513926989590524 0.7115660858340063
4 0.22966894073716979 0.7071716260897077 0.22302287984978814 0.7059898580018462 0.22328443425091105 0.7044712211219301 0.2221098901284982 0.7031939473536801 0.217214322496684 0.7032793998045539 0.2134895246779322 0.7044258959857979 0.2086694432331305 0.7088359491942684 0.2085097951844744 0.7161927970969403 0.2103131287709507 0.7204872381659934 0.22325953428294754 0.7360508598819016 0.22821171655502095 0.7392088579992254 0.2316711856632992 0.7393647686600179 0.2348238086582471 0.7384445557461683 0.2388290324248749 0.7368605728744075 0.24309203628327508 0.7335417230848507 0.24899230411672407 0.7250031926976339 0.2523083494696786 0.7169423619189924 0.25422226508325296 0.7110689645929357 0.2541581018242923 0.7073930539489783 0.2521007624553943 0.705049709835601 0.2448561065787543 0.7025806147499749 0.23187460522667203 0.7015094321867735 0.23163947099100346 0.7045416793318486 0.22966894073716979 0.7071716260897077
4 0.3447772527598676 0.7334971683785688 0.3440076867939012 0.7389179991698367 0.3469855645027904 0.7444897140071399 0.35595429346954366 0.7467124193663424 0.36027768627755385 0.7468532501828629 0.36400625840565626 0.745922984039499 0.3688414370878603 0.7423778509825476 0.3805502622744136 0.7365497787926232 0.3815813826415028 0.729610311121439 0.3717562785937189 0.727835145682268 0.36740269131090375 0.7259644745627087 0.3627271606773558 0.7221527597169881 0.35641436606875887 0.7235607254689274 0.34873341050493734 0.7291021950143701 0.3447772527598676 0.7334971683785688
4 0.365152862165124 0.7125933985174596 0.3638979304904181 0.7232138034473581 0.3659552698593161 0.7255571475607355 0.3810167564364001 0.7302690544645932 0.3852986318415534 0.7280313548644355 0.39504824970232477 0.7254819195460096 0.40215325613299174 0.7199505032300817 0.406374742588535 0.7142531230238465 0.4062539646893151 0.7073337618116915 0.39519015326015766 0.7006054119603131 0.3839327249981884 0.6992878396706883 0.3767371351431066 0.6996297350775003 0.3724439368099014 0.7012187445640183 0.3690486309605838 0.7047387445471831 0.365152862165124 0.7125933985174596
4 0.3286265109779441 0.6993880295525671 0.32580715426178103 0.7028979763062174 0.32559089157286564 0.7070113736406917 0.3279701742924965 0.7112957614802303 0.3320433356274356 0.7136039192903066 0.35338742233831155 0.7151780201391864 0.36056791495599094 0.7139712045808551 0.3639934152801136 0.712181044900729 0.3668203206149778 0.7091035582228382 0.368465133208728 0.704316337700938 0.36866252435089036 0.6991217901770646 0.3662417242284025 0.6924588719208478 0.36418438485950455 0.6901155278074705 0.35983457188604007 0.688461086725791 0.34946748748925727 0.6886420448570532 0.3397367411752389 0.6922726303648783 0.3286265109779441 0.6993880295525671
4 0.23582056709961977 0.6800272592153099 0.2287419808344072 0.687072285796397 0.22823396926956385 0.6909744797077487 0.22943115924808052 0.6935491337032778 0.23471283348958819 0.6990806356225225 0.247739626553878 0.702746578640282 0.2544158819160646 0.7056581870311824 0.25850036617905553 0.7086150349548982 0.264877324046613 0.7108829798469161 0.2692082654733245 0.7114562707391965 0.274380484743664 0.7107171015599258 0.2820954090916412 0.7071217023554018 0.2840583907267736 0.704059295521783 0.28478266498053245 0.696043704275957 0.28202104996055866 0.6863585921041796 0.27586790340061784 0.680409709953447 0.26510716377544025 0.6745412536388309 0.2535617609468938 0.6732287079639633 0.24493384687762662 0.6740281965203212 0.23582056709961977 0.6800272592153099
4 0.1987356181285475 0.6348198446442008 0.19501459461914644 0.6361825708633246 0.18848931163098476 0.6419201639876181 0.1795270042270028 0.6565684281978005 0.1798829163618913 0.6604555422648803 0.18253885072004775 0.6640862133760221 0.18496342515188605 0.6709653616701189 0.187611810891341 0.674163572705501 0.19574681063316743 0.6781311982120142 0.20697027011098093 0.6775027001607203 0.2118280946492887 0.6752549473310481 0.22116896004426295 0.6657911774152245 0.22227556659836467 0.6631763105016374 0.2216430028249507 0.6599429131629544 0.21777478125087524 0.6528726679047642 0.21808275442013553 0.6375102819857806 0.21604428659799066 0.6362480880618027 0.21026214941034085 0.6350512401296694 0.1987356181285475 0.6348198446442008
3 0.2790707194730537 0.6658619780384101 0.2659371186910165 0.6725801034536404 0.26772158073073965 0.6757933943332943 0.2758490318538647 0.6793285597640477 0.28289252227899175 0.6867759723356675 0.2850895110938628 0.6971198278505989 0.28405461641742297 0.7038430654839033 0.285820206910393 0.7059752061741579 0.296808532152538 0.7083789552679393 0.3042958708835478 0.70824826328425 0.31089286574937136 0.7066190408796735 0.31457992047461697 0.7033102443196313 0.31479618316353236 0.699196846985157 0.3086203907474878 0.6919505846071452 0.2991108084876655 0.6752454933247505 0.2967541716241385 0.672258485712491 0.28916115223131106 0.6663347366355448 0.285970786142857 0.6650926491705957 0.2790707194730537 0.6658619780384101
5 0.5122618400595487 0.7734003059343113 0.5097757496221703 0.7794999865277623 0.5101958250160196 0.7870630112387997 0.5143897642501786 0.7962905302610309 0.5193570437596546 0.8003134485298741 0.5228089642492315 0.8000368991149068 0.5285080666311676 0.7964766862136837 0.5330326248906907 0.7916391995442107 0.5372012710153252 0.7829145988076578 0.5374213080135913 0.7790174315110633 0.5344773990888577 0.7753917870146789 0.5243605461651459 0.7734054181523853 0.5206168767996411 0.77347076414423 0.5171347618352591 0.7720174732561584 0.5136828413456821 0.7722940226711257 0.5122618400595487 0.7734003059343113
5 0.4842954653733247 0.7555033077312239 0.48407165406570796 0.7591842449899384 0.4858485674867299 0.7619650757938328 0.4896224313270398 0.7636295701050267 0.5057376841273169 0.7626993895649793 0.5102962111709956 0.7598079732364249 0.5156318527993419 0.7519281861923622 0.5157990494666992 0.74500379836545 0.5134273153657696 0.7411518706016711 0.5105211495345421 0.739688526484085 0.4989531008498919 0.7370786005819383 0.49496297432066666 0.7395275036052185 0.4859629238231785 0.7520134674366027 0.4842954653733247 0.7555033077312239
5 0.5223345283269829 0.7563534048484215 0.5241567334602123 0.7617289961068738 0.5332122715420298 0.7689249923373126 0.5381191621018958 0.7694882300000784 0.5463987126549757 0.7652340874524002 0.550881753511642 0.7580180703662489 0.552507694558639 0.7521496996549495 0.5535350406163777 0.7449940019458855 0.5501446361323405 0.732291722473305 0.5443624989446907 0.7310948745411716 0.5337149886000317 0.7317133193629507 0.5296606988118459 0.7304863117422735 0.521229048828811 0.7425297622683834 0.5223345283269829 0.7563534048484215
5 0.5479480404590304 0.7714796254771292 0.5500280256840321 0.7751203498177855 0.5581743483539102 0.7797366654379383 0.5656352669194658 0.77809236318909 0.5695763274271329 0.7728324696733718 0.5717404745137783 0.7647917453537595 0.571722730022955 0.7472720856707349 0.5688203385010783 0.7460249715910287 0.5581615052283675 0.7459947262991683 0.5552968567999971 0.7469099125982603 0.5531364840227022 0.7551668669557527 0.547569482468038 0.7662951311827703 0.5479480404590304 0.7714796254771292