5 0.6726411963420939 0.2635298984092874 0.6754087172120047 0.255346154947211 0.6816817221039335 0.24498889558490014 0.6825272093422471 0.23769480939725957 0.679427248517939 0.23371769526629144 0.6719378330823889 0.23180474790322672 0.6679356308580287 0.23229615654598942 0.6580882602582941 0.2348125840590051 0.6528675467115502 0.23719670366328077 0.6476022065271173 0.24394404418926677 0.6445913399286789 0.26196258503386144 0.6451975239464812 0.2668995576739458 0.6482447731170675 0.270447369836211 0.6519387904351288 0.27217267227164377 0.6589841993220589 0.27283281434593964 0.6659728540472505 0.2706673930063258 0.6726411963420939 0.2635298984092874
5 0.607426409929383 0.18852229251802416 0.6069702758567137 0.1800807028936354 0.6017293497698877 0.17048351527187777 0.5973054543157519 0.16754050816501653 0.5869613655136752 0.1683748284205603 0.5833768140110742 0.1699043913677404 0.5773186982420495 0.1843751200500699 0.5764508976848913 0.1938508166985656 0.5772233016798924 0.20486821813517236 0.5830015300987332 0.20938803064748476 0.5932705939282433 0.210306018884093 0.6020271898318827 0.20835929580914106 0.6041560275703513 0.20679058496431058 0.607426409929383 0.18852229251802416
5 0.36250528289609146 0.24517704846019367 0.366085791890676 0.24125122406780694 0.36601691020488836 0.2312368763182774 0.3627811277382589 0.22379024582034504 0.354655129950029 0.2143294133876378 0.34700757955331296 0.21112856011846418 0.34067782049964573 0.21866025606686534 0.33873751605722047 0.22412778524736301 0.33974307998595393 0.2346807840979266 0.34386687554982365 0.2446330251733965 0.3480312552433661 0.24782578388194945 0.3518793650145769 0.24844273077828444 0.35562205147834375 0.2482010737372134 0.36250528289609146 0.24517704846019367
5 0.34534910419032555 0.21416472723641497 0.34679673293842517 0.20941135224365218 0.34181936512020894 0.2019606744654095 0.33619927166253405 0.19872876785920596 0.33172670706269275 0.1977527202288485 0.32168061737211967 0.20574072420267214 0.3192963063810742 0.20995544809440095 0.32261924134431946 0.2228385544358012 0.3248839007251093 0.22473935995793476 0.3281602673214115 0.2254265080889501 0.33507389707403656 0.22501339524148856 0.3381130612285899 0.22376868451334042 0.34534910419032555 0.21416472723641497
5 0.31461856130459875 0.2876618268045003 0.32140445443093535 0.2885717204804879 0.33195130483186697 0.28466208520934255 0.33872507043415434 0.2783831945497103 0.33952188852676246 0.27305606783857334 0.33461954568111274 0.26385308156817844 0.3320426588860076 0.26177272567903354 0.32500743579387287 0.25174218880826243 0.31883791248013393 0.24639887297588423 0.3139476971585335 0.24438467104110936 0.31163032612402175 0.2420545635502728 0.31222438261777485 0.23980275185473715 0.3143795761831044 0.23844869199425817 0.3139355696344842 0.23719588670548936 0.30919944676603317 0.23407332923161683 0.3043396297793101 0.2346700397264001 0.2981862764976368 0.23891176967484845 0.29180380579024773 0.24601416365454662 0.2918382466331415 0.2510213375293115 0.2957167547392297 0.25424919685520464 0.2981435915892018 0.2598341697286539 0.3016773731673348 0.274434483944866 0.31180851457576125 0.2860458735013986 0.31461856130459875 0.2876618268045003
5 0.18020037835959477 0.2540522775894024 0.17710041753528663 0.2500751634584341 0.1751256722499675 0.25053551876416696 0.1715019459221444 0.24938269050399975 0.17135258745132326 0.24816626337567982 0.1731428419486155 0.24620335117948647 0.1740410408406511 0.23933856696054895 0.1757258720304995 0.23651705082694963 0.17842645294387666 0.23487813874743874 0.18690526227609455 0.23775903918024027 0.19277678647832994 0.23594867129433883 0.1930322597309068 0.23330265824744045 0.19026683963975846 0.22732348402262836 0.18766359701779237 0.22502847714913193 0.18113721965204901 0.2238688318714527 0.17627740266532593 0.22446554236623598 0.1696536870081716 0.22723981604156407 0.16433159266200026 0.23116159315364032 0.16060103372228268 0.23859203453033132 0.1622270099716303 0.24710787266971082 0.1655601307296708 0.25062058421463584 0.1697468237420578 0.2516317324623336 0.1725345571520507 0.25542929622629057 0.17497966481285093 0.25643639719367795 0.18020037835959477 0.2540522775894024
5 0.1578577679004705 0.26115334666364765 0.15904183837996028 0.2542534618273699 0.15778080119864993 0.2463464760237047 0.155045779442379 0.24297821422845076 0.14851535956861922 0.2394223075055649 0.14412186244936087 0.2390902128282618 0.13459076177195803 0.24418245215349543 0.13080344867050203 0.2487873301162768 0.12974307230928422 0.25196794698389874 0.1309513978368726 0.2594456308188609 0.1406040918537851 0.2647970412118598 0.14658508187148084 0.266241538708571 0.15121173892447154 0.26610923079983095 0.15508216201452685 0.2645445672353107 0.1578577679004705 0.26115334666364765
5 0.34308575034075606 0.35171148812231073 0.35080024069400567 0.3483675100089189 0.3516274571214912 0.34565129572734016 0.34935067021665206 0.33656170586958656 0.33313715799110244 0.32504347632414354 0.32616677407673894 0.32263102575769553 0.32120153378257205 0.3223691323150728 0.31403243077737 0.32542825820943283 0.31079050502396166 0.32974828395318223 0.3122177621824707 0.34373569855336966 0.31703699503952115 0.3498984704255034 0.3214608904936569 0.35284147753236467 0.32621932668095244 0.35378242454538206 0.33313295643357754 0.3533693116979204 0.34308575034075606 0.35171148812231073
5 0.19260299176877654 0.5181337701103504 0.20241996403363366 0.5130064301677766 0.20604105715789092 0.5023211234084729 0.20506184905601846 0.4919827755422609 0.19857201331193136 0.481667386452458 0.19495302096643657 0.4781897755248732 0.19123264782151428 0.47624982210508904 0.18800899287893405 0.4759919759427767 0.18091491484629857 0.47729879334498443 0.17530694891267296 0.4812556710744009 0.17297534957534946 0.4858996969348328 0.1727016055119444 0.493123581887793 0.1695164339202745 0.5002691710454521 0.16856552337451694 0.5067046532956866 0.1696380272597841 0.5107128207636847 0.17492357998429914 0.5159467874637321 0.18246974958158765 0.5206852982407064 0.1882622063032401 0.5182309774017504 0.19260299176877654 0.5181337701103504
5 0.21367211942352435 0.557381124534787 0.21944226282633225 0.5571084141566863 0.22931194674491134 0.5524103761828154 0.23117722621477022 0.5486951554944699 0.22774886794408106 0.5349534452156638 0.22016825750389865 0.5252077605639245 0.2192011769260755 0.5220581970333324 0.21534902464684835 0.5190449886917909 0.20635118379344375 0.5166635914623726 0.1986062951053168 0.5173966571462063 0.1930733541442577 0.5196012263834708 0.18962058177596156 0.5222040442524082 0.18833108798902776 0.52824532515128 0.18745520241583674 0.5329284989093624 0.18963060852124838 0.5435557462749165 0.20043891641202732 0.5559555385341748 0.20449787279812587 0.5582896933053217 0.21146421420447287 0.5583058824265631 0.21367211942352435 0.557381124534787
5 0.08085549863026102 0.5486319416068122 0.08869772560979912 0.5439649569699712 0.09432800486226936 0.5378264687796996 0.09687449332249695 0.5372959122392864 0.0961669285052671 0.5338965971070025 0.08913574792114883 0.5262623216814383 0.07027032392792759 0.5144160447390024 0.05566047463288097 0.5135952637937942 0.05256859882460565 0.5144106725532391 0.04919489393689247 0.5176574433752312 0.046916006253290905 0.5227307712043661 0.04658955053616401 0.5295253541886231 0.050238941216536256 0.5356138775457662 0.05570898472907813 0.5423504011362741 0.06367280504812581 0.5481270662176656 0.0707709255887777 0.5492165102606645 0.08085549863026102 0.5486319416068122
5 0.13803159880086618 0.5888930940898524 0.1426278575189795 0.5861498737515543 0.1476600377696801 0.5798669358116114 0.148667702477176 0.5762570169752865 0.14796013765994612 0.5728577018430029 0.13967600491055027 0.5621089635041865 0.13256979935386554 0.5562269965707742 0.1282513272071737 0.5541425934013191 0.12029559190415891 0.5531584512103408 0.10937975992717361 0.5540629727005651 0.10618650331947081 0.556416038967811 0.10520519443883584 0.5602406087884874 0.10604858089838705 0.5671094402877352 0.11197880099161484 0.5846838149478385 0.11403665626553332 0.5872636740403668 0.12342579201383604 0.5904685745898508 0.12865054806859633 0.5904807164307818 0.13803159880086618 0.5888930940898524
5 0.467720480701899 0.965012473028547 0.4707069332027304 0.9633384603316959 0.4737684106761284 0.9599121391426925 0.476641354853483 0.9525869996180221 0.47662922732943364 0.945398215282402 0.4725885417541632 0.9384861886051933 0.46350354840414304 0.9306683155323073 0.4597568194323598 0.9285137111281717 0.4516429491681791 0.9262416630310844 0.4420246959941604 0.9258974265128502 0.4317900730075441 0.929986612151007 0.4293266945359157 0.9335573830896813 0.42927802539021015 0.935524342566185 0.4296510494742803 0.9409257177923124 0.43176565890993707 0.9463311402987504 0.44283752506932583 0.9608774424015237 0.44692283728228527 0.9634262481570222 0.45760955183355473 0.9653823906980478 0.467720480701899 0.965012473028547
5 0.6250006237262308 0.929577256328049 0.6268578181800567 0.9210695127492903 0.6240356439271699 0.9122647751105685 0.6190663611249865 0.9096066202227391 0.6142065441382635 0.9102033307175222 0.6091662788715301 0.9116937457670519 0.598518047671171 0.9171410385459978 0.5865539668570171 0.9284149612394639 0.5851326939357785 0.9333829872165783 0.5866613318937149 0.9458327443089651 0.5909351774027177 0.9522803684001306 0.5957990368974573 0.9540799193505543 0.6064289972869882 0.9532104984776698 0.6152829314820386 0.9473298564497107 0.6250006237262308 0.929577256328049
5 0.5542157185327706 0.9888183507621079 0.5641604274239164 0.9823680042960848 0.5682863237665485 0.9781573276846665 0.5716296303193845 0.9722996444331165 0.5733206047960115 0.9577114720578352 0.568791286034432 0.9539098610135681 0.5600529609416208 0.951278712182458 0.5541510384045079 0.9504781676388016 0.5466656654769743 0.9509614817209435 0.53344054748151 0.9543284186107446 0.5268026035215441 0.9640768256373411 0.525874006294631 0.9683306974267204 0.5297950402596459 0.9813582535177916 0.5326354853233608 0.9855851192504517 0.5372661848843678 0.9878490727869181 0.5485246426105459 0.9897350140932634 0.5542157185327706 0.9888183507621079
5 0.4990386186955833 0.962474411644575 0.5097355190416479 0.9550601593891251 0.512665217380741 0.9505605832783646 0.5137479070608034 0.9451983559498874 0.511681966770852 0.9378259739669457 0.5065545490075027 0.9338799131730073 0.4948743980515493 0.9285595561170383 0.4909999324534776 0.9277279582363519 0.48671185864166305 0.9282544674964548 0.48117891768060395 0.9304590367337191 0.4784417951455705 0.9412536926253537 0.4812416560796128 0.9522400407249305 0.47966224819720826 0.9559201607959359 0.4814869435373944 0.9589644224745072 0.4873665527556626 0.9619465774790191 0.4953486438855384 0.9631453706543489 0.4990386186955833 0.962474411644575
4 0.58970335893942 0.3915902908391126 0.5924789648253637 0.38819907026744954 0.5938779244277577 0.3854126547511904 0.5900494947718257 0.3707759623745294 0.5890750206522816 0.35811283184089976 0.5825365157624888 0.3497644022276006 0.5810463611554626 0.34471808045518515 0.5758094775766531 0.3375171542786342 0.5686586453822791 0.33599840826693234 0.5623167588045626 0.33634131987971355 0.5567838178435036 0.33854588911697797 0.552398405740278 0.3430063173300882 0.543009110942467 0.3705235135995878 0.5415208980646946 0.3820363709592675 0.5435198983981122 0.3959535843247745 0.5543728329265802 0.4039901556623223 0.5574160395891501 0.405141706379381 0.5617568250546865 0.40504449908798107 0.5733457810060079 0.40253211885527573 0.58970335893942 0.3915902908391126
4 0.563519577243406 0.23269727268042334 0.5665323855710983 0.23123791096792368 0.5695411513907743 0.2273822878102174 0.5696384896821853 0.22344836885721006 0.577273912554852 0.21946043779076377 0.5791919036784327 0.21617451907112134 0.5778335282057113 0.21220145222046338 0.5743159166596439 0.20718618378507792 0.5623154532733423 0.1968937534716842 0.5547956395029148 0.19236989367906138 0.5497776875550259 0.1916786982677357 0.5443724832202552 0.19256026098155082 0.5409947358245255 0.19341077035833615 0.5364248329332734 0.19636864168098586 0.5338823869810619 0.19929545966660572 0.5318630150580538 0.20411903589404895 0.5329922731050593 0.2109527667759566 0.5364085038516991 0.21750569271914277 0.5421867322705398 0.22202550523145526 0.5490111087477868 0.23033883422741427 0.5595173750190459 0.23318868132318596 0.563519577243406 0.23269727268042334
4 0.1272856780749263 0.2744941584998749 0.12331193245618954 0.2610373004401006 0.1141519141336027 0.2549717358593668 0.10054972954605201 0.25054103607783357 0.09649481566796991 0.2506031427518932 0.0917181086698462 0.2542400676449377 0.09039821654803501 0.2576704361142512 0.08948174684517134 0.26911309223925056 0.08956485683377069 0.27215330663751175 0.09112599390534701 0.27305105847256833 0.10727466695312544 0.27695120171368837 0.11933802778794433 0.2783025391993099 0.12443100470839977 0.2772414261184834 0.1272856780749263 0.2744941584998749
4 0.4871605107611804 0.42379080599459795 0.4957812850224985 0.41837456655268185 0.4988427624958963 0.4149482453636786 0.49982407137653134 0.41112367554300216 0.49945104729246126 0.4057223003168745 0.4965315347481634 0.40085148163116013 0.4844560463892953 0.39231135980991855 0.4769929867806062 0.39061306343120544 0.4680701708997681 0.3864793577096351 0.45571689596947856 0.382766859396147 0.44576005955428366 0.3820284215265501 0.4349496508847423 0.38379154695418044 0.43162461514273465 0.3850713582996687 0.4285104260156148 0.388068377519969 0.4279427253487226 0.390534840199856 0.4293091858374768 0.3993004299409272 0.43809003678921477 0.41173127553721517 0.45016552514808283 0.42027139735845676 0.4639785563505214 0.42641930501480196 0.4681916051897693 0.4276451042468512 0.4871605107611804 0.42379080599459795
4 0.17399676543713177 0.5674819352041901 0.18225260063041257 0.5614568434265597 0.184663267448319 0.5574567705191823 0.1866664693392615 0.5430481485109125 0.1862934452551914 0.5376467732847849 0.17810260828919028 0.5205678545477548 0.17474313170428873 0.5168404920184783 0.16972113724838347 0.5137530351619458 0.1669901580001289 0.5127810348118985 0.16056920394182952 0.5124799934716253 0.1543063848446959 0.5134668580374611 0.1479948966018568 0.5164206820798005 0.14462119171414362 0.5196674529017924 0.14272955641742385 0.5231680226057864 0.13781896950623285 0.5398946102639618 0.1382000786063357 0.5500885083805027 0.1409168295517786 0.5580346420818184 0.14841433000336152 0.5647401123352964 0.15361677273927726 0.5669338646370827 0.16742171892568297 0.5682892494030145 0.17399676543713177 0.5674819352041901
2 0.5871703035344618 0.5387571981231752 0.5913793098656934 0.5375867359100178 0.6003913790219096 0.5329939997881675 0.6059202774749524 0.5283931691056967 0.6071124329704751 0.5262858071598322 0.6085296633836973 0.5189215197375112 0.6075058286441357 0.5129463927930095 0.6053689058896343 0.5097225807474268 0.5943578364000005 0.5003981035037699 0.5852809280660128 0.49737275332129716 0.5782355191790829 0.4967126112470014 0.5707765020784102 0.4974105763134948 0.5558929087199587 0.5038136803212467 0.5509093976149636 0.5081296587846857 0.548454104159368 0.5164929526137734 0.5491170423389089 0.5242554886677675 0.5538389369045482 0.5343521794929086 0.5586541272535821 0.5381186899198356 0.5622427212641996 0.5389853884178624 0.5731362399223403 0.5402624773884932 0.5871703035344618 0.5387571981231752
2 0.46562200816315497 0.5839677553430376 0.48025012826902963 0.580210664382184 0.4829507091824068 0.5785717523026732 0.49013808299843686 0.5709347545022514 0.4924433265088994 0.566076077657468 0.4925812489299831 0.5553826763375437 0.4942843509306597 0.5479832882978826 0.491285770905779 0.5424685166591138 0.48868252828381287 0.5401735097856173 0.4804632347121884 0.537042857751124 0.46414219840043225 0.5388289419551635 0.4582706741981969 0.540639309841065 0.453881219586955 0.5427034766089686 0.43700461013235625 0.5541448078285149 0.42829054008764345 0.5658912276686451 0.426064364057764 0.571393857466483 0.42727268958535236 0.5788715413014451 0.4348979266632238 0.5842540050314741 0.4386406131269906 0.5840123479904029 0.44550557373391025 0.585566194619445 0.45660185399090586 0.5837679685744745 0.46562200816315497 0.5839677553430376
2 0.49668562720131293 0.3997431260920625 0.5042764234362905 0.4001184159473265 0.5101662184493541 0.39373017615536315 0.5126519102398269 0.38797779475583355 0.5074596532987063 0.37641364765757224 0.49560519734952135 0.36022033891466754 0.49222340744577525 0.3586745868462461 0.48691958391043216 0.35801849205226066 0.4737431350606734 0.35941846946555805 0.4678229417127325 0.36319579682796316 0.4626853381545879 0.3686201308305 0.4589811350417314 0.3762652231915425 0.45496066200654306 0.3813345037403669 0.46773158765859185 0.3860851563582723 0.4751723339484365 0.3899650631978406 0.48789054794676323 0.394286413847043 0.49668562720131293 0.3997431260920625