4 0.6388118118697446 0.6454178759846583 0.6428630435904404 0.637029522986366 0.6431345869570915 0.6331462719256659 0.6418481724837377 0.6267693760929065 0.6400028978089811 0.6242556401705752 0.6371749866892337 0.6234075201577393 0.6250624224018638 0.6232109003564351 0.621024213247231 0.6190262820416562 0.6150207312026172 0.6181728955458679 0.6103036636313568 0.6236964048828392 0.6053904814064042 0.6320244844303158 0.6048323089305104 0.6400067227217547 0.6066323263774921 0.6431676671542026 0.6099594424537854 0.6451346503177768 0.6370138575992913 0.6546141666952427 0.6387830158355802 0.6540875050867576 0.6388118118697446 0.6454178759846583
5 0.27679521832808973 0.3640729585092445 0.27903272231023135 0.36097755401056475 0.2789106609184785 0.3544652866088541 0.26954851586136885 0.34383823252754786 0.26487533006686464 0.3404763765923807 0.25865995990045715 0.33852421809612604 0.2539422046036873 0.3399286490520863 0.2507371499191469 0.3444739332902227 0.2502550938817213 0.35549656911247796 0.24800250415698794 0.35880770978119675 0.25691070148532685 0.367668692201648 0.259995757954643 0.36896837570483376 0.2645928273106791 0.3692898341091845 0.27679521832808973 0.3640729585092445
5 0.23146294003514817 0.3806310039911788 0.24227400410657274 0.37466646412976257 0.24330121005382885 0.3682345613291398 0.24175765023090653 0.3614061020060307 0.23029308514947125 0.3478137485120435 0.22636116391849007 0.34623805538800323 0.2213560917869679 0.34762239519369154 0.20808054986901645 0.35579930372336016 0.2117121316991822 0.3699278770101999 0.2065712878843346 0.3732538423462383 0.20746409759928439 0.37700172183798714 0.217566131768898 0.3811767819683986 0.22471888115252084 0.38211053306527454 0.23146294003514817 0.3806310039911788
5 0.18397748268602962 0.3619183315224623 0.186638075186249 0.35690139264370435 0.19035742056992705 0.3532592353862674 0.19079559483059655 0.3511219648361505 0.18845111519929378 0.3474893657630809 0.1839294745562164 0.3460892265085357 0.17960394856683132 0.3418845170434849 0.17205759442480462 0.3383217496055984 0.16487467355599822 0.3378194708488002 0.16097361153570997 0.339931383765693 0.15905359587350415 0.342615407074567 0.1580263899262479 0.34904730987518995 0.15975097866027094 0.3532869351578322 0.16191374165496347 0.3553892898903577 0.16631607180832617 0.3667534752672357 0.17002101917492207 0.3674461325608485 0.18397748268602962 0.3619183315224623
5 0.26539447906318675 0.46104851279243286 0.26708752086100734 0.45748145365313125 0.26707174739290607 0.4535781114421593 0.26498441311117216 0.4503970758594396 0.25533632667032935 0.44798808738988294 0.24609693073048203 0.44799237909129797 0.24314833367000088 0.44887014843877326 0.24006396492619425 0.4516895433165984 0.24012568334758017 0.4590647553984645 0.24296936793542873 0.4638162176222724 0.24629648401172205 0.4657832007858465 0.2567304045183535 0.4652120651754025 0.2608433546604354 0.46419892425897613 0.26539447906318675 0.46104851279243286
5 0.464953491471193 0.44378512454364555 0.46776494139732955 0.4366108239644987 0.46573795008596264 0.43256684370162324 0.45813056524805945 0.42574794256288157 0.4553328256134955 0.4244683502099679 0.45099290160702826 0.42459845529596685 0.44066526902404834 0.42777851609714945 0.4397278898068329 0.42879692349652815 0.4392444583183884 0.4315814025567617 0.44101430428018656 0.43517381932928734 0.449892330123342 0.4444662740898166 0.45297738659265824 0.44576595759300214 0.4569998222791898 0.4460472336968091 0.464953491471193 0.44378512454364555
5 0.3748444448964011 0.634113584796586 0.38979931832060055 0.6308235100596764 0.3915986480420726 0.6298653761111135 0.3927170561703887 0.6262581346712682 0.3854573311376047 0.6185963800026428 0.3829626818058943 0.621240221010973 0.37798778115955567 0.6221930884765835 0.3650276643850113 0.617601380673414 0.3618671792027365 0.6173803780204228 0.35557775577438944 0.6247450571363842 0.35509432428594473 0.6275295361966179 0.3565919391555824 0.6308861256488327 0.36338194299149446 0.6328784664456312 0.36661854461223736 0.6361398666294387 0.3700663466292644 0.6363809604327019 0.3748444448964011 0.634113584796586
5 0.3666809507591328 0.6476341570923156 0.36852553770838015 0.646028814633636 0.36934085553384277 0.6384981398325469 0.3636089168558798 0.6337615022760587 0.35683399876255956 0.6315534253092213 0.3505130283980099 0.6311114200032389 0.34659688063513 0.6334390690901707 0.34461652200255716 0.6369860370792002 0.3435433711020163 0.6399460700089288 0.3438464614048698 0.6438695033701727 0.34561630736666804 0.6474619201426985 0.3483537040308651 0.6496044571757676 0.3610559877303311 0.6496255231075768 0.3666809507591328 0.6476341570923156
5 0.277774548801386 0.614318332351526 0.27588332917334457 0.6083327265583006 0.27588264144783503 0.6042136481772898 0.27204123467240415 0.6013435380330161 0.26839663027617516 0.5997879360592477 0.261501026242121 0.5993057484527216 0.2576150499644246 0.6012019251995755 0.25177888653933866 0.6062135975953812 0.2509477952457749 0.6098409301854983 0.25299056002524317 0.6177882526593457 0.2587979274161647 0.6214462093656394 0.2741765770839513 0.6203536786296626 0.2772006028573911 0.618397228431993 0.277774548801386 0.614318332351526
5 0.27259188638631093 0.6388868981027352 0.2739976113493792 0.6352997478131617 0.2706999790327599 0.6287822139284991 0.2666165126503519 0.6252448041238367 0.2591154157361003 0.6210348281758337 0.25628750461635297 0.6201867081629977 0.24983076256847792 0.6216863283873654 0.24561221222825394 0.624209622494064 0.24340487973129576 0.6268735546526661 0.2426190456655072 0.6298536787326666 0.24440397736989708 0.6332303593351535 0.2549599592682814 0.6391714911264199 0.26143247478425774 0.6415752131130243 0.2688876267452246 0.6423133191901332 0.27259188638631093 0.6388868981027352
5 0.23851911808948847 0.6182938483360216 0.23180385524102548 0.611103748308018 0.2252709967546823 0.6095629710015692 0.21940397411890347 0.6108870373564418 0.21752921568447267 0.6129238521551992 0.21684898181682613 0.6143938230449276 0.21801402262393635 0.6183775298569871 0.22483488567054138 0.6240574766947187 0.23608549945365445 0.6241938230452071 0.23876186542197503 0.6230802263774211 0.23851911808948847 0.6182938483360216
5 0.3839131720264085 0.789319763403077 0.38760234592490306 0.7861090784857179 0.3895676188148841 0.7827778466667272 0.38946064316572304 0.7760498430949777 0.38570906312033293 0.7677662375494598 0.3824724614995901 0.7645048373656523 0.37237042732997644 0.7603297772352409 0.36545973755333067 0.7600633257987535 0.3592299693698409 0.7624459818535486 0.3555709669565298 0.76522519443083 0.3539231823864844 0.7681450450600148 0.35340957941285633 0.7713609964603261 0.354741251113985 0.7770906837829689 0.3634231623034481 0.7891877087540036 0.36594867084585153 0.7902314737866065 0.3800422814913036 0.7910002039798919 0.3839131720264085 0.789319763403077
5 0.3593877040508534 0.8014794039632681 0.36179115120150396 0.7960109015941603 0.36118497059579696 0.7881640348716725 0.3527752904984945 0.7763028372209486 0.34453361674622934 0.7744257768428296 0.3378649865765607 0.7748266250667308 0.33369169346411187 0.7767027106633128 0.33113670116203464 0.7802094963517986 0.32964046174341594 0.7850910636616053 0.33021578313843003 0.78925032434316 0.3377024820355993 0.7977951148422128 0.3511768895092814 0.8032899496260818 0.3552144109384046 0.8033554895598499 0.3593877040508534 0.8014794039632681
5 0.43330837337370787 0.8343976974000341 0.4310544081979555 0.8294706813067313 0.4237645116799881 0.8222403989781837 0.41698959358666776 0.8200323220113465 0.40944392717015043 0.8205886329544707 0.4049833172229495 0.8224446274007807 0.40188386273655113 0.8254797584486446 0.4004932235160745 0.8288511725681793 0.39976910787167186 0.8392065087300461 0.40444298139168555 0.8466874430462241 0.4144236418950558 0.8484693141559358 0.4216819914768208 0.8478929120625397 0.4267624923213015 0.8454298914066568 0.43330837337370787 0.8343976974000341
5 0.3908026307494946 0.8435657061327827 0.39561090050181474 0.8408668581565891 0.39849846686641943 0.8367329551082585 0.3996312730118178 0.8287908991173636 0.39843606071952403 0.8252386646453818 0.39417087770050596 0.8201710105001754 0.389180203586066 0.8172205357548139 0.38024321022356267 0.8170291824364619 0.3700060920961332 0.8189148262174115 0.36403346926221225 0.8217490457625563 0.3617356223097038 0.8257073949413917 0.3608592737883648 0.8299819360416256 0.3620092288528833 0.8341813790237239 0.3661537259311677 0.8409749225292416 0.3692236966578922 0.8424903422024661 0.3849959510840827 0.8440268278074996 0.3908026307494946 0.8435657061327827
5 0.3304811811941131 0.8391308284056395 0.33338383330130955 0.8347811891872702 0.33562064955794163 0.8275667063075793 0.33442543726564794 0.8240144718355976 0.3299943110781208 0.8213199155608191 0.3241115149742407 0.8187406397047198 0.3172460824253701 0.8178269797581157 0.30592003992929845 0.8187693142578217 0.30000776006574437 0.820740589122811 0.2936573059415209 0.8248491345379172 0.2917071187941316 0.8279646301868689 0.2906799128468754 0.834396532987492 0.2935386831773157 0.8389322590412608 0.3062718260874747 0.8426409310140031 0.3209853276302065 0.8428026349977158 0.32654994768864143 0.84167421366261 0.3304811811941131 0.8391308284056395
5 0.3513524608349236 0.8585839490898055 0.3523350972799142 0.8569183331803103 0.3519860620237759 0.8495230299481722 0.3501860445767943 0.8463620855157243 0.34518028471976275 0.8436273469404018 0.3383751951412589 0.8418507423136423 0.33547185530855306 0.8420813031510009 0.32782058869389374 0.8441477672843976 0.32242259952947727 0.8470221691300861 0.31932314504307896 0.8500573001779502 0.3172070147271806 0.8555458936973299 0.3161345515521493 0.8626250050080694 0.31707261849487417 0.8657256759897015 0.3257380684907265 0.8698002803687533 0.3320741245978678 0.8700265495046967 0.33651964880247703 0.8683862912284257 0.3513524608349236 0.8585839490898055
5 0.5919743537265605 0.6133094698232586 0.5935288729390173 0.595207722690264 0.5909875909285127 0.5902606154466891 0.586404919589559 0.5856043424912887 0.5836222656975868 0.5841090139683359 0.5756528230374822 0.5824677809105275 0.5727343974621845 0.582914077917925 0.5685158471219606 0.5854373720246236 0.5646154728271819 0.5916683633225273 0.5642547904559996 0.6050841881654823 0.5698372471590643 0.620216344184381 0.5757502147481278 0.6223641477004025 0.5835681122568056 0.6220436640775888 0.5887089560716532 0.6187176987415506 0.5919743537265605 0.6133094698232586
5 0.5647506010036157 0.6764431199634434 0.5663373548777846 0.6702671356334033 0.5666692412148026 0.6655209398925478 0.5656859170443026 0.6630674774210322 0.5569148668503081 0.6605030262322525 0.5488549097346532 0.6601562101946775 0.5409163262852419 0.6622025831778021 0.537892300511802 0.6641590333754719 0.536879492581628 0.6662561216250449 0.5366840656534452 0.6731797702165613 0.5393316355876014 0.6807358026508747 0.5457438081332108 0.6840024693176346 0.5509463703694444 0.6880517160634623 0.5543790866438797 0.6885085460367643 0.5647506010036157 0.6764431199634434
2 0.5594525775774117 0.37234835991394233 0.5651529693191721 0.36927831304848663 0.569340660448703 0.36306741290085504 0.5698083184690464 0.35637959162964944 0.5646955829628537 0.34691684948257756 0.5543967464140382 0.3414272811816607 0.5476067425781262 0.3394349403848623 0.5438565379837553 0.33938949160136617 0.5297183578360374 0.3433870482992082 0.5215233167625667 0.349100936172994 0.5185452359424115 0.35452925624155773 0.5181530066350268 0.3601383966625689 0.5204522290385544 0.3644182042457551 0.5291636239876913 0.3719646784957012 0.5384338791382317 0.37564799283521927 0.5502892980760326 0.3753930491461738 0.5594525775774117 0.37234835991394233
2 0.4869933832025149 0.7603237256017563 0.49438681674209584 0.7536866195969992 0.5017507665220027 0.7516000643133307 0.5066193792446899 0.7480382716569813 0.5076171014322721 0.7461569195774473 0.5075553830108862 0.7387817074955813 0.501671211455987 0.7279642748774602 0.49702819714666624 0.7241709466022153 0.4860943839579795 0.7195041406809101 0.47593200681799896 0.7161920252306541 0.46430424947009286 0.721449083131138 0.4585743739686586 0.7290696807176822 0.4570630488074482 0.7341669841975278 0.4586079840813896 0.7492336002826585 0.46556530653682965 0.7570909999710508 0.46806064359404953 0.7585662373437315 0.4763174030889063 0.7602275615518117 0.4869933832025149 0.7603237256017563
1 0.47690612524516834 0.12008470543536695 0.47221854143358194 0.12105766405124956 0.4707826449853301 0.1250762866809007 0.47268895035596337 0.1308461563040872 0.47757402427226137 0.13530678423972073 0.4812186286684902 0.13686238621348915 0.502314131271648 0.14072222920403948 0.5074398893439038 0.13761200003803992 0.5098728202542284 0.1275929469478437 0.5145151468380397 0.12726719684207777 0.5256306766633367 0.13346424710392704 0.5304848913689416 0.13423726899862762 0.5355653922134223 0.1317742483427447 0.5491728204683917 0.1188511440722205 0.5508356907810288 0.11571555727299679 0.5505627719633588 0.11136065157167518 0.5465691323109916 0.1024097463657688 0.539703699762121 0.10149608641916483 0.5292101240106322 0.10704924509077522 0.523720932665156 0.1070989855756864 0.5206358761958396 0.10579930207250081 0.5148881640497757 0.09715932230504061 0.5099866289398669 0.08467627377742434 0.5067047700913488 0.0820620821037334 0.49970356585915277 0.08309004768747945 0.4884687255441409 0.08685704354796293 0.486548709881935 0.08954106685683705 0.48608173958710116 0.10034796650905338 0.4842673241230372 0.10152183662765517 0.4808195221060102 0.10128074282439203 0.47894476367157957 0.1033175576231494 0.478945451397089 0.10743663600416023 0.4811843308302497 0.112579388267502 0.4883226821967903 0.11784795391542766 0.4882170819986483 0.1193581071056999 0.4831214954115758 0.12203686393162157 0.47690612524516834 0.12008470543536695
1 0.44603566073084827 0.07847005790647384 0.44729121599350885 0.08115934769830009 0.4502247273113983 0.08049731452086392 0.4639384434900192 0.0701831354410782 0.46445204646364724 0.06696718404076689 0.4607306379034407 0.05825210615517129 0.4576147222234316 0.053264816611052625 0.45318359603590447 0.050570260336273966 0.44947864866930864 0.04987760304266118 0.4386374131127006 0.056273615244155195 0.43404034375666456 0.05595215683980444 0.42180571807754197 0.04924326963678967 0.41472839740687767 0.04723083768971934 0.40896697496924084 0.047044750854319695 0.40477859611420025 0.04913657262094055 0.40317675649743967 0.05552829312101944 0.4026796147174223 0.06676666511331364 0.40443437493662876 0.0705748180558782 0.42135727215284735 0.08042982502402118 0.4337118960471943 0.08129374448571403 0.4426783731693715 0.07693454708297738 0.44603566073084827 0.07847005790647384
0 0.4523648838015121 0.12834100378458607 0.45301425845846566 0.12318342685392461 0.4479474679055576 0.11719255457774698 0.4414296951618061 0.11543604110125934 0.43204012952155113 0.12171677288407405 0.43101223584878545 0.12402959730368605 0.43160264298639117 0.1279731218152019 0.435036046986336 0.13254903016951475 0.44410949975767433 0.13491783633852744 0.44912965763178825 0.1333177603628002 0.4523648838015121 0.12834100378458607
0 0.4308600029718493 0.1179488022420534 0.4336412814128023 0.11120597400298426 0.4339429962646367 0.10689125060220647 0.4318858334680864 0.10327874267940888 0.4240672482338991 0.09948014792121165 0.4175042182623724 0.09837084295484066 0.41401115901757024 0.09877695766169423 0.40885522946013086 0.10231865916777147 0.4080241381665671 0.1059459917578888 0.408659802531948 0.10924230775928785 0.4104145627511545 0.1130504607018525 0.4136360786293056 0.11652759705569897 0.42349605319194217 0.12003535752572185 0.4308600029718493 0.1179488022420534