0 0.5828638522149434 0.5701813521842155 0.582758939742311 0.5758105837554985 0.5900488362602783 0.583040866084046 0.5974738167360618 0.5842104445012327 0.6079379087278767 0.583207836550711 0.6097070669641653 0.5826811749422258 0.6122469735236511 0.579390125423779 0.6133345224412741 0.5720952779430006 0.6112622739021318 0.568698506190242 0.6018555593427566 0.5628377390000632 0.594990126793886 0.5619240790534591 0.5914367245787168 0.5631931384404683 0.586310966506461 0.5663033676064677 0.5828638522149434 0.5701813521842155
1 0.6157983125622914 0.5657638308937374 0.6141354422496544 0.5688994176929613 0.6168131836689941 0.5760239777871967 0.616330439906059 0.5829275352284412 0.6176463381390864 0.5847538803401119 0.6229695863160536 0.5870772377256286 0.6349162074349146 0.5896469553973607 0.6417809522582757 0.5864415369629536 0.6533476789103053 0.5779283453616146 0.6566432480503963 0.572088644103245 0.658290344894932 0.5650497150930494 0.6575641660740008 0.5630478161118836 0.654811683667212 0.5611210152488533 0.6440595871151353 0.5579844536680922 0.6349113933563479 0.5608134067302848 0.6227686575837946 0.5610482592690584 0.6157983125622914 0.5657638308937374
1 0.6771236296162232 0.5145536014181669 0.6736154846288293 0.5151754522950593 0.6711510067823022 0.5173878209633117 0.6680673257640051 0.5243262942221477 0.6654060455382763 0.5252241547198948 0.6602041710275522 0.525293986355078 0.6574976335740481 0.5268390553629418 0.6572562616925806 0.530290834083564 0.6634414603738047 0.5326744649198963 0.6648334750453004 0.5375412075623835 0.660691728869054 0.5472239775809092 0.6606924165945636 0.5513430559619201 0.663853589502348 0.5556831369959221 0.6683148871750584 0.557946220930623 0.6716111440406587 0.556225598053264 0.6787638934242816 0.5571593491501401 0.690921027213917 0.5525896820603167 0.6966673639089621 0.5529915050657552 0.7031090202142456 0.5517076210114265 0.7152805520209632 0.5428031393705535 0.7177141706567971 0.536903164661368 0.7188312033340942 0.5250577664595011 0.7172430740089062 0.5229955940275194 0.7055385124970224 0.5210931760161761 0.6890544772669827 0.513219976878927 0.6841605931989988 0.5157682384766641 0.6802086860855394 0.5158532849213525 0.6771236296162232 0.5145536014181669
1 0.5872791164971336 0.38730164514346815 0.5876260885767433 0.3823397132325737 0.5834822792239686 0.37966524810806696 0.5794296720522534 0.37981544434433784 0.5757398104282493 0.3789070508806861 0.5737279048594741 0.3746473344477719 0.5704007887831807 0.37268035128419763 0.5608439045233977 0.37309602417541854 0.5445436491064969 0.379110304521746 0.5378455351771543 0.38406170346673585 0.5298178127232116 0.3956406502321155 0.5312852561076659 0.3994287120244082 0.5353838082326655 0.40275038565903143 0.5416917560311519 0.41576536227808514 0.5473174067854633 0.4178930746438348 0.5531090007082835 0.4176476891391566 0.5599586597890529 0.41465800687478865 0.563557319231997 0.412741738977663 0.5676695816485695 0.40760951968022574 0.570950752771578 0.4061046329729058 0.583653036471044 0.40612569890471495 0.5989871166365651 0.40979945505986565 0.6036897861907432 0.40861076027394416 0.605609801852949 0.4059267369650702 0.6059876331432518 0.4046524110951088 0.6049137945172013 0.4034933656438266 0.5968990946293217 0.40249934109613494 0.5899726313845746 0.39832954744867566 0.5880512402713497 0.39277541399552807 0.5853892723201113 0.38955419611226433 0.5872791164971336 0.38730164514346815
2 0.22714442395671175 0.6901234599930671 0.2147760897707922 0.6977134334634348 0.208381066144303 0.7065882657696687 0.2039986358120987 0.7238418928898275 0.2041069869122789 0.7388080532235987 0.20554425881154964 0.743027587355969 0.21296992701284262 0.7483162441541665 0.21974484510616293 0.7505243211210038 0.2223759538467084 0.7500579329633346 0.22981670779059304 0.7551308535914931 0.23347639792941371 0.7564707193952227 0.23748374787335358 0.7569677316690685 0.2505638628631222 0.7557144717309162 0.2545252678537773 0.752739614133868 0.2578208369938681 0.7468999128754983 0.2637927721022795 0.7399466149493426 0.27051899434027693 0.7222065085212425 0.27379810228675694 0.7083443866708901 0.27258780425187157 0.7050078883689472 0.26615985823816085 0.6978378794912155 0.24852655566911236 0.6898843157528785 0.23763868743371006 0.6886893797024676 0.23069782617188084 0.688854400606058 0.22714442395671175 0.6901234599930671
2 0.42696268910943325 0.776504330929939 0.42648063307200756 0.7875269667521942 0.42920294399361286 0.7898852399553025 0.4329984058157591 0.7892834802286819 0.43491910920347454 0.7907185353008188 0.43972806668130426 0.792138765705636 0.44332672612424845 0.7902224978085102 0.445624573076757 0.7862641486296748 0.44721132695092597 0.7800881642996347 0.4451082192010907 0.7730037865059429 0.44135732688121027 0.7688392593414359 0.4373801484224539 0.7679107747275122 0.43387200343505994 0.7685326256044048 0.42927562180453344 0.7723302455810647 0.42696268910943325 0.776504330929939
2 0.40145527241439705 0.7944486657806362 0.39964016922482365 0.7915034575182271 0.4015450991444379 0.789035170379392 0.4059604518638637 0.7878263844431987 0.41571413850284866 0.7887252197224831 0.4198709704216867 0.7788267135339184 0.4220769274676258 0.7679246246132947 0.41691962245916747 0.7632281693573504 0.41055270714133324 0.7593142941804738 0.4042769940045588 0.7582250803643749 0.3967464133306334 0.7585656551374603 0.3936017016164598 0.7622479946954411 0.38947504118280524 0.7717150285439279 0.39377383431455437 0.7969466022541106 0.40024634983053076 0.799350324240715 0.4001263516153065 0.8051952919820369 0.40696230040450326 0.8106595026497295 0.41033467370857163 0.811979277303187 0.4138126472107821 0.8117888987663722 0.4200424153942718 0.8094062427115771 0.4225823219537574 0.8061151931931304 0.4126770901633458 0.8032546412332241 0.40690058198311724 0.8032842905678634 0.4027115154025672 0.8012570339534733 0.4026203132215073 0.798432372592696 0.40094166944076903 0.7976646171809476 0.40145527241439705 0.7944486657806362
4 0.18951417131028084 0.7369204598795747 0.18523527799969006 0.7403066986664288 0.18125947499195272 0.747616370814527 0.17994563993545382 0.7581472608458887 0.18312258631133926 0.7663906840908626 0.18685839288862816 0.7707709474254084 0.19647630784428755 0.7736114082350429 0.2045211792173506 0.7741739604426568 0.21622436527821537 0.7678382216919785 0.2254020427966767 0.7604587179086975 0.2267474247893781 0.7577345122992796 0.2233592780172084 0.75251139543485 0.21947261401400242 0.7502884938006931 0.21239529334333804 0.7482760618536226 0.20088615875963725 0.7394499952507629 0.19300723055508304 0.7365143451727212 0.18951417131028084 0.7369204598795747
4 0.5176655814493784 0.6107147870935685 0.5130246303165862 0.619278693961356 0.5033930050693541 0.6248921260837822 0.5029095735809095 0.6276766051440158 0.5049516506348682 0.6315048492368524 0.5131028099315829 0.6346763266352049 0.5188045771243623 0.6398444365317709 0.5295265021912556 0.6434124704526095 0.5386753836755525 0.6447025957714279 0.5438772581862765 0.6446327641362447 0.5506816600392707 0.6422902903819935 0.5550208963202284 0.6380411069149837 0.5564266212832968 0.6344539566254104 0.556652219696663 0.6270988356938162 0.550163242987076 0.6166726931152292 0.539530456924714 0.6035720854121355 0.5297760825602197 0.5985541717518402 0.5217764684149317 0.5973444110341097 0.5186920996711251 0.600163805911935 0.5176655814493784 0.6107147870935685
4 0.8193262949415576 0.5908354472390209 0.8016038533679778 0.592414457282939 0.7983528537301527 0.5934878716501812 0.7899760960200716 0.5976715151834229 0.7805412731520416 0.6045994554763543 0.7772463917374602 0.6145582351157348 0.7768095929278098 0.6249336624278733 0.7801373967296126 0.6310197239724584 0.7851129851014608 0.6341859348878586 0.7888179324680566 0.6348785921814715 0.7946712448122628 0.6420084187586593 0.8014461629055832 0.6442164957254967 0.8086290837743896 0.6447187744822949 0.8205750171677408 0.643169413773016 0.8319758006512614 0.6370293200421047 0.8481553701274285 0.6327409290560884 0.8539161048395559 0.6288079375104771 0.8598880399479674 0.6218546395843215 0.861263593425852 0.6186989616348259 0.8618677108550304 0.6141885932142812 0.8609749011400808 0.6104407137225324 0.8583280189314338 0.6070037596692297 0.8531103709526088 0.603170249093441 0.838939956143179 0.5952420429883282 0.8259194963982676 0.5915132798653141 0.8193262949415576 0.5908354472390209
5 0.4973373885418699 0.5834951642880024 0.488732969241894 0.5826766936098058 0.48428744503728466 0.584316951886077 0.4780583645793045 0.5908186863218828 0.4702123587619719 0.6039278774278067 0.47337353166975615 0.6082679584618086 0.4795436446083886 0.6108673254681799 0.4858502169558559 0.6156441453252119 0.4898582546253053 0.6202602359800686 0.4963005986560981 0.6230954303067507 0.500005546022694 0.6237880876003636 0.5112253005951141 0.6202368279099189 0.5143700123092876 0.616554488351938 0.5174084360998095 0.6102632236032188 0.5184054705618824 0.6042627931426738 0.5175579180747077 0.5998677051408083 0.5141094283321712 0.5955075329565344 0.5113562581998728 0.5894616537124931 0.5094657262973409 0.5875951263002785 0.503870247028213 0.5850359415944512 0.4973373885418699 0.5834951642880024
5 0.5563888848175086 0.5895755667743691 0.550841413678194 0.6028454870824682 0.5594773799143724 0.6114706421826088 0.5633489581749866 0.6139092799868047 0.5667515029642386 0.6147975823001846 0.577684628427416 0.6153453098404787 0.5841111989901075 0.6142771619561889 0.5889194687424278 0.6115783139799952 0.592487268974679 0.6059744400419363 0.5930310434334907 0.6023270163015472 0.5915485143064446 0.5987546906792934 0.589249291902917 0.5944748830961071 0.5846666205639631 0.5898186101407068 0.5798727488287252 0.5881826435658506 0.570134147932332 0.5870680721165273 0.5563888848175086 0.5895755667743691
5 0.7331792526456948 0.6006372071713699 0.7297170526115856 0.6047309279191565 0.7287954468624716 0.6096526775295071 0.7315794762054627 0.6193861628144813 0.7359050021948478 0.6235908722795321 0.7476253371748328 0.6293966325018475 0.7536740764472218 0.6296028104875191 0.7677519136245727 0.6264681984698325 0.7733919623959662 0.6242610962845326 0.7752667208303969 0.6222242814857751 0.7768082174767907 0.6166955056658517 0.7776235353022533 0.6091648308647626 0.7756116297334781 0.6049051144318481 0.7667644631010156 0.599300265712252 0.7529423958222143 0.5946482844582667 0.749509679547779 0.5941914544849647 0.7419338416460785 0.5951792377681668 0.7331792526456948 0.6006372071713699
5 0.8584974007274907 0.6252260537038561 0.8490173206316852 0.6328012025069042 0.8330948965050873 0.6375411569832702 0.8306304186585601 0.6397535256515225 0.829572353500611 0.6424978224112123 0.830934196686923 0.6477960373937772 0.8364391615005005 0.651649639119838 0.8429569342442521 0.6534061525963256 0.8538598882222461 0.6543853524766977 0.8617539021693921 0.6571052663847005 0.8807922419759991 0.6573526014524531 0.8914373628789148 0.6537611594614645 0.8939621836958087 0.6506858461130567 0.8947781892467811 0.6472742496929783 0.8941274391388081 0.6441936698616181 0.8894233941336112 0.6371442078855178 0.8825120166314555 0.6327586780680197 0.8779293452925018 0.6281024051126193 0.8742696551536809 0.6267625393088897 0.8584974007274907 0.6252260537038561