3 0.320852534562212 0.5084342560553633 0.3245967741935484 0.513840830449827 0.3283410138248848 0.5170847750865052 0.3378456221198157 0.5214100346020761 0.3482142857142857 0.5235726643598617 0.3528225806451613 0.5235726643598617 0.36664746543778803 0.5207612456747406 0.38364055299539174 0.5147058823529412 0.3888248847926267 0.5108131487889274 0.39343317972350234 0.5051903114186851 0.396889400921659 0.4945934256055364 0.3951612903225806 0.4900519031141869 0.38652073732718895 0.48399653979238755 0.37672811059907835 0.48075259515570934 0.35829493087557607 0.4798875432525952 0.3433179723502304 0.48572664359861595 0.3355414746543779 0.4915657439446367 0.32661290322580644 0.49437716262975784 0.32229262672811065 0.4974048442906575 0.3199884792626728 0.5008650519031141 0.3197004608294931 0.5051903114186851 0.320852534562212 0.5084342560553633
3 0.38306451612903225 0.5516868512110726 0.39055299539170507 0.5560121107266436 0.4055299539170507 0.5570934256055364 0.4179147465437788 0.5540657439446367 0.4245391705069125 0.55060553633218 0.43001152073732724 0.5462802768166091 0.4334677419354839 0.5404411764705883 0.435483870967742 0.5289792387543253 0.43260368663594473 0.5194636678200693 0.4251152073732719 0.5127595155709342 0.4153225806451613 0.5084342560553633 0.40783410138248855 0.5084342560553633 0.404089861751152 0.5099480968858132 0.3945852534562212 0.5105968858131489 0.3908410138248848 0.5121107266435987 0.3853686635944701 0.5155709342560554 0.37989631336405527 0.5283304498269896 0.38018433179723504 0.5464965397923875 0.38306451612903225 0.5516868512110726
4 0.2903225806451613 0.4320934256055364 0.2995391705069125 0.4381487889273357 0.3050115207373272 0.44961072664359863 0.32142857142857145 0.4576124567474049 0.33496543778801846 0.45891003460207613 0.3389976958525346 0.4576124567474049 0.3456221198156682 0.4571799307958478 0.3487903225806452 0.456098615916955 0.36088709677419356 0.4485294117647059 0.3626152073732719 0.44269031141868515 0.3626152073732719 0.4355536332179931 0.36059907834101385 0.42863321799307963 0.3464861751152074 0.41976643598615915 0.3421658986175115 0.41846885813148793 0.32747695852534564 0.41846885813148793 0.31422811059907835 0.4147923875432526 0.3001152073732719 0.4147923875432526 0.2955069124423963 0.4173875432525952 0.2900345622119816 0.4253892733564014 0.2894585253456221 0.4290657439446367 0.2903225806451613 0.4320934256055364
5 0.3136520737327189 0.5748269896193772 0.320852534562212 0.5817474048442908 0.32430875576036866 0.5828287197231834 0.3300691244239632 0.5828287197231834 0.3332373271889401 0.5817474048442908 0.3369815668202765 0.578287197231834 0.33381336405529954 0.5700692041522493 0.33726958525345624 0.5629325259515572 0.3453341013824885 0.5586072664359862 0.3467741935483871 0.5568771626297578 0.3456221198156682 0.5536332179930796 0.3346774193548387 0.5508217993079585 0.31739631336405527 0.5525519031141869 0.31163594470046085 0.5564446366782008 0.3099078341013825 0.560121107266436 0.30961981566820274 0.5674740484429066 0.3136520737327189 0.5748269896193772
5 0.33496543778801846 0.5756920415224914 0.3415898617511521 0.5839100346020761 0.3577188940092166 0.5910467128027682 0.3652073732718894 0.5923442906574394 0.37298387096774194 0.5919117647058825 0.38306451612903225 0.5888840830449827 0.38623271889400923 0.5852076124567475 0.3873847926267281 0.5776384083044983 0.38479262672811065 0.5709342560553634 0.37989631336405527 0.5666089965397925 0.3660714285714286 0.5594723183391004 0.3525345622119816 0.5564446366782008 0.3453341013824885 0.5570934256055364 0.3361175115207373 0.5631487889273357 0.33410138248847926 0.566825259515571 0.33381336405529954 0.5715830449826991 0.33496543778801846 0.5756920415224914
5 0.5388824884792627 0.6009948096885813 0.5498271889400922 0.6072664359861593 0.5607718894009217 0.610726643598616 0.5659562211981567 0.6113754325259516 0.5717165898617511 0.6098615916955017 0.5783410138248848 0.6057525951557093 0.579205069124424 0.6001297577854672 0.5766129032258065 0.5914792387543253 0.5676843317972351 0.5841262975778547 0.5570276497695852 0.5772058823529412 0.5532834101382489 0.57590830449827 0.5478110599078342 0.5756920415224914 0.5408986175115207 0.5776384083044983 0.5362903225806452 0.5826124567474049 0.5342741935483871 0.58780276816609 0.5348502304147466 0.5947231833910035 0.5388824884792627 0.6009948096885813
5 0.3303571428571429 0.6286764705882353 0.3355414746543779 0.6347318339100346 0.3418778801843318 0.6373269896193772 0.3461981566820277 0.636461937716263 0.3487903225806452 0.6368944636678201 0.35685483870967744 0.6392733564013842 0.3591589861751152 0.6410034602076126 0.36751152073732724 0.6420847750865052 0.3755760368663595 0.641219723183391 0.38421658986175117 0.6375432525951558 0.3888248847926267 0.6321366782006921 0.3894009216589862 0.6250000000000001 0.3870967741935484 0.6191608996539792 0.37989631336405527 0.6135380622837371 0.36319124423963134 0.6072664359861593 0.3591589861751152 0.6070501730103807 0.3418778801843318 0.6100778546712803 0.33410138248847926 0.6144031141868512 0.3289170506912443 0.6198096885813149 0.32776497695852536 0.6234861591695502 0.3303571428571429 0.6286764705882353
5 0.345910138248848 0.6866349480968859 0.35195852534562216 0.6885813148788927 0.3591589861751152 0.689446366782007 0.36664746543778803 0.6885813148788927 0.3715437788018433 0.6875000000000001 0.3819124423963134 0.682742214532872 0.3876728110599078 0.6725778546712803 0.39026497695852536 0.6645761245674742 0.3876728110599078 0.6606833910034602 0.38047235023041476 0.6565743944636678 0.3683755760368664 0.655060553633218 0.3588709677419355 0.655060553633218 0.3525345622119816 0.6567906574394464 0.3464861751152074 0.6615484429065744 0.3407258064516129 0.6667387543252595 0.33870967741935487 0.6712802768166091 0.3392857142857143 0.6792820069204153 0.345910138248848 0.6866349480968859
5 0.25144009216589863 0.6273788927335641 0.25460829493087556 0.6304065743944637 0.2623847926267281 0.6334342560553634 0.26872119815668205 0.6342993079584776 0.2903225806451613 0.6340830449826991 0.3004032258064516 0.6301903114186851 0.3024193548387097 0.6252162629757786 0.3070276497695853 0.6230536332179931 0.309331797235023 0.6208910034602076 0.31048387096774194 0.6152681660899655 0.30961981566820274 0.6124567474048443 0.3070276497695853 0.6096453287197232 0.30328341013824883 0.6098615916955017 0.3004032258064516 0.6085640138408305 0.2932027649769585 0.6087802768166091 0.2897465437788019 0.6102941176470589 0.2839861751152074 0.610726643598616 0.2793778801843318 0.6087802768166091 0.2721774193548387 0.6087802768166091 0.25489631336405527 0.6124567474048443 0.25144009216589863 0.615916955017301 0.2505760368663595 0.6193771626297578 0.2502880184331797 0.6234861591695502 0.25144009216589863 0.6273788927335641
5 0.3084677419354839 0.6410034602076126 0.3130760368663595 0.645544982698962 0.31768433179723504 0.6483564013840831 0.3358294930875576 0.6483564013840831 0.3421658986175115 0.6474913494809689 0.3493663594470046 0.6440311418685122 0.34763824884792627 0.6405709342560554 0.334389400921659 0.634515570934256 0.3306451612903226 0.6312716262975779 0.32690092165898615 0.6250000000000001 0.3245967741935484 0.6230536332179931 0.32056451612903225 0.6228373702422145 0.31422811059907835 0.6247837370242215 0.30961981566820274 0.6288927335640139 0.3064516129032258 0.6349480968858132 0.3061635944700461 0.6373269896193772 0.3084677419354839 0.6410034602076126
4 0.38623271889400923 0.7028546712802768 0.38911290322580644 0.7060986159169551 0.4147465437788019 0.7166955017301039 0.4228110599078341 0.7162629757785468 0.4311635944700461 0.7134515570934257 0.4357718894009217 0.7099913494809689 0.440668202764977 0.7019896193771626 0.4412442396313364 0.6957179930795848 0.44038018433179726 0.6924740484429066 0.4375 0.6883650519031143 0.43202764976958524 0.684688581314879 0.4182027649769585 0.6801470588235294 0.41100230414746547 0.6797145328719724 0.40034562211981567 0.6820934256055364 0.3919930875576037 0.6855536332179931 0.38306451612903225 0.6922577854671281 0.383352534562212 0.6961505190311419 0.38623271889400923 0.7028546712802768
1 0.41849078341013823 0.786332179930796 0.4147465437788019 0.7871972318339101 0.4130184331797235 0.7884948096885813 0.41215437788018433 0.7921712802768167 0.4130184331797235 0.7967128027681661 0.4233870967741936 0.806877162629758 0.4297235023041475 0.8109861591695502 0.43260368663594473 0.8140138408304498 0.4334677419354839 0.8166089965397925 0.43001152073732724 0.8207179930795849 0.42857142857142855 0.8211505190311419 0.4279953917050691 0.8243944636678201 0.42885944700460826 0.8267733564013842 0.43418778801843316 0.8299091695501731 0.43490783410138245 0.8321799307958478 0.43260368663594473 0.8382352941176471 0.4337557603686636 0.8460207612456749 0.43202764976958524 0.8527249134948098 0.4357718894009217 0.8551038062283738 0.4481566820276498 0.8561851211072666 0.45103686635944706 0.8579152249134949 0.45305299539170507 0.8607266435986161 0.4570852534562212 0.8626730103806229 0.4599654377880184 0.8605103806228375 0.46054147465437795 0.8557525951557095 0.46284562211981567 0.8520761245674742 0.4660138248847926 0.8499134948096886 0.47955069124423966 0.848832179930796 0.4778225806451613 0.8475346020761247 0.4714861751152074 0.8464532871972319 0.46716589861751157 0.8471020761245676 0.4634216589861751 0.8464532871972319 0.46370967741935487 0.8440743944636679 0.4680299539170507 0.8399653979238755 0.4717741935483871 0.833044982698962 0.478110599078341 0.8280709342560554 0.47638248847926273 0.8239619377162631 0.47839861751152074 0.8202854671280277 0.48156682027649766 0.8202854671280277 0.4841589861751152 0.8228806228373703 0.4936635944700461 0.8230968858131489 0.5017281105990784 0.8207179930795849 0.5103686635944701 0.8146626297577855 0.5172811059907835 0.8073096885813149 0.5172811059907835 0.8003892733564015 0.5120967741935484 0.7930363321799309 0.5069124423963134 0.7919550173010381 0.49942396313364057 0.7926038062283738 0.4962557603686636 0.7833044982698962 0.4933755760368664 0.7809256055363323 0.49107142857142855 0.780060553633218 0.48300691244239635 0.780060553633218 0.4614055299539171 0.770544982698962 0.4567972350230415 0.7673010380622838 0.43490783410138245 0.7666522491349481 0.43001152073732724 0.7679498269896194 0.42367511520737333 0.7722750865051904 0.42050691244239635 0.7846020761245676 0.41849078341013823 0.786332179930796