5 0.7074785853907041 0.15765903914502072 0.7103017164162176 0.15436532242925033 0.7127689353068428 0.14718449164640002 0.7175474993487876 0.14039590802125104 0.7185521995504225 0.131942830084908 0.7167299944171931 0.12656723882645574 0.7138087313485633 0.12423897455735027 0.7109176627547383 0.12364055059128347 0.696280025880854 0.12670789843634292 0.693138725813958 0.12827680146383186 0.6792280104472533 0.13998329759457034 0.6754994383191508 0.1409135637379344 0.6706642596369468 0.14445869679488568 0.6701486994534023 0.14792843063047773 0.6696973025288181 0.15507407511002708 0.670902041126036 0.15808118918131578 0.6799122874956461 0.1626824249571966 0.6943147901338618 0.16264732425721226 0.7040568593759319 0.15966542886302673 0.7074785853907041 0.15765903914502072
5 0.8479826266590429 0.17013095037193343 0.8559855255735973 0.1665305245526521 0.862711974013272 0.15581461394236512 0.8663952544291671 0.1522895873444429 0.8677596410750411 0.1479398535130596 0.8667749394760893 0.14103557214517654 0.8563512404390469 0.13797307970824108 0.849458722387945 0.139174868651815 0.8415313096604029 0.14709989522869332 0.8322357359776362 0.15915842559907495 0.8280293467594954 0.1657207259568294 0.8292265367380122 0.1682953799523584 0.8315529791267343 0.16955254726157917 0.8379223883755904 0.1713880320778376 0.8416698320504461 0.17153891612387273 0.8479826266590429 0.17013095037193343
5 0.832505625280582 0.25713576583243 0.8389931651752376 0.2492358723293381 0.8377771036499679 0.24558006814440997 0.8310215877914182 0.23812762895803297 0.8272590468791599 0.23711182476047835 0.8235191518230058 0.23739340079020294 0.8192259534898007 0.23898241027672107 0.8155313501458537 0.2418587467610037 0.8132992654908973 0.24600733039877895 0.8114381902082318 0.25490794825515345 0.8089445511521521 0.2605751687728449 0.810000964628766 0.271587820860445 0.8132328481200769 0.27520843874207224 0.8172984608363147 0.27708413647638885 0.821860762189344 0.2744089501857142 0.8278025474256496 0.2682489502151757 0.832505625280582 0.25713576583243
5 0.859508817168028 0.2858643723885387 0.8626085998320672 0.2819169389443715 0.8662088454422484 0.2736348515130928 0.8653686946545502 0.2585088020910184 0.8638042696130931 0.25139834391477 0.8614476327495659 0.2484113363025104 0.8579655177851839 0.24695804541443894 0.852486452401514 0.2466210910190676 0.8438736355696493 0.24828549972694494 0.8373030608692801 0.2514283323966803 0.8319334504567782 0.2573620490998244 0.8261426375944974 0.2721712505855566 0.8262898356591716 0.28060422206287045 0.8319198734168666 0.28959037797343545 0.8382779597376709 0.2907771726760543 0.8463412476018354 0.2906364274628504 0.8558104395147307 0.28852447883494153 0.859508817168028 0.2858643723885387
5 0.9125591736212824 0.30505389541078143 0.9193384623918656 0.2973652053308122 0.9258712939987287 0.2920600722822785 0.9277965325403548 0.2868353650698613 0.9265049848280725 0.27885496012733624 0.924163445201948 0.27673287266659613 0.9175324815519688 0.2764160247302539 0.9137623920210094 0.2749677604569396 0.9014813920106522 0.28102211591425846 0.8902617068421893 0.2818668440034321 0.8842972757497798 0.28672946374669156 0.8778361560205787 0.29614296751494223 0.8785593032184076 0.3045658857627415 0.8812680779074729 0.31122377740420115 0.8838824948627719 0.31247591809866465 0.8919457827269364 0.3123351728854607 0.9005548252494506 0.3104545341397035 0.9125591736212824 0.30505389541078143
5 0.8883546059329476 0.3541429694176295 0.8935041793471834 0.3521064200110799 0.9087328625916247 0.34989393908802535 0.9149814939412609 0.34481006269212877 0.9272398480955142 0.33745832700753087 0.930593636541975 0.33155979660768775 0.9308061249215399 0.32723016923533355 0.9295938377056207 0.3237905950882852 0.9255131277519805 0.3210499772024492 0.9168172761144018 0.31795732507697005 0.912774309254268 0.3173790075699324 0.9012628752098772 0.3180125322359834 0.8952493780959093 0.3200641614868049 0.8895012096924152 0.3208133838955901 0.880331315274149 0.3235689960223812 0.8726239395448729 0.327596855302665 0.8632604282937951 0.33576324499120946 0.8610358922575397 0.3403442887047444 0.860501460527242 0.34273287235093725 0.8631687178134504 0.34701223357571853 0.8672645250044931 0.35061777161307395 0.8742325292426077 0.35374058342709674 0.8797191432449789 0.3545099978982278 0.8883546059329476 0.3541429694176295
4 0.49376185292654107 0.24163526442213196 0.5041213887046226 0.24102184621511022 0.5081266124712505 0.23943786334334938 0.5131554079862664 0.23048195272464472 0.5138947794774277 0.22333128163033805 0.5105307951588449 0.21214261242291638 0.5040104135359637 0.20165792609146438 0.5010853761579832 0.199113431784479 0.49242349330456037 0.19796684999991848 0.4858189498200356 0.1991636123287351 0.48267764975313965 0.20073251535622413 0.47448868262447474 0.2101761788130186 0.47254834684544617 0.21453596587391638 0.4723509557032838 0.2197305133977899 0.4755401947358079 0.23741111035636414 0.47818858047526297 0.24060932139174623 0.482833916634006 0.2426911959344281 0.4871686323700681 0.24348071686458828 0.49376185292654107 0.24163526442213196
4 0.8074835526606527 0.2923961706444827 0.8117012648068455 0.2864825604003677 0.812167758968832 0.28020183607233773 0.8085271230117238 0.2696668835933128 0.807209155133987 0.2601728683856289 0.8019086093457263 0.2535602162769849 0.7925990654814871 0.24831531700222179 0.7891320477545076 0.24772694626566966 0.7819402322087764 0.24828507171036146 0.7750816829418298 0.251432930994854 0.7722434546789136 0.2538617275591051 0.7706250622506179 0.26016255834616425 0.7693312604264759 0.28505917239088974 0.7714301171982306 0.2897810469209453 0.7752266268946444 0.2927429214594185 0.7827668059565629 0.29563945000604697 0.8008865577948292 0.29402539304905906 0.8074835526606527 0.2923961706444827
4 0.78018675092698 0.3458651381712577 0.785003058062431 0.3412388549249073 0.7891868014244681 0.3333791743398737 0.7896419726584026 0.32644975989820424 0.7875506645053492 0.32216034544390826 0.7802267481323459 0.31515041956280554 0.7761649097254588 0.31349095186636877 0.7649376759382946 0.3139032198797826 0.7572038800435644 0.31641746889490746 0.7455252493318162 0.3239753813878707 0.7449870432921679 0.32614773499618366 0.744785877840655 0.33112605248217736 0.7489609455280608 0.33927242131500945 0.7548223432120738 0.34501010004261945 0.7606346748745285 0.3479367882777917 0.7735973046798577 0.3479268206515938 0.78018675092698 0.3458651381712577
4 0.2776063398137646 0.746998508390924 0.28038040481772014 0.7408938011827155 0.280812930195551 0.7326670065137669 0.278013572082071 0.7208195939631912 0.27816567151202587 0.7130302859847596 0.27604794319351794 0.7072272612653048 0.27399815244332115 0.7053163772276871 0.27254695668238277 0.7046928201878341 0.2624753954708785 0.7053012117800986 0.2581784228283227 0.706673991228737 0.2547717940509532 0.7095453010982622 0.2513953597483887 0.7141464512708262 0.24892436654841293 0.7211110520157968 0.24056442844304002 0.7372628732616237 0.2406587861768056 0.7426686242086197 0.2453418654290549 0.7469127991301001 0.25398110242637395 0.7467620006873815 0.2684288967767971 0.7493216604419555 0.27361243897518855 0.7492311813763243 0.2776063398137646 0.746998508390924
4 0.34677611651820733 0.8150058394297549 0.35568823084470114 0.8139850942207598 0.36116729622837107 0.8143220486161311 0.36649161492866555 0.8057935714584289 0.36613570279377694 0.8019064573913491 0.36290381930246607 0.7982858395097218 0.3576674367731659 0.7953490980450351 0.3469444402414945 0.7916429421092175 0.3382938803161236 0.7911450504382962 0.32990864910122625 0.7893447519253389 0.3227206078648456 0.7901191074079105 0.3172717369559806 0.7915119933155779 0.31270566129360067 0.7939709495683728 0.3107615512052214 0.7981145065913907 0.31063964625007157 0.8076336548728611 0.3121851997447755 0.8136629628597103 0.31514043159756094 0.8179372974697342 0.31949024457102543 0.8195917385514138 0.32755353243518986 0.8194509933382099 0.34677611651820733 0.8150058394297549
4 0.25880991191455954 0.8913796831109378 0.2707878401209369 0.884465434116857 0.27786265207679883 0.87720417749789 0.27924213596007535 0.8737193638180261 0.2791779727011148 0.8700434531740688 0.2759158947349989 0.864692994989403 0.2712592356482039 0.8619624303330816 0.2663485707789873 0.861182962632436 0.253969438725514 0.8616153371048789 0.24966869177360757 0.8627718865156373 0.23539074134396243 0.8699425784656564 0.22805060067762692 0.8785062419266595 0.22723196869010248 0.8811160822254896 0.2278758553915683 0.884998169677812 0.23202072860416925 0.8914146982076053 0.23464269417816994 0.8930992989778286 0.24821146759145876 0.8948091184251549 0.25880991191455954 0.8913796831109378
2 0.8431806304778725 0.07655863673229187 0.8511646578456741 0.0718770607236113 0.8551208155907437 0.06748208735941245 0.857076248607175 0.06398722045003406 0.8600175102784877 0.05095812541491327 0.8593019116993601 0.04296766724287373 0.856574265463542 0.03522862541201501 0.849769683583434 0.02496519573320004 0.845946753721566 0.020489710929567907 0.8430405878903384 0.019026366811981887 0.8369516045893584 0.01675339530520654 0.8343636077995132 0.017014864875901915 0.8237651634764125 0.02044430019011907 0.8180622867851259 0.023788283053462235 0.8127002249913253 0.030154459832366066 0.8099790003182784 0.03928638757089224 0.8049388818752107 0.04759360807595732 0.8033922013245768 0.058002809582733496 0.8044486148011905 0.06901546167033361 0.8114505878234606 0.07408434382527504 0.8244887038158021 0.07839897695667401 0.8374551079304821 0.07860523936835602 0.8431806304778725 0.07655863673229187
2 0.20547118775316714 0.8226634281846966 0.21350050683317595 0.8205766126305744 0.2223597808287611 0.8165286468912611 0.22913529528999388 0.808623726773412 0.23103033935681508 0.8016691792579562 0.2192886724420362 0.7891126716133368 0.20802746987071644 0.7875788692858321 0.20113495181961433 0.7887806582294061 0.1871185557910921 0.794432713299509 0.18201427408906384 0.7990640231606166 0.1809152161536633 0.8021113501499638 0.18104731698093512 0.8096794014757581 0.1840629377833306 0.8174134166918596 0.18816251928372402 0.8212351847670949 0.20143954382108498 0.8227338007912985 0.20547118775316714 0.8226634281846966
2 0.3120919690669398 0.7918187024190889 0.3253010560359894 0.7894251777614555 0.34344345373035945 0.7891085010317467 0.34885835585506875 0.7857695447831607 0.3524812473213538 0.7787848375791611 0.3520687205462059 0.7716542729438836 0.34939768895064705 0.7671586816812225 0.3450252301210789 0.7642068603722638 0.3363407014115523 0.7617628983604241 0.33116470783186214 0.7622858375018149 0.31930491027128405 0.7594647081765457 0.311518274045645 0.7589517366613527 0.2980589556035243 0.763512588312542 0.2909501748635067 0.7688277745905902 0.2915714157088688 0.7714124818156337 0.2982514453804061 0.7745403202444139 0.30379844833238734 0.7787694153216224 0.306450608381193 0.7821838563948844 0.30773460747477405 0.7897318012616497 0.3120919690669398 0.7918187024190889
2 0.8797349743967505 0.2894046500373661 0.8848505790268305 0.28542203028989793 0.8885112135866219 0.2805996234646967 0.8895725284285161 0.27538999609655135 0.8934833944613784 0.26840026227779445 0.8956362186199719 0.25971084784454246 0.8946930344238767 0.2551850968933377 0.890305478356906 0.25136835543285974 0.8859481167647403 0.24928145427542048 0.8804577284530186 0.2482958097664097 0.8718109428369981 0.2480141481333685 0.8689387457899265 0.24849687435670095 0.8663771691655355 0.2502719541925552 0.8646832905502274 0.25224818422201756 0.8661786509674434 0.27190501121005406 0.8637189806955196 0.2795183020686641 0.8572427637289162 0.2880668856853954 0.8486563670625058 0.2912449046584316 0.8408999253116715 0.2924617734462775 0.8394789240255381 0.2935680567094631 0.8427787450851604 0.30108081527292746 0.8488865999328938 0.304434936969102 0.8546574141924916 0.30498309478759594 0.8586701865778206 0.30383157199159483 0.8728726508204533 0.2923362792839789 0.8797349743967505 0.2894046500373661