5 0.7969084881080246 0.7688472818264023 0.7933018209350722 0.7774361639645087 0.7910368945518897 0.7916721601612771 0.8020716385621721 0.803112160106563 0.8098507261691099 0.8030316486671298 0.8156328633567597 0.8018348007349964 0.8208541486486574 0.7997629794218291 0.8246544326544217 0.796584874845476 0.8306101880722002 0.7854414451708698 0.8318375725255217 0.7811369508723022 0.8319621247340923 0.7740013596222672 0.8279946440609708 0.770255076371708 0.8205186282580128 0.7694756942743792 0.8128112525287369 0.7654478349940954 0.8073661559292225 0.7638387190485483 0.8007238693511916 0.7648042570985298 0.7969084881080246 0.7688472818264023
5 0.7590105947978303 0.7286036185169152 0.7600341665462184 0.7359755462638591 0.7617204965428253 0.738384236369081 0.7657106230720505 0.7408331393923613 0.7717241201860183 0.7428847686431828 0.7823565332932748 0.7443681336164811 0.7902677217274844 0.7367195708512536 0.7944239178681373 0.7296543522078207 0.7945711159328115 0.7212213807305068 0.7920737025673813 0.7157703902506952 0.784059480724775 0.7128186545450534 0.7725178522055792 0.7139149701820411 0.7643451093702468 0.7200448960673527 0.7602228820137495 0.7251640443698669 0.7590105947978303 0.7286036185169152
5 0.6823931357949358 0.7116929496493724 0.67803577420277 0.7137798508068115 0.6736406695170979 0.718029052343049 0.6723793162796207 0.7242796169825354 0.6737512515441959 0.728196890738159 0.6796364221402424 0.737600341276895 0.6856046275420027 0.7422467309822748 0.6881813014037961 0.7431568906666096 0.6919098735318983 0.7440871568099737 0.6996927354481867 0.7437904153326607 0.7057515242743618 0.743247284128924 0.7092336392387439 0.7417939932408526 0.7130678920286637 0.736669818323581 0.7148900971618932 0.7312942270651285 0.7144462488560105 0.7237161225098195 0.7098877218123316 0.720824706181265 0.7061553753748786 0.720110670075781 0.7019414375380366 0.713980829793786 0.6993836352229965 0.711989519920052 0.6968031870518526 0.7112955902735969 0.6823931357949358 0.7116929496493724
5 0.714932007706311 0.6793839381296947 0.71273501889144 0.6897277936446261 0.7125991437548175 0.6975120750083004 0.7153392399746175 0.7055628525574272 0.7201744186568215 0.7091079856143786 0.7287834611793356 0.7109886243601358 0.7389078627217487 0.7085697954220826 0.7462393277134531 0.7011274094652201 0.7492323026597447 0.6946907744763976 0.7496033120320358 0.6899387402577986 0.748276668479668 0.6834267060476169 0.74262663211929 0.6770555026539558 0.7386327312807139 0.6748228296685553 0.731448464353684 0.6738322441481038 0.7172659987137344 0.677694310744714 0.714932007706311 0.6793839381296947
5 0.7051725871149784 0.6443899438997778 0.7019482522423689 0.6475781017056453 0.699868267017367 0.6512188260463018 0.7000354636847245 0.6581432138732138 0.7109720756518906 0.6752051948033756 0.7141246986468384 0.6761254077172251 0.717610587920571 0.6744558867912738 0.7210625084101481 0.674732436206241 0.7248250493224061 0.6737166320086863 0.7292088310800262 0.6701161205860883 0.7353997207334733 0.6620049380565572 0.7371992800105989 0.657926727025384 0.7353533019653359 0.6481611890174901 0.7319089300944601 0.6474521795267631 0.7256489758167719 0.6430169932445061 0.7219241779980201 0.6418704970632622 0.7112540217972574 0.6425494324687622 0.7051725871149784 0.6443899438997778
5 0.703923683861483 0.6664303279192498 0.700210208970783 0.6646351416243664 0.693306367991629 0.6640820427944321 0.6901197762125257 0.6651079002215011 0.6851751425591533 0.6678334382630653 0.6813635356253372 0.6716602329530577 0.683012122528438 0.6762312234370782 0.6823871073737252 0.6790321607000016 0.6866010452105673 0.6851620009819963 0.6835250354585619 0.6963556968041753 0.6837073293633218 0.7024151644795682 0.6848177102267741 0.7048138013552755 0.6856703109984541 0.7054775713131869 0.6963253699618143 0.7056635560592064 0.702118830077516 0.7038180180134335 0.7106701309038407 0.692503597833763 0.7127954078410499 0.6862681130385486 0.7125980166988876 0.681073565514675 0.7120560363498886 0.679117441944242 0.7106237121357033 0.6786598487946958 0.708941156448447 0.6760349286515941 0.7073076667827488 0.6705990180160543 0.703923683861483 0.6664303279192498
5 0.7512239585721913 0.7291165900321082 0.7462755506094685 0.7320583581115521 0.7442106626218693 0.7348341623006892 0.7449575827317318 0.7415523733192362 0.7468979185107605 0.745912160380134 0.7551397259703341 0.7523286033066106 0.7651471239228778 0.7566129055428326 0.7751960392782785 0.7585186773623761 0.7792503290664643 0.7572916697416989 0.7813227656727649 0.7540834054768023 0.78287586778617 0.7476216374141934 0.7832506514678117 0.7426533731577143 0.7823980506961317 0.741989603199803 0.7746114144704926 0.7425025747149958 0.7631528207570106 0.738841829518627 0.7603221411127956 0.7359805728786164 0.7584195484272733 0.7294584854389201 0.7512239585721913 0.7291165900321082
5 0.42960469981253446 0.6547206028434049 0.42266311573987425 0.6563298043922691 0.4182982055290073 0.6588491656254679 0.41678662081845885 0.6629324032713985 0.4175826069498796 0.6668396237975075 0.4324678280434142 0.6887290381676276 0.4364390830258865 0.6922590913803071 0.43929240852620505 0.6938229677930388 0.44589695201072993 0.6950197301218555 0.45310763910321433 0.694496705377148 0.45717702612880273 0.6924047776049516 0.46250399208251797 0.6842785152311486 0.46313655585593183 0.6810451178924655 0.4607599203897217 0.668674766200499 0.45484832962822075 0.6607849259269217 0.44689827104457513 0.6541572795773225 0.44175247193968986 0.6519045001328931 0.436572704050649 0.6515977910293822 0.42960469981253446 0.6547206028434049
5 0.3570837819150517 0.7001746639508879 0.35250638332461987 0.6983643978117325 0.3515858449846286 0.7015927685356583 0.35265848275457473 0.706153705790164 0.3557884598934188 0.7083712989312926 0.35982765244420223 0.7080092114621349 0.3570837819150517 0.7001746639508879
5 0.3657434106566147 0.6661510631790766 0.3654743076367905 0.66506488637492 0.36375400885602793 0.6646022666106167 0.3625756904242644 0.6660957704167465 0.36261456057370045 0.6803719795315735 0.3711832127492876 0.7010696581876341 0.3731310971470174 0.7049969851727722 0.37652640299633505 0.7085169851559371 0.3794287945182119 0.7072698710762308 0.38206585732961507 0.7047203501544883 0.38535812977053596 0.6976400516667837 0.3866270316267146 0.6909570269515377 0.38623350618740354 0.6804959273011766 0.38784574040540504 0.6706464832351043 0.3840945224211989 0.6710135973190193 0.38094567373560173 0.6698771543672899 0.3783425797083541 0.670480604948114 0.3702981633909427 0.6692587095455108 0.3657434106566147 0.6661510631790766
0 0.5814850862717635 0.551602980608706 0.583077058534605 0.559417421660924 0.584210085254161 0.5605186783093525 0.5907995315012833 0.5625803607896885 0.5980026699750666 0.5624897961207407 0.6055692692024395 0.5580796573089534 0.6073424083141107 0.555515056542939 0.6076945461396486 0.5518441725137389 0.6060157647617429 0.5490030223327573 0.6014496890993629 0.5465440660799625 0.5948489199241889 0.545131073713266 0.5879375303263336 0.5450104349590912 0.5847433899285288 0.54646875246192 0.5814850862717635 0.551602980608706
0 0.5737547239135758 0.4333704750245645 0.5710912409367183 0.437433606211466 0.5721902988721188 0.44048093320081294 0.5772870319554457 0.44554470313768046 0.5792877566840844 0.44644480959250077 0.58504347370628 0.4467615719255261 0.5934249306118266 0.4451775034504486 0.5977785178946416 0.4433068323308893 0.6013361190460361 0.437528940685221 0.6017373228931322 0.4310470661635829 0.5991908435061439 0.4284070661762093 0.5934653209587535 0.4263604635401451 0.5859855308464449 0.4257973114806961 0.58309446225262 0.42639573544676274 0.5784302545471239 0.42955876017884387 0.5737547239135758 0.4333704750245645
1 0.6033489006170957 0.5037506250387829 0.6021441620198777 0.5067577391100715 0.6032281227178757 0.5106699862509377 0.6071956033909973 0.5144162695014971 0.6163353033344585 0.518901721931327 0.6240124845889294 0.5246594215146494 0.6303328278162277 0.525634927190829 0.633238993647455 0.524171583073243 0.6388690314051498 0.5151854271626779 0.6384855720488771 0.5041476420012915 0.6359730614460445 0.4995615716729992 0.631994257844871 0.4964639785360793 0.6279777111501912 0.49552868577795806 0.6173075549494287 0.49620762118345796 0.6059821891191481 0.5014173341549201 0.6033489006170957 0.5037506250387829
1 0.5495063323417714 0.5188166974970366 0.5481506213705285 0.530473013083519 0.5498029825829798 0.5348277735296596 0.5532360315258037 0.5361854731340261 0.5601625183610615 0.5354411917366815 0.5726812998605079 0.5278730548075703 0.5843814493724299 0.5176950775796291 0.5879805679266812 0.5095386555172825 0.5920575035709709 0.5070142676693263 0.5932546935494877 0.5044396136737973 0.5921518613047365 0.5016085167223303 0.5781430138949155 0.4955240015764676 0.5608569912815763 0.4956548647667905 0.5527484117052043 0.4981088800081447 0.5495316254512959 0.5008645777382525 0.548285369451221 0.5062502222262194 0.5495063323417714 0.5188166974970366
1 0.4995433085685746 0.5261638345834609 0.48485283136378154 0.5261237072687194 0.4755772562836979 0.5294225362025637 0.4735048196773974 0.5326308004674604 0.47708241943147495 0.5422102681260182 0.47728735919233845 0.546972355574132 0.4850949375979982 0.5617626858536953 0.4847041131016163 0.5676499277711636 0.48612134007839913 0.5689724410722292 0.5042486405353668 0.5701540379534573 0.5114781991746042 0.5685498630193505 0.5181016142058821 0.5686654751587681 0.5218679294274908 0.5674334409233336 0.523944140343142 0.5640089466205571 0.5269899556203423 0.5545450911014169 0.5265951733360177 0.5441559960536699 0.5240864370425358 0.5393536956874978 0.5215173117994437 0.5380110759274033 0.5195807503297657 0.5334350588286255 0.5149844801925807 0.5327059428788695 0.4995433085685746 0.5261638345834609
1 0.44699076780804176 0.5663427511243202 0.4414701850215149 0.5690582359363698 0.4341538172672131 0.5756357017417129 0.43185756935329583 0.5751630287478948 0.42935638167851514 0.5699282683059631 0.423918833697702 0.5678866922846562 0.42186149432880404 0.5702300363980335 0.4240482872715531 0.5769733804903668 0.42398412401259256 0.5806492911343242 0.41747129100841257 0.5907015173900165 0.4214538689189366 0.5935828804890565 0.424250579778996 0.5983902074699858 0.43026407689296375 0.6004418367208074 0.43343934574401527 0.6000646694073778 0.43601979391515905 0.6007585990538328 0.4377174468398179 0.6025185990454153 0.44548521151870385 0.6030867777196215 0.44809962847400336 0.601834637025158 0.451263574397003 0.602106159825368 0.45382515102139376 0.6038812396612222 0.454374679989094 0.6054049031558957 0.45637917902708314 0.6060887795728361 0.45833461204351433 0.6095836464822146 0.4630025940583612 0.6062043917122537 0.46363515783177506 0.6029709943735707 0.4656660770352187 0.6021412605253522 0.4648512193570449 0.5993151901886424 0.46666210156222243 0.5945882890438297 0.46479725197020627 0.5859039012253349 0.46828691555328944 0.5840181502615037 0.4766230807466288 0.5850288422409842 0.48990010528398964 0.5835302262167806 0.4942536925668047 0.5816595550972211 0.4977810992433942 0.5776115037545916 0.49869786327403487 0.5745993630685455 0.49699643604002536 0.573055593114843 0.49070251297818157 0.5705664771735045 0.4797972225417504 0.5682131654339294 0.46892967519882545 0.5636975533155558 0.4631890554140325 0.562515870831011 0.44699076780804176 0.5663427511243202
1 0.38537215232076133 0.5153028369717464 0.38102233934729685 0.5169572780534258 0.37208380485534864 0.5174501431095896 0.3660703077413809 0.5153985138587681 0.36265235603595947 0.5131758941028822 0.3591626924528763 0.5150616450667135 0.35676831249584284 0.5202109530577715 0.35846219111115113 0.5221871830872338 0.36360799021603624 0.5244399625316633 0.3717252454670394 0.5379919967081747 0.37540475157358366 0.5417332533439767 0.38452935427964235 0.5470836259253258 0.3911414463828684 0.547847928178383 0.39633253719996114 0.5475059471682543 0.40096655043065227 0.5460727627392119 0.40507368054974713 0.541818534588217 0.4111966326348829 0.537599492740523 0.41447003352905065 0.5316003444422176 0.41457382703619283 0.525654018400522 0.41781514630088024 0.5214928254241951 0.4181672841264182 0.5178219413949952 0.4079436234849589 0.5094242418242989 0.4013617258565379 0.5069300992682032 0.3961744093487959 0.5070558502404519 0.3895132512240116 0.5091025384798329 0.38658443953668054 0.511863262824698 0.38537215232076133 0.5153028369717464