5 0.1553069232874013 0.3371635318147842 0.16206635535172156 0.3386259639413742 0.1711814203028535 0.33421209777059174 0.17755546263463898 0.33245807145979656 0.18950089675292314 0.3309787312843805 0.19269620798377896 0.32887792543733735 0.19363794546664964 0.3251008226966436 0.1930777301774086 0.3213950082116367 0.189495740034383 0.3167128970669328 0.18629913962389213 0.31524724435961404 0.1721511613270362 0.31127399004586803 0.16378384981287253 0.30673606570290224 0.15966209204943707 0.30659993035298616 0.14254465764784494 0.3014405403383934 0.13727059822571025 0.3023544053394077 0.1343024313006091 0.30473472819292297 0.13048058426080797 0.3129200610881238 0.13478103511985476 0.32424492814874756 0.137052478177401 0.32704009821346897 0.1404060348350369 0.32787623379733877 0.14599658511073182 0.33283625165815034 0.1553069232874013 0.3371635318147842
5 0.27190307096710864 0.3874081556392822 0.27764799913067856 0.384605739267921 0.2832002324279811 0.3801950936778673 0.28539890906764775 0.3749483125039439 0.2856400551440584 0.36564732701840097 0.28279181666734504 0.36159392785196387 0.27526289431759027 0.3572650374049657 0.27293913251099566 0.3546797063813939 0.2642757778121029 0.35251968945639683 0.2521899675765996 0.35218096137197086 0.24372059692360928 0.35519563222002826 0.2422020640215714 0.3577145058590062 0.2391152578277175 0.3700950092868358 0.24095028158331563 0.37345001850968373 0.24598190574940465 0.37827068043985024 0.26170331405661684 0.38664813918219243 0.26757203820747977 0.38811137645396465 0.27190307096710864 0.3874081556392822
5 0.44157030549237836 0.4248075098234483 0.4463033081144682 0.42487316206285974 0.45082574656072943 0.42221171191250806 0.45489131803621125 0.41185831064048806 0.45420859593931234 0.4074533010667098 0.4508881995415286 0.4017219947162576 0.44386588455233145 0.39774229924105403 0.4338575333284721 0.39502405344829483 0.4261206251621588 0.39510097772025715 0.419118757841793 0.3993730725248481 0.4172684431359038 0.4020321072396533 0.4168511823231518 0.40727727812321246 0.4185126697016788 0.4137093898528004 0.421885384848511 0.41923085716210284 0.42766734081083824 0.42223264568724517 0.44157030549237836 0.4248075098234483
5 0.5152604945921982 0.44117458536759235 0.520691510261478 0.4396312032431292 0.5293331281119046 0.4299729713339698 0.532352324606419 0.42381635088494296 0.5302557071055791 0.4215105368678433 0.5293790009627777 0.41193083952101067 0.5264261249879676 0.4082971184368727 0.5160502533411345 0.40348128737779937 0.5046445868432602 0.40041465175842783 0.49699573604511765 0.4025194833313819 0.48980375221775435 0.41231626602600413 0.48847791418198394 0.41644336888367467 0.4903844151758266 0.4242738707908056 0.4963960938031787 0.4346880934311438 0.49989002657803355 0.4373422972748557 0.5064401836461603 0.4396440855660444 0.5152604945921982 0.44117458536759235
4 0.822904017437739 0.34425242919498567 0.8264847184011297 0.34536808178532763 0.8298727244982527 0.34487550515697707 0.834674625999317 0.3422837329719478 0.8376249236148569 0.3387845369473617 0.8415858575922421 0.3288508137576412 0.8401323560302736 0.31801288730909266 0.8377384061650694 0.3145185221555999 0.8259473499346603 0.3082354280988432 0.8213713035597155 0.3075402587359828 0.8108410540250075 0.3104868619090821 0.8004511806075184 0.31525153334202366 0.7962082052160603 0.3179826614576978 0.79643663870145 0.321828637018532 0.8001411356521334 0.32720994325200725 0.8065522057826762 0.3312601218377155 0.8080375784248618 0.3336364189653198 0.822904017437739 0.34425242919498567
4 0.18880177373142767 0.3778328536838892 0.19248711219291498 0.37852882819193184 0.20272131854289394 0.3779601324368012 0.2102145022735265 0.380051276541658 0.21260716295909554 0.3799791831407889 0.22196724152554329 0.37696370714754923 0.23747292893838684 0.3683482292826805 0.24176435553998826 0.35470788646277085 0.24120414025074727 0.3510020719777639 0.23690497857133552 0.3432436634715022 0.2322587441377813 0.3416394599787207 0.23056409649940218 0.340102519015715 0.22883371024190077 0.3363278317105679 0.22514708260077848 0.3320653986481633 0.2198194152499605 0.3296226441359653 0.20853625555974395 0.3272552036053652 0.20107881044823372 0.32740180584265 0.1926273091048045 0.3315353498617781 0.1780620699951966 0.3328072664315912 0.17074500100090545 0.3347719369287182 0.1651748983940417 0.3380637093477012 0.15833127650045598 0.345272745583205 0.15695440889527218 0.3531761460363872 0.15782853667880353 0.3556229262744961 0.16230123473528643 0.36030423227401775 0.17232874444834204 0.36770780979220963 0.17612000958756113 0.3715505647723148 0.18880177373142767 0.3778328536838892
4 0.48575605005183353 0.42378854046909475 0.4881487107374027 0.42371644706822575 0.48926527377697965 0.4204287003751538 0.48788453863289066 0.4176327251652502 0.4884766250023489 0.4128769103293128 0.49710037354321435 0.4020998052490826 0.5063558146115653 0.3995040073381423 0.5077518407059453 0.39628593861039285 0.5068598436128529 0.39272028520121316 0.49550391750475675 0.38231089343196817 0.48689159237527724 0.37637457891145953 0.47770376100626555 0.3727464938435971 0.4691629131150307 0.37128567200737156 0.46037962996775006 0.37555937710232684 0.45699291305026196 0.37961841228503934 0.4556147562654432 0.3839553541838596 0.45621071017380643 0.389898915011008 0.4612793621386527 0.400523781837678 0.46681888284493434 0.4092600972940012 0.4799919633990674 0.42190562511502333 0.48575605005183353 0.42378854046909475
2 0.7608812677863649 0.37871434065446075 0.7659817908314281 0.3808775781601866 0.7814568963436896 0.384290188170624 0.7856832916052218 0.3840066454382408 0.8011545295785781 0.3767198797855924 0.8064094305115166 0.3711206830591455 0.8122551286342782 0.35719921294239937 0.8141386036000196 0.34964500746101185 0.8145558644127714 0.34439983657745266 0.813261897457218 0.340065310114179 0.8112175987054264 0.3375496570559298 0.8056627870488539 0.33482738553725966 0.8043343706538135 0.3318215712862065 0.7997749044087948 0.3286788165400548 0.7987961391271667 0.32665171438424523 0.7949882938580216 0.3252565447874311 0.7943936291292933 0.3228794425146446 0.7920175485736504 0.3205039505322225 0.785519710254572 0.31799232319988424 0.7765424430613889 0.31709134052178517 0.7699412564238488 0.3185658498261081 0.76351618452265 0.3240961737324147 0.7545785234874944 0.33613231305954294 0.7488017242437074 0.3473963587518483 0.7453626885771709 0.3516652329757104 0.743966662482791 0.35488330170345994 0.7439335022229387 0.35977847247004213 0.7461015969620233 0.3665597791714248 0.7499107314108036 0.3715214073226008 0.7582257241759188 0.3762691707067162 0.7608812677863649 0.37871434065446075
2 0.6123406736448861 0.27681989200093554 0.6199053346137632 0.28338652879007525 0.6231019350242539 0.284852181497394 0.6300885113943288 0.28659413063045613 0.6339129367934 0.28554171484397906 0.6425545546438267 0.2758834829348197 0.6434950029470623 0.268539921639764 0.6424932116373329 0.25112811209543595 0.6366729386966133 0.23875566011942836 0.6294579288411488 0.2331677354255322 0.6257202716306132 0.2326815999586392 0.6213892388709842 0.23338482077332165 0.6143695022410571 0.23653804240684181 0.6088504292036069 0.23605351723031326 0.606492217957525 0.2347968984189619 0.6034538629738143 0.2362681871425561 0.5991777273225039 0.24389448602481273 0.5920712225040412 0.24858625891170294 0.5885632879585303 0.2555125575600059 0.5874467249189533 0.2588003042530779 0.5880069402081943 0.2625061187380847 0.593126621742454 0.26935468796924317 0.5941755750826915 0.27229082425497403 0.6073958176673327 0.27046067881739877 0.6123406736448861 0.27681989200093554
1 0.3777941435554016 0.4401100265892577 0.38360925977758104 0.43821664434781765 0.38889989932964175 0.43485519396351224 0.39025631926599436 0.4187000032305355 0.38884113468241815 0.41723274023285245 0.3755481256798972 0.4110209344317826 0.3698019083366923 0.4102568922487818 0.3634636046240291 0.4142486649017186 0.3530558618969789 0.41789446316358936 0.3484823938813043 0.4243322109094526 0.3470353382175111 0.4313265772327138 0.351508036273994 0.43600788323223527 0.35980515972954824 0.43963677344527996 0.3633156726343293 0.4398433919057007 0.3681354434449547 0.4383704928917422 0.3777941435554016 0.4401100265892577
1 0.3071437778242569 0.4746496674658773 0.31426944113191574 0.4746432263044197 0.3226533327760056 0.4767335652640942 0.3247486610972105 0.4754729207268319 0.3266334252425869 0.4714851737998063 0.33014264896773293 0.4681253337058652 0.33754777533019475 0.4681885705097302 0.3419655762783592 0.4659467984416777 0.3409689416871701 0.4628008231147973 0.33564127433635205 0.4603580686025993 0.3332128750316607 0.4581924156613269 0.33363013584441265 0.4529472447777678 0.3397234259417601 0.44755708194728827 0.340839988981337 0.44426933525421636 0.33813083744220757 0.4384675457932595 0.33514351202791026 0.4361625369213421 0.33058533496252673 0.43658624072955243 0.32478550969063835 0.43246557903333943 0.31785383042888193 0.43764670796785143 0.3031826646415422 0.43577184406560193 0.29923573243481316 0.43612506476330754 0.28940478512693 0.441029092126894 0.2849525347392783 0.4445995764071669 0.2829975825352924 0.44767828920427133 0.28043396383192215 0.4579604022206044 0.28171006147791433 0.4611760555128074 0.28480202439030844 0.46306138630242544 0.2944262750612681 0.4661296322121613 0.3071437778242569 0.4746496674658773
1 0.3835167625121882 0.617169089189362 0.38337896475423927 0.6224839380382436 0.3853530754474214 0.6240905569665717 0.3920946382021805 0.624434115922091 0.3949786152980162 0.6307252614306696 0.3995380815430347 0.6338680161768211 0.4071703522112512 0.6342107699871582 0.42658981157097164 0.6301372421911662 0.43105993126818454 0.627685631081964 0.4399988814829753 0.6192159503091977 0.4411856325811617 0.6168372377460469 0.4396466520102926 0.6111043211052305 0.4346494772836909 0.6049549469628432 0.4329522512860417 0.5962850888911139 0.4282702782333653 0.5924431390561908 0.4249167215757293 0.5916070034723211 0.41442092148050846 0.5932248944331999 0.4071051416658523 0.5987560234846887 0.4021105452985207 0.5997395664510256 0.39026845949869826 0.5972327699897805 0.37295833023083863 0.5904651507564953 0.37012925024332144 0.5910970833154909 0.36754518387112 0.5931274060520294 0.3673537781844878 0.5950856353876987 0.36980004679874023 0.5983701615000419 0.3767164351102056 0.5992030765031828 0.3842989653886438 0.6068885864633934 0.3863968720691188 0.6127608590348548 0.3835167625121882 0.617169089189362
0 0.42017802461911086 0.4308408772454741 0.41624638336267267 0.42518005400552666 0.41097103476090313 0.42252746045217904 0.40644730713500676 0.421622452048169 0.39860576147059684 0.4221190544024306 0.3956197252359346 0.42338050408487504 0.3933853099771457 0.426389538916657 0.39174684862672005 0.43534213457558746 0.4043597138916121 0.4442818479116027 0.41667137925323494 0.44133363444813895 0.4202507910369905 0.43888282848411897 0.4219262801861734 0.435734437721692 0.42017802461911086 0.4308408772454741