5 0.07636121434786239 0.7174366219725126 0.08181674441544014 0.7141795493905333 0.0841740175825496 0.7103060562923769 0.08443214418773655 0.7075830441050941 0.07694063100664261 0.6917784213500001 0.07340453684642201 0.6892655193063428 0.07129413531739466 0.6890868891486825 0.06513138641777279 0.6918413813219301 0.06168896071038863 0.6948556437221296 0.06027089433030307 0.6989562070090832 0.06084741991131139 0.7116962972545566 0.062052379554629625 0.7156351904290223 0.06295419272434144 0.7169806515166337 0.06812545753652516 0.7188940930892855 0.07636121434786239 0.7174366219725126
5 0.09954912369784452 0.7052027722923391 0.10307759160695769 0.7012808391630455 0.1063889552441932 0.6938578032178035 0.10675926270131626 0.6877796183340783 0.10558044170820517 0.6813932231922644 0.10194705037915072 0.678458880809167 0.09008915720586387 0.678311120611377 0.08057002480058695 0.6831722044557298 0.07768887217199613 0.6860568867555006 0.07673478170187001 0.689606429602586 0.07779016687594013 0.6980188863723085 0.08131137735305852 0.7043084014518483 0.08233299762581395 0.7087335250159681 0.08759030463972652 0.7097392958595259 0.09404494504584994 0.7082491247045982 0.09954912369784452 0.7052027722923391
5 0.14629561867404467 0.6913031714300515 0.15022453022559806 0.690396110727052 0.1533975743606904 0.688775749445601 0.1559980904498845 0.6859558571960443 0.1576517735009472 0.6764740595847396 0.15516306944457653 0.6592924957560691 0.1452732607630638 0.6535854811023627 0.13454916871446854 0.6545076717722499 0.13086350008499983 0.6564683333238492 0.12767920098280264 0.656759583536766 0.1253967150503172 0.6583962948372942 0.12134073896372541 0.6664351412726188 0.12250830498973161 0.6714924253458986 0.13043002917947036 0.6827586944555215 0.14174553049217614 0.6907999809952252 0.14629561867404467 0.6913031714300515
5 0.059974636469578645 0.669505043331611 0.06409051610769215 0.6630060281345407 0.06476397003842166 0.6595212753376695 0.06352161677779136 0.6567007730620182 0.051094824274603726 0.6502477577917058 0.04504425622691794 0.6496470772685108 0.03695444516883149 0.6517367088944439 0.032340824719443814 0.6547994113257803 0.026698326565305897 0.6636484384018304 0.024831167958363074 0.6645234090927701 0.030377106581892622 0.6885455084408489 0.033512757099672906 0.6880435380582123 0.038698905594958866 0.6861803665949816 0.04358190761663834 0.6817237630448969 0.054908295077336314 0.6744478772713501 0.059974636469578645 0.669505043331611
5 0.05936034845214551 0.6412370606031674 0.06641365555437426 0.6384989184489971 0.08197572975622944 0.6278036799548883 0.08499157317096612 0.6242220470957432 0.08752093074153353 0.6185332125393983 0.08367043514060159 0.6120977673403526 0.07685274470935001 0.6094546751701719 0.06981432129022347 0.6084162042884597 0.05959159876889973 0.6076689836196643 0.056699191173204086 0.6092245548509009 0.05087698236450078 0.6134540882121884 0.04777509674803511 0.6179433918004278 0.04393622493332085 0.6294833410517008 0.044737112218201404 0.6355130859042889 0.04861374646934051 0.6395010291359863 0.05327238678714772 0.6417547709787866 0.05936034845214551 0.6412370606031674
5 0.04999583503343503 0.531535432352723 0.05998656959977897 0.5325581632414527 0.06353754744310183 0.5312944522492276 0.0707142903643716 0.5265302484671487 0.08427814388913552 0.5123012071189371 0.08247451754971183 0.5096102849437143 0.08552775458176047 0.5049102611857549 0.0821862547592077 0.5032402398209775 0.08099255008299423 0.5006304577150461 0.08144527102584889 0.4987503262066434 0.07100544423264768 0.49450200272189965 0.0622832015771412 0.493852272141473 0.05386410539524111 0.4957959736479004 0.04545626418044587 0.49906878622286205 0.04252646296743821 0.5017427483529129 0.039256121663512 0.5029416692949238 0.03261451317082848 0.5100237949439224 0.02798238032234109 0.5219688345155582 0.029258498484286 0.5287766699968122 0.03547752221943233 0.5326677331662354 0.039466337322507504 0.5333005037014902 0.04999583503343503 0.531535432352723
5 0.07603986481913902 0.5688032524854806 0.07916426036981446 0.5669721710343095 0.08771042108675288 0.5578966837955571 0.09092448755515468 0.5500522075108751 0.09057632121312861 0.5421423311498843 0.08723482139057573 0.5404723097851069 0.08390457653512773 0.5401313994888636 0.07529088601556003 0.541232220316411 0.06928896655229125 0.540842259962936 0.06299152686652354 0.5442937026955579 0.061263056580836625 0.5560122821044912 0.06273376908044934 0.5636629982646251 0.06598922670127323 0.5662406903584967 0.07247763200871134 0.5687378524091715 0.07603986481913902 0.5688032524854806
5 0.16498639530566814 0.5353951362216623 0.16895270047453353 0.5333696846198486 0.17150456797931074 0.5303390722005721 0.17252219071695601 0.5232236364873242 0.1707820966450516 0.5169668214459386 0.16730953475235022 0.5108880265361189 0.1617004326804142 0.5070781034359869 0.15139166795736153 0.5072385534962857 0.14405772431573607 0.5100414857006703 0.1395900496195992 0.5137363486411666 0.13728142503690666 0.5178205619090431 0.13759582647761798 0.5217431050644314 0.13939945281704158 0.5244340272396544 0.15142217296179156 0.5329778941880894 0.15702002006662266 0.535458706219687 0.16498639530566814 0.5353951362216623
5 0.10420260054807347 0.47440854679015654 0.11307441767282818 0.4705847137753265 0.11761325088759182 0.46975879314161856 0.1230201323707526 0.4662910003899195 0.12477873884175672 0.4636654782910055 0.12698244000450787 0.45272498951073814 0.12125353082952825 0.44583540393409804 0.1105443224640353 0.44298098156810256 0.10361445118084753 0.44369306209436454 0.09874270412627291 0.4494787767129836 0.09487369612624134 0.45192566865423717 0.09241912579029801 0.45537772141295363 0.08931361145783503 0.46497274910560976 0.09030909308038328 0.471845374637078 0.09502763694971238 0.47563894771813253 0.09943177937833012 0.4755099776437987 0.10420260054807347 0.47440854679015654
5 0.10522895599416453 0.5236667963952131 0.11400347595008534 0.5194215230409431 0.11701931936482204 0.515839890181798 0.11792476125053122 0.5120796271649926 0.11627070938035573 0.504915141394513 0.1139544585465557 0.5025645194894386 0.10445383854037837 0.498543266193492 0.09863525844767237 0.4976670754503628 0.09456040114286828 0.4979419756442023 0.09176529071600648 0.49991898721487893 0.08602549539303461 0.5083465739514891 0.085621423034597 0.5104374256296117 0.08868628385286331 0.5237127963219711 0.0924057173836467 0.5257394679759743 0.09737113289105784 0.525480917801212 0.10522895599416453 0.5236667963952131
5 0.06098199174719732 0.3678622308506593 0.06790060806328015 0.36582103925586307 0.07185565826504067 0.36246647658551523 0.07664499183388374 0.3524827085915737 0.07767386953863394 0.34669638394686 0.07561574531002077 0.34162274985450297 0.06906743645106092 0.3375857565655739 0.05727307554529328 0.33387210350162133 0.05339281257815689 0.33498988437434074 0.050878338690691714 0.3369021058948031 0.045920549434388155 0.34359549124251637 0.04513491465172255 0.35043541673583 0.04672543425437886 0.36116579537247234 0.048248424054405804 0.3639215075979095 0.051649827428480524 0.36713136020094106 0.054796732913365676 0.3679585008868385 0.06098199174719732 0.3678622308506593
5 0.2880471477795499 0.49610869545961445 0.2969302198714095 0.4936139735133186 0.2993473965900407 0.49128031165341624 0.30337360531042795 0.49079469128985664 0.3074408363641246 0.48408495592306633 0.3075156235987487 0.4818481741254379 0.3053228085839896 0.4774714905924551 0.2995790157259077 0.47435851805169743 0.2925892408911982 0.4735307673397052 0.2827183134278978 0.475587698927484 0.2762262794044624 0.47819626098122575 0.27496904246072984 0.4791523717414569 0.2752460502841291 0.4841933057956596 0.2737306867352096 0.48787242874317344 0.27581132089803256 0.49560428497259873 0.27879739694656464 0.49957587818521887 0.28296955142020275 0.4997224183308194 0.2880471477795499 0.49610869545961445
3 0.2418012846923958 0.4750463182196504 0.2471932824924543 0.4753551385038339 0.2537938686518285 0.4744971278580662 0.26712610304072537 0.4771898801115734 0.2709689723905498 0.4771904901376681 0.282621016259064 0.47516625858804395 0.2886490743725399 0.47310871697417056 0.2934946827769074 0.4697705043229 0.29645062264012223 0.4646490402255007 0.29935391638381004 0.4477762966810137 0.2984557319300956 0.44132511148898546 0.2946763948477904 0.4377586085967281 0.2889064633395013 0.43709313802331895 0.28373519852731766 0.4351796964506671 0.272621917803387 0.43441612576279437 0.26874165483625057 0.4355339066355137 0.2607603959141028 0.43937408966942115 0.24318884606805144 0.44520641424089274 0.23802520750697523 0.4497278078411918 0.22388119968520565 0.45632248304834677 0.21902070759773595 0.4634373087355 0.22057746229907757 0.4701803541665396 0.22445409655021664 0.474168297398237 0.23272361826286855 0.4766981594870664 0.2418012846923958 0.4750463182196504
3 0.3243251550536825 0.5354528473297016 0.3278986428312151 0.5368473584745449 0.34270884715171934 0.5369793786793524 0.34939547551282246 0.5352136973044905 0.3525198710634979 0.5333826158533195 0.3565010599154656 0.5275805512156234 0.3599394880877396 0.5130257295380563 0.35767551455435387 0.5057801036982851 0.3583751071352904 0.49984784893406564 0.35553860555600647 0.4914026921261887 0.3543935494642101 0.4890036301899773 0.3475533490987487 0.4837023158827284 0.3405897129142462 0.48042706320338785 0.3378319961046965 0.4812856838752502 0.3315980886864479 0.48117123374170945 0.32296188823267036 0.47961383243218847 0.3157252417598788 0.48283820497601315 0.3132220228395185 0.4860795375650097 0.3096223964117787 0.48713252838751486 0.30637456504206234 0.4909896714665941 0.30359833583341295 0.5007306292787561 0.30785327261189527 0.5217215061814636 0.3112771859201798 0.5275895809215635 0.3197899505549162 0.5311730438589929 0.3243251550536825 0.5354528473297016
3 0.749771314711501 0.6587385392725185 0.7681361255913257 0.6525011243806841 0.7743250131411545 0.6472991302400881 0.7765737341723253 0.6416750857339573 0.775454816730736 0.6368285218303976 0.76858085146396 0.627539874317546 0.7598960024257655 0.6257717528383051 0.750159765748611 0.6271317338667095 0.7447191193641356 0.626612193412806 0.7387996133865984 0.6304202864346536 0.7314918083951801 0.6307757166716899 0.7295124689363012 0.6350058600590721 0.7255461637674359 0.6370313116608859 0.7205771195440273 0.6423955859400647 0.7195856354565892 0.6470635196859644 0.7204014064245721 0.64931665150267 0.7257636368584259 0.6571786978586186 0.7292024338498126 0.6592701595628361 0.749771314711501 0.6587385392725185
3 0.7750017269687687 0.6220623699570158 0.7939503208615963 0.6183535971018213 0.8158661095847437 0.6108524712177615 0.8197725112020873 0.6072871883776938 0.8218004992453831 0.6032677651600314 0.8224626982090077 0.5984539012946261 0.8211716963639606 0.5954226788492548 0.8133436406270583 0.5896835741834885 0.8072818176122677 0.5877537825917594 0.7960225911350862 0.5863580513947266 0.7883855010198545 0.5865675515122571 0.7819083506795212 0.5853995005301165 0.7708175798898005 0.5872941519793121 0.7599290296888547 0.5964665192803387 0.7483593993060721 0.6026888042052854 0.7467841322056308 0.6048280959145451 0.7567338444386654 0.6120749418065057 0.7584514285763599 0.6156735347108228 0.7574937093902365 0.624328801662325 0.7610671971677692 0.6257233128071681 0.766923170877787 0.6254811126514831 0.7750017269687687 0.6220623699570158
2 0.8663712163294729 0.5095240100973237 0.8804890855010354 0.5053768368575172 0.8865432822647185 0.5008717932762955 0.8926497563288158 0.4914717457603769 0.8945205436517562 0.4854910509650203 0.893341722658645 0.4791046558232065 0.8862357694368891 0.47009151853028913 0.8752459245319996 0.46730188621450797 0.8719868381951782 0.46982991822505304 0.8704714746462587 0.4735090411725668 0.8304156055662719 0.49718351993736026 0.828915125700455 0.49708602984899153 0.8293268243099998 0.5014300133438199 0.8382886811715936 0.5082390688772633 0.8471681245474558 0.5108500710353842 0.8663712163294729 0.5095240100973237
2 0.8347965004224545 0.46110376096238925 0.8463512471221348 0.45865808907332506 0.8598069173300725 0.4593247796989238 0.8846187423649129 0.44516235847921076 0.890845023532054 0.4388419734398005 0.8989046984048233 0.4276592845038481 0.9032674496810188 0.41710814605096075 0.9021485322394295 0.41226158214740105 0.8927488381180833 0.4035560450864777 0.883098643642658 0.4040083553857879 0.8653698930762509 0.4078794083795655 0.8553867847610144 0.4132915126637867 0.8424887589158725 0.4176009660421761 0.8327002449383037 0.42385595100527745 0.8212729315927746 0.43581612054380087 0.8202291702049219 0.4453790582243971 0.8218832220750976 0.4525435439948769 0.8259544506639044 0.4573743679054541 0.8323568137696133 0.46077920068522327 0.8347965004224545 0.46110376096238925