2 0.4338841109938687 0.440244421522565 0.4378242775125269 0.44066647188809965 0.4393995446129682 0.43852718017884007 0.4395414928311089 0.4276187814106323 0.44670298325016355 0.4099849072826515 0.453176352540604 0.4051611385180027 0.46477590262348656 0.40248317137249723 0.46993191493345526 0.39152694259924725 0.4703733809092049 0.38831770002231036 0.4668260317818794 0.38447568691011885 0.4635331805437435 0.3830163857150614 0.4588371466086243 0.38188103477107516 0.45204196611158237 0.38189616473796295 0.4336132541451259 0.37505318911417546 0.41660660609386524 0.37565020948080197 0.4099199777327621 0.37741589085566385 0.3999368694175256 0.3828279951398851 0.39405112834130307 0.39062342136733524 0.3924348389075524 0.3989868280798259 0.39524520183662915 0.40987948685505105 0.40649717088181586 0.42148666626091735 0.4130531059918832 0.43195849472279735 0.41889419601879896 0.43549290760299497 0.4228830111218741 0.43612567813824965 0.4338841109938687 0.440244421522565
5 0.6068207985119443 0.2751381499475182 0.6222594368947585 0.2664689730813178 0.6293163727129846 0.2586251068227307 0.6291853106428361 0.2542163332776882 0.6273330357189956 0.2513146909327453 0.6185545182279646 0.24401940500964767 0.5951117421696802 0.23722425939090241 0.5913774249557945 0.23897420077278184 0.5808853208621789 0.2396208812227348 0.5787375257158394 0.24056064196388877 0.566861120143453 0.24929521890639808 0.5644664533590316 0.25428710290336887 0.5652560856768072 0.258987736687423 0.5686426053677797 0.2659742023263371 0.5887776465048258 0.27508665978590746 0.596976009698851 0.2747475795679485 0.5997562364426106 0.2765471810331544 0.6068207985119443 0.2751381499475182
5 0.7345960973200449 0.22810472298915724 0.7410394827590634 0.22528544076569537 0.7452639145331157 0.22053697697659908 0.7500721293201711 0.21831715522414266 0.7563132941704146 0.20822015714884984 0.7590670134448543 0.1958209771996197 0.7588909315062862 0.18609575938044043 0.7569337331625041 0.17633784152310655 0.7522787215606941 0.16897837557588943 0.749352549063684 0.16654661360152354 0.737666740293855 0.16458351194554513 0.7311148027188977 0.1656522427610328 0.7252813389430895 0.16855266505378616 0.7189465056400098 0.17312249868522228 0.7062659528858581 0.19757933826134458 0.7035496272287307 0.20886012731176057 0.7053721347863665 0.21931499572846858 0.7127848631977262 0.2258158410038233 0.715456537805547 0.22586489106105506 0.7206913348852498 0.22421243976754432 0.7257540475614949 0.22437532993222212 0.7345960973200449 0.22810472298915724
5 0.7962508314238086 0.24805114943468604 0.8061065063848941 0.23312454750100553 0.8100989502039667 0.2286515939318435 0.8146076472334128 0.21873261598811616 0.8134360836722966 0.20213477263746876 0.8105247948583887 0.19592639762722022 0.8064161726522698 0.19221396461545717 0.7982925966928686 0.1903162630357877 0.7907640587135755 0.1922763145612924 0.7801561450520266 0.2013838918121047 0.7719280144917966 0.20927619810182882 0.7687774802909141 0.21355478152034815 0.7566131807471363 0.23256559672190522 0.7547536483913009 0.23987540258579587 0.7565049974303102 0.24746132869571555 0.7591991819723409 0.25016860089001575 0.7652722599542362 0.253427503550279 0.7796671369491981 0.25432126436467495 0.7872443235129082 0.25257193300889036 0.7962508314238086 0.24805114943468604
5 0.7126666503213934 0.6324584278989761 0.7160829373785705 0.6318916674661252 0.7243038105068055 0.6342108093852344 0.7299764448462607 0.6344548396192037 0.7358698121735907 0.6330942485647045 0.7453029023771387 0.629140835449446 0.7479146734334378 0.6276500542684236 0.7499052678594216 0.6247490219495754 0.7514467700585482 0.6186223970347132 0.7506197441234604 0.6150401541494734 0.742353851126806 0.6074045679562272 0.7320933661690574 0.5911294548044616 0.7254590151083685 0.5880001322446267 0.7179566157792826 0.5875126818027829 0.7145889773065226 0.5882901624053539 0.7049351541150997 0.5938481968090809 0.6990494130388771 0.601643623036531 0.6956745171341223 0.6126325518479355 0.6969655189791696 0.6156637742933069 0.6982380084251172 0.6275773338789776 0.7019799518901103 0.6322622276700491 0.7057480340053106 0.6344996194937723 0.707858435534338 0.6346782496514325 0.7126666503213934 0.6324584278989761
5 0.7706785822245615 0.7313728178017959 0.7763138229467048 0.7327352389345794 0.7798648007900277 0.731471527942354 0.7852567985900862 0.7317803482265375 0.8036815130214325 0.7270827645729574 0.8064766234482944 0.7251057530022805 0.814072322411104 0.7144740845061965 0.8131516280231799 0.7053646771770999 0.8081335663962417 0.6938719479047746 0.8030632274688893 0.6872742225671459 0.7969788945198888 0.6826862088383484 0.7704901388615505 0.6703796387687289 0.7645256130155937 0.6688712875164396 0.7580110690579487 0.6688216274331131 0.7514217378656792 0.671008749147415 0.7485405852370884 0.6738934314471858 0.7422507718024283 0.6837797093527588 0.7415399242543869 0.688382853048444 0.7444700942865072 0.7023551743001776 0.7470520979766017 0.7084176191909203 0.7524629769948725 0.716490385716589 0.7566202477854083 0.720413538898072 0.7651143156114888 0.7245561972849085 0.7706785822245615 0.7313728178017959
5 0.05145381728949187 0.47127190391718476 0.054750297243625255 0.4676254810078255 0.05486247809556133 0.4642703083113829 0.04915970757078891 0.45493322076739434 0.03325672445890242 0.4475071346916786 0.01807221514616499 0.4419127400932286 0.007131018825692293 0.4393338279471675 0 0.4388705070647528 0 0.4832566543325716 0.009901097059685138 0.48974316848919275 0.018440000344628844 0.4908791294592737 0.029336176796682017 0.4881415973311981 0.05145381728949187 0.47127190391718476
5 0.08743120034867723 0.45297804945064774 0.09238898960498079 0.4462846641029345 0.09578276672794792 0.4430596815330151 0.11419985490818681 0.4319272627064839 0.11504539324237413 0.4266271684514244 0.11091426110204557 0.42025651330259295 0.10484118312015012 0.4169976106423296 0.09747347457720998 0.4158132096411117 0.08699262545069937 0.41778900115959877 0.0790487601458637 0.4205107932946919 0.07406846095535038 0.4245459565053367 0.07068593879948804 0.4291000501437903 0.06330734410855585 0.44323282145582266 0.060628412068740166 0.4533952196074244 0.06078198407309848 0.46046221528953524 0.06337524273029786 0.4678537712488122 0.07017804947844722 0.47427347645487544 0.07567859941444455 0.476332848147033 0.08409369806123446 0.4628485873632379 0.08743120034867723 0.45297804945064774
4 0.13947639349121208 0.4505063878104713 0.14479397287575932 0.4696982732740677 0.145793083214305 0.47146517470111904 0.14987919548621403 0.4725193855758138 0.15934205305596658 0.4610127463887901 0.16266467166030701 0.45491882151208235 0.16297507556590826 0.447300805390103 0.16686259596503947 0.43597157630855 0.16702342540139248 0.4328271237818274 0.1648567490368406 0.4260029382814962 0.15974901649217615 0.42052360384268167 0.15560300066874527 0.4179295617297328 0.14738212754051028 0.41561041981062347 0.143490609606269 0.41539908961480876 0.13604811382870477 0.4164514704112191 0.12937274043470653 0.41954626285461527 0.11787426857055064 0.4286374900863503 0.11694631675063168 0.4297395309660873 0.11856660371949249 0.43291668353096435 0.12327389262171665 0.4353811455434847 0.12857984822004623 0.4365976365567625 0.1346641811690466 0.44118565028556 0.13947639349121208 0.4505063878104713
4 0.11977703617437181 0.5149812695099356 0.1276497429605808 0.5093905350680542 0.13205751410519595 0.5041558408893037 0.13602744799005875 0.4970246651830731 0.14436775940222454 0.48577718619690635 0.146264685375372 0.4773489894342016 0.13747817281412078 0.4469725849563685 0.13287180979672783 0.43982383917887136 0.12665278606158153 0.435932776009448 0.11932247113595351 0.43362998410941583 0.11183132677397242 0.4344716447361063 0.09652737917730414 0.4424438710429325 0.09210835306558411 0.4463494541531488 0.08734515814694825 0.4538857201797418 0.0846923647573398 0.4616006163639953 0.07727637644909556 0.47685177857484184 0.07680914064225138 0.49915480650091154 0.07884112622065742 0.506675942560617 0.08797506748570912 0.511669656635872 0.09830634214297158 0.5141674287126416 0.10658711882272834 0.5180264018700051 0.11361428727474995 0.5177357616831832 0.11977703617437181 0.5149812695099356
4 0.026056055802101918 0.5545965407318127 0.03274268416320504 0.5528308593569509 0.042153264432543275 0.5462192241046238 0.04773223031916204 0.5409360898947364 0.05134311171400664 0.5412122101407653 0.06715968380505147 0.5328996835637908 0.07258144897131444 0.5256552777762091 0.07297426636264723 0.5222353150295522 0.07102469426997281 0.5189122323451694 0.06659804190714538 0.5163829802824347 0.05731452617284547 0.5158628298024365 0.052753183023872094 0.514030528299076 0.04494001097007215 0.5045148105974272 0.03966019402194966 0.5008508176168012 0.03317178871451172 0.49835365556612626 0.031012738601067256 0.497964305238746 0.028255021791517555 0.49882292591060856 0.02608108799497086 0.5022101886191108 0.02099223666851876 0.5044948004217815 0.017100718734277424 0.5042834702259668 0.010563664842422476 0.5015755880055719 0.006013576660553946 0.5010723975707456 0 0.5043266866530568 0 0.5459492304438932 0.005760185228702611 0.548628535798965 0.009868807434821414 0.552340968810728 0.014381501999377922 0.5539625501443683 0.026056055802101918 0.5545965407318127
4 0.6863100631905419 0.6744994815197527 0.6998481468842114 0.6793642255206739 0.7015581047707984 0.6765279832520401 0.6996234163612264 0.6694282875317746 0.6973184204945312 0.6684067766952344 0.6939021334373543 0.6689735371280854 0.6924764408061611 0.6666392652420882 0.6963341938390879 0.6628632622323003 0.703144258019232 0.6590715192295301 0.7061601014339686 0.655489886370385 0.7043862424607495 0.6452457381233969 0.70602504182871 0.6395405535479748 0.6978114261324697 0.6270099634200317 0.6976465991610066 0.6186138566693866 0.6954911777635596 0.6131187822375898 0.6841833027019613 0.611512330870837 0.6735191142048877 0.6139743527789785 0.6620544072420466 0.6270529132163161 0.6606813607303805 0.6364699207774066 0.6618601817234915 0.6428563159192205 0.6664178961564675 0.6497943415269978 0.6698007871314428 0.6618865312703287 0.675563461207737 0.6727634500525715 0.6777337662882862 0.6744819114484859 0.6863100631905419 0.6744994815197527
2 0.47524260570512034 0.4375765596534616 0.48366932813812796 0.4420676933199852 0.4863896513303657 0.44232746354693686 0.48884059295031157 0.44398113489263713 0.4913176732204648 0.44318730427098885 0.49447583367245473 0.44534355602542053 0.5066517570024502 0.4443081352741821 0.520612425453657 0.43819969045668145 0.5299220798381641 0.4362723389693312 0.532668541680609 0.4340846072289346 0.5367807926027252 0.43269131613628087 0.5458395778140399 0.42327552862737994 0.5494239517395647 0.4093528674589727 0.5517550862564671 0.4079268763281646 0.5572926609906637 0.39222157373972344 0.5542426838554996 0.3751695900114816 0.5453142230761078 0.35570158430185617 0.5410110065323213 0.3511462706112131 0.5253138727252074 0.34589217628291163 0.5161650477770534 0.3446750752435392 0.5019012328522402 0.34819008797418577 0.4871211647170532 0.3571511250793976 0.4852166124927984 0.3591444866691515 0.4826985098893358 0.36616243229403067 0.4791326483629107 0.3712027563221384 0.4789569352434554 0.37812382188474364 0.47749022027895294 0.3820136650019775 0.4698945213161432 0.3926453334980614 0.4664597218598666 0.40209443107121173 0.4661268080200555 0.4070542250561228 0.46303254865469745 0.41797836381731307 0.4627744220495106 0.4207013760045957 0.4645406547716222 0.4245106890786327 0.4686006283933241 0.42801240192067586 0.4737232446210907 0.42971512332360773 0.4718785959483577 0.43324831615161585 0.47524260570512034 0.4375765596534616