3 0.2700729195728238 0.2456017226369732 0.25983021157017466 0.24630505988922985 0.24825952642968135 0.2483705515625863 0.2420413339702369 0.251746907918461 0.23751201520865725 0.2555485189627281 0.23609688557419747 0.26234714922729574 0.23857853485665395 0.2704957920720319 0.24436290656227352 0.27774263580140124 0.25534163598777604 0.2875882501193977 0.25864031590292275 0.28908271244923756 0.2623566465398286 0.28953902047466 0.26877760059812805 0.2892379791343867 0.27270477784992164 0.2879770792849973 0.27687320005148053 0.28238805913123766 0.27883371703398796 0.275874281085702 0.28407060061279754 0.268673354909151 0.28421854977916816 0.2580150542065669 0.2832372408985332 0.25419048438589054 0.2804352791857286 0.2510139147985789 0.2700729195728238 0.2456017226369732
4 0.47764930452484283 0.49769145381616803 0.4739066180610759 0.49744979677509715 0.45617045211486024 0.502462342835625 0.4519270049407348 0.5062990544972326 0.45145260005723725 0.5101627722155595 0.4534456161533845 0.5152009994273541 0.4655151202749822 0.5256163181834144 0.47249973249215743 0.5301780009682349 0.4793342947641996 0.5312350667687509 0.4820652740124542 0.5302630664187037 0.4841231292863727 0.5276832073261754 0.48623159543525063 0.5105111285780556 0.4853293540351986 0.5060426058043246 0.48291868721729214 0.5020425328969473 0.47764930452484283 0.49769145381616803
4 0.43250810858343314 0.5226530021110497 0.42964535020087363 0.5246982573828545 0.42808017062128095 0.5279922706631177 0.42949740103450323 0.5353565580854386 0.4319080678524096 0.5393566309928159 0.43715109471799796 0.5439223610579468 0.4448919408981086 0.547051688186987 0.45141831826385187 0.5458920429093078 0.45563540961111626 0.5422699822320519 0.4593902235989324 0.535322854937503 0.4584089147182975 0.5314982851168265 0.45366664856306754 0.5228541863490173 0.4480019284677036 0.5217228720335104 0.43250810858343314 0.5226530021110497
5 0.4291221171221622 0.4958729188056942 0.42535307483153445 0.4958459127489747 0.42163270168661215 0.49778586616875886 0.4173628986856258 0.5018372288147177 0.41587678658661587 0.5044872891419264 0.4162072848117592 0.5088856106809769 0.423816351857565 0.5130881927317748 0.42662235607838606 0.5138685008738798 0.430782693263912 0.5130720036105334 0.4348152938231496 0.510952499823738 0.4363277617490205 0.5080877885121777 0.4365953625256466 0.5035450172234561 0.43633988927306977 0.5008990041765577 0.43483550636323176 0.49897119259770467 0.4291221171221622 0.4958729188056942
5 0.43735758072585246 0.48315722099037417 0.43672099837317263 0.4907051060600168 0.44007643245005773 0.48937400497594696 0.4411185380004475 0.4879767499375071 0.440814395602165 0.483363777414105 0.44305269915609385 0.481677622876323 0.44271815842293405 0.479675562782479 0.44100292889820825 0.47946495907843795 0.4397499767329308 0.4825794219916898 0.43735758072585246 0.48315722099037417
5 0.45418342025598335 0.4784686750465286 0.45428075854739447 0.48240259399953606 0.45638324045900197 0.48418595582871804 0.4574172609933589 0.48758122368069146 0.46045238263989585 0.4912221958540462 0.464349161556812 0.4925722084342148 0.47184261950037865 0.48826299962594355 0.47434448132291723 0.4844303352446464 0.4717797220518614 0.47932190679817144 0.466510339359412 0.47497082771739213 0.4630798803099605 0.4745496203093098 0.45418342025598335 0.4784686750465286
5 0.5193233076104833 0.8176551984419949 0.5161219659867476 0.8200946550651622 0.5147676330220425 0.8216714604706136 0.5139648306921641 0.8352997743367784 0.5146339121584838 0.8393038945244662 0.5183685136062178 0.8443380744559505 0.5225775199374493 0.845508536669108 0.5281935708871078 0.844672891508111 0.5303791627873147 0.8434160389390319 0.5333513869853345 0.8381159182846145 0.5358167071862169 0.8251275100911938 0.5345758825449886 0.8210531886688257 0.5293815248251057 0.8184544180801986 0.5193233076104833 0.8176551984419949
5 0.5395841258466075 0.9031578889179755 0.5360482434897119 0.9035952854472992 0.5303490825514541 0.9074711450065571 0.5290697745593157 0.9108002589041604 0.5276952290545285 0.924358371535645 0.5291692136294891 0.9288970955440565 0.5329078575852396 0.9315350140303339 0.5404722979933563 0.9313743751594217 0.5438277320702414 0.9300432740753518 0.5471081411745597 0.9269598644991298 0.5491700389564947 0.9219837439613947 0.5503864495001161 0.909713537236019 0.5492997173120371 0.9067475713527487 0.5466782038792429 0.9044647063201833 0.5395841258466075 0.9031578889179755
5 0.5655538136672595 0.9019888241742227 0.5582448465117198 0.9047954760920337 0.5569087843578429 0.9109501534035467 0.5585328188779365 0.9189934943962623 0.5647794679430043 0.9295654047429245 0.5679200128969851 0.9323477729788733 0.5710909561858435 0.9325192287852639 0.5726297799385753 0.9294398664893521 0.5806463119113449 0.9232338994392577 0.5822459323338315 0.9149327122842298 0.5783349251141036 0.9066085663527925 0.5716888961381045 0.9016526822166092 0.5655538136672595 0.9019888241742227
5 0.5896624235755775 0.9254303741159013 0.5826697263423695 0.925661214221494 0.5804050669615797 0.9275620197436278 0.5789189548625698 0.9302120800708364 0.578432422455023 0.9412645821247836 0.5814331032586663 0.9499127281729031 0.5851453913875555 0.9527652976435323 0.5887562987170176 0.9540802096063606 0.593070728355693 0.9543920678821121 0.5977277837435611 0.9519134633612939 0.6007040504495972 0.94421708126167 0.6011338286954058 0.9359901426216328 0.5994003283598517 0.9312016670115295 0.5968051707539186 0.9287041509946127 0.5896624235755775 0.9254303741159013
5 0.5753080475331077 0.9288971681080082 0.5725203141231149 0.9326947318719648 0.5679200128969851 0.9323477729788733 0.5665920357591412 0.9337099273999729 0.5652296177784033 0.9400792556958377 0.5661582150053163 0.944333127485217 0.5682302985820464 0.9487274017439571 0.5719689425377968 0.9513653202302347 0.5765692437639267 0.9517122791233266 0.5798719661870898 0.9508104800079595 0.5815121707392492 0.9492687752198485 0.5814635015935435 0.9473018157433447 0.5782296608561681 0.9381892671091823 0.5782641016990618 0.9331820932344174 0.5753080475331077 0.9288971681080082
5 0.5891270629728167 0.903793819874361 0.5862298637473636 0.9108462490209306 0.5846302433248769 0.9191474361759585 0.5853520364449186 0.9227222543949433 0.5893238403344012 0.9258245754672642 0.5988326276929596 0.9287352043316428 0.6072587253714555 0.9262836058675441 0.610776336917523 0.9212683374321585 0.6126922272623412 0.9103913384649125 0.6069422963996155 0.8981373208607785 0.5931900618669317 0.8990634036580074 0.5891270629728167 0.903793819874361
5 0.619364612065201 0.9151325716167443 0.6144034142790507 0.9129982036141604 0.6114575459078919 0.9180836732842262 0.6088158199350155 0.9277821154776941 0.6112934267094555 0.9383270197676371 0.6127978096192935 0.9402548313464901 0.6152388747720774 0.9416439918243092 0.6189552054089832 0.9421002998497319 0.6243908080786312 0.940370950133989 0.6279834445972652 0.9371079901907556 0.6290113218448432 0.9287366018010472 0.6283158845516625 0.9249471325977108 0.6251793821056981 0.9197685029165555 0.619364612065201 0.9151325716167443
2 0.7998382339613604 0.43789477476599403 0.7964341307387699 0.4372589163735602 0.7923488185258102 0.43980772212905866 0.7859644060891672 0.44926450728145556 0.7864266834486154 0.45258957389874854 0.7905221814563701 0.4594111629397252 0.7951184401744834 0.4621543832780235 0.8004972886823932 0.4632505969761902 0.8111799607256461 0.4636907158803713 0.8186166645074744 0.4622070704860096 0.8224951726135623 0.4589792111601165 0.8235190073531239 0.4530040842156147 0.8217551086826926 0.4508265210350699 0.812615302900188 0.4449107783897704 0.7998382339613604 0.43789477476599403