5 0.6831491169563405 0.9369792904900646 0.6997100300544903 0.9419817257871724 0.7069689011889329 0.9390479422706077 0.7082803358335299 0.9348366953518615 0.7078427806500676 0.9252227210897488 0.7024527447100793 0.9131311322106781 0.6961055316731204 0.9046356615808587 0.6832683468698404 0.9000246058985203 0.677584745381542 0.8989923268851211 0.6724288138963378 0.8984504166492865 0.6636095383891327 0.8996980155685883 0.6586647979957452 0.9026575698142878 0.6583031078114281 0.9060988220473959 0.6602781540046857 0.90935076674507 0.6607231418248388 0.9161386174435693 0.6725579382581085 0.9247759479042976 0.6751662500003687 0.9302689936203035 0.6831491169563405 0.9369792904900646
5 0.8252946148135079 0.8327544757746125 0.8310686388478853 0.8329264417297347 0.8368801337921644 0.8272310822930606 0.8389830734414028 0.8237553885406614 0.8332387799537881 0.8122789283310855 0.8296804160248005 0.7992925848744464 0.8248861747239136 0.7953094224055037 0.8198658770578284 0.7934770425822535 0.815577007849963 0.7984626195817157 0.8122227101025488 0.8000671565964957 0.8107003920925827 0.8090402314599785 0.8131281664691314 0.8245171957188095 0.8178771964969789 0.8289305147168908 0.8252946148135079 0.8327544757746125
5 0.8467287114761648 0.9374282242985954 0.8548620775246368 0.9371958044537141 0.8581711639990115 0.9360214239680724 0.8594977716434377 0.9344212223483706 0.8598820674642746 0.9307648918506931 0.8609442246542589 0.9123929209896666 0.8600245184671895 0.9101217138471218 0.861381164384826 0.9054803103992372 0.8574010337251003 0.9020176228320718 0.8558784079886864 0.9027274052692839 0.8527275609699505 0.9023962379029404 0.8508807159591211 0.9006799471814644 0.8474208226657984 0.9005337519554774 0.8446694444677284 0.8991572993905006 0.8353221912309816 0.8916512371059664 0.8342516782249645 0.888059454251793 0.8313494932079463 0.8853624259751879 0.8304449600207061 0.8857022641316871 0.8307013623855622 0.888773572084083 0.8331062233991442 0.8962023221812121 0.8318852113006263 0.899553256041681 0.8291037948293459 0.9012180053048873 0.8201940967760615 0.9033259172824659 0.8191087184966627 0.9053863815555193 0.8234960583401929 0.9132409527867089 0.8304539312896345 0.9241926026994293 0.8400123756181979 0.9352001294654977 0.8467287114761648 0.9374282242985954
5 0.8452169505693152 0.8250629580670559 0.8533654896176165 0.8274415835212189 0.8582801917377934 0.8275232311037017 0.8631571152216212 0.8252089116517098 0.8654560729628473 0.8226236370818008 0.8674760227026971 0.817182132824065 0.8692770409875921 0.8028019952221375 0.8672716487946763 0.7943279599263751 0.8643316851413096 0.7892349646152949 0.860155536389596 0.7848818578656397 0.8455997077579147 0.7800901654380228 0.8354538246062833 0.7829379659770265 0.8287755751111128 0.7913691306046748 0.8280748003789983 0.798036556806322 0.833125751771189 0.8133543196539318 0.8397820110827349 0.8216648181433948 0.8452169505693152 0.8250629580670559
5 0.9011694992693405 0.7941940459616226 0.9105467907792979 0.7986589064179739 0.9134715814328356 0.80114085643001 0.9240246737682712 0.8026849395550307 0.9272659433330863 0.802155793863097 0.9328287762756474 0.798826295336685 0.932119953453947 0.7917932602494033 0.9216718412115249 0.7754733245126075 0.9134477448905258 0.7683027649894948 0.9068670428516779 0.7647842005689814 0.8957862805131482 0.7627497486663962 0.8895901820215848 0.7638381461744765 0.8871404174614108 0.7651028450327572 0.8828893268898945 0.7724843890666943 0.8827614334339138 0.7792120275167674 0.8882945358297116 0.7871870232448093 0.8932621895860665 0.7922756831608113 0.9011694992693405 0.7941940459616226
5 0.9106508476929689 0.7590931765273856 0.9253045315074203 0.7601984323331118 0.9327368150973306 0.7583701462636064 0.9375307486717702 0.7540900163062781 0.9382240907671939 0.7502487136682445 0.9373269902166443 0.7477624282611304 0.9350428977488001 0.7446954557038128 0.9330300729191933 0.7390475439716638 0.9296906404451606 0.7349998338592169 0.9128355463458059 0.7245301235752383 0.89777465334755 0.7190329841054878 0.8906362430323972 0.7180652527355926 0.8800305067872312 0.7197774497033238 0.8715732291907908 0.7258470888157883 0.8697567301796193 0.7293528886924007 0.8696136637238094 0.7334694818434295 0.8741140317499388 0.740248661751773 0.8839211380802203 0.7488903276075793 0.9106508476929689 0.7590931765273856
4 0.4862637738835834 0.8456131879411608 0.49005531908801264 0.8453593327622224 0.49374126874653346 0.8433547453425169 0.5028541098020487 0.8310478365575438 0.5065323190974313 0.8236060802751807 0.5070370757375582 0.8160482348910435 0.5061474078236994 0.8107358259203158 0.5009007460659685 0.8027909363164873 0.49814936786789865 0.8014144837515106 0.4873324405309158 0.7996252162377075 0.48092515094753574 0.7972121492642537 0.473538078630665 0.7986102788046205 0.47002554142761205 0.8017203636713852 0.46856329996406687 0.8046110348785028 0.4643803340285576 0.8196106365450031 0.4639207886614704 0.8267383254000018 0.46977811033168393 0.8371393942867318 0.4758237097307469 0.8429937134932939 0.4862637738835834 0.8456131879411608
4 0.7825316621057037 0.8180395603352629 0.7893384205097501 0.8194073421100836 0.8002606356661935 0.8146840494383827 0.8071500762531805 0.8097543492922685 0.8136772112029556 0.7917393165267205 0.8148904829383351 0.7829512138035938 0.8117545011929808 0.7769677993100234 0.8082794348998293 0.774210558784992 0.8054602397921997 0.7734793410137233 0.7869094152274109 0.7708772081461682 0.7801178298231939 0.7721204716703919 0.7755047413409129 0.774679975511166 0.7721430109568078 0.7791106360895595 0.7714803225874897 0.7964373217519526 0.7715561875866349 0.8094925482471738 0.7759735657033757 0.8143059176501805 0.7825316621057037 0.8180395603352629
4 0.765742230830776 0.7490815682736789 0.7727676129633296 0.7511246909664202 0.7824613833845644 0.752578455718802 0.7874061237779519 0.7496189014731023 0.7937301157254961 0.7418028655149487 0.7961269286494921 0.735531154323149 0.7953880675545814 0.7315393210640501 0.7915962146237046 0.7235298838167172 0.7855732208611614 0.7174604863455859 0.780025253191982 0.7151377377447712 0.7682811870312392 0.7139033866520368 0.7631856398189039 0.7155423651861078 0.7551052254066094 0.7207817973645083 0.7463769878983785 0.7376956680780751 0.7536209937594395 0.7404141316887374 0.7591615287919281 0.7455630038531655 0.765742230830776 0.7490815682736789
4 0.29328899260621 0.3064849696072635 0.2948946082520123 0.3077409976753879 0.3005103928307512 0.309418511482495 0.3097669157949712 0.309521594399035 0.31228449726470464 0.30761166074704666 0.31410099627587607 0.30410586087043434 0.3169347489304395 0.29092153908820517 0.3192863505813959 0.28507998442554394 0.3200849804962804 0.2747261216020063 0.3182681737586614 0.2699686290523476 0.315584612470151 0.26794694169366307 0.3078959265153844 0.26670391981077257 0.28490542592378226 0.26776678823105116 0.2809104299906747 0.2699563477911129 0.27922956479862215 0.2721716780803096 0.2790638927062926 0.2765033494959079 0.2859994677456619 0.29593337009946863 0.2886303851244419 0.301211337550905 0.29328899260621 0.3064849696072635
4 0.3707153101658771 0.23112038582379452 0.38680119717066314 0.23237617225058577 0.4010024605282706 0.2295197009214262 0.4064296596517127 0.22748067198242974 0.40998740812780543 0.2239404305865263 0.41068075022322914 0.22009912794849257 0.40910517285063736 0.21580189805218536 0.402592287721349 0.2116380988379644 0.38973249728154913 0.20724212142019507 0.3786291293064995 0.20542274778217892 0.3648422000429395 0.20158168678547841 0.36190997675271097 0.2019258603370559 0.3569955823589816 0.21010750518084392 0.3554280530759756 0.21951073657346548 0.3557222340771808 0.22497801156033606 0.3594611353718795 0.22798043647414973 0.3707153101658771 0.23112038582379452
4 0.29929096656642173 0.15294076568019968 0.3048389342356012 0.15526351428101445 0.31283666646495456 0.15632156402354855 0.3221836119752539 0.1555643338818115 0.3277464449178148 0.15223483535539944 0.32956294392898633 0.14872903547878719 0.32942700238341993 0.1417562126399316 0.3270147087331473 0.13715358610641615 0.3204188336944704 0.13102397638685867 0.3113957997321394 0.1259439872610124 0.30051848812228793 0.12197383097730378 0.29062126697237467 0.12245577060604544 0.2864528585837993 0.12353983271904778 0.28145547428068135 0.12975566705749944 0.2814632146438196 0.13519283592015713 0.28376248011149313 0.1408708537765191 0.2883984819567414 0.14635956409744671 0.29929096656642173 0.15294076568019968
2 0.24768920997936777 0.22232145168743203 0.254473362746894 0.22390431172682185 0.2618152237907251 0.2229363387155936 0.2663905336366572 0.2179808678403444 0.27210417339816606 0.21597194502556097 0.2752624530535928 0.2134769888282909 0.274357612139905 0.20555353455851919 0.2693295741106814 0.1982839858726114 0.26011052205636276 0.1923135775642752 0.25154734118756644 0.1883691920097014 0.24416026887069572 0.1897673215500682 0.23726308792057033 0.1892598528335247 0.23421783644774274 0.19067941770794844 0.22855714832241167 0.19769535285625112 0.2270800415854851 0.2062382711905955 0.22940191268967838 0.21170121078238818 0.23390971335249855 0.21565426712711794 0.24768920997936777 0.22232145168743203
2 0.35950757755070917 0.2606034496500957 0.380492993675843 0.25932983836032586 0.3870885609880724 0.25719615565361215 0.3954780216749535 0.2517717513348555 0.3970684643209268 0.2504167341039357 0.3971889251402167 0.24651521921747604 0.3928619695695551 0.24084153675619216 0.38615306634827906 0.23578731835948102 0.3797005654918594 0.23380440791516569 0.36509209295044753 0.23226899558030095 0.3598983828288944 0.22933111830999145 0.35536054389286365 0.22841926379344427 0.35103389604864954 0.23100887375843157 0.3505591776817333 0.23552551731438606 0.34878788994360155 0.2386011606618598 0.338031654605935 0.24725607434423352 0.3370292662359246 0.2512823491226234 0.33788115551343456 0.25419879105887605 0.3423889561762547 0.25815184740360586 0.352301350325997 0.2602809530739083 0.35950757755070917 0.2606034496500957
2 0.8594092426579945 0.7837161481701542 0.8649045664174435 0.7892951768637209 0.8677315018882112 0.7954635634976476 0.8688397935305773 0.8014513133862957 0.8689079181665841 0.8090693710188592 0.8670013043357809 0.8216987763800194 0.869194974257546 0.8256260619956143 0.8716825174540688 0.8267573301718087 0.8828763079751978 0.8277163907515478 0.8891402233763209 0.8259827584497597 0.8949668913204286 0.8228984443121297 0.897205464788786 0.8181322809723148 0.8917621694861724 0.792770387333454 0.8813217976068886 0.7818876204593158 0.8654164479678135 0.7706479154896991 0.860991637214382 0.7686606696503058 0.8552628244530439 0.768058547166045 0.8506345629709339 0.7680070057077751 0.8485164503218664 0.7688716541611301 0.8452903537568804 0.772011845152108 0.8437829010202955 0.775332672888364 0.8443257440232189 0.7784340869649728 0.8458861483959815 0.780120271562236 0.8527155124365473 0.7812729750724873 0.8594092426579945 0.7837161481701542