5 0.6872732372512187 0.038884737814986005 0.6846952715086165 0.03915569293290337 0.6804212675741328 0.03982236306066822 0.6762828974587682 0.04177950277584852 0.6683000305027964 0.04848979964560964 0.6655108736683777 0.052262219245061206 0.6612136486444792 0.06924039596079892 0.6649522422127303 0.07450126347325643 0.6683743568697041 0.07675103528174425 0.6740653909946933 0.07854487983195849 0.6777213023800034 0.07750826542348128 0.680766553852831 0.07892783029790498 0.6881687991695307 0.07771491453922752 0.6908523604580411 0.07569322718054314 0.6948173181179381 0.07484158491242213 0.6997171549647334 0.06910769020271212 0.7016017786119118 0.06499543244676112 0.700479237149059 0.048804350355640215 0.6976451767680482 0.043883320999682326 0.6923235731905144 0.04009355981991858 0.6872732372512187 0.038884737814986005
5 0.5913757000452287 0.05505269308271794 0.5874259153851606 0.05329329005179462 0.5809433762555304 0.05223499866792727 0.5729004327531374 0.05286289188132294 0.5699304308265601 0.05491468536422053 0.5631688836955536 0.0567126236681796 0.5570855056601418 0.06496290990921656 0.5545524434641319 0.07392731398254355 0.5549893831946993 0.08083992457297295 0.5576726367567622 0.08708152964055964 0.5616072484170009 0.091451977970527 0.563076922517237 0.09716877274125806 0.5643809245251432 0.09855389609639076 0.5702453711056001 0.09924224319954567 0.5778358941511492 0.10257607712103582 0.5855471857424356 0.10154813350271467 0.5891804914912261 0.10029644082966818 0.5921052821447637 0.09781449081763212 0.5944045476124372 0.09213647296127023 0.6003219458290721 0.08781780773090601 0.6040007705773496 0.07873297916072693 0.6034430623010448 0.07618214611010873 0.5993502111851672 0.07030614992815654 0.5933204002388283 0.0570228389831323 0.5913757000452287 0.05505269308271794
5 0.3074267000225719 0.378895031166273 0.3021577403547686 0.3783615500792612 0.2970244145060842 0.37911853857966515 0.289674813099115 0.38358773443109445 0.28255870069403455 0.39303383649183 0.27903037503825756 0.4090613817766515 0.2806582885941322 0.4162837243993674 0.28302506324491755 0.4195142337629843 0.2877285742732779 0.4229340506620355 0.2954020872282155 0.4243020740781893 0.3036862600956357 0.42321391821144205 0.3098297146774688 0.42104603562677057 0.3160561591686903 0.41691234253676257 0.3205791328313395 0.4103482408929885 0.32152175238137615 0.4000288195887419 0.32028587500947675 0.39102563860104594 0.3153714806157474 0.3828439937572578 0.31130866777308036 0.3800091994034883 0.3074267000225719 0.378895031166273
5 0.19953735783346344 0.3691415993376639 0.190929273418075 0.36439253593682797 0.17845408652555955 0.36418155142600356 0.17367501822450154 0.36555366859590227 0.16962707065521604 0.3683711213693596 0.16942331220009016 0.3746987094145074 0.17102118748275436 0.37887985020904047 0.18456596420194452 0.4002889291445049 0.18776202249372012 0.4003879183073 0.19263925370399557 0.39443894533302076 0.20239340839809924 0.3908042918107334 0.21365532355523503 0.382227173598431 0.2137835247376633 0.3806915196222332 0.21208005390909085 0.37826111106846716 0.20748957106332971 0.3759166854922622 0.19953735783346344 0.3691415993376639
5 0.22769834745720394 0.38357809707560575 0.22086155077994724 0.38190467702224373 0.21365532355523503 0.382227173598431 0.20962998162246946 0.3852597046364577 0.20436071422821867 0.39298951597571713 0.2061542998764228 0.4045435300140312 0.20993036435457543 0.4156717229182849 0.2134277285577994 0.4213928530840939 0.21799560576704075 0.42352220039572963 0.2457125307499705 0.4199566715533575 0.24868253267654777 0.41790487807045995 0.25017512013975096 0.41557345867948914 0.2506049349600751 0.4113966532800341 0.24823846803573715 0.39990285149014604 0.24485413201511225 0.3952571126471832 0.23350240976479214 0.38644733294866634 0.22769834745720394 0.38357809707560575
5 0.2084449018016155 0.42909255829914034 0.20166818167078002 0.43350154190214363 0.19848698865238606 0.43905479986657536 0.19770291628443554 0.4426164765965357 0.19848668092593855 0.4473180922928465 0.20021275739103075 0.44996357911118173 0.1996925200246274 0.4532800714523598 0.2026321759515465 0.45645036856755067 0.2041774073244802 0.4573752292693317 0.21037381354249113 0.45020033435114115 0.21336642110558826 0.4483636191328129 0.21764042504007194 0.44769694900504814 0.23285986522041396 0.43544206496101123 0.23047048493310865 0.4319964773328251 0.22530712081121376 0.42971226400504625 0.21565112902632771 0.42877006172295296 0.2084449018016155 0.42909255829914034
5 0.13608972666103017 0.6058767711369197 0.13269765027726713 0.6066682011566147 0.12944120771262282 0.6087501007637252 0.11982237911119062 0.6219385162996992 0.11870665483213363 0.625100142624734 0.12007816602315198 0.6353937931998457 0.12438964086753708 0.640594448463877 0.12858065489263212 0.6418935888414488 0.13638236902999798 0.6417259582814047 0.13948800477569415 0.6409646343859227 0.14630993617956928 0.6369858073120579 0.15184303857536713 0.6290108115840163 0.1513308492985495 0.6186268426362654 0.14831594382538008 0.6119851871637534 0.14414010280011388 0.6080750014871374 0.13608972666103017 0.6058767711369197
5 0.09823188935158003 0.6755269624140705 0.08926180702542692 0.6755999392063975 0.08421890372282179 0.6772172407650784 0.0780828817776796 0.6822112469133634 0.07500728430519382 0.6860137726370281 0.0746301133946002 0.6934468581292351 0.07964236297109958 0.7053149395949138 0.08295888208216506 0.7093154436441687 0.09112228640384792 0.7125890653172328 0.09832851362855996 0.7122665687410454 0.11216839452829803 0.7034184954108258 0.11632193764349172 0.6988503103966013 0.11715122128448194 0.6957187901957794 0.11641266791601863 0.6914473310286072 0.11353339626196797 0.6860961451435106 0.10553597175906218 0.6788909024597738 0.09823188935158003 0.6755269624140705
5 0.04009279564003272 0.6596747519141164 0.027105111744252203 0.6573430908818125 0.01954462697191376 0.6570504587885051 0.014237888667761617 0.6589129447359683 0.016656691775382485 0.6819263190448794 0.018088894965716966 0.6817757884238144 0.020983339619596406 0.6845159290098668 0.024315031730490957 0.6859053877600775 0.0415240756510248 0.6843140985718646 0.04623532704252335 0.6822967466082582 0.05386393645086875 0.6749713210690024 0.05579377137108672 0.6712892198421898 0.055499898096329034 0.6684932024027894 0.054037656632783995 0.6656025311956719 0.05152007516305068 0.6636925975436835 0.04009279564003272 0.6596747519141164
5 0.6983535257427065 0.6568122961473029 0.6894738659626326 0.6577455859979069 0.6816266328257797 0.6657463524550836 0.6735759489602486 0.671811414531137 0.673560468233972 0.6826857522564522 0.6750227096975172 0.6855764234635698 0.6776759249863694 0.6887768267029737 0.6865704500398249 0.6934957839795967 0.7041111458714651 0.6923045451963094 0.7071941759806417 0.6913281430362582 0.7104054072722461 0.6888160869000091 0.7187954834120223 0.6777139063662236 0.7174917891305634 0.6680654905848199 0.7144994892939136 0.661638913376877 0.7104366764512468 0.6588041190231075 0.6983535257427065 0.6568122961473029
0 0.7660971982351994 0.6372972591315137 0.7572401440916453 0.6384456272466871 0.7524006915177187 0.6419986331864913 0.7512171503291022 0.6445150247178184 0.7515711001502811 0.6533934458135843 0.7557017299025075 0.6568734749610615 0.7623199028512568 0.6592222359323445 0.7683577618871815 0.65880508558844 0.7728277839136528 0.6572479962781852 0.7779536771256463 0.6536648842141679 0.7798760794091736 0.6471566594237419 0.7795069565881657 0.6408892836270202 0.7775622563945662 0.6389191377266059 0.7745622161947782 0.6379297293813206 0.7660971982351994 0.6372972591315137
0 0.6314608193483812 0.6982007685056528 0.6252721534935085 0.699938494561186 0.6222795459304113 0.701775209779514 0.6225279002056818 0.712404363116047 0.6260856486817745 0.7159446045119504 0.6360129081048984 0.7194677459688748 0.6403321233124217 0.7192312323702487 0.6492947730018841 0.7163321320143081 0.6513376361047013 0.7137254221103421 0.6536746802087237 0.7056514372195051 0.649830491094564 0.7021413019478148 0.6436947768758692 0.6988720156698288 0.6395263684872939 0.6977879535568263 0.6314608193483812 0.6982007685056528
1 0.6251012028496206 0.6349376525980763 0.6227418608355259 0.6345332667980729 0.6207593820055775 0.6349590879321333 0.6118568088625362 0.6439405919444392 0.605871593736342 0.6476140223810958 0.6081931571140877 0.6504143752155741 0.6121203361376358 0.651958699981928 0.6190853339973207 0.6520964660590923 0.6212108792830789 0.6557872380760609 0.6204494125516483 0.6595639930705904 0.6216100403772974 0.6650958157009652 0.6245723019407365 0.6684811910807255 0.631582511073461 0.6690491136870281 0.6386983157520938 0.6678663040525638 0.6445101184228202 0.6652983710629667 0.6458066877940358 0.6638573708544859 0.6477064844410434 0.6571340677994908 0.6464628667060057 0.6535680556744523 0.6478123877133992 0.6471200431324525 0.645686842427641 0.643429271115484 0.6405686895787857 0.6415752143168436 0.629631301422513 0.6394629669441869 0.6251012028496206 0.6349376525980763