5 0.6340170728987159 0.879175592452126 0.6463974369054885 0.8924901198839306 0.6493241210162102 0.8944301567227544 0.6634788354966347 0.8992585202169365 0.6664212840393892 0.8990168894436359 0.6696045164938391 0.8970619921154188 0.672068258963409 0.8919485406421813 0.6721012187025778 0.8834360285130478 0.6681855935814216 0.8761156854985996 0.6666118880988844 0.8686877011932566 0.6642112033574451 0.8650744822179959 0.6610594997670602 0.862666044321964 0.6517534480656125 0.8585191159419295 0.6374625771973077 0.85672905333733 0.6279587422549522 0.8601979193904917 0.6263965085791374 0.863035798187678 0.6259737058585667 0.870183191563666 0.6260625689503493 0.873689893510457 0.6304296639059345 0.8777978617344372 0.6340170728987159 0.879175592452126
5 0.8095750692594432 0.9027567182200615 0.8202942955669995 0.9009873824948477 0.8221130775865424 0.8942545695306207 0.8212889600778471 0.8897709810509337 0.8180627269526093 0.8858233505008707 0.8126923574296603 0.874367566808506 0.8051878924406196 0.8698186699812538 0.7990937403074805 0.8676518628585225 0.7953558413698891 0.8673449237376563 0.7888102194023208 0.8683904914053929 0.7863479078078542 0.8693547659737458 0.7848458701099635 0.871764328132203 0.7882211623049076 0.878790343990328 0.7959778830123666 0.8918918373651932 0.8028803882221685 0.9007239005797361 0.8095750692594432 0.9027567182200615
5 0.7817199222714393 0.7946707059482486 0.785036449363563 0.7979758615402182 0.7891039953046324 0.8000762360529592 0.7927816982642995 0.8008114918125543 0.7966399891577385 0.8002617976559623 0.8042533742959044 0.7936881981032273 0.805905901938605 0.7902078443479474 0.8004294740167376 0.7815762032258011 0.7971158086748205 0.7699726938240624 0.7919690277564311 0.7631344880937909 0.7877667563025849 0.7599232375657479 0.7835028579957114 0.7612894805813187 0.7798538221499027 0.7644892434072437 0.7774631783400825 0.7752910644393965 0.7792475697453536 0.7812199405091879 0.7800100604010216 0.7902810225324884 0.7817199222714393 0.7946707059482486
5 0.8106341727617338 0.7917459127395535 0.8189799505666059 0.7944475535294835 0.82445924023868 0.794780840841861 0.828092511652456 0.7937627456280606 0.8307956071586181 0.7910852045047914 0.8332149180822969 0.7842184020581585 0.8358922082248071 0.7693074885396002 0.8333281308567324 0.7606483749635174 0.830732524624592 0.756352596611684 0.8273858995435063 0.7532615993390789 0.8182446713437976 0.750011388654982 0.8102586385313655 0.748889024937562 0.803803310530683 0.749292117647205 0.7971201013001308 0.7575251631094087 0.7959462797306146 0.7658773375646253 0.7998891410905258 0.781281876069478 0.8044955890827035 0.7878257546434264 0.8106341727617338 0.7917459127395535
5 0.8718021196419962 0.766273929777585 0.8832537386162584 0.7737798343950363 0.8871722254876211 0.7728018235997153 0.8937923769900428 0.7732954485860096 0.8963750805403572 0.7714745407401988 0.8986295679622968 0.7637110205976283 0.8973554114942758 0.7582906300035248 0.8915178077048648 0.7522288887137526 0.8857260663364486 0.7437713214924916 0.8744693688528875 0.736947976251613 0.8661536890369771 0.7340321771423184 0.8581676562245452 0.7329098134248986 0.8554201291724919 0.7338340035747721 0.8519201523963895 0.7401121517087589 0.8501758999116997 0.7483841573270168 0.8554416419108334 0.758514906684715 0.8607690107629946 0.7640681624987995 0.8718021196419962 0.766273929777585
5 0.8559948527129757 0.721466641697077 0.8647605714882115 0.7253192429207884 0.8703745866730628 0.7267634062484676 0.8760932293817294 0.7295326039108131 0.8874416517072798 0.7315642972887135 0.8915249620803817 0.7314830041893299 0.9005328956424167 0.7294731619532404 0.9049171859051379 0.7272502856602114 0.9065396155588766 0.7239840902242961 0.906856359880529 0.7196608394185263 0.9042464200914593 0.7133975517739327 0.8929753890509688 0.7046066972402942 0.8873929027301829 0.6987991986883659 0.872547365378737 0.6947472996346833 0.8676843690428312 0.6920983552277755 0.8591580033041872 0.6906816643540326 0.8536185176541892 0.6907766936803843 0.8463218768376753 0.6930270424273494 0.8418171946191062 0.6961065519978364 0.8386482957215853 0.7000289586188135 0.8388876487581776 0.7024648689687818 0.8405373146506715 0.7072828690232711 0.8488357991594455 0.716529512649575 0.8559948527129757 0.721466641697077
4 0.4492619201797704 0.7968657635825631 0.4556713857594583 0.7988584968044092 0.4644084374208358 0.7987760794426005 0.46762176786424786 0.7966070237950189 0.47537130939029437 0.7869951233527014 0.4800737748497713 0.776299819349018 0.48021136211275506 0.7691123415545509 0.4763115014236317 0.7596103309279783 0.47252917094014935 0.7575500408337167 0.46232161044494635 0.7556786851297334 0.4560024388321443 0.7530434769497938 0.4516038150124936 0.7532988439500625 0.4467393878014844 0.7547990764480395 0.4437209788487734 0.7576506914721938 0.4384007891780247 0.7748108294752922 0.43796365290052475 0.7799907135585201 0.4393582013243938 0.7845544708751655 0.4463352360690487 0.7949257267437393 0.4492619201797704 0.7968657635825631
4 0.7491623594357496 0.7841985543633305 0.7562325498974972 0.7856289814640416 0.7597454293554253 0.7854675195276994 0.7696247737222536 0.7813962629349233 0.7756916896166376 0.77547887456725 0.7781568629613108 0.766216246189128 0.783054249911489 0.7562035015620175 0.7833566606762117 0.7499127414634877 0.7798910745143814 0.7435292005634562 0.7735418049126174 0.7411081507028812 0.7557538190184171 0.7372978824224992 0.7479168452756915 0.7392539040131412 0.7437876724815949 0.7417310230440141 0.741129008521324 0.7461619151406786 0.7393790325362206 0.7710306283784749 0.7402174836018452 0.7774817261509218 0.7427385602991323 0.7802383118487244 0.7491623594357496 0.7841985543633305
4 0.740283378274287 0.7169974235510488 0.7513766831312125 0.7187748741911053 0.7556104834491242 0.717622789494899 0.7637341035245401 0.7115576754178516 0.7663325715068872 0.7075550999599161 0.766725276238496 0.7006218649032927 0.7635305719773231 0.6923108991289806 0.7593139669665476 0.6871321393081777 0.7530248933427075 0.6842827728088736 0.740160099762337 0.6826931322966703 0.7340344187651324 0.6848896603981881 0.7275174639114226 0.6898702466514447 0.7223807239246525 0.6974470809285866 0.7219736856361143 0.7024128066924502 0.7222431366616685 0.7046345587230539 0.7329136387980234 0.7135594027390983 0.740283378274287 0.7169974235510488
4 0.2821368361698472 0.2621308173569651 0.2851681478043841 0.2653958885304553 0.28926579173441525 0.2672821047238317 0.2991881367720314 0.2691133760093356 0.30070450802685145 0.2686713231436384 0.30297189813061715 0.2670244891987127 0.3057810520356978 0.2615228055052254 0.3065793641807412 0.2537730215896232 0.31080169269193025 0.24235507379088772 0.3113749853573108 0.23413688881807718 0.3093655744723768 0.22773961169107765 0.30567353795578034 0.22503684663872248 0.30053965971921687 0.22431532710609536 0.2858876129833686 0.22509516433387006 0.27733114925576285 0.22389263177949165 0.2721657421551341 0.2275344474711137 0.27141329243108536 0.23288840545522688 0.27774250497550657 0.24993865364258028 0.2793463084470059 0.2571524796285587 0.2821368361698472 0.2621308173569651
4 0.35939864670002913 0.1904384733058881 0.3664387391728147 0.1920830587259637 0.3749808693434912 0.19131808198758224 0.38362762703798275 0.19187813958386704 0.39472236277001166 0.18950641331903895 0.40027761285204233 0.18722971638056274 0.40392664869785094 0.18402995355463783 0.404753627956753 0.18021518822455557 0.40050835583211886 0.17110140981823269 0.39502906616004463 0.17076812250585544 0.38630777893069984 0.16866887225553967 0.36777020506265745 0.1619142081495018 0.3597841722502254 0.1607918444320819 0.3552651564747269 0.16190384470980884 0.3518110421196194 0.1657861669123065 0.34954222114075045 0.17158217776211698 0.34850312508401143 0.1810452282326353 0.3499277714968423 0.18539482722991632 0.35416014093965054 0.18839191943859465 0.35939864670002913 0.1904384733058881
4 0.2998731369190571 0.1110965058219516 0.31210730360633 0.11303429413592521 0.3170763583411544 0.11285909597261479 0.3220310795190495 0.11071638851654461 0.32592089927655377 0.1058033591357034 0.3264325650889069 0.10216266770650662 0.32548805562436384 0.0985357125042778 0.31935090282043677 0.09046637750326632 0.30830489125960925 0.08214392402683615 0.29820338916332484 0.07744842575263493 0.2845273807560849 0.07749188295838945 0.2817196577261076 0.07884438974699211 0.27682370165103304 0.08470795746921796 0.2757115069345442 0.08848263838082074 0.27620597743976133 0.09117279146863302 0.2824477577675035 0.10056716080431091 0.2957453950000639 0.10942444794793978 0.2998731369190571 0.1110965058219516
2 0.7996407327921465 1 0.8009254994265362 0.997413571116757 0.8026095559333021 0.9895698821372282 0.8012780652375637 0.9762794543720845 0.799763124857847 0.9725723303328973 0.7963720682308699 0.9677279820868966 0.789018093186639 0.9621082936628216 0.7835846659355593 0.9593791804189553 0.7706897743662268 0.9580036982261166 0.7572230210066172 0.9606972241012042 0.7496554982894458 0.9648749977224499 0.7472648544796257 0.975676818754603 0.7475314437549732 0.9861969245949759 0.7515215984109823 0.9950564602634551 0.7523571621855534 1 0.7996407327921465 1
2 0.24525083681225873 0.17898219945778915 0.2566150235698418 0.17883222522356493 0.2697994232220713 0.16780026112022908 0.2687660506657457 0.16066660397120938 0.26300440728629143 0.15199487843058357 0.25470449190241395 0.1468974117091643 0.2469893409906395 0.14384762311746382 0.2429963245844235 0.14328644125875387 0.22963562962373238 0.14315582456362316 0.22510084941620123 0.14644949245347458 0.2211651672377024 0.15375834776580474 0.2201117376240341 0.16125388894356313 0.22083122760891424 0.1644124430885837 0.22533304807727667 0.16963128732786573 0.23855615577498393 0.17694938181746375 0.24525083681225873 0.17898219945778915
2 0.3522725776915634 0.22044811047085813 0.36438778329809185 0.21909335515740525 0.3694614655567315 0.22024319132876133 0.3783791051518806 0.21887582405076547 0.3830787088611508 0.21647887385685127 0.38627770574763354 0.21234230891650988 0.3875561548409648 0.20531516879595965 0.3848114895391181 0.19794100513606416 0.37984386567939704 0.19396702639448993 0.36187529185142503 0.1914417080302952 0.34905636069204904 0.187456241586603 0.3444771489386267 0.18899655850305902 0.34228285749461096 0.19633176200690033 0.339234350552938 0.1993975353504193 0.3332132970795486 0.2029190977866034 0.32620187172062165 0.20520953095204786 0.3252702649379045 0.20769926194746352 0.33167829964248907 0.21384117207419423 0.3444814663698324 0.22000830613001102 0.3522725776915634 0.22044811047085813
2 0.8287517808535165 0.7538903380702043 0.8341379148084982 0.7631644541504443 0.8356514243131116 0.7710207550945164 0.8317716454872265 0.7903488244827711 0.8332120563320901 0.7925167558679276 0.8355382115386762 0.7945907821891574 0.8383301701366209 0.7954199430126792 0.8469468298421505 0.7961941589283287 0.8525164134811108 0.7958849712826124 0.857095625234533 0.7943446543661563 0.8619156208996511 0.791091070894784 0.8634033250406127 0.7867139994435668 0.862325520938396 0.7778269913211515 0.8592956401789623 0.7704127432427768 0.8588771300837017 0.7651126059041109 0.8558314848922356 0.7598800254378608 0.8512393704569874 0.7553036561566722 0.8447854733314077 0.7515575719614306 0.8320897958780866 0.738417118430511 0.8282472694166803 0.7367851449749785 0.8224526662980575 0.7366259315634865 0.8159815738653423 0.739210691885254 0.8117907742182183 0.7462653044597403 0.8130663615613427 0.7475365181489593 0.8206166889713783 0.7496895890447226 0.8287517808535165 0.7538903380702043