5 0.46658986175115214 0.5549307958477508 0.4711981566820277 0.5562283737024221 0.48099078341013823 0.5557958477508651 0.4873271889400922 0.5506055363321799 0.49078341013824883 0.5436851211072664 0.49107142857142855 0.53719723183391 0.4853110599078342 0.5229238754325258 0.4804147465437788 0.5175173010380623 0.47292626728110604 0.5153546712802768 0.4602534562211981 0.5166522491349481 0.4550691244239632 0.5181660899653979 0.4516129032258065 0.525735294117647 0.4521889400921659 0.5356833910034602 0.45737327188940097 0.5469290657439446 0.46226958525345624 0.5521193771626297 0.46658986175115214 0.5549307958477508
5 0.4009216589861751 0.29108996539792387 0.4115783410138249 0.2817906574394463 0.413594470046083 0.27616782006920404 0.41417050691244245 0.2621107266435986 0.4130184331797235 0.2586505190311418 0.40783410138248855 0.2549740484429065 0.40437788018433185 0.25692041522491343 0.40034562211981567 0.25778546712802763 0.39660138248847926 0.25692041522491343 0.39372119815668205 0.2545415224913494 0.3870967741935484 0.25778546712802763 0.3819124423963134 0.25886678200692037 0.3784562211981567 0.27962802768166084 0.3787442396313364 0.28654844290657433 0.38364055299539174 0.2921712802768165 0.39400921658986177 0.2930363321799307 0.4009216589861751 0.29108996539792387
5 0.40264976958525345 0.24632352941176466 0.40783410138248855 0.24632352941176466 0.4115783410138249 0.24524221453287193 0.41849078341013823 0.2413494809688581 0.42597926267281105 0.23010380622837365 0.4277073732718894 0.22404844290657433 0.42713133640552997 0.2164792387543252 0.42569124423963134 0.21366782006920407 0.42223502304147464 0.2110726643598615 0.4150345622119816 0.20761245674740475 0.4112903225806452 0.20761245674740475 0.39746543778801846 0.20999134948096881 0.39343317972350234 0.21301903114186843 0.39112903225806456 0.23096885813148785 0.3914170506912443 0.23767301038062277 0.39400921658986177 0.2422145328719723 0.3994815668202765 0.2454584775086505 0.40264976958525345 0.24632352941176466
5 0.3346774193548387 0.2484861591695501 0.34475806451612906 0.24826989619377154 0.34965437788018433 0.2461072664359861 0.3588709677419355 0.23961937716262974 0.36463133640552997 0.23248269896193766 0.3683755760368664 0.22080449826989615 0.36578341013824883 0.21388408304498263 0.35714285714285715 0.2086937716262975 0.3522465437788019 0.20717993079584768 0.33842165898617516 0.20674740484429055 0.3346774193548387 0.20847750865051892 0.33122119815668205 0.21215397923875426 0.3257488479262673 0.23096885813148785 0.3257488479262673 0.23702422145328716 0.32690092165898615 0.2422145328719723 0.3300691244239632 0.24589100346020754 0.3346774193548387 0.2484861591695501
5 0.32430875576036866 0.23378027681660898 0.3289170506912443 0.22080449826989615 0.3300691244239632 0.2141003460207612 0.329205069124424 0.2102076124567473 0.3248847926267281 0.20501730103806226 0.32114055299539174 0.20501730103806226 0.32027649769585254 0.2063148788927335 0.3130760368663595 0.20674740484429055 0.31048387096774194 0.20826124567474044 0.30414746543778803 0.2149653979238754 0.2955069124423963 0.2201557093425605 0.2923387096774194 0.2272923875432525 0.29464285714285715 0.23096885813148785 0.3064516129032258 0.23551038062283727 0.3185483870967742 0.2352941176470588 0.32430875576036866 0.23378027681660898
5 0.31048387096774194 0.17063148788927335 0.31538018433179726 0.16544117647058823 0.32142857142857145 0.15657439446366778 0.3355414746543779 0.1524653979238753 0.3366935483870968 0.1494377162629757 0.3364055299539171 0.14273356401384074 0.3352534562211982 0.13970588235294112 0.3317972350230415 0.13581314878892722 0.32805299539170507 0.13343425605536333 0.32229262672811065 0.13300173010380617 0.31048387096774194 0.13711072664359847 0.30558755760368667 0.14035467128027684 0.29435483870967744 0.15116782006920407 0.290610599078341 0.1611159169550172 0.290610599078341 0.1656574394463668 0.29176267281105994 0.16825259515570928 0.2966589861751152 0.17149653979238746 0.3050115207373272 0.1719290657439446 0.31048387096774194 0.17063148788927335
5 0.4392281105990784 0.16457612456747395 0.4498847926267281 0.16219723183391005 0.4567972350230415 0.15808823529411759 0.4614055299539171 0.15181660899653976 0.4680299539170507 0.13732698961937703 0.46687788018433185 0.13148788927335636 0.46284562211981567 0.12629757785467124 0.4484447004608295 0.12348615916955001 0.4392281105990784 0.1258650519031141 0.43317972350230416 0.13019031141868515 0.4311635944700461 0.1338667820069203 0.4317396313364055 0.1390570934256054 0.43001152073732724 0.14424740484429055 0.4294354838709678 0.15354671280276816 0.43058755760368667 0.15722318339100347 0.434331797235023 0.1617647058823529 0.4392281105990784 0.16457612456747395
5 0.5362903225806452 0.04498269896193765 0.5420506912442397 0.04044117647058822 0.5478110599078342 0.02941176470588225 0.5483870967741936 0.02638408304498263 0.5466589861751152 0.012110726643598468 0.5432027649769585 0.008866782006920282 0.5224654377880185 0.007352941176470474 0.5190092165898618 0.00951557093425599 0.5129608294930875 0.025951557093425493 0.5132488479262672 0.0313581314878892 0.5123847926267281 0.03308823529411757 0.5144009216589862 0.04000865051903109 0.5224654377880185 0.04714532871972317 0.5264976958525346 0.04714532871972317 0.5362903225806452 0.04498269896193765
5 0.497983870967742 0.0367647058823529 0.5069124423963134 0.025519031141868355 0.5103686635944701 0.022923875432525876 0.5146889400921659 0.016003460207612362 0.516705069124424 0.00973183391003456 0.5161290322580645 0.00021626297577839181 0.4807027649769585 0.00021626297577839181 0.48156682027649766 0.005622837370242095 0.49279953917050695 0.029195501730103678 0.4939516129032258 0.03654844290657433 0.497983870967742 0.0367647058823529
5 0.5627880184331797 0.023788927335639976 0.5682603686635945 0.015787197231833795 0.5699884792626728 0.00021626297577839181 0.5486751152073733 0.00021626297577839181 0.5469470046082949 0.006704152249134942 0.5483870967741936 0.023140138408304443 0.5504032258064516 0.028762975778546716 0.5587557603686636 0.02681660899653977 0.5627880184331797 0.023788927335639976
3 0.49078341013824883 0.5929930795847751 0.4982718894009217 0.6009948096885813 0.5054723502304148 0.6051038062283737 0.5210253456221199 0.6165657439446367 0.5293778801843319 0.6176470588235293 0.536578341013825 0.6165657439446367 0.5400345622119815 0.6148356401384083 0.5460829493087558 0.6094290657439446 0.5469470046082949 0.6048875432525952 0.5446428571428572 0.5990484429065743 0.5449308755760369 0.5884515570934256 0.5440668202764977 0.5852076124567474 0.5247695852534562 0.560553633217993 0.5192972350230415 0.5573096885813149 0.5051843317972351 0.5551470588235293 0.497983870967742 0.5566608996539792 0.49107142857142855 0.5616349480968859 0.48617511520737333 0.5685553633217992 0.4841589861751152 0.5700692041522492 0.4772465437788019 0.5724480968858131 0.47638248847926273 0.5743944636678201 0.47695852534562216 0.5776384083044983 0.4838709677419355 0.5897491349480968 0.4879032258064516 0.5923442906574394 0.49078341013824883 0.5929930795847751
3 0.5 0.5339532871972318 0.5046082949308757 0.5376297577854671 0.5120967741935484 0.5413062283737025 0.5224654377880185 0.5434688581314878 0.5371543778801844 0.5374134948096885 0.5397465437788018 0.5350346020761245 0.5443548387096774 0.5203287197231833 0.543778801843318 0.5149221453287197 0.5408986175115207 0.5086505190311418 0.5308179723502304 0.49740484429065746 0.5221774193548387 0.4907006920415225 0.5158410138248848 0.48745674740484424 0.5118087557603687 0.48702422145328716 0.508352534562212 0.4876730103806228 0.4835829493087558 0.5002162629757785 0.4821428571428571 0.5019463667820069 0.4821428571428571 0.5051903114186851 0.4841589861751152 0.5086505190311418 0.4858870967741936 0.5157871972318339 0.48819124423963134 0.5194636678200693 0.49539170506912444 0.5266003460207612 0.5 0.5339532871972318
4 0.42223502304147464 0.5934256055363322 0.42857142857142855 0.5951557093425606 0.4418202764976959 0.5934256055363322 0.45074884792626724 0.5893166089965398 0.4639976958525346 0.5711505190311418 0.46543778801843316 0.5637975778546712 0.46284562211981567 0.5538494809688581 0.4570852534562212 0.546712802768166 0.4533410138248848 0.5445501730103806 0.4423963133640553 0.5413062283737025 0.43663594470046085 0.5421712802768166 0.4182027649769585 0.5493079584775086 0.41100230414746547 0.5549307958477508 0.4086981566820277 0.5609861591695501 0.408410138248848 0.5722318339100345 0.41071428571428575 0.5841262975778546 0.41618663594470046 0.5903979238754326 0.42223502304147464 0.5934256055363322
4 0.4176267281105991 0.6342993079584774 0.4251152073732719 0.6338667820069204 0.4357718894009217 0.6304065743944637 0.43980414746543783 0.626946366782007 0.4412442396313364 0.6215397923875432 0.4501728110599078 0.6057525951557092 0.45305299539170507 0.5955882352941175 0.45247695852534564 0.5923442906574394 0.44930875576036866 0.5903979238754326 0.43663594470046085 0.5945069204152249 0.42597926267281105 0.5947231833910034 0.42050691244239635 0.5929930795847751 0.4112903225806452 0.5860726643598616 0.40812211981566826 0.5862889273356401 0.40437788018433185 0.5899653979238754 0.4014976958525346 0.5955882352941175 0.40120967741935487 0.6074826989619376 0.4035138248847926 0.620242214532872 0.4058179723502304 0.6245674740484428 0.4176267281105991 0.6342993079584774
2 0.33150921658986177 0.5813148788927335 0.34043778801843316 0.5826124567474048 0.345910138248848 0.5826124567474048 0.3551267281105991 0.581098615916955 0.3761520737327189 0.5752595155709342 0.37989631336405527 0.5733131487889274 0.3914170506912443 0.564878892733564 0.3989055299539171 0.5579584775086505 0.40120967741935487 0.5540657439446367 0.39746543778801846 0.5365484429065743 0.39400921658986177 0.52530276816609 0.3922811059907834 0.5227076124567474 0.3896889400921659 0.521410034602076 0.3870967741935484 0.5183823529411764 0.37932027649769584 0.5201124567474048 0.3761520737327189 0.5192474048442907 0.369815668202765 0.5207612456747405 0.3591589861751152 0.52530276816609 0.3577188940092166 0.5274653979238754 0.33093317972350234 0.5380622837370242 0.3271889400921659 0.541955017301038 0.32430875576036866 0.551038062283737 0.31768433179723504 0.5629325259515571 0.31682027649769584 0.5694204152249134 0.3194124423963134 0.5750432525951557 0.3234447004608295 0.5782871972318339 0.33150921658986177 0.5813148788927335