5 0.7159073520850155 0.5745304457183278 0.7218491373213214 0.5683704457477893 0.7220540770821849 0.5636083582996755 0.7176438751591105 0.5584942366119185 0.7135895853709245 0.5572672289912414 0.7078300940393785 0.5573677612863871 0.6920330102804837 0.5600227555147157 0.6860534819506716 0.564020455106456 0.6843747005727658 0.5668616052874376 0.6841659865025517 0.5714074626976715 0.6883486028086588 0.5799862916062632 0.6921337895770207 0.5822994760310969 0.6990527277935772 0.5826112973526818 0.7076504473880393 0.5800819684932851 0.7159073520850155 0.5745304457183278
5 0.6800248875993014 0.5652071642057581 0.6857126670531855 0.5609982611908954 0.6873272851721307 0.5544812003659565 0.6860432860785497 0.546933255499191 0.6839670751628986 0.5435087611964146 0.6781396462630412 0.5397171528097231 0.6726303864045663 0.537650358111313 0.6654498937868869 0.5388571736696443 0.6617590647522907 0.5419497401918066 0.6578217785539742 0.5474258637454048 0.6564536175987494 0.5515593675389081 0.6585939917733612 0.5586597724856419 0.6618296495740227 0.562496620405149 0.6679450530404573 0.5662832021770833 0.6728670408377256 0.5677113599913683 0.6800248875993014 0.5652071642057581
5 0.6728043977762559 0.5971286983725415 0.676244995337781 0.5962034588439347 0.6773742477479865 0.5948859721576266 0.6776169306023564 0.5922861850883112 0.6714335895676106 0.5846074626345399 0.6673226851391652 0.5801370044456651 0.6626622517430196 0.5771902097514638 0.6477102201371037 0.5787489739461215 0.644015616793157 0.5816253104304041 0.6426436815285816 0.5855425841860276 0.6421469928917901 0.5900934682110189 0.6439918438811233 0.5967664396967504 0.6565332712366734 0.6056319568531405 0.6637515069478591 0.6065874416736078 0.6683062596821873 0.6034797953071735 0.6728043977762559 0.5971286983725415
5 0.6354782861483047 0.5876143198958783 0.6387981058106098 0.5797697191551165 0.6343350635566266 0.5716283769370418 0.6273217676063045 0.5659108046684608 0.6226802057569121 0.5640451601636588 0.6137718657397688 0.5652821354105337 0.6086449381816368 0.5686160650443625 0.6069812540411336 0.5723221353768635 0.6074013294349827 0.5798851600879007 0.6112695510090582 0.5869554053460908 0.6176616061140182 0.5900882703896281 0.6317874571137085 0.5907068864180407 0.6354782861483047 0.5876143198958783
5 0.515322307063838 0.5691635380363226 0.5187364844599087 0.566724688242557 0.5215294210106174 0.5617011312237478 0.5235188228112041 0.5601523346552879 0.5234622081709447 0.5569088840870904 0.5170588301379329 0.5531273289299132 0.5025770670033541 0.548621598834421 0.4985567459993237 0.5493406615546623 0.49402841343045 0.5539619181862556 0.49324752453643195 0.558734058863884 0.494751560628279 0.5623848364340549 0.5003174351270132 0.5676950817006625 0.5061184438614161 0.5699730798221952 0.5110215601119316 0.5703200874470811 0.515322307063838 0.5691635380363226
5 0.4476094137687359 0.5846210016191108 0.4530507360588997 0.5827956556356837 0.4558663184657122 0.5790694788441535 0.4560825811546276 0.5749560815096794 0.4545558992066767 0.5700079237122293 0.4492251589436109 0.5616654313005466 0.443685704610331 0.5578687962990977 0.44021113826465025 0.556847965486786 0.43675921777507326 0.5571245149017532 0.4305030378067358 0.56177593122189 0.42768745539992337 0.5655021080134202 0.42799430151325374 0.5665782315880621 0.43641350151230673 0.5703246004419381 0.4399220366421431 0.5732915015951685 0.44287726849492853 0.5775658362051925 0.4476094137687359 0.5846210016191108
5 0.43399799589666044 0.5969711612487315 0.44000017008257625 0.5942708418842704 0.44425185101292464 0.5903033019810742 0.44561246334944793 0.5857373381118111 0.4422786735056702 0.576278509207428 0.4375653997786159 0.5703044939829089 0.4329162893105222 0.5680063894023472 0.4299799290044898 0.5648132049817225 0.41943055070294716 0.5710536307883775 0.41611450534999267 0.5791144615670191 0.41560649378514924 0.5830166554783707 0.417163370207905 0.5896946535788594 0.41984195042216516 0.5946227049172802 0.42333538831459894 0.5967246859189913 0.42593848234184656 0.5973281364998153 0.43399799589666044 0.5969711612487315
5 0.4599825174009989 0.6168494160960385 0.45585651573515096 0.6115140377556444 0.4503472558766761 0.6094472430572344 0.44458399023577944 0.6093315453145002 0.4400820778323601 0.6154664122112523 0.4387290141145379 0.6204648361562751 0.4389177295820691 0.6312763380502673 0.4406568999095847 0.631894868475363 0.44986076311200646 0.6310853266894905 0.4558629372979223 0.6283850073250294 0.45920540281633127 0.6218377868115468 0.4599825174009989 0.6168494160960385
5 0.40737983593173077 0.7553318036062592 0.41276076927228456 0.7500467770167546 0.4144282277221384 0.7465569367221335 0.40849511816046374 0.7367108872748064 0.40470993139210193 0.7343977028499727 0.39516902760154476 0.7324012807581648 0.39056520884565854 0.732697936632161 0.3805691338211667 0.7376309289820225 0.3782955317633533 0.7394009822031195 0.37692359649877794 0.743318255958743 0.3766997851911613 0.7469991932174577 0.3793859140241226 0.752359704631638 0.38812328306455784 0.7578308871737957 0.39448136938536227 0.7590176818764144 0.3985167876267951 0.7591635393076923 0.40737983593173077 0.7553318036062592
5 0.27486844533707167 0.5571384819029077 0.2721596706480066 0.5504805902614481 0.2700872340417061 0.5472723259965514 0.2660065240880658 0.5445317081107155 0.259371786128736 0.5439986301364934 0.25594251149526276 0.5455725597787398 0.24798490429291573 0.5517677460525793 0.2465903231722367 0.5543876395809237 0.24729837313266317 0.5619456376772036 0.2563501369051301 0.5689254038697626 0.2632690751216865 0.5692372251913477 0.27012385007928247 0.5658731358689753 0.27436043377222824 0.5610406758142595 0.27486844533707167 0.5571384819029077
5 0.27638797180788216 0.6111859381433538 0.2797644061104466 0.6065847879707897 0.27996179725260895 0.6013902404469162 0.2778667147902048 0.5968845959547404 0.26711352378372843 0.591448599715884 0.25330961613477104 0.5927710274136327 0.2488756412996629 0.6027980349922221 0.24962520866294624 0.6127345635051802 0.2522735944024012 0.6159327745405623 0.2574873310755977 0.61757213577797 0.263826545849649 0.6176777802911897 0.2707039666633485 0.6156110711960963 0.27638797180788216 0.6111859381433538
3 0.31973248191508163 0.60242640791345 0.32939906497013927 0.5951199117616676 0.3355495642766594 0.5844140543808951 0.3354250120680888 0.5772784631308603 0.333034406420406 0.5723453851776822 0.32925299396139485 0.5702484307907285 0.31859416068868407 0.570218185498868 0.3045551188040581 0.5745728603416919 0.2980034156504421 0.5787968432008264 0.2921408909104993 0.5894976739668415 0.29195859700573945 0.5955571416422345 0.29404235654009175 0.5994140960207706 0.2984412355351144 0.603879527594888 0.3093993663024544 0.6045534363856306 0.31629943297225777 0.6037841075178164 0.31973248191508163 0.60242640791345
3 0.2362021131168409 0.5863644665100373 0.24126110310666177 0.5791383961943714 0.24289081846300936 0.5734862555209519 0.24107993625783183 0.5687593543761389 0.23405154307010725 0.5621768619560387 0.22795123684107516 0.5592552003356237 0.22246084852935338 0.558269555826613 0.21843297890662172 0.5585561584710947 0.2115857525677271 0.5623527078692269 0.2090430474900895 0.5652089378944802 0.2054314789518564 0.5728423352121195 0.20584023141765365 0.5797566698095171 0.21116719737136883 0.5878829321833201 0.21523281008760664 0.5897586299176366 0.22157957348035917 0.590296734506616 0.22877138902609045 0.5897386090619243 0.2362021131168409 0.5863644665100373
2 0.28898939497148135 0.5739793773870657 0.2920967262542217 0.5704644040186582 0.29429861643437333 0.5645859800778441 0.29467452717194487 0.5531157348406979 0.29225750135880774 0.5466690466223609 0.2904994594845389 0.5449693660078659 0.2795300057891471 0.5436467671034837 0.27551345909446734 0.5445820598616049 0.27123913230801533 0.5472522195375223 0.2746068909359487 0.558657118782824 0.27238990351839465 0.5636706225721186 0.26614504647810894 0.5689707290058951 0.26418206484297657 0.5720331358395138 0.2636627303500813 0.5752866396372259 0.264549299905917 0.5765689400202332 0.2671825884079695 0.5789022309040959 0.270369180187073 0.579928088331165 0.2844421908558545 0.5775194838292597 0.28898939497148135 0.5739793773870657