5 0.786579495310713 0.23782249777523495 0.776016646202875 0.23575300396673632 0.7704612490011634 0.23719433604362225 0.7654245075791191 0.2397456485351721 0.7599869591467746 0.24444155325546962 0.7573351012166019 0.2510159279360186 0.7593757693463596 0.25610374937933356 0.7676243230294955 0.2693130638012271 0.7712842030030853 0.27102078832694043 0.7781645354780589 0.2718144907994985 0.7852033245679548 0.26958466094364747 0.794475193391443 0.26877122041804297 0.7974646138270862 0.2667622916703398 0.7982003052535116 0.2527244630027258 0.7962275471015776 0.24634084199009262 0.7924498183586206 0.24137854482096763 0.786579495310713 0.23782249777523495
5 0.7491332022634075 0.29194899943687813 0.7457496276741074 0.2904723152261673 0.7353838556430977 0.29014562789687565 0.7294842430792725 0.2926517192280773 0.7273576937854103 0.2947058691361286 0.7269229317861982 0.29749836114953543 0.7241305884273833 0.3012500963764455 0.7258383595246649 0.3071867104791899 0.7365350412045018 0.31770904892848906 0.7405051815512934 0.31899991398454575 0.747994716443033 0.31917586411267684 0.7545647885448048 0.32038642605489154 0.7592073758131921 0.3143495006049276 0.7593045753069338 0.306991562658675 0.7580701866707704 0.3030287953501401 0.7529788409841887 0.2956154970366848 0.7491332022634075 0.29194899943687813
5 0.6929680404458757 0.31802451632960116 0.6871702928487863 0.3185869083068255 0.6794543913643005 0.3227302900764219 0.676673366335123 0.32626605870844566 0.6761593760284498 0.33057031688605704 0.6771833818744982 0.34405068808970823 0.6792806416524426 0.34805867655859135 0.6953469617868 0.35518090985691125 0.697647951498216 0.3553014996178397 0.7038465061056056 0.3525945154118676 0.7102827456353789 0.34535223271328186 0.7118699898739481 0.33157559180090235 0.7108779516331624 0.328491764592029 0.7071115412198424 0.32331350082801763 0.7031979925212376 0.32094280279752924 0.6929680404458757 0.31802451632960116
5 0.6557799968631401 0.2846744078554101 0.6510648341439349 0.28659289428241685 0.6412723221571304 0.29734079817279435 0.6395059720280131 0.30352846082391877 0.6412024247956574 0.30968104152154957 0.6447604398025114 0.31333246540124027 0.6510202515310818 0.31495988681311166 0.6681824622566095 0.3121778041868907 0.6756287112134488 0.3021731769151302 0.674446248752478 0.2917163380398881 0.6732005417866773 0.28796953732623953 0.6627508759752122 0.28374037756887727 0.6557799968631401 0.2846744078554101
5 0.6702277958593615 0.3226798642224808 0.6677184107414796 0.32103243457723185 0.6605504545525791 0.32022365838455763 0.6515096177948314 0.32213200560471 0.6499969363907292 0.32898264176060965 0.6527986106955322 0.33605938371825006 0.6525496074435113 0.3408106488057502 0.6521714370924858 0.3425233078447251 0.6485388592511645 0.3457978887215144 0.6466320236934056 0.34916291191899995 0.6464396120895712 0.35283434403206826 0.6555463714414939 0.3606746410220346 0.6592288880743583 0.36195043235797514 0.6656358380882137 0.3607702880363238 0.6720494409587123 0.3539599385275108 0.6777519764457091 0.3497110407171021 0.6787167125542258 0.34781256252347287 0.6783112400709317 0.34454291615994526 0.6745967558328042 0.3328705808292268 0.6703833686214101 0.3252146202051362 0.6702277958593615 0.3226798642224808
5 0.6764996166232653 0.35159444519061517 0.6719928493105257 0.3550397715019426 0.6633508321794291 0.36584797027278426 0.6630905105977709 0.3708152019551708 0.6649114649914256 0.3745921501090515 0.6726140607626251 0.3817091787137786 0.6786315220958177 0.3824576600259884 0.6885918216435329 0.3795147009917524 0.6928109652423455 0.37605430096030884 0.6951186078104047 0.3705446855340756 0.6950799873484985 0.36577834672645937 0.6906657540565065 0.356451496499259 0.6870285107421914 0.35431183878377287 0.6764996166232653 0.35159444519061517
5 0.583798208868968 0.3263795525134624 0.579742187358072 0.33223065880877195 0.5794252741282272 0.3382777234655904 0.5820411896858391 0.3433956923491374 0.5861970887798218 0.3466453304792874 0.5963591308773598 0.3508594165165337 0.6082282533664832 0.3335069905053751 0.6062827973468181 0.33210567489524456 0.6037008367781181 0.32633980622703834 0.5986254748941678 0.324124779910972 0.586776310974974 0.3245865903606456 0.583798208868968 0.3263795525134624
5 0.4282230691503742 0.3121625315537421 0.4173273230100598 0.3109418304046729 0.4114503471055091 0.3130159885461018 0.4072312035066966 0.31647638857754534 0.3917860948244386 0.33602356249106136 0.3904545066945335 0.33941873312877907 0.39109101124356827 0.3437832861868546 0.3955345340514781 0.34704799803712066 0.4123006032396998 0.3518247462319226 0.41905176861566884 0.34957984265595543 0.42528427821197035 0.3462249586653243 0.4304228846007505 0.34172994681979707 0.4346486810562061 0.33263934160119185 0.4359143465919363 0.31949552675335546 0.4352099320650778 0.3164267732645981 0.4335747364186141 0.3146085981848109 0.4282230691503742 0.3121625315537421
5 0.3469387414054039 0.30573700281203475 0.3440445330798533 0.3114324373929222 0.33865027058240915 0.3263089195131112 0.33964230882319474 0.3293927467219847 0.33922353062661414 0.33738351073278033 0.33649909724562327 0.3398394463903722 0.3398373985163742 0.3421799969806286 0.3449420499162422 0.33833288491976055 0.34723172129802105 0.3386694412755753 0.34873774984548 0.3374490103068374 0.35369526296006304 0.3364094639794921 0.36120743451107723 0.33615348091785047 0.3660697355155676 0.33142742875732084 0.36683739454725595 0.32778614408448464 0.36354436659505424 0.3245817271146828 0.36229865962925356 0.3208349264010342 0.3630616531879478 0.3117794031359228 0.3610955478926571 0.29976557693612793 0.35953958055365465 0.2964356356921361 0.3555241668883139 0.29600863701562485 0.3469387414054039 0.30573700281203475
1 0.44605513344159187 0.379147798282673 0.42989627928648677 0.38479774152288104 0.425953441071964 0.38848918186932696 0.4166203151272952 0.3849682167770879 0.41705507712650736 0.3821757247636811 0.4208461115827508 0.37587761155848276 0.41138381853907735 0.3693180404177186 0.40643762375413167 0.3701416201501774 0.4037811003509647 0.3713017562384512 0.4034029299999392 0.37301441527742607 0.40128769903571426 0.374852598590591 0.4022797372764998 0.37793642579946435 0.4000852780048138 0.38128637527683396 0.3945185624734648 0.3829436739486062 0.3932775209806582 0.38461111182723295 0.38913760568930694 0.3865597456944718 0.3856521661332709 0.38702676083773835 0.3786633158349183 0.3938069629063192 0.38071530229431344 0.39867881775474784 0.38606696956255354 0.40112488438581656 0.3870250528144271 0.40485661137934914 0.3836461436981211 0.4087941657609135 0.3837639924674884 0.4120487384043251 0.391579771535061 0.4170061010601884 0.3992324285147171 0.4195727574521856 0.40202278448988277 0.4268654660047124 0.41199241498358646 0.434750984155027 0.4177448892621265 0.43505245855734814 0.4247430705064675 0.4391007336733178 0.4290574262153726 0.4393268394750586 0.4433547181312677 0.43617805305279056 0.44662044395120065 0.43440016462008996 0.4586393828149542 0.4306988552471208 0.46144304450340623 0.42673115342532436 0.46078390329509694 0.42279853355702135 0.4548456702693656 0.42053828608060695 0.447102466652611 0.4196993624477007 0.44380943870040934 0.4164949454778989 0.4512263981413308 0.4125524565830728 0.45277770000733897 0.41046815923478946 0.454464821828995 0.4057922627478696 0.45294280947890464 0.40181442171921855 0.4540320472134319 0.39754031098183945 0.4592838368985851 0.39088563318744846 0.4603617563034751 0.38682748904495556 0.4579655544819664 0.3830203934508428 0.4540746424426361 0.3802177622305815 0.44605513344159187 0.379147798282673
1 0.474221002158556 0.43606320834611756 0.4601953501539565 0.4340287964911126 0.44973903148584843 0.43542984192091205 0.4479453792244624 0.4366351991695339 0.4464779711389097 0.44262196894588807 0.44146853184913415 0.45015558683994056 0.4380376965576357 0.4605872127882121 0.4342466621013921 0.4668853259934105 0.4349058033097014 0.4708179458617132 0.4371162463840189 0.47266626838173265 0.4430431610801131 0.4751424824530335 0.4579203658968563 0.477438082063273 0.4745978758316286 0.47289811923772884 0.4827079314697714 0.47224035042654655 0.4862952359925433 0.4698296359293028 0.4881794348910278 0.46689654592159 0.48749964440709287 0.45235141546362295 0.4862379536386607 0.4434063427525854 0.48299019900500834 0.4393380594032381 0.474221002158556 0.43606320834611756
1 0.5107319333467017 0.4713268687340538 0.5066033363849878 0.4730595360064065 0.5054914619911859 0.47776557993355845 0.5070181398142705 0.48715765955448465 0.504022066521984 0.4947967934893495 0.5036485616439526 0.5019236911205998 0.5076460041230129 0.5081968615791589 0.5109729870641265 0.5107533787643016 0.5155410114980468 0.5116424580708177 0.5325560839382895 0.5116679411781194 0.5457594726466632 0.5073790269009554 0.5465158133487142 0.5039537088230056 0.5444072352411324 0.5001616869490089 0.5433199848902542 0.4933913539069511 0.5414537571780502 0.49047827213261597 0.520973203751701 0.47402918860709553 0.5107319333467017 0.4713268687340538
1 0.5791277982294942 0.48703869087554386 0.55896951421168 0.49745990743662966 0.5561884891825025 0.5009956760686535 0.5577331381918674 0.5045415839075318 0.5635129146026764 0.5098253637123553 0.5710637066155967 0.51433571945833 0.5773122000145297 0.5161791074650877 0.5833975713255461 0.5156317892079794 0.5864096284204641 0.5131909272705035 0.5918085563909022 0.5037286837425898 0.591477646742075 0.4935330326225823 0.5892059465465768 0.4873503044847195 0.5840739930144399 0.4862151111430849 0.5791277982294942 0.48703869087554386
1 0.5369577022226911 0.5597583279307925 0.5303423568023699 0.5594116323681233 0.5259600911156409 0.5604813261357007 0.5205338610129339 0.5649612642611117 0.5208940601776788 0.5690947770041849 0.5224726641759558 0.571992785058404 0.5321207159668203 0.5805111292732615 0.5358598242478717 0.5807070876347702 0.5466264032891813 0.5788891827353143 0.5503382094379636 0.5741028356943205 0.5502656339871457 0.5699843966713634 0.5490425636806197 0.5658056627679422 0.5466010885405617 0.5628624335533747 0.5369577022226911 0.5597583279307925
0 0.5497122477794311 0.4484653676573246 0.5444218376323718 0.45035370664409935 0.540445044428937 0.4546930467752043 0.540297906143652 0.45750061250872714 0.5435729629095731 0.46655120126057714 0.5452421135449487 0.4677214765557052 0.5481409873434934 0.4674402805670931 0.5627372213029528 0.46409060127005475 0.5658285067053319 0.46013797316837435 0.5660209183091662 0.456466541055306 0.5646959830359044 0.4542315065058621 0.560805070996574 0.45142887528560094 0.5537276614447719 0.4488923663338357 0.5497122477794311 0.4484653676573246
4 0.3777358187769154 0.3454655276052661 0.368633724897987 0.343039469207575 0.35765875045021145 0.3433305342227104 0.3538630505209737 0.3442144088356336 0.34238540409616214 0.3485937654334939 0.33332659615213395 0.35634828443569433 0.3288924042902125 0.3639120497699788 0.32827654901680337 0.37016000730156745 0.3294656643344175 0.37498664098964785 0.3329557693634476 0.37993386443865673 0.339575780256763 0.3856947985936013 0.3475047426207087 0.3884924953006009 0.3535448406131759 0.3888090434230381 0.3579157879702676 0.38795531625034707 0.3605836297030719 0.38657921356718694 0.3645830595657812 0.38180794024630915 0.3739068545644618 0.3745004281539976 0.3851761055828077 0.3685942316718166 0.38676136243772774 0.36586203453887406 0.38703300234902327 0.36067883626160124 0.38621073905279746 0.3543555101294322 0.38440110298878005 0.3503625953806653 0.3777358187769154 0.3454655276052661