4 0.7097253648536247 0.6195939755272011 0.7032559210342518 0.6227111056496744 0.6998689941893024 0.6250651056802938 0.6994687098909742 0.6277708767712967 0.7022052828258303 0.6316803287436278 0.713630946704265 0.6417436308717662 0.7210392323146569 0.643950937130198 0.7279800872782394 0.6418486804078496 0.7333357270381092 0.6373907497268914 0.7365636136041754 0.6258416271960705 0.7356791120719173 0.6224840017883475 0.7270819150587408 0.6185099400609583 0.7181970947621584 0.6178805817902806 0.7097253648536247 0.6195939755272011
4 0.7836178588067807 0.5958043753136367 0.7802852722205924 0.6001251863174382 0.7809236846384855 0.6037458030564536 0.7821709167974311 0.6041846799179377 0.7915479153227436 0.6042880555260307 0.806139164513683 0.6074248033114771 0.8104896807315723 0.6055596940183979 0.8091130009705841 0.6027280512732593 0.7946423737893671 0.5936408566922109 0.7900497489545127 0.5924742677359272 0.7836178588067807 0.5958043753136367
4 0.8131210315389868 0.6652658914066336 0.8101304084949653 0.6682088099269057 0.808683466485616 0.6765891145312066 0.8100937194208446 0.6829284243122367 0.8137395414698794 0.6853599560489259 0.8197424192399627 0.6928658547862396 0.8250900980050325 0.6949973032665919 0.8283603833376596 0.6952990604509192 0.8371533097038402 0.6937486302931787 0.845099288209403 0.6890535521829513 0.847960463651382 0.683717867779025 0.8482520674321877 0.6770784747416583 0.8473467988154091 0.6752617053966447 0.8439470658807393 0.672567182328663 0.8395046557324483 0.6722525031933241 0.8131210315389868 0.6652658914066336
4 0.9006892937691438 0.6825455220566026 0.8940736157606081 0.6815160527774757 0.8767506387297326 0.68610775527961 0.8729841946709753 0.6896266703385228 0.8779947549887984 0.7047739135623166 0.881886666152198 0.7069424539677136 0.8897871299913204 0.7086237775635607 0.8950053611543474 0.7083624601602587 0.9014164842175589 0.7065732086452587 0.9083613196785414 0.701176262342255 0.9102381386630599 0.696892543263498 0.9088318662252309 0.6872585439018127 0.9070588826633145 0.6838379826670219 0.9044142036588603 0.6821083191231089 0.9006892937691438 0.6825455220566026
4 0.2947198187043459 0.2845357734034241 0.2842753953834916 0.2916477873713388 0.28130155892659064 0.2963445394095565 0.28197752501612455 0.3001781336038082 0.28677072429890293 0.30745813293487406 0.29406634889437266 0.3090265068275973 0.3016328101861279 0.30549634374566326 0.31176399804413574 0.2916319870372578 0.3101076559945417 0.2855556685875202 0.3067079230598719 0.28286114551953856 0.3013394772102817 0.2822705531018957 0.2947198187043459 0.2845357734034241
4 0.26616777174556006 0.2884722737328575 0.2618340421147911 0.2920912165438826 0.26149207857262413 0.2934691090274121 0.2652130079649405 0.2963265956745738 0.2662477241837617 0.3005361309032417 0.264066495328717 0.3064107199207644 0.2600371755684744 0.3084387927930238 0.2578599272108297 0.31101869222989115 0.2589737312703325 0.31235949278837605 0.2648135882641324 0.3139649586061438 0.2697106229695129 0.3135406776236618 0.2722634080435653 0.31309055273915654 0.27663469134597496 0.3096845873833676 0.2811641503297479 0.3005411526872128 0.280492164737614 0.2934128689123058 0.2785106457329734 0.2904682764640435 0.2746187345695734 0.28829973605864656 0.26868300314797167 0.28780917139311596 0.26616777174556006 0.2884722737328575
5 0.22323128184351876 0.2589308738091815 0.2188807656256294 0.2607959831022608 0.21390464307956739 0.26408899875492575 0.21176494839356352 0.26688187564702937 0.21151487878179837 0.27043955655897706 0.21272057677170314 0.2739601455458803 0.2151942740050739 0.27637875533155787 0.22311152443131643 0.27981391244535075 0.2270617563508775 0.28065457424327434 0.2307866662405939 0.28021737130978064 0.23318923662808322 0.2789153366043306 0.23775226878609682 0.27327956894406735 0.24073008574039784 0.26528812732519425 0.23850247762139207 0.26260652620822433 0.23349676239848938 0.25909718524434233 0.2298677269365749 0.2584194870255988 0.22323128184351876 0.2589308738091815
5 0.21168188005548177 0.2730452998978676 0.20869523750886057 0.2726935288374842 0.2040986321766062 0.2748216294618559 0.20079961876465852 0.28265010750154895 0.20151313852583322 0.28669667915103686 0.20485455070434183 0.2907190808264918 0.20889667655430477 0.29373953105283357 0.21430267607553571 0.29454310092571256 0.2200506391389337 0.29396877831506213 0.22623644017230063 0.290901662068645 0.2297775622012132 0.286104882278315 0.22928936446988318 0.28333617536024436 0.22581452419193196 0.2802156973817903 0.21840623858153982 0.27800839112335846 0.21168188005548177 0.2730452998978676
5 0.25325363168873505 0.28987098833443914 0.24637109748131375 0.2906453664493142 0.24039383189067115 0.29323651390920275 0.23810392251810422 0.29517748098036145 0.23730733441884783 0.29729433358171187 0.24089085521432146 0.30434843350652985 0.2500721243866299 0.3099763009997526 0.25305876693325113 0.31032807206013596 0.2568587841662492 0.3103168240371147 0.2652010664727403 0.3062106644165398 0.26709865254177917 0.3003860892750733 0.26672311582537145 0.2982563147227113 0.263043720602096 0.2923171159501304 0.25680755980736797 0.2901227316427102 0.25325363168873505 0.28987098833443914
5 0.9496902777144284 0.559054954962481 0.9444848526411217 0.5643647954643842 0.9454780346909022 0.5716560428184712 0.9483312491380808 0.5729097375758555 0.9554015517037058 0.5732002467371616 0.9658212274426395 0.5709237784126119 0.9681319038997269 0.5674419552787436 0.9671762755215874 0.5603636853798927 0.9619620248559604 0.5573303132025393 0.9543995440616051 0.557565786703818 0.9496902777144284 0.559054954962481
5 0.9835003608102421 0.5219102414231923 0.9826830056264653 0.5255679500872523 0.9856241335066457 0.5322961228537101 0.9885524552971058 0.5339757725215668 0.9942796512759834 0.5349423059736259 1 0.5337624456617188 1 0.516419306014509 0.9975362659213701 0.5152629482187849 0.9912210172859603 0.5159372985815477 0.9882136076548186 0.517126383583874 0.9835003608102421 0.5219102414231923
5 0.9325903714110378 0.5980843954578223 0.9286529455811973 0.6022922567584998 0.9288782676110419 0.6035701214899172 0.9298210898994611 0.6055998682901669 0.9356401798087406 0.6087461901706441 0.9378677879277463 0.6114277912876143 0.9453511808814199 0.6140610524565184 0.9511031244422178 0.6101920402652126 0.9567631740726139 0.6041432396454886 0.9585065649576897 0.6007614442637326 0.9575845097537907 0.5971908414007732 0.9487036699546085 0.5932667935494402 0.9413872782746184 0.5932392757194266 0.9325903714110378 0.5980843954578223
5 0.9616690343703148 0.612062171342263 0.9571850900529828 0.6148292043323433 0.9529640214371362 0.6190870795090772 0.9544493817156466 0.6258523442005794 0.958115970849202 0.6267430198745592 0.9622124369579259 0.6317302810740828 0.9664630982506133 0.634274762513896 0.9701880081403298 0.6338375595804024 0.9759231651140073 0.6282147138711508 0.9794890347248403 0.6185823884374559 0.9791925858491142 0.613583879214911 0.9762850311431748 0.6103633734843446 0.9711626744079496 0.6095097897354094 0.9616690343703148 0.612062171342263
3 0.2652903666105818 0.26359267732325653 0.2623620448201217 0.2619130276553997 0.2575608845425433 0.26122240748564457 0.24833410070379394 0.26197094169849633 0.241714442197858 0.26423616200002487 0.23894914118368132 0.2684569452517141 0.23401939790158025 0.2803061510388717 0.23497900677711997 0.2840897313570672 0.2387374898410771 0.28716019545946514 0.2421955435319081 0.28852683991997335 0.2600402914683543 0.29021151137180123 0.2776844649568764 0.285782772448847 0.28067508800089774 0.282839853928575 0.2798864608964415 0.27836732736861475 0.27531858364350775 0.27236519276896615 0.27239026185304765 0.2706855431011094 0.2652903666105818 0.26359267732325653