0 0.1592741935483871 0.23442906574394465 0.1650345622119816 0.2391868512110727 0.17511520737327188 0.23961937716262977 0.1814516129032258 0.23442906574394465 0.18202764976958524 0.23010380622837373 0.1811635944700461 0.22794117647058826 0.17511520737327188 0.22426470588235295 0.1679147465437788 0.22383217993079585 0.1650345622119816 0.2244809688581315 0.15956221198156684 0.2285899653979239 0.15841013824884792 0.23053633217993083 0.1592741935483871 0.23442906574394465
0 0.15639400921658986 0.25346020761245674 0.16330645161290322 0.25605536332179935 0.16474654377880185 0.25756920415224915 0.16993087557603687 0.2556228373702422 0.17194700460829493 0.2508650519031142 0.17050691244239632 0.24502595155709345 0.1679147465437788 0.24264705882352944 0.16129032258064518 0.24091695501730107 0.15639400921658986 0.24351211072664364 0.15408986175115208 0.24718858131487892 0.1543778801843318 0.2517301038062284 0.15639400921658986 0.25346020761245674
0 0.13450460829493088 0.2666522491349481 0.13623271889400923 0.27011245674740486 0.14055299539170507 0.27249134948096887 0.14948156682027652 0.2711937716262976 0.15120967741935484 0.2675173010380623 0.15005760368663595 0.26081314878892736 0.14602534562211983 0.25908304498269896 0.13680875576036866 0.2603806228373703 0.13450460829493088 0.26211072664359863 0.13450460829493088 0.2666522491349481
0 0.24798387096774194 0.2993079584775087 0.25 0.2971453287197232 0.25489631336405527 0.2947664359861592 0.2557603686635945 0.2897923875432526 0.2534562211981567 0.2861159169550173 0.2474078341013825 0.28568339100346024 0.24193548387096775 0.28719723183391005 0.24078341013824883 0.2882785467128028 0.24078341013824883 0.29325259515570934 0.24798387096774194 0.2993079584775087
0 0.17511520737327188 0.32482698961937717 0.1788594470046083 0.3259083044982699 0.18548387096774194 0.32569204152249137 0.18922811059907835 0.32244809688581316 0.19153225806451613 0.3181228373702422 0.18980414746543778 0.31596020761245674 0.18404377880184333 0.3137975778546713 0.17511520737327188 0.31531141868512114 0.1716589861751152 0.31769031141868515 0.1713709677419355 0.3211505190311419 0.17511520737327188 0.32482698961937717
0 0.2203341013824885 0.28957612456747406 0.22379032258064516 0.2897923875432526 0.22724654377880188 0.2882785467128028 0.23099078341013826 0.2846020761245675 0.23185483870967744 0.27941176470588236 0.22724654377880188 0.27703287197231835 0.22004608294930877 0.2766003460207613 0.2157258064516129 0.2789792387543253 0.21342165898617513 0.28200692041522496 0.21428571428571427 0.2869809688581315 0.2203341013824885 0.28957612456747406
0 0.6612903225806452 0.7969290657439447 0.6644585253456221 0.7956314878892734 0.6716589861751152 0.7958477508650519 0.6754032258064516 0.7969290657439447 0.6782834101382489 0.7908737024221454 0.6768433179723503 0.7852508650519032 0.6742511520737328 0.7837370242214534 0.6682027649769585 0.7830882352941178 0.6627304147465438 0.7856833910034602 0.6592741935483871 0.7897923875432526 0.6612903225806452 0.7969290657439447
1 0.10224654377880185 0.25237889273356406 0.11290322580645162 0.25519031141868515 0.11866359447004608 0.2530276816608997 0.13018433179723504 0.2512975778546713 0.13220046082949308 0.24826989619377166 0.13277649769585254 0.24459342560553635 0.13047235023041476 0.2402681660899654 0.12355990783410138 0.2355103806228374 0.11405529953917051 0.23226643598615918 0.1088709677419355 0.23140138408304498 0.10570276497695852 0.23183391003460208 0.10253456221198157 0.2342128027681661 0.10138248847926268 0.23767301038062288 0.09936635944700462 0.2484861591695502 0.10224654377880185 0.25237889273356406
1 0.8093317972350231 0.7112889273356402 0.8208525345622121 0.7149653979238755 0.8248847926267281 0.7153979238754327 0.8355414746543779 0.7132352941176471 0.8418778801843319 0.7099913494809689 0.842741935483871 0.7073961937716263 0.8476382488479264 0.7065311418685122 0.8557027649769585 0.7141003460207613 0.8631912442396313 0.7136678200692043 0.8767281105990783 0.7065311418685122 0.877304147465438 0.7054498269896194 0.8775921658986177 0.6998269896193772 0.8752880184331797 0.6972318339100346 0.8487903225806452 0.6853373702422145 0.844758064516129 0.6859861591695502 0.834389400921659 0.6794982698961938 0.8289170506912443 0.6773356401384084 0.824020737327189 0.6766868512110726 0.8176843317972351 0.6782006920415226 0.8058755760368663 0.6849048442906576 0.8018433179723502 0.6885813148788927 0.80213133640553 0.6955017301038062 0.8093317972350231 0.7112889273356402
1 0.714573732718894 0.759515570934256 0.7237903225806452 0.7690311418685122 0.7298387096774194 0.7692474048442908 0.7373271889400922 0.7673010380622838 0.7419354838709677 0.7681660899653979 0.7410714285714286 0.772923875432526 0.7422235023041475 0.7759515570934257 0.7488479262672811 0.7811418685121108 0.7514400921658987 0.7850346020761246 0.7548963133640554 0.786332179930796 0.7618087557603687 0.7807093425605537 0.7652649769585254 0.779628027681661 0.7762096774193549 0.7804930795847752 0.7793778801843319 0.7787629757785468 0.7897465437788018 0.7787629757785468 0.7966589861751152 0.7740051903114187 0.7975230414746545 0.7724913494809689 0.7975230414746545 0.7653546712802769 0.7934907834101382 0.76340830449827 0.7932027649769585 0.7618944636678202 0.7828341013824885 0.7640570934256056 0.7776497695852534 0.7629757785467128 0.7785138248847926 0.7549740484429066 0.777073732718894 0.7443771626297578 0.7759216589861752 0.7417820069204153 0.7724654377880185 0.7398356401384084 0.7649769585253456 0.7394031141868512 0.7574884792626728 0.7407006920415226 0.7476958525345623 0.7376730103806228 0.7451036866359447 0.7385380622837371 0.7419354838709677 0.7415657439446368 0.7404953917050692 0.7445934256055364 0.7404953917050692 0.7516580882352941 0.7381912442396314 0.7549740484429066 0.7335829493087558 0.7536764705882353 0.7295506912442397 0.7510813148788927 0.7206221198156683 0.7497837370242215 0.7154377880184332 0.7506487889273357 0.7131336405529953 0.7532439446366783 0.7128456221198156 0.7554065743944637 0.714573732718894 0.759515570934256
1 0.6431451612903226 0.7575692041522493 0.6466013824884793 0.7625432525951558 0.6402649769585254 0.7649221453287198 0.6411290322580645 0.7688148788927336 0.6451612903225807 0.7703287197231835 0.6526497695852534 0.7714100346020761 0.6592741935483871 0.7740051903114187 0.6682027649769585 0.7815743944636678 0.682315668202765 0.7813581314878894 0.6932603686635945 0.7763840830449827 0.6978686635944701 0.7724913494809689 0.6981566820276498 0.7685986159169551 0.6964285714285714 0.7670847750865052 0.6926843317972351 0.7660034602076126 0.691820276497696 0.7629757785467128 0.6944124423963134 0.7562716262975779 0.6944124423963134 0.7448096885813149 0.691820276497696 0.7437283737024222 0.6860599078341014 0.7432958477508651 0.6782834101382489 0.7443771626297578 0.6725230414746544 0.7374567474048443 0.6682027649769585 0.7350778546712803 0.6638824884792627 0.7346453287197232 0.6601382488479264 0.7359429065743945 0.6566820276497696 0.7426470588235294 0.6512096774193549 0.7497837370242215 0.6474654377880185 0.7502162629757786 0.6399769585253456 0.7489186851211074 0.6362327188940092 0.7506487889273357 0.6362327188940092 0.7528114186851211 0.6431451612903226 0.7575692041522493
1 0.6892281105990784 0.8012543252595157 0.6949884792626728 0.8047145328719724 0.7010368663594471 0.8062283737024222 0.7027649769585254 0.8094723183391004 0.7024769585253456 0.8105536332179932 0.6995967741935484 0.812067474048443 0.6926843317972351 0.8131487889273357 0.6900921658986175 0.8174740484429066 0.6915322580645162 0.8213667820069205 0.7001728110599078 0.8252595155709344 0.7065092165898618 0.8272058823529413 0.7197580645161291 0.8252595155709344 0.724078341013825 0.8233131487889274 0.7298387096774194 0.814446366782007 0.7335829493087558 0.8127162629757786 0.7379032258064516 0.8131487889273357 0.7410714285714286 0.8155276816608998 0.75 0.8189878892733565 0.7566244239631337 0.8196366782006921 0.7620967741935484 0.8196366782006921 0.7724654377880185 0.8179065743944637 0.7759216589861752 0.814446366782007 0.7744815668202765 0.809688581314879 0.7690092165898618 0.8053633217993081 0.7658410138248848 0.8042820069204153 0.7586405529953917 0.7964965397923877 0.7540322580645162 0.7897923875432526 0.7534562211981567 0.786332179930796 0.7476958525345623 0.779628027681661 0.7407834101382489 0.7755190311418685 0.7347350230414746 0.7735726643598617 0.7263824884792627 0.7733564013840831 0.720910138248848 0.7746539792387545 0.7168778801843319 0.7824394463667821 0.7171658986175116 0.786332179930796 0.7134216589861752 0.7884948096885813 0.7088133640552996 0.7882785467128028 0.7033410138248848 0.7828719723183392 0.6961405529953917 0.7787629757785468 0.6923963133640554 0.7787629757785468 0.6892281105990784 0.7811418685121108 0.6866359447004609 0.786332179930796 0.6860599078341014 0.7943339100346021 0.6892281105990784 0.8012543252595157
1 0.5967741935483871 0.8291522491349482 0.6025345622119815 0.8362889273356402 0.6057027649769585 0.837370242214533 0.6134792626728112 0.837370242214533 0.6212557603686636 0.8343425605536332 0.6238479262672811 0.8285034602076126 0.6235599078341014 0.8192041522491349 0.6221198156682027 0.8163927335640139 0.6177995391705069 0.8129325259515572 0.6123271889400922 0.8094723183391004 0.6019585253456221 0.8070934256055364 0.5970622119815668 0.8083910034602078 0.5938940092165899 0.8107698961937716 0.5924539170506913 0.8137975778546714 0.5918778801843319 0.8176903114186851 0.5967741935483871 0.8291522491349482