2 0.8026685820561428 0.9407190845967781 0.7874172529555977 0.9416341852925537 0.7805473807605992 0.9441333544634066 0.7774438237872094 0.9478645578696941 0.7775155356648713 0.9519729285894112 0.7819521577534003 0.958600660542327 0.8051637413097129 0.9681451131042171 0.811806027887744 0.9691106511541989 0.8336883206382686 0.9685123983947654 0.8388416683618548 0.9666920790260957 0.8407971013782859 0.9631972121167174 0.8403657030563849 0.9549854972920405 0.8376795742234238 0.94962498587786 0.8361113748726158 0.9422982976637317 0.8334667634425117 0.9393163166662294 0.8291169504690469 0.9376618755845503 0.818439245649583 0.9365504801032903 0.8026685820561428 0.9407190845967781
4 0.7752464418307776 0.887988943836007 0.7738594093287998 0.8910412974401112 0.7736959869707931 0.8981819153049031 0.7749724374456729 0.9052974000959088 0.7851874224125008 0.9129057499430783 0.7942769292784739 0.9220478165144357 0.8047459200277236 0.9277050694059294 0.815128101661909 0.9283890314261866 0.8196979516336397 0.9261463052112717 0.8259239371271722 0.9197650485880959 0.8272920980823967 0.9156315447945926 0.8254736672585181 0.91047218357402 0.8073437195481299 0.8949990409237429 0.8021111113281802 0.8922785294969362 0.7905581598809326 0.8905335237463088 0.7798427119679625 0.8872598278862508 0.7752464418307776 0.887988943836007
4 0.5910932460850158 0.6852896352272128 0.5868793082481737 0.6914194755092077 0.5841127918629194 0.6979566427931757 0.5839455951955621 0.7048810306200879 0.5886437716852139 0.7099901256930877 0.5938914771425658 0.7135755572714139 0.5988247878678863 0.7156524051993385 0.6063196752175972 0.715954173291409 0.6097338526136681 0.7135153234976432 0.6142433136357888 0.7078129166766508 0.623341496176393 0.7009489338301427 0.6270625196857942 0.6995862076110189 0.6408739759534529 0.6986962399890299 0.6484945425676643 0.6896950898375096 0.648699482328528 0.6849330023893959 0.6474947437313101 0.6819258883181073 0.6340818440573267 0.672642990930229 0.6303193031450686 0.6716271867326746 0.6127717261306064 0.6730149604222679 0.5985239701757662 0.6819154926753257 0.5910932460850158 0.6852896352272128
4 0.4528219710172496 0.4376650873002511 0.4487865527758168 0.4375192298689733 0.4381805598340146 0.4405162051074306 0.4339213302849651 0.44405128493486734 0.4319621229591834 0.4473299218063659 0.43176473181702113 0.4525244693302394 0.4376174538264029 0.47426819747571514 0.4423646963376127 0.48218828304115285 0.4452859594062426 0.4845165473102583 0.4502041728941604 0.48572847508666345 0.4565433876682117 0.48583411959988315 0.4714614504899721 0.48232928506430695 0.4771794244186613 0.479850222352483 0.4808211874316993 0.4739466653378826 0.4813442962339452 0.4709093915780501 0.4786392958542307 0.46446772997447044 0.47735529676064975 0.45691978510770503 0.4740479270823264 0.44897456646848094 0.4678721346662818 0.44172830409046926 0.46234777757040435 0.4387965892405399 0.4528219710172496 0.4376650873002511
4 0.4578367963507929 0.41140574703640176 0.45131151336263126 0.41714334016069526 0.44800679093772855 0.42585286105297626 0.4469756705706393 0.4327923287241604 0.44730516254007335 0.4351658325260813 0.44935495329027014 0.43707671656369895 0.4626395264463322 0.4390077926636624 0.47254011668112855 0.44510755886043024 0.4800312297214891 0.4451930969146208 0.4834642786643129 0.4438353973102543 0.4851543829702705 0.4416429372429122 0.4881560335911934 0.432073522813869 0.48830813302114817 0.4242842148354374 0.48675880521709364 0.4180386768107084 0.4846788199920919 0.4143979524700521 0.4797228634106678 0.4110237243148484 0.4721940072768011 0.4087758858818595 0.46528261767894585 0.4088965246360342 0.4578367963507929 0.41140574703640176
4 0.5274964469876948 0.40845946596210075 0.5207171582171115 0.41614815604207 0.5126489689876664 0.43251118071101935 0.5095340890862249 0.43559369400366743 0.5090185289026803 0.4390634278392594 0.511098514127682 0.44270415217991577 0.5184375277380876 0.45057899821253783 0.5219347399398722 0.45289720925212873 0.5253753375013972 0.451971969723522 0.5305739769371912 0.45274641080941025 0.532320695883408 0.45379740131026586 0.5424224515697175 0.45491885002103993 0.5495652010938905 0.45154973408391025 0.5529756041806106 0.44889465425226477 0.5557836379687219 0.4447360173849749 0.5562463578213578 0.43823906301906507 0.5533186731899564 0.4190398291805746 0.5500339493677369 0.41239199076862965 0.5471164606084576 0.4102799565374041 0.5424824473777664 0.4088467721083616 0.5320889428155293 0.40751411997446485 0.5274964469876948 0.40845946596210075
5 0.5105555114602588 0.7911663553437593 0.506618225261942 0.7966424788973573 0.5066823885209026 0.8003183895413146 0.5156850862718115 0.8044871652414356 0.5175223886424434 0.8107276766514075 0.5198601539592174 0.812633534074268 0.5247632702097327 0.8129805416991536 0.5313149733633489 0.8087565588400192 0.5382716546734115 0.8112306805404025 0.5422957499867926 0.810727847858041 0.543716751272926 0.8096215645948552 0.5479231404910667 0.8030592642371008 0.5481545004173848 0.7998107870541459 0.5501137077431665 0.7965321501826473 0.5547412994110863 0.7810943650423047 0.555154953242164 0.7717864201839568 0.55105159743242 0.7677484220708418 0.5397488774582435 0.7638360893266588 0.5308292145130483 0.7644243744598943 0.525122563512411 0.7675521272853576 0.516402938962799 0.7796006044262247 0.5105555114602588 0.7911663553437593
5 0.6075772541457239 0.7219885078930153 0.608550632816624 0.7282440991472591 0.613024997998659 0.7370341314789732 0.6168177333857221 0.7397797759795666 0.6211449005030829 0.7401368368339669 0.6391551973701811 0.7322521087784637 0.6465406297487242 0.7262832057720185 0.6523578627764595 0.7129876145514451 0.6516800072908379 0.7071594567582041 0.640601098624278 0.6995661867553065 0.6290745673424847 0.6993347912698381 0.6233377218670424 0.7007327037922628 0.6125494350204803 0.709789146706113 0.6083354971836386 0.7159189869881079 0.6075772541457239 0.7219885078930153
5 0.573920452752195 0.6916456731732854 0.5710180612303183 0.690398559093579 0.5619161043803634 0.6970463119022073 0.5540604035304832 0.7090797091988026 0.5538667866976715 0.7144904867605559 0.5551054940790451 0.7194436711727631 0.5571854793040469 0.7230843955134194 0.5649909870764389 0.7246785172180117 0.5721714796941184 0.7234717016596803 0.5747368306278596 0.721912851861706 0.5787986690347469 0.7235723195581427 0.5867826964025482 0.7188907435494623 0.589314078552134 0.7153858234105692 0.586313554987141 0.7085167283459869 0.5842637642369444 0.7066058443083694 0.5818656099705604 0.7012403062794317 0.5757917239069826 0.6998322549241756 0.5756935918638664 0.6942102739392997 0.573920452752195 0.6916456731732854
5 0.5671509667121727 0.6668898043417635 0.5669309297139067 0.6707869716383581 0.5684425144244551 0.6748702092842886 0.5716630749877141 0.6778421370522765 0.577755832598045 0.6803313385969315 0.591904329453839 0.682247334852623 0.5959246504578694 0.6815282721323817 0.6010666752534038 0.6790592626500723 0.6070273320364629 0.6739804128689331 0.6092782882381725 0.6709129794205569 0.6150691011004535 0.6561037779348247 0.6146565743253056 0.6489732132995473 0.6052451241085994 0.6378901030020284 0.5948251993809078 0.6350438406029728 0.5905282267383521 0.636416620051611 0.580274371622088 0.6430844793192685 0.570429268971621 0.6566666731843236 0.5671509667121727 0.6668898043417635
5 0.52264695735121 0.5102031959050441 0.5178381988344603 0.5152619392271544 0.5161896119313596 0.5198329297111748 0.5191184236186908 0.5225936540560399 0.523119873075968 0.5207934411463991 0.5337711577299774 0.5203912263625 0.5372494983850088 0.5216282872126916 0.5439672711500524 0.5269184260202702 0.5483133098141663 0.5283566370640698 0.5511779582425368 0.5274414507649776 0.5523072106527422 0.5261239640786696 0.5570102885076745 0.5150107796959238 0.5572265511965899 0.5108973823614493 0.5551503402809389 0.507472888058673 0.5504710353380402 0.5034449431750724 0.5432263794614003 0.5009758480894464 0.536023240987617 0.5008852834204987 0.5308736675733813 0.5029218328270482 0.52264695735121 0.5102031959050441