2 0.18721198156682028 0.6684688581314879 0.18922811059907835 0.6723615916955018 0.19268433179723504 0.6706314878892734 0.19671658986175117 0.6717128027681661 0.2105414746543779 0.6682525951557093 0.21745391705069123 0.6647923875432526 0.22580645161290325 0.6578719723183392 0.2278225806451613 0.6544117647058825 0.2240783410138249 0.6511678200692043 0.2220622119815668 0.6464100346020761 0.21918202764976957 0.6433823529411765 0.20938940092165897 0.6416522491349481 0.1995967741935484 0.6438148788927336 0.19268433179723504 0.6468425605536333 0.18836405529953917 0.6507352941176471 0.1863479262672811 0.654628027681661 0.18577188940092165 0.6606833910034602 0.18721198156682028 0.6684688581314879
2 0.2168778801843318 0.6448961937716263 0.22638248847926268 0.6559256055363323 0.24193548387096775 0.6548442906574394 0.24827188940092165 0.6531141868512111 0.25201612903225806 0.6513840830449827 0.25518433179723504 0.6483564013840831 0.25921658986175117 0.640787197231834 0.2557603686635945 0.6304065743944637 0.25518433179723504 0.6245674740484429 0.2502880184331797 0.6219723183391004 0.24827188940092165 0.6198096885813149 0.24769585253456222 0.6208910034602076 0.24481566820276499 0.6219723183391004 0.24107142857142855 0.6219723183391004 0.22523041474654376 0.6325692041522493 0.217741935483871 0.6405709342560554 0.21514976958525348 0.6440311418685122 0.2168778801843318 0.6448961937716263
4 0.47839861751152074 0.32547577854671284 0.4807027649769585 0.32569204152249137 0.4916474654377881 0.3174740484429066 0.4899193548387097 0.3155276816608997 0.4841589861751152 0.31314878892733566 0.47206221198156684 0.3120674740484429 0.4660138248847926 0.31250000000000006 0.46284562211981567 0.3137975778546713 0.4639976958525346 0.32006920415224915 0.47839861751152074 0.32547577854671284
4 0.4599654377880184 0.3397491349480969 0.4634216589861751 0.342560553633218 0.4801267281105991 0.3423442906574395 0.4841589861751152 0.3410467128027682 0.48502304147465436 0.3384515570934256 0.48444700460829493 0.3336937716262976 0.47897465437788017 0.3267733564013841 0.4743663594470046 0.3243944636678201 0.46687788018433185 0.3211505190311419 0.4634216589861751 0.3213667820069205 0.4599654377880184 0.3243944636678201 0.4582373271889401 0.32871972318339104 0.4582373271889401 0.33585640138408307 0.4599654377880184 0.3397491349480969
4 0.6273041474654378 0.25519031141868515 0.6399769585253456 0.2595155709342561 0.6440092165898618 0.25908304498269896 0.6532258064516129 0.25519031141868515 0.6523617511520737 0.2517301038062284 0.6466013824884793 0.2491349480968858 0.633352534562212 0.2378892733564014 0.6301843317972351 0.2387543252595156 0.6275921658986175 0.24113321799307957 0.626152073732719 0.2456747404844291 0.6258640552995393 0.25194636678200694 0.6273041474654378 0.25519031141868515
4 0.5702764976958525 0.2858996539792388 0.5878456221198156 0.28287197231833916 0.5938940092165899 0.2791955017301038 0.5947580645161291 0.2766003460207613 0.5941820276497696 0.27227508650519033 0.5924539170506913 0.2698961937716263 0.5884216589861752 0.2673010380622838 0.5849654377880185 0.2666522491349481 0.5820852534562213 0.2673010380622838 0.5745967741935484 0.27162629757785467 0.5685483870967742 0.27941176470588236 0.5679723502304148 0.2837370242214533 0.5702764976958525 0.2858996539792388
4 0.523905529953917 0.30125432525951557 0.5293778801843319 0.30471453287197237 0.5322580645161291 0.3055795847750865 0.5400345622119815 0.30514705882352944 0.5469470046082949 0.3001730103806229 0.5469470046082949 0.29282006920415227 0.5434907834101382 0.2869809688581315 0.5400345622119815 0.2846020761245675 0.5308179723502304 0.28308823529411764 0.5259216589861752 0.2837370242214533 0.5241935483870968 0.2852508650519031 0.5213133640552996 0.29195501730103807 0.521889400921659 0.29822664359861595 0.523905529953917 0.30125432525951557
4 0.5282258064516129 0.33174740484429066 0.5328341013824885 0.33650519031141873 0.5397465437788018 0.3391003460207613 0.5472350230414746 0.33499134948096887 0.5509792626728112 0.33023356401384085 0.5527073732718895 0.3228806228373703 0.5518433179723503 0.31704152249134954 0.5446428571428572 0.30990484429065746 0.5397465437788018 0.307742214532872 0.5362903225806452 0.30752595155709345 0.5296658986175116 0.3094723183391004 0.5264976958525346 0.3142301038062284 0.5256336405529953 0.3213667820069205 0.5282258064516129 0.33174740484429066
4 0.5253456221198156 0.28200692041522496 0.5288018433179723 0.28330449826989623 0.533410138248848 0.28330449826989623 0.5397465437788018 0.28481833910034604 0.5434907834101382 0.2846020761245675 0.5460829493087558 0.2796280276816609 0.5457949308755761 0.2761678200692042 0.5440668202764977 0.270544982698962 0.5397465437788018 0.2651384083044983 0.533410138248848 0.26405709342560557 0.5293778801843319 0.26470588235294124 0.5236175115207373 0.2690311418685121 0.5224654377880185 0.27292387543252594 0.5221774193548387 0.27941176470588236 0.5253456221198156 0.28200692041522496
5 0.851094470046083 0.8713235294117648 0.8542626728110599 0.8767301038062284 0.8577188940092165 0.8801903114186851 0.8623271889400922 0.8825692041522493 0.8695276497695852 0.8836505190311419 0.8810483870967742 0.8795415224913496 0.8888248847926267 0.8713235294117648 0.8928571428571429 0.8628892733564015 0.891705069124424 0.8553200692041523 0.8879608294930875 0.849264705882353 0.8798963133640554 0.8438581314878894 0.8724078341013826 0.8414792387543253 0.8660714285714286 0.8406141868512111 0.861463133640553 0.8425605536332181 0.8559907834101382 0.8466695501730104 0.851094470046083 0.8546712802768166 0.8502304147465438 0.8592128027681663 0.851094470046083 0.8713235294117648
5 0.7877304147465438 0.8605103806228375 0.7900345622119815 0.8631055363321799 0.7986751152073733 0.8667820069204153 0.8035714285714286 0.8680795847750865 0.8090437788018434 0.8669982698961938 0.8179723502304148 0.8620242214532873 0.8251728110599078 0.8538062283737025 0.8266129032258064 0.8486159169550174 0.8228686635944701 0.8432093425605537 0.8248847926267281 0.8313148788927336 0.810483870967742 0.8202854671280277 0.7966589861751152 0.8220155709342561 0.7929147465437788 0.823529411764706 0.7874423963133641 0.8289359861591696 0.7868663594470047 0.8544550173010382 0.7877304147465438 0.8605103806228375
5 0.8294930875576038 0.8146626297577855 0.8418778801843319 0.8222318339100347 0.8487903225806452 0.823529411764706 0.8557027649769585 0.8230968858131489 0.8605990783410139 0.8217993079584776 0.8695276497695852 0.8148788927335641 0.8770161290322582 0.8105536332179932 0.8775921658986177 0.8073096885813149 0.8732718894009217 0.8044982698961938 0.8695276497695852 0.7962802768166091 0.8603110599078342 0.7923875432525953 0.8508064516129032 0.7902249134948097 0.8415898617511521 0.7902249134948097 0.8338133640552996 0.7928200692041523 0.8297811059907835 0.7969290657439447 0.8269009216589861 0.8044982698961938 0.8269009216589861 0.809688581314879 0.8294930875576038 0.8146626297577855
5 0.8035714285714286 0.9325259515570934 0.8067396313364055 0.9385813148788928 0.8194124423963134 0.950475778546713 0.8245967741935484 0.953287197231834 0.8277649769585255 0.9537197231833912 0.8323732718894009 0.9465830449826991 0.8323732718894009 0.9420415224913496 0.8346774193548387 0.9357698961937716 0.8280529953917052 0.9253892733564015 0.8245967741935484 0.9214965397923877 0.8211405529953918 0.9199826989619379 0.8173963133640554 0.9199826989619379 0.8050115207373272 0.9262543252595157 0.8035714285714286 0.9284169550173011 0.8035714285714286 0.9325259515570934
5 0.7168778801843319 0.9312283737024222 0.7191820276497696 0.9333910034602078 0.7399193548387097 0.9355536332179932 0.744815668202765 0.9355536332179932 0.7456797235023042 0.9349048442906576 0.7465437788018433 0.9305795847750866 0.744815668202765 0.9154411764705882 0.7419354838709677 0.9119809688581316 0.7384792626728112 0.9098183391003462 0.7309907834101382 0.9076557093425606 0.7235023041474655 0.9070069204152249 0.7165898617511521 0.9128460207612458 0.7142857142857143 0.9176038062283738 0.7148617511520737 0.9256055363321799 0.7168778801843319 0.9312283737024222
5 0.3415898617511521 0.8187716262975779 0.3522465437788019 0.8181228373702423 0.3536866359447005 0.8187716262975779 0.35656682027649766 0.8209342560553633 0.35685483870967744 0.8233131487889274 0.3597350230414747 0.8252595155709344 0.36031105990783413 0.8280709342560554 0.3626152073732719 0.8298010380622838 0.369815668202765 0.8280709342560554 0.3724078341013825 0.8246107266435987 0.37211981566820274 0.8174740484429066 0.369815668202765 0.8131487889273357 0.36722350230414746 0.8118512110726644 0.3623271889400922 0.8114186851211074 0.35944700460829493 0.812067474048443 0.3522465437788019 0.8163927335640139 0.3424539170506912 0.8150951557093427 0.33986175115207373 0.8161764705882353 0.3392857142857143 0.8176903114186851 0.3415898617511521 0.8187716262975779
5 0.3231566820276498 0.8317474048442908 0.32430875576036866 0.8349913494809689 0.3306451612903226 0.8425605536332181 0.33150921658986177 0.8432093425605537 0.33496543778801846 0.8423442906574395 0.3487903225806452 0.8475346020761247 0.3522465437788019 0.846885813148789 0.3577188940092166 0.8397491349480969 0.3600230414746544 0.8317474048442908 0.3600230414746544 0.8276384083044983 0.35685483870967744 0.8183391003460209 0.35455069124423966 0.8166089965397925 0.3487903225806452 0.8148788927335641 0.33842165898617516 0.8137975778546714 0.32430875576036866 0.8211505190311419 0.3228686635944701 0.8246107266435987 0.3231566820276498 0.8317474048442908
5 0.29925115207373276 0.8453719723183392 0.30328341013824883 0.8494809688581315 0.307315668202765 0.8518598615916956 0.315668202764977 0.8531574394463668 0.32114055299539174 0.8522923875432526 0.3245967741935484 0.849264705882353 0.32690092165898615 0.8453719723183392 0.32747695852534564 0.8419117647058825 0.3254608294930876 0.837370242214533 0.32142857142857145 0.8336937716262977 0.31422811059907835 0.8319636678200693 0.30414746543778803 0.8315311418685122 0.29896313364055305 0.8336937716262977 0.29694700460829493 0.8371539792387545 0.29723502304147464 0.842128027681661 0.29925115207373276 0.8453719723183392
4 0.11779953917050692 0.8481833910034602 0.12039170506912442 0.8509948096885814 0.12644009216589863 0.8525086505190312 0.1336405529953917 0.8522923875432526 0.14026497695852536 0.8509948096885814 0.14400921658986177 0.849264705882353 0.14746543778801843 0.8447231833910035 0.15408986175115208 0.8278546712802768 0.15207373271889402 0.8243944636678201 0.14746543778801843 0.8217993079584776 0.1399769585253456 0.8237456747404845 0.13220046082949308 0.8243944636678201 0.12096774193548387 0.8278546712802768 0.11837557603686637 0.830233564013841 0.11491935483870967 0.8367214532871973 0.11463133640552996 0.8419117647058825 0.11779953917050692 0.8481833910034602
5 0.09130184331797235 0.8611591695501731 0.10195852534562214 0.8652681660899655 0.10627880184331798 0.8648356401384083 0.1137672811059908 0.8607266435986161 0.11808755760368664 0.8557525951557095 0.11866359447004608 0.8527249134948098 0.11491935483870967 0.8458044982698963 0.11059907834101383 0.8425605536332181 0.1065668202764977 0.8414792387543253 0.09907834101382489 0.8419117647058825 0.09447004608294932 0.8436418685121108 0.08842165898617513 0.848832179930796 0.08726958525345622 0.8518598615916956 0.0869815668202765 0.855968858131488 0.09130184331797235 0.8611591695501731
5 0.7350230414746545 0.2480536332179931 0.7393433179723503 0.25367647058823534 0.7456797235023042 0.2558391003460208 0.7551843317972351 0.2532439446366782 0.7566244239631337 0.2521626297577855 0.7597926267281105 0.2456747404844291 0.7597926267281105 0.24091695501730107 0.7560483870967742 0.23767301038062288 0.7451036866359447 0.23659169550173012 0.7404953917050692 0.23767301038062288 0.7353110599078342 0.24134948096885817 0.7341589861751152 0.24416089965397925 0.7350230414746545 0.2480536332179931
5 0.7370391705069125 0.28243944636678203 0.7390552995391706 0.28633217993079585 0.7517281105990784 0.2893598615916955 0.7554723502304148 0.2889273356401384 0.7589285714285714 0.28719723183391005 0.7684331797235023 0.2759515570934256 0.7669930875576038 0.26773356401384085 0.7623847926267281 0.2651384083044983 0.7551843317972351 0.2649221453287197 0.7534562211981567 0.2673010380622838 0.7413594470046083 0.27249134948096887 0.7390552995391706 0.2761678200692042 0.7387672811059909 0.27941176470588236 0.7370391705069125 0.28243944636678203
5 0.7148617511520737 0.29130622837370246 0.7200460829493088 0.29217128027681666 0.7278225806451613 0.29195501730103807 0.736463133640553 0.28654844290657444 0.7390552995391706 0.2757352941176471 0.7347350230414746 0.27162629757785467 0.7269585253456221 0.2711937716262976 0.720910138248848 0.27335640138408307 0.7157258064516129 0.2772491349480969 0.7128456221198156 0.2813581314878893 0.7125576036866359 0.2876297577854671 0.7148617511520737 0.29130622837370246
4 0.16820276497695855 0.36440311418685123 0.18029953917050692 0.36397058823529416 0.18865207373271892 0.3615916955017301 0.1938364055299539 0.3589965397923876 0.1972926267281106 0.35423875432525953 0.1984447004608295 0.34904844290657444 0.1975806451612903 0.3416955017301038 0.19239631336405533 0.33628892733564014 0.18692396313364057 0.33434256055363326 0.17713133640552997 0.3336937716262976 0.16676267281105991 0.33520761245674746 0.16129032258064518 0.3384515570934256 0.15754608294930877 0.34537197231833916 0.15869815668202764 0.35575259515570934 0.16820276497695855 0.36440311418685123
4 0.17511520737327188 0.48075259515570934 0.1826036866359447 0.48399653979238755 0.1995967741935484 0.4887543252595156 0.20650921658986174 0.48810553633218 0.2154377880184332 0.4772923875432526 0.21457373271889404 0.46993944636678203 0.21111751152073732 0.4647491349480969 0.20650921658986174 0.46150519031141873 0.1961405529953917 0.4576124567474049 0.18922811059907835 0.4573961937716263 0.18173963133640553 0.45891003460207613 0.17511520737327188 0.4641003460207613 0.1728110599078341 0.4671280276816609 0.17194700460829493 0.47448096885813157 0.17511520737327188 0.48075259515570934
4 0.12442396313364054 0.37608131487889274 0.12672811059907835 0.3767301038062284 0.13623271889400923 0.3734861591695502 0.14746543778801843 0.37413494809688586 0.15408986175115208 0.3782439446366782 0.16129032258064518 0.3845155709342561 0.1650345622119816 0.3819204152249135 0.16906682027649772 0.37586505190311426 0.16935483870967744 0.37240484429065746 0.1676267281105991 0.36591695501730104 0.15697004608294932 0.35596885813148793 0.1509216589861751 0.35532006920415227 0.14400921658986177 0.35748269896193774 0.1359447004608295 0.3613754325259516 0.12701612903225806 0.36310553633217996 0.12355990783410138 0.36570069204152256 0.12240783410138249 0.36786332179930803 0.12211981566820278 0.3715397923875433 0.12442396313364054 0.37608131487889274
5 0.12586405529953917 0.39922145328719727 0.13018433179723504 0.4016003460207613 0.14400921658986177 0.4041955017301039 0.1509216589861751 0.40116782006920415 0.15841013824884792 0.3957612456747405 0.1615783410138249 0.3905709342560554 0.1630184331797235 0.38343425605536335 0.1509216589861751 0.37500000000000006 0.14055299539170507 0.3730536332179931 0.1336405529953917 0.37413494809688586 0.12644009216589863 0.3767301038062284 0.12327188940092167 0.38019031141868515 0.12096774193548387 0.3868944636678201 0.12039170506912442 0.39424740484429066 0.12586405529953917 0.39922145328719727
5 0.070852534562212 0.3522923875432526 0.08150921658986175 0.35510380622837373 0.09245391705069125 0.35596885813148793 0.09850230414746544 0.35445501730103807 0.10483870967741934 0.35467128027681666 0.10973502304147467 0.351643598615917 0.11088709677419355 0.3499134948096886 0.11117511520737326 0.34493944636678203 0.10685483870967742 0.33520761245674746 0.10253456221198157 0.3313148788927336 0.09216589861751152 0.3293685121107267 0.07805299539170507 0.3304498269896194 0.06883640552995392 0.33499134948096887 0.06595622119815668 0.3399653979238755 0.06566820276497695 0.34537197231833916 0.070852534562212 0.3522923875432526
5 0.057027649769585256 0.35921280276816614 0.06394009216589862 0.36397058823529416 0.070852534562212 0.36591695501730104 0.08640552995391705 0.36786332179930803 0.09245391705069125 0.36721453287197237 0.09879032258064516 0.36461937716262977 0.10455069124423963 0.3594290657439447 0.10483870967741934 0.35532006920415227 0.10253456221198157 0.354022491349481 0.0881336405529954 0.35575259515570934 0.07574884792626728 0.35358996539792387 0.06826036866359447 0.349264705882353 0.06480414746543779 0.3429930795847751 0.06278801843317973 0.3414792387543253 0.060771889400921666 0.3410467128027682 0.05731566820276498 0.34191176470588236 0.0538594470046083 0.34666955017301043 0.0538594470046083 0.3522923875432526 0.057027649769585256 0.35921280276816614
4 0.20996543778801846 0.6399221453287198 0.21255760368663595 0.6414359861591696 0.21514976958525348 0.6414359861591696 0.2180299539170507 0.6401384083044983 0.23271889400921658 0.6260813148788927 0.23127880184331798 0.6234861591695502 0.22724654377880188 0.6213235294117647 0.217741935483871 0.6213235294117647 0.21111751152073732 0.6247837370242215 0.20881336405529954 0.6297577854671281 0.20852534562211983 0.6340830449826991 0.20996543778801846 0.6399221453287198