5 0.7268108021906816 0.4375494563207482 0.731944680427245 0.4368279367881212 0.7360423243572762 0.43494172059474473 0.7387282245563024 0.43128841720100486 0.7393273225853346 0.4272732297785261 0.7372089915512754 0.4225480105255385 0.7252270805824206 0.41593320229189923 0.7179605377548688 0.41389701186429856 0.7127062675624576 0.41376189811946756 0.7067769389310574 0.41503198754626147 0.7026348634551349 0.41867155471303324 0.7001897471678046 0.4240381246616896 0.7007171774121903 0.4298604837030111 0.7058080549779658 0.43504149204866405 0.7101622472517254 0.4370502100223284 0.7268108021906816 0.4375494563207482
5 0.6959845891578558 0.46241029972156883 0.7031436427113859 0.45747317067406684 0.7054841314749012 0.4534316350600771 0.7065777000091507 0.4467262945497863 0.705765054307178 0.4409440199269441 0.7042028206313633 0.4381061411297578 0.6994129229552073 0.4350667159777501 0.6967255918810777 0.43457084246660554 0.6880186382086623 0.4347025834241613 0.6813239571713874 0.4367354010644867 0.6783972730606657 0.4386754379033106 0.6768221367030249 0.4419542453037688 0.6746192352024935 0.45318325871222587 0.6846204024002727 0.46226032548734464 0.6891695161647332 0.46358648408443626 0.6959845891578558 0.46241029972156883
5 0.6689206743570653 0.42712237635974415 0.6771618246381222 0.4257457699044803 0.6849199762206846 0.41679345343449975 0.687230366995238 0.41253775950114535 0.6867344656149175 0.41107873568407305 0.6790608844988275 0.40407681949260904 0.6742265552767802 0.40279074531399683 0.6635531913902186 0.40341723552027203 0.6595157434381115 0.40573176835237756 0.6553149028593684 0.4130921957853049 0.6547917652402927 0.4197173674586371 0.655663176045086 0.4217787818153238 0.6577958406360744 0.42453649177555147 0.6639215216332788 0.42673301987706924 0.6689206743570653 0.42712237635974415
5 0.6411988716185263 0.443029779028159 0.6487778661424202 0.4369416895468758 0.6512831784076747 0.4320034362369486 0.6517317864918973 0.4269174572176473 0.6493583379892132 0.42244648070250346 0.6443878523792854 0.4181221056343086 0.6408749729213573 0.41796064369796637 0.6360865061203046 0.41907039545084324 0.6275157088357696 0.42224043729798166 0.6251594556402214 0.424100305299847 0.6225953782721465 0.43275941887592956 0.6222370641548098 0.4384878728533244 0.6234538863951138 0.4409375194302608 0.6273881376985092 0.4440971978377064 0.6307060956657364 0.4449412191506215 0.6411988716185263 0.443029779028159
5 0.5374005021142528 0.4722497056813958 0.5406267352394908 0.4683020751313327 0.5403701868957624 0.4644071409642919 0.5369160725406548 0.4605248187617942 0.5311501365358904 0.45674901358776615 0.5269163362179788 0.4555969288915599 0.5232386332583117 0.4563321846511551 0.5190807933503565 0.45779008420580247 0.5137677580551248 0.46137583072712696 0.5098822309229306 0.4689103320609395 0.5107694061597565 0.47315341402975075 0.5202302404313242 0.4825248079611927 0.5256178052614091 0.47739986878583734 0.5374005021142528 0.4722497056813958
5 0.4628231112962024 0.47967343801490553 0.4668146968273151 0.474963079251311 0.4700824997482374 0.4609637439180834 0.46847440365142806 0.45573003918940813 0.46488556378354334 0.45295859300221225 0.45985631307079516 0.45235507820017284 0.4590608626759584 0.4529036480943397 0.45733523637350804 0.45511166389797547 0.45619723629336734 0.4635703553816617 0.45354143408330316 0.46743781709476623 0.4483788887328811 0.47209435521291343 0.44180459965145413 0.4749838061306968 0.4445220287145455 0.4756938379612059 0.4463694778479471 0.478491632339913 0.4537420790744175 0.48335196533773167 0.4574799780120086 0.48304502621686546 0.4628231112962024 0.47967343801490553
5 0.44545220462215934 0.4740343920517372 0.44881459413527763 0.47312506239125673 0.452821944098423 0.47059637123978676 0.45699268668820386 0.46302178548749484 0.4579959612555675 0.4556739700191105 0.4566573161843124 0.4482185132598313 0.4523475554564443 0.44445644431277137 0.4480535591606086 0.4428760429778361 0.4341080997278146 0.44505433780268555 0.4312717095839787 0.4476368495996028 0.4298470631711477 0.45198644859688375 0.42909890607240914 0.4590800213274243 0.429986081309235 0.4633231032962356 0.4340865869894729 0.46973524091262836 0.4382759557614932 0.47264067658223013 0.44545220462215934 0.4740343920517372
5 0.4561255933146164 0.4299486235038562 0.45948798282773484 0.4290392938433757 0.4654459785729935 0.42383418583106164 0.4669007229747864 0.4196987451531453 0.4659834497489985 0.4152415048649695 0.46430082411733603 0.41154699279032514 0.4605313963156796 0.4074905966869421 0.45132854126294353 0.40616331382742554 0.4432823124725876 0.40685736090611646 0.4420067251294631 0.4081285745953355 0.44354029169141923 0.41490147197804184 0.4479116792723147 0.42324103446871525 0.4528678313253132 0.42953291882967015 0.4561255933146164 0.4299486235038562
5 0.28077250976441814 0.5253507065710165 0.28356446836236276 0.5245215457474945 0.2882769747534589 0.5208018097437641 0.2918328548821749 0.5150607438018262 0.2929708549623156 0.50660205231814 0.29131832731961504 0.5031216985628602 0.28781978141861614 0.500992727333758 0.28187468835518337 0.5000811491484274 0.2768010060965439 0.5012309853197835 0.27382845956482743 0.5007751962271182 0.2672842684723623 0.5038788054642662 0.2660688771071617 0.5055783357922143 0.26470442667225474 0.5103562514282244 0.2657564254108197 0.5137026157010982 0.2686401088507536 0.5176651067405544 0.27553257312893614 0.5232480835334254 0.28077250976441814 0.5253507065710165
5 0.2789236545618087 0.4749444569458191 0.28075533926317764 0.4755605837124016 0.2875689813811969 0.4702352224446498 0.2902548815802231 0.46658191905090984 0.2913040185685813 0.4616299295140145 0.29044694132071736 0.45760100586456787 0.28733823840112055 0.45410691588231983 0.2801763230973837 0.4507456911200528 0.274231230033951 0.4498341129347222 0.26798658795600205 0.4509301284606309 0.2635736305794221 0.452642270753122 0.2617878082990477 0.4544219699180288 0.2596436719013367 0.46193012306033027 0.2600206122009128 0.46668169050482905 0.26227366874774904 0.47029603374251483 0.2693911525055946 0.47541060947817737 0.2789236545618087 0.4749444569458191
5 0.38697023235860994 0.31453127067121167 0.39189342467243965 0.31231064290303295 0.39475991280523753 0.30994228942548013 0.40004141923640396 0.30199320767990656 0.4003553018078495 0.2980181046759073 0.39271181868072136 0.29123034680380777 0.38769690152490244 0.2886593227090084 0.38047622111834517 0.28901895821289675 0.37600306776384124 0.2903027838666589 0.36758276042411603 0.29454361731062 0.3646718407454269 0.29866532176156835 0.36372733128088386 0.3022922769637972 0.365065976352139 0.3097477337230763 0.37077171637897954 0.31309522225837527 0.38104090372720983 0.3158013600980057 0.38697023235860994 0.31453127067121167
3 0.3278674756864173 0.48793918821434756 0.3383760160712398 0.4882094157040096 0.34262414994608076 0.4873939911074558 0.3469167153668129 0.4848252155375066 0.35149163449492515 0.473918001739309 0.3506202236901319 0.47185658738262226 0.3453645226226173 0.4675722967329066 0.3440273084264655 0.46426601687851204 0.3342970231293437 0.457116374977674 0.3305734577486818 0.45545580480578013 0.3273457937483405 0.45525425845095857 0.31368554977313334 0.4573924688573287 0.30774188758480386 0.4606300675768827 0.3062412807620164 0.4623696823233101 0.3051018498067724 0.46667919690211174 0.30580986798492993 0.47378650585962034 0.3089042373475975 0.47924810513462834 0.3162625050171386 0.4860759474252071 0.3278674756864173 0.48793918821434756
3 0.24418467815803369 0.5154239971708572 0.24939308592945028 0.5131632849841992 0.25255912307676426 0.5087873377954071 0.2595676866854846 0.5027794171510822 0.2606927840837993 0.5004374118650405 0.25967088333419636 0.49730520591153127 0.25306220363849724 0.48753296779529653 0.2462156017813093 0.4843458169339148 0.24001539124925161 0.48368848148642785 0.2296430072523096 0.48645655488634854 0.22643110768400096 0.48843667614365166 0.22319197187693715 0.4985009928913593 0.22371940212132296 0.5043233519326809 0.23187455106080415 0.5147518012339771 0.23936611336801902 0.5163195906043694 0.24418467815803369 0.5154239971708572
2 0.3112747992941792 0.5188800061816088 0.31358375919362935 0.5104751353433699 0.3118538402658687 0.5002356204323519 0.30739215871808745 0.4912535829835849 0.30354820138157784 0.4887363795342329 0.29671736395642256 0.48773089628497557 0.28613429403674684 0.4889998614493445 0.28340253141672606 0.4902573389115954 0.2837493737273402 0.49479474803672974 0.28265437431798734 0.49735091164213585 0.28441152948450316 0.49950623106274933 0.2883601143448279 0.5006984001774349 0.2917841307109736 0.5043665640605681 0.29261110996987555 0.5081813293906503 0.2919073844170281 0.5135215511477953 0.29324459861318 0.5168278310021899 0.297809476809673 0.520335657211406 0.3082578212165716 0.520177568062339 0.3112747992941792 0.5188800061816088