2 0.6185901600541521 0.9745835497179893 0.607197200353024 0.9707233820361578 0.5971377909864162 0.9699393101251583 0.5928050513464126 0.970220797118207 0.5861016406442607 0.9723670516323362 0.5804741271725373 0.9767148252820703 0.5781178148927952 1 0.621892778522464 1 0.6247587396143401 0.9960056514318651 0.6259920945362296 0.9854453760503127 0.6247264714227999 0.9804240991715281 0.6185901600541521 0.9745835497179893
3 0.7363353855465133 0.9369311076511636 0.741326833305892 0.9342922804784466 0.7425989647305818 0.9308743875244119 0.7428027463938534 0.9250388442005548 0.7412870176453414 0.9189268594523267 0.7391125807774546 0.9151722148837667 0.7329989118158371 0.908683271727577 0.7242946560330299 0.9021038632861567 0.716833380956622 0.9011941254261716 0.7099025070264184 0.9016012783682059 0.6999120640386511 0.9070950639478566 0.6951480795073242 0.9114729926926678 0.6943761593527983 0.9170723013855901 0.6953690344241161 0.9216512640975818 0.6978237668031251 0.9256320915987178 0.7023084949810798 0.929251018519933 0.7293743217402695 0.9382027855300658 0.7363353855465133 0.9369311076511636
5 0.5732849429478266 0.43158167297316397 0.5771325662556863 0.4286865077727941 0.5834489777228252 0.4211168690065238 0.5820540084784743 0.4115467845108247 0.5745086720852058 0.4047914516286234 0.5651230657759931 0.40121777706952183 0.5584498449498816 0.402499506646783 0.5539812508676969 0.4066713558557365 0.5527393093190474 0.4092247238729036 0.5533386768440921 0.4168194721655733 0.5601800203039252 0.4272289326327445 0.5632330810502288 0.43058146982794765 0.566354069017623 0.4319888259151984 0.5732849429478266 0.43158167297316397
5 0.6079166701918146 0.43019430196564257 0.6081290384818463 0.4323656660061709 0.6113556910153812 0.4307471848143846 0.6150674598810599 0.43174238182991953 0.6157412629384551 0.4289527791818174 0.6143926176659147 0.4263089458794192 0.6132467148988957 0.4096065306545613 0.6149727336219389 0.4014438022461129 0.6138817414534906 0.3996745455789414 0.6093215385854351 0.3982169309998956 0.6035344891067503 0.398880421969583 0.5982099135531793 0.40280598484924246 0.5886205255806951 0.4050678536139981 0.5865527924366991 0.40651041036500357 0.5829477272949113 0.41071241466903396 0.5837368207029574 0.4211269207048828 0.5943794634988399 0.4217149647783834 0.5980912323645186 0.4227101617939183 0.6051589998946534 0.4266356852345816 0.6079166701918146 0.43019430196564257
5 0.6012832650262535 0.44684145256902397 0.604206979641636 0.4456451821473125 0.6101751683765623 0.43979454155641867 0.6103034753497332 0.43612031057473094 0.604863609445511 0.42684176477043934 0.6018180961682175 0.42327309634101934 0.598409265220691 0.42185568855540956 0.5846305395193944 0.4202925508630921 0.5807904636805447 0.42297158482924513 0.5768673656825843 0.4280280623717843 0.5753149387467723 0.43121977239324316 0.5760426132449881 0.43514028970422497 0.5803839395117516 0.44286571007556186 0.5865957255704999 0.4465449471869311 0.5943372961580298 0.44768086797949225 0.6012832650262535 0.44684145256902397
5 0.6394435435641788 0.43519035100103903 0.6415188241771848 0.4335316630158167 0.6419349741304881 0.4298674837324878 0.636510203164286 0.4201566754597625 0.6347745586567324 0.4120894579052229 0.6325774793818154 0.4089832070393138 0.6329860818661085 0.40553515899020176 0.627887930382839 0.4029767848433533 0.6267893907453805 0.4014236594103987 0.624918411374521 0.40135832337106503 0.6199641813813176 0.3988049750733961 0.6167601712548128 0.3997750625625316 0.6155559670512136 0.4012477744086141 0.6129362295117333 0.41024487265885307 0.6139527861478313 0.4223984802667964 0.6173173714390475 0.4333357140563102 0.6189991445057805 0.434692811651766 0.6316264982865484 0.43621574255064716 0.6394435435641788 0.43519035100103903
5 0.6389152207334747 0.4503195373962243 0.6393087282797478 0.4473037518155463 0.6352476975241063 0.43980451437678536 0.6287405210162159 0.43633135680127405 0.6215595414509303 0.4356478018738648 0.6186584692425778 0.4361956785929254 0.6151288787908905 0.43823637055478654 0.6112510656069906 0.4419960606920242 0.608206591487447 0.44665043086120654 0.6088814337025924 0.452083866811707 0.611025680694439 0.45670303631713455 0.6218278594972826 0.460975363070682 0.6278876570180796 0.46075418626778736 0.6389152207334747 0.4503195373962243
5 0.7813261778398275 0.49034859482051596 0.7775152527192679 0.4839400652511987 0.7733108200524353 0.48054732126255956 0.7696216935937866 0.47890373054437385 0.7632891480308777 0.47868259318047557 0.7588658387627535 0.4815576549841273 0.7549502882338033 0.4863980012924496 0.7538376928160747 0.49350017692653136 0.7549135900465032 0.49570169606213665 0.7654052834621843 0.5006123648199758 0.7773200576827565 0.4977825159394415 0.780622184906392 0.4940027224054858 0.7813261778398275 0.49034859482051596
5 0.7678199268158834 0.5470051727194256 0.7699253973049296 0.5444819597973355 0.7746365495531862 0.5416169496920428 0.777848107148701 0.5404307309686902 0.7852565499420383 0.542853387468194 0.7859605428754738 0.5391992598832241 0.7826724714321083 0.5343237523501435 0.7819674393409227 0.5297548413365109 0.7820871596873336 0.5180737029904374 0.7804884087797113 0.5143391618185955 0.776586914031031 0.5105242070598813 0.7685725954013888 0.5089459721005274 0.7621796700863994 0.5104538846103646 0.7524846175477744 0.5157415906541571 0.749712891470343 0.5208382749901326 0.7496535508760126 0.5307903634624703 0.7528510526912575 0.5382594458061544 0.7537609056034645 0.5452158520945322 0.7570942618608905 0.5487945722223112 0.7637221978729417 0.5488096300503518 0.7678199268158834 0.5470051727194256
5 0.7210740736838114 0.5321726889013142 0.7263307220162921 0.5301923071296072 0.7296102068328975 0.5270609072983022 0.7288211134248513 0.5166464012624534 0.7233435101755787 0.5084485116292468 0.7196317413099 0.5074533146137117 0.7132539109329308 0.508528964655115 0.7073687443571153 0.5120021616696225 0.7046272081557241 0.5162343210687301 0.7045603200923837 0.5264025407752849 0.7072047783543942 0.5332031260196001 0.7091517519942292 0.5352186690160654 0.7122802874306335 0.5364098938690993 0.7157494981302402 0.5360982517809737 0.7210740736838114 0.5321726889013142
5 0.9153449504378042 0.41582813754882963 0.9203439456661927 0.41297317914189585 0.9229033034535925 0.4057051307653922 0.92259177890868 0.39812043417108167 0.919371634686405 0.39129974553004854 0.9156976031657766 0.3892238923434289 0.908258970496399 0.3876657607807929 0.8981165389706804 0.3892591324461798 0.888739519288228 0.3936923652514638 0.8857176875757146 0.3976983417179954 0.8861208209064978 0.41091250210030533 0.8895835232948446 0.41904002984499894 0.8935755876716456 0.42026140979310994 0.9039454824254157 0.42040713969981747 0.9074977152841335 0.41771805403530565 0.9153449504378042 0.41582813754882963
5 0.8914875638008791 0.38102103601953696 0.8936458665729958 0.3769849044579283 0.8937968159531969 0.37266227977358973 0.8924708130876867 0.3693700527685405 0.8882814753588744 0.36554504631146756 0.8814336235877811 0.36357475567711567 0.8761996176623306 0.36490674374617194 0.8706098415356575 0.3681738612248216 0.8664441853716252 0.3719234996637001 0.863680006763204 0.3768040527654584 0.8643699439163692 0.38180522624752494 0.869740843441751 0.3848059145611664 0.872596630836043 0.38555482524740725 0.8801031907265111 0.38516777570209093 0.8888290497585987 0.3828757518422582 0.8914875638008791 0.38102103601953696
5 0.8699477425782727 0.4036394870331166 0.8712123265339523 0.40043772531329863 0.8716511188942857 0.396125152327319 0.8703628533738257 0.39175226915118533 0.8599315397102248 0.3851125505196106 0.8567803618667906 0.38456971936922757 0.8524551696957969 0.38463507512805933 0.8483574407528552 0.38643953245898544 0.846502075898891 0.3900534532505192 0.8453678772318824 0.40602706118585424 0.848420937978186 0.4093795983810574 0.8527008453351191 0.4106110300275273 0.8622675909005734 0.40899755496542234 0.8657820864142405 0.40738912547199513 0.8699477425782727 0.4036394870331166
5 0.8962390241379172 0.5172992883878349 0.8989050856492078 0.5152284413308967 0.899593983644623 0.5120065762143609 0.9028583735232084 0.5093074388514899 0.9047212858461826 0.5054773868257392 0.9043946663632502 0.49832495269986243 0.9013340581479362 0.49518854673887613 0.8918805246176333 0.493560053287727 0.8808972065585481 0.49447487615538604 0.8743457843943476 0.5005215445837787 0.8730736529696577 0.5039394375378136 0.8737937799988634 0.5080760860830124 0.8784984239358599 0.513650245810539 0.883278542562957 0.5170630931958963 0.89013394180306 0.5188172525960311 0.8962390241379172 0.5172992883878349
0 0.3667055110622294 0.611549260211295 0.36435644324936106 0.604542595431122 0.3593488613942123 0.5993906464736702 0.35621277848879795 0.5984155528548534 0.3484561129632479 0.597711894530726 0.3458428837350277 0.5982698229481457 0.3370113601367994 0.6035876840870155 0.33660275765250625 0.6070357321361274 0.33992856644092206 0.6108305834981234 0.34039858783504573 0.6138765241738786 0.3480722312014851 0.6169576260743922 0.3512460514519497 0.6168520635221243 0.3667055110622294 0.611549260211295
0 0.31048348199282405 0.5957366766446852 0.31033800176613274 0.583397092897602 0.3087015135134601 0.5807432078968449 0.3028304027179146 0.575561103844316 0.29798235686972707 0.5740934375669112 0.2933391318425611 0.5750132665642516 0.28821937711001155 0.5813263247186564 0.2869623406233418 0.5843119552042573 0.2876673727145273 0.5888808662178899 0.29156131999419754 0.5929119522108209 0.2932657354679607 0.5936206561036258 0.30248425830120207 0.5937261792168973 0.31048348199282405 0.5957366766446852
0 0.3499385343624692 0.5800192884200147 0.35035468431577244 0.5763551091366858 0.3455670182196654 0.5731583929855455 0.3357275246120992 0.5743295538808575 0.3304104965275381 0.5780389855263001 0.3296687662490524 0.5827737692823545 0.3307597584175008 0.584543025949526 0.3321612359731117 0.5856739406124059 0.34047849252090606 0.5868299648016849 0.34749238861022036 0.5840453682832643 0.3499385343624692 0.5800192884200147
0 0.38694951929536575 0.5847740572557986 0.385956644224048 0.5801950945438069 0.38428241862632506 0.5786218657141343 0.3811463357209108 0.5776467720953175 0.37336702778833053 0.5775915074738409 0.3701554701928157 0.5787777261971934 0.3662776570089158 0.5825374163344309 0.3655736640754803 0.5861915439194008 0.36636926579478646 0.5881668801224302 0.3694751588241606 0.5900064986781148 0.3757775145110293 0.5910921609788808 0.38363984460272016 0.5887699820239711 0.38694951929536575 0.5847740572557986
0 0.5227697853064862 0.49992955923349447 0.5263748504482741 0.4957275549294641 0.5265107048904552 0.4918371927135592 0.5240333301044159 0.48850475891507417 0.5175487960035557 0.48438320763691206 0.5127158450933883 0.4824832788910733 0.49964215148327706 0.4854890522123886 0.4946356087858783 0.48856014185353924 0.49340876217524887 0.4906812474022725 0.49437899483953646 0.495908603816915 0.5023102913100679 0.49986428235265523 0.5048178559721473 0.5023321912142726 0.5189297094676365 0.5026085931996475 0.5227697853064862 0.49992955923349447
5 0.7689231155125735 0.7052282939942606 0.7733237823736674 0.7030016258932595 0.7772166904955876 0.6988096732875881 0.7794429204887947 0.6928283606180271 0.7843125695862623 0.6854245945941788 0.7823354060703871 0.6842735765345809 0.7793804624212142 0.6781113332945576 0.7768276129450743 0.6769402118382419 0.7679195754989954 0.6761963467206785 0.7610113439758219 0.6759551059600621 0.74915694950733 0.677055904966861 0.7441805966859716 0.679262469671144 0.7414315130155704 0.6837107603044685 0.7402962751908116 0.6914613296412011 0.7429256385148021 0.69869417735395 0.7488344866553979 0.702795625235394 0.7619846941133597 0.705851578170512 0.7651962517088745 0.7046653594471595 0.7689231155125735 0.7052282939942606