2 0.6276820704040673 0.39236625097000555 0.6136456915986785 0.38992853664246147 0.606722365137485 0.39011955835027895 0.6026170887255333 0.392140146915422 0.5916035807904081 0.3939194947199488 0.5752730447707217 0.399408274169918 0.5634272369289901 0.4085159805411024 0.5553611251740278 0.4166737028198694 0.5560445540159331 0.43011404613475523 0.5581133263176793 0.4368945279823523 0.5621290722592605 0.4456905528264148 0.5657200816207781 0.4501438495894206 0.5696593137145087 0.45287814817705013 0.5907020411402015 0.45274739722039054 0.6010633492672118 0.44488621976271264 0.6118871313193355 0.4402871142150067 0.6242784352452913 0.4320640361774081 0.6300116132831556 0.42469042524863665 0.6313441244599259 0.41954348242086636 0.6374708100440631 0.4091540859114171 0.637977529625487 0.402896331817485 0.6350376809143343 0.3963018261090278 0.6322347258031126 0.3940399967832683 0.6276820704040673 0.39236625097000555
3 0.4650271050645781 0.3791123965012103 0.4577998015274821 0.3715025903805002 0.4367021635032187 0.35670018277947346 0.430157249650278 0.3543076813750468 0.4232490181271046 0.35406644061443043 0.41539423550442384 0.35617248833512327 0.4112361268094017 0.3597059955397849 0.40881262346418284 0.36308368170038363 0.40810863053074753 0.3667378092853535 0.41115622212354125 0.38675255491197846 0.41607323435056937 0.39449807868003345 0.42167159710400276 0.39923786856576926 0.4284978456258157 0.41007959150137435 0.4318387493522516 0.4134421803949365 0.4429438660732476 0.41729229637840903 0.4558741577721677 0.4183930165072155 0.45791170104012335 0.4178149846930778 0.4666903923552813 0.4140100421937266 0.4679474288419511 0.41102441170812554 0.4702426252139989 0.4113209565292147 0.4717195774597103 0.410290558849925 0.4711816288444962 0.4091897992821224 0.47600599312790337 0.40308282066357554 0.4780510838648692 0.40228865761522103 0.4791410368755676 0.39583487568379 0.4751101959959663 0.38747111330816136 0.47125398606134644 0.3823593711441457 0.4650271050645781 0.3791123965012103
3 0.451755864737696 0.43729194473799743 0.44642270255736466 0.4332106002532713 0.44159729911620726 0.4310945402732157 0.4347494473451142 0.4291242496388639 0.4275307304347784 0.4295213508825393 0.4145863829555883 0.4370759318207691 0.410270816569105 0.45337123354258874 0.4142035403515756 0.46454470196303754 0.42280213156824226 0.4741499476834951 0.4298548041603569 0.4785077335925922 0.4368470970003909 0.48459456937542483 0.44055886586606974 0.48558976639095974 0.4501256114315238 0.4839762913288547 0.47299247467739064 0.4728731059189267 0.4745599965512228 0.46924913342903396 0.4686802991289172 0.4560601220121197 0.4656498807896436 0.4520591911142657 0.4611425102046588 0.44908865789570135 0.451755864737696 0.43729194473799743
4 0.5413455838249285 0.3393641161680355 0.5353612609942322 0.33742398062876067 0.5249158915503613 0.3394395630642224 0.5175764151358646 0.3432947640553688 0.5077993795958791 0.35918295227415026 0.5021276204678452 0.3730505519277886 0.5025070722338483 0.3786900674141468 0.5146719520895024 0.3769509264030561 0.5212923406325436 0.3771821154653135 0.5275871488504024 0.37848390900029655 0.5360714888741681 0.3831080846354055 0.5408138701562148 0.38760158819184753 0.5439575005306392 0.38836055057644747 0.5489640432280379 0.38528946093529676 0.5535458493453733 0.37787564321308936 0.5536720780030441 0.3577553350341966 0.5499743649176354 0.34810483695162525 0.5466787460052599 0.34344546065276155 0.5413455838249285 0.3393641161680355
4 0.5318444138003053 0.3803637343494171 0.5270114628901379 0.37846380560357845 0.5201485161810248 0.37692577743766054 0.5126570512285767 0.376880564514543 0.5048173635439162 0.378554349766802 0.49945505064529466 0.38356056881754613 0.49242709877571034 0.3950004664030031 0.4854897165342468 0.403846789177857 0.48633918969437345 0.41253224533997024 0.4890213853014343 0.41825217441320073 0.4975671442350305 0.4293703387731768 0.5055890103336826 0.430732442498314 0.5148150806359341 0.43062183437736845 0.522692505665645 0.42786739295402487 0.5305246458812956 0.42640973893598283 0.5399695927848387 0.4200313250227464 0.5436501326167271 0.4136680083765466 0.5443228965163722 0.402655367129842 0.5413291763643988 0.38935074146230103 0.536056393936148 0.38354034710383944 0.5318444138003053 0.3803637343494171
5 0.4790223556869068 0.4157390526284658 0.4729550106970999 0.41617636066557734 0.4685467963669958 0.41861916000079524 0.4621926475548067 0.42726945493815016 0.4613528001791902 0.4348139447390248 0.46552808212773267 0.44729425226313413 0.4727025533817583 0.45641697702336287 0.4792323722966788 0.4592417408962233 0.48239109760912335 0.4595684408123895 0.49460126227883777 0.45653251239599724 0.5010621148149179 0.4530794187782076 0.5046822748947257 0.4484451520057434 0.5049388888410677 0.4410966900423676 0.5014158067006405 0.43469821217140936 0.489256395998496 0.41977514475107824 0.4790223556869068 0.4157390526284658
5 0.5723091868287413 0.6823491692862821 0.5674158561664935 0.6821782904141789 0.563348317099592 0.6831182228082373 0.5595082412607423 0.6857972567743902 0.552616143833339 0.6933467921439423 0.5472699650304877 0.7061437873248552 0.542771181072263 0.7111801614706763 0.5428024101060533 0.7185386751324111 0.5465368213787622 0.7188854784452952 0.5536423262539472 0.7217303457148736 0.5556043948318024 0.7233136262429054 0.5566651971242107 0.7259474078469446 0.5727466666665653 0.727590959126134 0.5756628338129378 0.7266108199386396 0.5814865814789226 0.7166436341992651 0.581417615100082 0.7103657767086149 0.5821442504405476 0.7060632554209944 0.5852566517811817 0.6994637041438596 0.5848092727940882 0.6957693697654538 0.5829528687823738 0.691160251958385 0.5771496852079189 0.6840329667979039 0.5723091868287413 0.6823491692862821
5 0.5568775654142424 0.728118771887473 0.5496739434419264 0.7280836106627145 0.5429403428637344 0.7310943901137111 0.5351469791508843 0.7396944265592709 0.53201948287223 0.7467262403048396 0.5302104419900762 0.7572664122896743 0.5320819409398108 0.761443267628309 0.5411117770478007 0.766952071597004 0.548270114206056 0.7682840202270639 0.5652367159380873 0.7610862943000771 0.5667740479358792 0.7583268467470522 0.567029622724471 0.742755346185074 0.5653543579689979 0.732959078756799 0.5611574727711754 0.7293502035339429 0.5568775654142424 0.728118771887473
5 0.6189524928679228 0.7248766061792379 0.6154983771063361 0.7247559857989296 0.6119838815926688 0.726364415292357 0.6001833585649975 0.7341753342582399 0.5929505858743916 0.7432277365689516 0.5869758888282056 0.7575175469926648 0.5915824156680713 0.7659014127650114 0.5969004829103826 0.7704150197181714 0.6074751984851744 0.7729482448996242 0.6164738055593739 0.7710985352065844 0.6245183140650562 0.7718122452290707 0.6259877188417576 0.770997978783998 0.6284338645940066 0.7669718989207486 0.6324530013735974 0.7426596381361842 0.6318385389105325 0.7354971523119485 0.627754865747861 0.7286463085758383 0.6226793566716216 0.725439540726339 0.6189524928679228 0.7248766061792379
5 0.6533135503852989 0.7394929982021287 0.6423226848572038 0.7406239523040046 0.6341876067234009 0.7425038170921214 0.6308930269687754 0.7460674793918601 0.6307959490293946 0.7571002240352827 0.6329401960212414 0.7617193935407103 0.6371370812190639 0.7653282687635665 0.6419700321292312 0.7672281975094053 0.6527107920222444 0.7650065355380855 0.6639356290896512 0.7571755131754848 0.6679040119016719 0.750822248227644 0.6677671183017407 0.7464895718449464 0.6636004229799586 0.7420161716852224 0.6570479616580077 0.7398398015150127 0.6533135503852989 0.7394929982021287
5 0.6545260678508987 0.8038045951448657 0.651322057724394 0.8047746826340012 0.6463155150269952 0.807845772275152 0.6391657644955001 0.8145207310094774 0.637333042048566 0.8174862580983604 0.6334929662097162 0.8201652920645135 0.6247671071776286 0.8224573159243459 0.6232297751798368 0.825216763477371 0.6230033511095351 0.8317007005038791 0.6243519963820756 0.8343445338062772 0.6325107560806588 0.8400393139141119 0.6359497769042253 0.840592196762854 0.6388885864576281 0.8389636638727088 0.6466905367972384 0.8383705347915346 0.6557419761545086 0.835007906458976 0.6649292699539595 0.827754915910513 0.6685796199098079 0.8222561242011809 0.6720553389206746 0.8135053122802358 0.6718958029137132 0.809821029600189 0.6696685337627561 0.8075793036711474 0.6642900867683645 0.8047947465917229 0.6545260678508987 0.8038045951448657
5 0.5113332914407506 0.8109223018749425 0.5042967529444062 0.8143552920960136 0.4975641915239642 0.8255891101456129 0.4927473747095668 0.8314799575299429 0.4920735716521717 0.8342695601780449 0.4929532346883385 0.8420904914032905 0.4967792547469183 0.8480667585041738 0.5105126956341546 0.8509266836017929 0.5230408931600415 0.847036281946892 0.5269187063439414 0.8432765918096543 0.5281908377686314 0.8398586988556194 0.5289929477991975 0.8333948652258296 0.5308634075911819 0.8293486819658618 0.5308397260264017 0.8217740370699103 0.5270816331889125 0.8138525888610744 0.5226119999489778 0.8098013994714254 0.5113332914407506 0.8109223018749425
5 0.4315474069315341 0.9252057029178818 0.42332175916961046 0.929679142516602 0.41590784722276314 0.9439186944485201 0.417832178455568 0.9465826311476363 0.4164770248717676 0.9523779676780574 0.41963678934196214 0.9609277061928261 0.42272003996430596 0.9634157184511615 0.4411193482857385 0.964707420848789 0.4428841435115822 0.9636870748678585 0.4470875370206646 0.9588567802578953 0.4486777013015268 0.9545844140653518 0.44934187857441177 0.9355648654542618 0.4481517301510826 0.9283822762333077 0.4454091547919413 0.9243913970338129 0.4315474069315341 0.9252057029178818
5 0.46971080294270956 0.9382237171457042 0.4685971683672309 0.9371028541811836 0.4654535379928066 0.9363438917965837 0.46278747648151597 0.9384147388535217 0.4600232978730946 0.9432952919552801 0.45292637962466975 0.948457332050087 0.4502074858303088 0.9520410977465437 0.4465657225012206 0.9655467968202613 0.44644496299705977 0.9690048965677323 0.44830891447778426 0.9733978831405838 0.4508164791398636 0.9758657920022014 0.45735384552379416 0.9784744246408448 0.46569374447861883 0.9789820551274733 0.4743818661656561 0.9777706874387253 0.4790552810688622 0.9759863335045171 0.48144859453804073 0.973473172280786 0.48051609921880345 0.9671651596950589 0.47419006196715435 0.9585048524983414 0.4730753882339257 0.949160950935218 0.46971080294270956 0.9382237171457042
5 0.41827031455464664 0.9670472395745724 0.4199321797911044 0.9607216266569679 0.41863636680163435 0.9565648747150514 0.4155757585863206 0.9534284687540648 0.41587010987771283 0.9449993506196044 0.4139155887688678 0.943199938857356 0.40985559717097636 0.9439237400171976 0.40518218226777014 0.9457080939514058 0.4022131828383272 0.9482011517784187 0.3988657708006313 0.953277732717676 0.39630641301323155 0.9605457810941797 0.39538458263625464 0.9786907530700428 0.3966426582806744 0.9839281611830444 0.3993776861708056 0.9881351716167563 0.4016049553217629 0.9903768975457975 0.40814986917470353 0.9927693989502243 0.4156262391891314 0.9932468743417757 0.4220116170351108 0.9919550930661554 0.424101992586137 0.9898641426124992 0.4263282225793442 0.9838828299429384 0.4269028693818586 0.9756798947410539 0.4247133375759516 0.9723575126409276 0.42072127319915065 0.971136132692817 0.41827031455464664 0.9670472395745724
5 0.4830699878526933 0.9765593197499772 0.46476228831713157 0.9808970811403487 0.4571123265154724 0.9853906241357867 0.45349971390467453 0.9898087596740343 0.4508950713032145 0.9983735954558395 0.49349583236278416 0.9998612468129737 0.4962061395303851 0.9882705737521313 0.49605415099243383 0.9843701598378676 0.4924933315069563 0.9790523381379941 0.4888042050483077 0.9774087474198083 0.4830699878526933 0.9765593197499772
5 0.37890752723212695 0.9636169101743267 0.37098377823060563 0.9594451004043693 0.36038642024878353 0.9575602689255673 0.3536905570156417 0.9594903922054794 0.34985802864580207 0.9619532949374152 0.346745627305168 0.9685528462145498 0.3468900683741092 0.9726693913630307 0.35171651097301665 0.9830084899416889 0.3553312018993147 0.9950364316006464 0.39044804547544654 0.9962627388004464 0.3929772133868061 0.9898592153608103 0.3932187323951279 0.9829430158658685 0.392453320551862 0.9801031547259711 0.3836650034521939 0.9676781512623347 0.37890752723212695 0.9636169101743267