5 0.6114480126707246 0.40576372469395333 0.6188304717423183 0.40518132157442716 0.6238894956594268 0.40269821143150314 0.6274108398011861 0.3988767631330875 0.6306062377398074 0.3897486807243141 0.6301926231728341 0.38683670723994 0.6215016584344728 0.3791103907457018 0.619009068365368 0.3782776858206983 0.6153924130878872 0.37901861622457717 0.6103672201537027 0.38128812594782246 0.6015023796465069 0.387547628379646 0.5999523362450568 0.39365192853130104 0.6015991517410636 0.39982464394827655 0.6078513637912313 0.40453719531120613 0.6114480126707246 0.40576372469395333
5 0.5940817067154823 0.36075413889656927 0.6052638005641131 0.360116662641717 0.6108917693778777 0.3577236645178253 0.6142439586050175 0.35497021831780406 0.6160646498698588 0.3471571148087179 0.6152235961509758 0.33957930847302265 0.612046743651506 0.33754343342107623 0.6063911256678681 0.33642871281107334 0.599848259356322 0.33539242459220087 0.5931024071472322 0.3356377388914017 0.5828628599662566 0.34321222022291253 0.5806962161002898 0.3476861494082669 0.5803378998730633 0.3517896133916819 0.583291760077002 0.3570745507483277 0.5872881989385321 0.35945919424850165 0.5940817067154823 0.36075413889656927
5 0.5548630606833445 0.34140499233598814 0.5617442368241299 0.34030527635807184 0.5650702378402318 0.34324060909825005 0.5693373245651532 0.343916449240993 0.5790632251892196 0.3432672933582386 0.5851109903830078 0.3400649495651476 0.5879957276622634 0.33658059008705743 0.5848174142039582 0.3253482173610169 0.5813422646712236 0.3215134269326071 0.5748670603255255 0.3200499378743768 0.5686901530130919 0.32038536419260993 0.557772525214802 0.3230353562436045 0.5503023977793732 0.32601241998911445 0.5457108258101492 0.32922644341010765 0.5441269514257754 0.3355443439814416 0.5453939833377328 0.33859148549436424 0.5511649188550792 0.3408192642122776 0.5548630606833445 0.34140499233598814
4 0.27325848325019714 0.6556765526242959 0.28947813365911335 0.6453269283390518 0.29442802185556377 0.6380094409346437 0.2952876210135986 0.6344232898096189 0.28870946276029297 0.6244041043363315 0.2815438141711795 0.6254587643047316 0.27670160073655137 0.6284141312965296 0.27140575993897553 0.6323924443772058 0.2652979755512254 0.6414971675301752 0.2603881001507494 0.6448797353613309 0.2541096998895441 0.6458559629386007 0.2536022351456853 0.649059969233784 0.2548354360747189 0.6523207111663853 0.2588456995211856 0.6564592140335066 0.26560537631521197 0.657967759101253 0.27325848325019714 0.6556765526242959
4 0.5393991506397342 0.6323604357048869 0.546592448398721 0.6348134944703812 0.5572532529185561 0.635626165143765 0.5626982422327644 0.6325473097513206 0.56678853127118 0.6288159734719373 0.5677157923950626 0.6248026215075547 0.5629459617804974 0.6144129708323278 0.5608578825476439 0.6018205631970838 0.5594216957210667 0.5998414237825556 0.5562110122386732 0.5980191491502879 0.5419735652373319 0.5940124893075309 0.5273439710258402 0.5943228938678676 0.5240256127816243 0.5968627396482101 0.5219142672554042 0.6083521063013533 0.5243468381305475 0.6150871905862353 0.5335329039866666 0.6270521390924368 0.5393991506397342 0.6323604357048869
4 0.5928267004519178 0.3907716689264489 0.6007642798352311 0.3885255184590079 0.6058433101503266 0.38407494852945784 0.6181079954525228 0.3766022588448814 0.6193197290247336 0.37263396289001505 0.6191629377362152 0.36625932668126276 0.6183833641701293 0.3619756386597831 0.6155448214998989 0.3578037594110478 0.6121649831028857 0.3570494868771746 0.6058665764436932 0.3599931742410706 0.6013626728383044 0.36081253703607974 0.582885788281915 0.35963775578447427 0.5780435748472869 0.3625931227762723 0.5758292754134594 0.3655267930143583 0.5704334026259474 0.379342405028165 0.5708470171929206 0.382254378512539 0.5726829940015343 0.38539163204449406 0.5791720229321694 0.38860898046967146 0.5928267004519178 0.3907716689264489
3 0.2979290216216278 0.6766627622728032 0.3048716779152105 0.6788571646091024 0.3111977337442764 0.679421195979101 0.3230902782343096 0.6742981109109923 0.33036978339829587 0.6651600113764089 0.33717565480134726 0.6590123177173298 0.3411906391020289 0.6502330037567837 0.3421240820389621 0.6424983326388279 0.3387980810228601 0.6395629998986496 0.33231669486411125 0.6418208299939928 0.32521870824084564 0.6424482891230351 0.297258921753908 0.6367061416628584 0.29524760821762414 0.6383582093828712 0.2910496444173862 0.6464516660748645 0.2901700388613641 0.6520052769865152 0.291736828765422 0.6660478315499953 0.294535358639678 0.6741546303719828 0.2979290216216278 0.6766627622728032
3 0.4770072952378319 0.6378056470744913 0.481924813410194 0.6398982577638559 0.48569061720430706 0.6400567850482088 0.4984027480564005 0.6352824684283276 0.5039415875474944 0.6260876332563259 0.5108489518993176 0.6192991383382102 0.5127987852828041 0.6143529523039817 0.5122622104102363 0.6048527421911766 0.5100064372215989 0.6025248343284211 0.4993856454977381 0.597777244081785 0.4905593568276811 0.5909053292662624 0.48379968003365476 0.5893967841985159 0.4713520152319021 0.5961836166145394 0.46628827046057875 0.6115845435851307 0.4656931373528848 0.6171832105062978 0.4674352639846129 0.6264364438178099 0.46945422029278294 0.6302595546183178 0.4770072952378319 0.6378056470744913
3 0.46318559971771567 0.5648928386903042 0.4667345930293485 0.564579109125783 0.4827789067105946 0.5590188060925066 0.48618493331864554 0.5540842996861804 0.4869630459258959 0.5491714900335662 0.4861158103939621 0.5453150028514442 0.48446281308490463 0.5428636065880421 0.470712824429435 0.537620400236728 0.4549438794657953 0.5285540830849061 0.45231596546499464 0.528575779838618 0.443471131355786 0.5328678224838155 0.4335498876060623 0.5402737594051636 0.4265148420944295 0.5533918345225156 0.42657632224722686 0.5566859528367311 0.4284799610216884 0.5593960055293283 0.4356394277977514 0.5620626647145015 0.46318559971771567 0.5648928386903042
3 0.4690736517053143 0.5369228633402731 0.4775878187571698 0.5402420034123849 0.484415157517044 0.5413233476407737 0.4920006024861814 0.5394593420031744 0.5059521160803591 0.5342244481623213 0.5087691913937665 0.5311672895235888 0.5108066931410883 0.5238264428633765 0.510393078574115 0.5209144693790025 0.507154745921848 0.5155844760128405 0.5006718988042637 0.5086458084340897 0.4976780258043503 0.507295790650696 0.4831360999566936 0.5052115345850489 0.46251257793232475 0.5065432227321717 0.4572843991005967 0.5100943349734901 0.4526389897504616 0.5154894186007881 0.45070298095191175 0.5221894640019638 0.45511303438041495 0.5274860809865116 0.45950926322398145 0.5310288386041124 0.4690736517053143 0.5369228633402731
2 0.575021823747795 0.5694684331828229 0.5791874175239446 0.5707850745846024 0.5777588734692536 0.5742811136905949 0.5814570152975188 0.5748668418143054 0.5856426154716556 0.5742160234294589 0.5971644801083612 0.5806390406519116 0.6079744331448288 0.5823511690135271 0.6173205501848457 0.5785764392267199 0.6229346944136737 0.5744295817358809 0.6255011282616769 0.5711137666679534 0.625634991234537 0.561062867315144 0.622233685480701 0.5530795568938031 0.6186093874313342 0.5483453087771614 0.609369484194304 0.5385614204772647 0.6051562348502937 0.5357045201282167 0.5955041780051258 0.53220515601804 0.5849448664340625 0.5307516840856197 0.5779283663615814 0.5327058017422515 0.57370275339147 0.5372915397003503 0.5666324159380778 0.541426717563287 0.5640459756920873 0.5467099924178407 0.5637553214307085 0.5503862555618978 0.5680100445295289 0.5585047340117875 0.5689387666122471 0.5636878797214988 0.575021823747795 0.5694684331828229