5 0.7614644713116867 0.3291392501870399 0.7574934723076052 0.32843905592225386 0.7541856333033372 0.3289537905618173 0.7440951150168502 0.3331037378193982 0.7377295066200796 0.33769088801047276 0.7294990207309906 0.34787838786475644 0.7293567670392276 0.35531967684701193 0.7341115480528451 0.3631852468117495 0.7399178318724042 0.3650874480298734 0.747651294437843 0.3660118677729168 0.7599022744948545 0.36619565347014893 0.7630015780563981 0.36520495004405706 0.7660425608617805 0.3628863680104916 0.7680991872097026 0.3595158206517568 0.7727174242239976 0.34825218549827097 0.7738815880448614 0.3416498843859486 0.7730266791894439 0.3382051531771248 0.7713040553888886 0.3363642138580784 0.7614644713116867 0.3291392501870399
5 0.5995911468476446 0.3879970895739667 0.5922707746702542 0.384729917823325 0.5858428650199223 0.3846944998262709 0.5775085437082313 0.38717771936700673 0.5709008266944957 0.39479656780744427 0.5726649846640919 0.39971921925190984 0.5731898714695426 0.41167012671917014 0.5786701137365349 0.42537319377638594 0.5813187732383891 0.4269382198131283 0.5885976112467386 0.427123679438351 0.5956511272252433 0.4285870037949907 0.6063129115811421 0.42783177387017746 0.6139633058084992 0.42259276936238255 0.6154111124153689 0.41604048212611644 0.6138890630627377 0.40808613243228786 0.611803708635495 0.40332644456700234 0.5995911468476446 0.3879970895739667
5 0.5862741286999309 0.42869037940308374 0.5776689706919543 0.4260750619691624 0.5750291367824203 0.41616682325316334 0.5726601395691716 0.4113571215118218 0.5724772163058879 0.4007841065280909 0.569841362893754 0.39417055739274726 0.5660788993323967 0.3939463319144899 0.5601016337417541 0.39135518445460127 0.5558469919516668 0.39060497631375907 0.5527852420617638 0.3913827022846149 0.5515835245692592 0.3981979808521734 0.5452466442518091 0.4109153662672683 0.544858301445681 0.41809366391823144 0.5475564561113764 0.42932978124170385 0.5518190588962638 0.43666936854385663 0.5572330194122949 0.44245517783228816 0.5607909280283279 0.4454981241046724 0.5672603718477005 0.4486152542271459 0.5806459230487352 0.4489990954286025 0.5850715466099061 0.4504382498112095 0.5876786719427196 0.44892156372253283 0.5893805286587546 0.4492216469788697 0.5913324549865545 0.4530794111471542 0.592233743105933 0.44796795222148533 0.5891472456341098 0.44391013254897616 0.5943782828868571 0.439122926853677 0.5963933750657385 0.4326706673695231 0.595634340638123 0.4303408373129365 0.5942912340513754 0.42966481302218346 0.5862741286999309 0.42869037940308374
5 0.6311064754759709 0.43483873830200864 0.6227681736668798 0.4340272682620892 0.613962441210979 0.4375253612029498 0.6064998153418258 0.44169947843456353 0.6027037786062279 0.4449829199921977 0.5989492760396709 0.4513480736752509 0.5984442917212205 0.45587061411126734 0.5997538251337273 0.460054305437912 0.6033700545059214 0.46442513031776966 0.6138895851700573 0.4711111893752119 0.619337118860329 0.473389331627752 0.6271624753561696 0.4721339629423772 0.6350046184391306 0.4691247607390568 0.6447867463576914 0.4600892539620548 0.6468433727056137 0.4567187066033201 0.6477238937404718 0.45006639161494155 0.6455594514725473 0.4424379690794731 0.6431361140005378 0.43959507831131345 0.6311064754759709 0.43483873830200864
5 0.5919819442991276 0.4742754549906719 0.5854957138926346 0.4729121583861445 0.5777454647400756 0.4737415721610468 0.5719095882436758 0.4786417275594698 0.5684387284631246 0.48505689511857925 0.5674079927417033 0.4925611199279025 0.5689636152685751 0.49700780258583954 0.572559077556249 0.4998377714029876 0.5784987894752509 0.5026418963181124 0.596443392336899 0.505366815599177 0.5995051422268018 0.5045890896283212 0.6031134106041959 0.5023705353468682 0.6080400379864171 0.4959924597128033 0.6105976681553897 0.4848046823373967 0.60817433068338 0.4819617915692371 0.6037279400376886 0.4789817811239206 0.5919819442991276 0.4742754549906719
5 0.6882481230651833 0.44249876150563916 0.6746332693369042 0.44009809545494427 0.6687766257559838 0.44345739479065766 0.6635208409213159 0.4434090548425919 0.6561916431516056 0.44848509577120677 0.650806410714895 0.4508295217067954 0.6479779438496369 0.4569187621075447 0.6479068170037554 0.4606394065986724 0.6536795276490739 0.46604927485268777 0.6553853648625088 0.46964404768967993 0.6697928261926445 0.47086687676107 0.6863527882985043 0.4698340596259623 0.6912666095910052 0.46850450709049857 0.7043022362550728 0.46092107664711507 0.708115059577791 0.45588380157153524 0.7089036866822471 0.4514112750115749 0.7058004026233036 0.4491072888570116 0.6950970840983639 0.44678080665640574 0.6882481230651833 0.44249876150563916
4 0.38850830299559325 0.3228883930802436 0.3789148080327564 0.3159264207404974 0.3762453814463817 0.3128205386410453 0.3733506328301623 0.3109925212730105 0.36894577635351195 0.31109422295311323 0.3552845433612716 0.317249747036911 0.35132150535199014 0.32313893193343574 0.3472409612328663 0.3413049514555809 0.34782018829707806 0.3512890479496592 0.3498304353810393 0.35647469072541715 0.35365520019595775 0.3613214843918033 0.36284841086046643 0.3655776856405466 0.37455287242998664 0.36720229964837614 0.3828328534829165 0.3666858910808223 0.3921683178391881 0.36350080334731005 0.39600190824642684 0.3600043843344398 0.39820874928091216 0.35578192715476015 0.3992019313306926 0.34849067980067316 0.39453108325267683 0.3318559422462066 0.3921620860394282 0.327046240504865 0.38850830299559325 0.3228883930802436
4 0.4368402376315051 0.33075181964407935 0.4276470269669964 0.32649561839533603 0.4229753142914606 0.3247934726814369 0.41605522641239856 0.32423207202179793 0.4072287268719775 0.3261893088999491 0.4035453511513019 0.3288338180918745 0.4027567240468457 0.33330634465183484 0.4047205918668458 0.3470481775620855 0.4085453566817643 0.35189497122847163 0.41418463922764 0.35640291578548605 0.43122397347250957 0.3609446044115643 0.4388991152817871 0.36054114554713435 0.44360440113156363 0.358735624225142 0.4466829376085869 0.3562040647363405 0.45006190345873626 0.3519686856056493 0.45109661967755754 0.34775915037698135 0.4488402834792312 0.3423105162699311 0.44255462752066216 0.33483380929062134 0.4368402376315051 0.33075181964407935
4 0.4503045341830208 0.4119620442992103 0.44599555213417236 0.4131786471315502 0.43981373159820547 0.41340622046578834 0.4270993013917844 0.4208266873299918 0.41946967424894793 0.4276065479004961 0.41766311751279084 0.43453477617117864 0.41933140105458505 0.438342526463407 0.42374023802863536 0.4415355143639597 0.44837960673950106 0.4460996990360804 0.4516498920721282 0.44579794185175314 0.4542194637333009 0.44449423321831266 0.455879786280295 0.4417126043492304 0.45870427264815294 0.4323286743678258 0.4618371493839373 0.42783030390584226 0.46273843750331584 0.42271884498017337 0.4604821013049897 0.41727021087312305 0.45692419268895657 0.41422726460073883 0.4503045341830208 0.4119620442992103
4 0.5644043839908427 0.35368401877981637 0.5590151710567322 0.35273375513474964 0.5547437426795244 0.35373738051185327 0.5510979206304896 0.3561689122485425 0.5488742930088839 0.36214520294616787 0.5496580750184199 0.36931057864611944 0.545866018780222 0.37588870978440886 0.5445891939444357 0.3831299432624398 0.5457652992575 0.38641171089208354 0.5470708521726066 0.38730071263807286 0.5522347430768726 0.38952884101455687 0.556923242339529 0.38947715321051035 0.5628629542585307 0.3922812781256352 0.5698205958092336 0.3926297013300378 0.5723150601271247 0.39175194760706966 0.5810792584139847 0.38517214254078985 0.5907566863124233 0.3833649472908071 0.5917914025312444 0.37915541206213926 0.5821859660762075 0.3623093709804269 0.578703164803456 0.3588404697975703 0.5644043839908427 0.35368401877981637
3 0.4044038980139189 0.4135308876648449 0.40094186382568786 0.4116028425446978 0.39331310128037134 0.40345011127463504 0.38907524607740435 0.4009460696158471 0.3567311428804206 0.4035877004247032 0.349343624354549 0.4073358627458446 0.34298199645517846 0.4152177025175746 0.3315523520793438 0.42198631506505774 0.3259833317818295 0.42869031785748274 0.325916185433348 0.4357056519292658 0.3287773608753267 0.4410413363331921 0.3317304302477073 0.44419723230870034 0.33547610722194415 0.4461752913049035 0.3424920695288081 0.4478515931167796 0.3507009237358566 0.4510558290403536 0.3587180290873011 0.4520302626594531 0.3617797789772038 0.4512525366885973 0.3728042939597901 0.45341605531002316 0.38552270466361116 0.44929027802647514 0.392630560900877 0.44878679140993294 0.40304227564501066 0.4444738805731719 0.40899081315633284 0.43893479280904024 0.4120366410566355 0.42497830851556306 0.4117114641015888 0.42184658251408774 0.4078866992866703 0.4169997888477015 0.4044038980139189 0.4135308876648449
3 0.4448256786208681 0.4463514423443515 0.4167450428062919 0.4414000686147933 0.39814922143703024 0.4473442891713453 0.39373155887065964 0.452494513950049 0.3914871641645335 0.4569299485849648 0.3906234297167957 0.4618284300553975 0.39272072563623867 0.476472186662649 0.39590309753586395 0.4816449074873953 0.4020721119821104 0.4864658572517583 0.42228983762920536 0.4928855771219275 0.43127451285098967 0.4966658095841422 0.43507453008398767 0.4966770576071634 0.44442678102737965 0.49173813635570546 0.45656994516438887 0.4809229521587345 0.4587184654427129 0.47537261637158157 0.4598618621790565 0.4672294591965496 0.4564294206676661 0.45849905745985564 0.44921374851039814 0.4480035741821946 0.4448256786208681 0.4463514423443515
2 0.5154331723395176 0.3643738007955632 0.5031031044418246 0.3613212804281481 0.49788487327879755 0.36105996302484616 0.4728028215030428 0.3656408869768706 0.4643973733454702 0.37184475100873415 0.4628329252262781 0.37574128103005366 0.46435099408150926 0.38040094114322687 0.46628215332478884 0.3827178492488018 0.47708532677493054 0.38945392218230024 0.48236585919151886 0.39433780777373084 0.4919553736569557 0.3980050905328218 0.49515453214370125 0.4014239778396223 0.49614286909856153 0.405770632745447 0.5006060463313731 0.40699680967281776 0.5059705116835631 0.4031115276745195 0.516194458069493 0.3998635041139395 0.5214838160784016 0.39640417702611386 0.5243873902869411 0.38988898171489206 0.5241165535906556 0.3847904447402349 0.5214727391837215 0.37158751644358057 0.5189910809555506 0.36741674706794747 0.5154331723395176 0.3643738007955632