3 0.5391705069124424 0.3743512110726644 0.5420506912442397 0.3767301038062284 0.543778801843318 0.3799740484429066 0.5466589861751152 0.3819204152249135 0.5673963133640554 0.3819204152249135 0.5731566820276498 0.3799740484429066 0.5835253456221199 0.37240484429065746 0.5878456221198156 0.36613321799307963 0.586405529953917 0.3589965397923876 0.579205069124424 0.34558823529411764 0.5745967741935484 0.342560553633218 0.5685483870967742 0.34126297577854675 0.5590437788018433 0.3414792387543253 0.5538594470046083 0.342560553633218 0.5417626728110599 0.3518598615916955 0.5388824884792627 0.3548875432525952 0.5354262672811061 0.3613754325259516 0.5357142857142858 0.36591695501730104 0.5391705069124424 0.3743512110726644
4 0.4619815668202765 0.40743944636678203 0.46370967741935487 0.4087370242214533 0.4691820276497696 0.41025086505190317 0.47062211981566826 0.41219723183391005 0.47004608294930883 0.4145761245674741 0.46543778801843316 0.4178200692041523 0.46284562211981567 0.4219290657439447 0.46543778801843316 0.4253892733564014 0.47321428571428575 0.42863321799307963 0.4772465437788019 0.43014705882352944 0.48300691244239635 0.42928200692041524 0.49913594470046085 0.42019896193771633 0.5023041474654378 0.4171712802768166 0.5034562211981567 0.4150086505190312 0.5023041474654378 0.40808823529411764 0.496831797235023 0.40268166089965407 0.49308755760368667 0.39619377162629765 0.4884792626728111 0.393166089965398 0.4807027649769585 0.39121972318339104 0.47033410138248855 0.3918685121107267 0.4663018433179723 0.3940311418685122 0.4614055299539171 0.4007352941176471 0.46054147465437795 0.4044117647058824 0.4619815668202765 0.40743944636678203
4 0.5388824884792627 0.6299740484429066 0.5434907834101382 0.6347318339100346 0.5457949308755761 0.6358131487889274 0.5469470046082949 0.6358131487889274 0.5486751152073733 0.6325692041522493 0.5538594470046083 0.6297577854671281 0.5584677419354839 0.6321366782006921 0.5601958525345622 0.6353806228373703 0.5639400921658987 0.638840830449827 0.5743087557603687 0.6371107266435987 0.5803571428571429 0.6330017301038062 0.5815092165898618 0.6252162629757786 0.5780529953917051 0.6070501730103807 0.5757488479262672 0.601643598615917 0.5699884792626728 0.5971020761245676 0.560483870967742 0.5949394463667821 0.5532834101382489 0.597318339100346 0.5452188940092166 0.6053200692041523 0.5397465437788018 0.6189446366782008 0.5383064516129032 0.6267301038062285 0.5388824884792627 0.6299740484429066
4 0.5714285714285714 0.6554930795847751 0.5754608294930875 0.6574394463667821 0.581221198156682 0.6628460207612458 0.5846774193548387 0.6639273356401385 0.5910138248847926 0.6639273356401385 0.5987903225806452 0.6621972318339101 0.6105990783410139 0.6576557093425606 0.6134792626728112 0.6511678200692043 0.6149193548387097 0.6429498269896194 0.6131912442396313 0.6392733564013842 0.6094470046082949 0.636461937716263 0.5985023041474655 0.631704152249135 0.5918778801843319 0.6312716262975779 0.5826612903225807 0.6340830449826991 0.5766129032258065 0.63840830449827 0.5705645161290323 0.6477076124567475 0.5697004608294931 0.6511678200692043 0.5714285714285714 0.6554930795847751
4 0.4879032258064516 0.6509515570934257 0.4904953917050691 0.6541955017301039 0.5017281105990784 0.6632785467128028 0.5046082949308757 0.664143598615917 0.5224654377880185 0.6634948096885813 0.5325460829493088 0.6544117647058825 0.5339861751152074 0.6498702422145329 0.5342741935483871 0.6431660899653979 0.5293778801843319 0.6351643598615918 0.5256336405529953 0.631704152249135 0.516705069124424 0.6284602076124568 0.5086405529953917 0.6286764705882353 0.49711981566820274 0.6332179930795848 0.4904953917050691 0.6397058823529412 0.48819124423963134 0.6442474048442908 0.4873271889400922 0.6474913494809689 0.4879032258064516 0.6509515570934257
4 0.2168778801843318 0.3531574394463668 0.23099078341013826 0.354022491349481 0.23473502304147464 0.3527249134948097 0.24049539170506912 0.3471020761245675 0.24107142857142855 0.34515570934256057 0.23934331797235023 0.3391003460207613 0.23041474654377883 0.33196366782006925 0.22350230414746544 0.3313148788927336 0.2171658986175115 0.33347750865051906 0.21428571428571427 0.33650519031141873 0.2131336405529954 0.3397491349480969 0.21342165898617513 0.3488321799307959 0.2168778801843318 0.3531574394463668
5 0.43001152073732724 0.4467993079584775 0.43490783410138245 0.45047577854671284 0.4421082949308756 0.45220588235294124 0.44614055299539174 0.45436851211072665 0.46370967741935487 0.44961072664359863 0.4660138248847926 0.44333910034602075 0.46486175115207373 0.43858131487889274 0.46226958525345624 0.43317474048442917 0.4553571428571429 0.4258217993079585 0.4455645161290323 0.42322664359861595 0.4389400921658987 0.4238754325259516 0.4317396313364055 0.4266868512110727 0.42713133640552997 0.43014705882352944 0.42597926267281105 0.43339100346020765 0.42655529953917054 0.44117647058823534 0.43001152073732724 0.4467993079584775
5 0.48444700460829493 0.43966262975778553 0.4876152073732719 0.44031141868512114 0.49308755760368667 0.44333910034602075 0.5028801843317973 0.4452854671280277 0.5051843317972351 0.446583044982699 0.5086405529953917 0.446583044982699 0.5118087557603687 0.4448529411764707 0.5161290322580645 0.4390138408304499 0.5161290322580645 0.4329584775086506 0.5126728110599078 0.4238754325259516 0.5097926267281105 0.42128027681660907 0.5051843317972351 0.41976643598615915 0.501152073732719 0.41998269896193774 0.494815668202765 0.42214532871972327 0.4838709677419355 0.42863321799307963 0.4818548387096774 0.43166089965397925 0.48099078341013823 0.4355536332179931 0.48444700460829493 0.43966262975778553
5 0.5875576036866359 0.358780276816609 0.5918778801843319 0.36678200692041524 0.5953341013824885 0.36851211072664364 0.599078341013825 0.3687283737024222 0.6019585253456221 0.370242214532872 0.6065668202764977 0.3711072664359862 0.616647465437788 0.3689446366782007 0.6238479262672811 0.36224048442906576 0.6275921658986175 0.35575259515570934 0.6275921658986175 0.3488321799307959 0.6252880184331797 0.3391003460207613 0.6232718894009217 0.33628892733564014 0.618663594470046 0.33412629757785467 0.6057027649769585 0.33499134948096887 0.5985023041474655 0.33801903114186854 0.5913018433179723 0.3438581314878893 0.5869815668202765 0.3503460207612457 0.586405529953917 0.3527249134948097 0.5875576036866359 0.358780276816609
5 0.5262096774193549 0.35532006920415227 0.5331221198156683 0.3615916955017301 0.5362903225806452 0.3600778546712803 0.5434907834101382 0.3507785467128028 0.5512672811059909 0.34537197231833916 0.5524193548387097 0.34191176470588236 0.5460829493087558 0.33650519031141873 0.5397465437788018 0.33412629757785467 0.5354262672811061 0.3336937716262976 0.5256336405529953 0.33434256055363326 0.5213133640552996 0.3438581314878893 0.5210253456221199 0.34580449826989623 0.5262096774193549 0.35532006920415227
5 0.494815668202765 0.40116782006920415 0.5025921658986175 0.41046712802768165 0.5037442396313364 0.4147923875432526 0.5048963133640554 0.4158737024221454 0.5086405529953917 0.4150086505190312 0.5155529953917051 0.40808823529411764 0.5144009216589862 0.4007352941176471 0.5089285714285714 0.3940311418685122 0.5051843317972351 0.3920847750865052 0.497983870967742 0.3920847750865052 0.4939516129032258 0.3938148788927336 0.4936635944700461 0.39792387543252594 0.494815668202765 0.40116782006920415
5 0.9447004608294931 0.9826989619377164 0.9516129032258064 0.9848615916955017 0.965725806451613 0.9846453287197233 0.9775345622119817 0.9822664359861593 0.9821428571428571 0.9783737024221454 0.9832949308755762 0.97621107266436 0.9832949308755762 0.9679930795847751 0.9807027649769585 0.9621539792387545 0.9772465437788019 0.958044982698962 0.9717741935483872 0.9550173010380624 0.9668778801843319 0.9535034602076126 0.9591013824884793 0.9524221453287198 0.9495967741935484 0.9530709342560554 0.9403801843317974 0.9591262975778548 0.935483870967742 0.9653979238754327 0.9357718894009217 0.973832179930796 0.9447004608294931 0.9826989619377164