5 0.6120391705069125 0.6020761245674742 0.6160714285714286 0.6070501730103807 0.6215437788018433 0.610726643598616 0.6264400921658987 0.6124567474048443 0.6301843317972351 0.6120242214532873 0.6388248847926268 0.6064013840830451 0.6399769585253456 0.6018598615916956 0.6385368663594471 0.5951557093425606 0.6350806451612903 0.5906141868512111 0.6304723502304148 0.5875865051903115 0.6226958525345623 0.5860726643598617 0.6157834101382489 0.5880190311418685 0.6126152073732719 0.5910467128027682 0.6111751152073733 0.5951557093425606 0.6105990783410139 0.5990484429065744 0.6120391705069125 0.6020761245674742
5 0.5858294930875576 0.6416522491349481 0.5921658986175116 0.6481401384083045 0.5967741935483871 0.6509515570934257 0.6057027649769585 0.6513840830449827 0.6120391705069125 0.65030276816609 0.616647465437788 0.6472750865051904 0.6183755760368663 0.6405709342560554 0.6169354838709677 0.6338667820069205 0.6123271889400922 0.6297577854671281 0.6091589861751152 0.6282439446366783 0.6033986175115207 0.6271626297577855 0.5918778801843319 0.626946366782007 0.589573732718894 0.6282439446366783 0.5841013824884793 0.6358131487889274 0.5838133640552996 0.6381920415224914 0.5858294930875576 0.6416522491349481
5 0.5495391705069125 0.6511678200692043 0.5535714285714286 0.6552768166089966 0.560483870967742 0.6600346020761246 0.563652073732719 0.6602508650519032 0.570852534562212 0.6628460207612458 0.5783410138248848 0.6632785467128028 0.5815092165898618 0.6628460207612458 0.5866935483870968 0.6604671280276817 0.5904377880184332 0.6572231833910035 0.5910138248847926 0.6539792387543253 0.589573732718894 0.6470588235294118 0.581221198156682 0.6392733564013842 0.5780529953917051 0.6390570934256056 0.5745967741935484 0.6373269896193772 0.570852534562212 0.6397058823529412 0.5645161290322581 0.641219723183391 0.5538594470046083 0.6401384083044983 0.5495391705069125 0.6431660899653979 0.5483870967741936 0.6453287197231835 0.5478110599078342 0.6477076124567475 0.5495391705069125 0.6511678200692043
4 0.32027649769585254 0.30384948096885817 0.32747695852534564 0.3181228373702422 0.33755760368663595 0.32504325259515576 0.3418778801843318 0.32655709342560557 0.34447004608294934 0.3213667820069205 0.35051843317972353 0.31769031141868515 0.35051843317972353 0.3137975778546713 0.3467741935483871 0.30666089965397925 0.33496543778801846 0.29671280276816614 0.32776497695852536 0.29195501730103807 0.3220046082949309 0.29130622837370246 0.31768433179723504 0.29217128027681666 0.3136520737327189 0.29649653979238755 0.3133640552995392 0.30060553633217996 0.32027649769585254 0.30384948096885817
4 0.560483870967742 0.3847318339100346 0.5619239631336406 0.38797577854671284 0.5745967741935484 0.3914359861591696 0.5855414746543779 0.39121972318339104 0.5964861751152074 0.38819204152249137 0.5996543778801844 0.3821366782006921 0.6016705069124424 0.37413494809688586 0.6065668202764977 0.36591695501730104 0.6065668202764977 0.3605103806228374 0.603110599078341 0.35596885813148793 0.5982142857142858 0.354022491349481 0.592741935483871 0.3531574394463668 0.581221198156682 0.354022491349481 0.5771889400921659 0.35575259515570934 0.5625 0.3698096885813149 0.5599078341013825 0.3730536332179931 0.560483870967742 0.3847318339100346
4 0.5829493087557605 0.6206747404844292 0.5887096774193549 0.6258650519031143 0.5915898617511521 0.6275951557093425 0.6025345622119815 0.626946366782007 0.6082949308755761 0.6282439446366783 0.6163594470046083 0.6325692041522493 0.619815668202765 0.6323529411764707 0.6232718894009217 0.6308391003460209 0.6255760368663594 0.6245674740484429 0.6252880184331797 0.6148356401384084 0.6238479262672811 0.6124567474048443 0.6175115207373272 0.6083477508650519 0.6103110599078342 0.6005622837370242 0.599078341013825 0.597318339100346 0.5904377880184332 0.5971020761245676 0.5838133640552996 0.598832179930796 0.5794930875576038 0.6018598615916956 0.5794930875576038 0.6068339100346021 0.5829493087557605 0.6206747404844292
3 0.34965437788018433 0.3105536332179931 0.3539746543778802 0.31487889273356406 0.3807603686635945 0.3142301038062284 0.39026497695852536 0.31682525951557095 0.39372119815668205 0.31682525951557095 0.39660138248847926 0.3146626297577855 0.39631336405529954 0.3079584775086505 0.39400921658986177 0.2995242214532872 0.3882488479262673 0.29346885813148793 0.38364055299539174 0.2837370242214533 0.37298387096774194 0.27703287197231835 0.369815668202765 0.2761678200692042 0.3591589861751152 0.27703287197231835 0.35599078341013823 0.2791955017301038 0.3525345622119816 0.2869809688581315 0.3487903225806452 0.3003892733564014 0.347926267281106 0.30384948096885817 0.34965437788018433 0.3105536332179931
3 0.511520737327189 0.37608131487889274 0.5138248847926268 0.3799740484429066 0.5224654377880185 0.38754325259515576 0.5328341013824885 0.3853806228373703 0.5360023041474655 0.3827854671280277 0.5417626728110599 0.3804065743944637 0.5501152073732719 0.3804065743944637 0.5535714285714286 0.37694636678200694 0.556163594470046 0.3695934256055363 0.543778801843318 0.34580449826989623 0.5388824884792627 0.34191176470588236 0.5299539170506913 0.33888408304498274 0.5221774193548387 0.3399653979238755 0.5126728110599078 0.3486159169550173 0.5095046082949308 0.35661764705882354 0.5095046082949308 0.36461937716262977 0.511520737327189 0.37608131487889274
3 0.4634216589861751 0.41825259515570934 0.476094470046083 0.4390138408304499 0.48099078341013823 0.44247404844290666 0.4841589861751152 0.44269031141868515 0.49308755760368667 0.4383650519031142 0.5046082949308757 0.4344723183391004 0.5144009216589862 0.4329584775086506 0.5175691244239632 0.43101211072664364 0.519873271889401 0.4271193771626298 0.5204493087557605 0.4249567474048443 0.5192972350230415 0.41998269896193774 0.5149769585253456 0.4143598615916956 0.5120967741935484 0.4126297577854672 0.5 0.40981833910034604 0.47494239631336405 0.4078719723183391 0.4697580645161291 0.4078719723183391 0.46687788018433185 0.40895328719723184 0.46486175115207373 0.41133217993079585 0.4631336405529954 0.4147923875432526 0.4634216589861751 0.41825259515570934
3 0.4876152073732719 0.46388408304498274 0.5152649769585254 0.4692906574394464 0.5227534562211982 0.4697231833910035 0.5293778801843319 0.467560553633218 0.536578341013825 0.46020761245674746 0.5391705069124424 0.4554498269896194 0.5394585253456221 0.44961072664359863 0.5371543778801844 0.4463667820069205 0.518721198156682 0.43490484429065746 0.5152649769585254 0.43403979238754326 0.508352534562212 0.43403979238754326 0.49107142857142855 0.4392301038062284 0.48271889400921664 0.44506920415224915 0.4801267281105991 0.44874567474048443 0.4807027649769585 0.4565311418685122 0.4876152073732719 0.46388408304498274
2 0.5944700460829493 0.4390138408304499 0.5956221198156683 0.4461505190311419 0.6028225806451613 0.4548010380622838 0.6059907834101382 0.4569636678200692 0.61463133640553 0.4593425605536333 0.6203917050691244 0.4595588235294118 0.6267281105990784 0.4582612456747405 0.6376728110599078 0.4539359861591696 0.6500576036866359 0.44355536332179935 0.6578341013824885 0.432742214532872 0.6572580645161291 0.4251730103806229 0.6509216589861752 0.4178200692041523 0.6442972350230415 0.4134948096885814 0.6370967741935484 0.41154844290657444 0.6296082949308757 0.41133217993079585 0.6192396313364055 0.4126297577854672 0.61463133640553 0.4147923875432526 0.6126152073732719 0.4145761245674741 0.6091589861751152 0.4171712802768166 0.6022465437788018 0.4163062283737024 0.5996543778801844 0.41825259515570934 0.5985023041474655 0.42128027681660907 0.6002304147465438 0.4256055363321799 0.5944700460829493 0.4390138408304499