5 0.8887215259404291 0.4489892452040049 0.8871529649088471 0.4535883113127146 0.8897727024483272 0.46258540956295374 0.8969375479178426 0.46969263076571305 0.9016487001660989 0.4725576408710058 0.9069053484985797 0.47453802264271283 0.9182293418208675 0.47695571245153146 0.9233425882421569 0.47482960077311676 0.9286153706704081 0.46901920641465517 0.9293505926376335 0.4653148203378903 0.9258446837507265 0.4556994834800775 0.9180588675068861 0.44731557826873464 0.9031675463878612 0.44177654032697034 0.8994180401771322 0.4416910811714206 0.8959941142915856 0.4426762264885965 0.8887215259404291 0.4489892452040049
5 0.8581412036675724 0.45633258272071064 0.8510809836064477 0.4604742373955908 0.8478306495081327 0.46643040109975614 0.8477465881912719 0.47227599612197235 0.8520556462664951 0.4801321280109727 0.8562213024305274 0.4838817664498512 0.8623943119864752 0.4873449117659998 0.8734229148596204 0.4895565220389603 0.8768694831521971 0.4892197704244353 0.8817024340623647 0.4873198416785966 0.8847932321537186 0.48504796065447797 0.8872630594707477 0.48149939562177596 0.8891496533585024 0.4777548027515751 0.886900780958265 0.4711250963793633 0.8811751503894106 0.4639676166848087 0.875274888875575 0.46006215720186744 0.8682458978482407 0.4568452982150128 0.8633223773099525 0.45615165215024833 0.8581412036675724 0.45633258272071064
5 0.845069861737721 0.4946581336266246 0.8455086540980543 0.4989707066126042 0.8482652852374656 0.5036351284801456 0.8600733557341469 0.5116621786802453 0.8629744279424993 0.512210055399306 0.8729810050260369 0.509913064848788 0.8754961171571264 0.5076612872213876 0.8765569194495345 0.5050275056173483 0.8754755530655963 0.4905668163215319 0.8731275244104783 0.48935044250310245 0.8609324546787839 0.486746776555144 0.8524567012817782 0.48336404482586764 0.8484872793120075 0.48523381847662933 0.8465780430172227 0.4883300176441795 0.845069861737721 0.4946581336266246
5 0.817795769018212 0.23355646598653723 0.8177192551703616 0.23961819224297046 0.8190140290020814 0.24368447889965608 0.8259061264294848 0.25123401426920833 0.833813741335236 0.25485298062941975 0.8410400057145819 0.25546621310731205 0.8441760886199962 0.25449111948849523 0.848903374964023 0.2495653534636193 0.849313016606066 0.2447903629141288 0.8475869978830228 0.2366276345056805 0.8415584293960162 0.2290479440410512 0.8327948330188784 0.22567526401013377 0.8221974750370563 0.2275600954889358 0.8196748154369569 0.22959574188211945 0.817795769018212 0.23355646598653723
5 0.8177054727548508 0.28874029260036815 0.8246061568090145 0.28828292060553484 0.8280074402875309 0.2866493815857082 0.8307726580537024 0.283306896088864 0.8310388977845543 0.27442541208925186 0.8271535371316443 0.2704495907177972 0.8205180536505828 0.27024851731162075 0.8074508683517317 0.2756819138231249 0.8064428983423939 0.2798286140666827 0.8080632524992962 0.28496550519609404 0.8177054727548508 0.28874029260036815
5 0.7620622471189604 0.2798636569744525 0.7652813521834853 0.2812660069320218 0.7693111539053364 0.28112528315499563 0.7721442988925985 0.2797279787661039 0.7729248056738846 0.2773203800946406 0.7714348368056532 0.2594116427497123 0.757989238898549 0.2622615161489722 0.7554665792984495 0.26429716254215574 0.7541254814949192 0.267157127078771 0.7579041384239382 0.27633014976979087 0.7620622471189604 0.2798636569744525
5 0.7715555963098141 0.2628697424971832 0.7710392509438799 0.2728419343662391 0.7721669412996286 0.2803763724687547 0.7756889842823058 0.28220093319639894 0.7823773000464376 0.28391492524209394 0.7895507321427131 0.2830152390804678 0.7928916358691489 0.2796526501869056 0.7980436587932391 0.27038415608097316 0.7995141027276904 0.26297538392744324 0.7986893502900941 0.2558631565950026 0.7947813472301538 0.2512389415208973 0.7878353783619302 0.250399526110429 0.7823965516154581 0.251455033316118 0.7781543816035753 0.25376712113367256 0.7736772008946304 0.25760217928910467 0.7715555963098141 0.2628697424971832
5 0.7330546425086861 0.24971577398803876 0.7353186098469436 0.2567777428286843 0.7397947513981383 0.2611657232718547 0.7435895424229275 0.26254796983270606 0.7487556211272877 0.26193477679380994 0.7510206276232952 0.2607737070358531 0.7554147861731292 0.25456120530403475 0.755120434881737 0.24613208716957438 0.7518032127200814 0.2419200311671849 0.7433274593230758 0.23853729943790852 0.7395779531123468 0.23845184028235872 0.7361615746958103 0.23965311683375168 0.7334189993366691 0.24364399603324655 0.7330546425086861 0.24971577398803876
4 0.8817099815313746 0.48753597291281353 0.8774451691124616 0.48919966702771733 0.8752254474305143 0.49165752419097564 0.8764889922284441 0.5030823245093959 0.874397577519668 0.5092144126543422 0.8756848038823778 0.513064568076811 0.8786839931878607 0.5164221508406917 0.881016926904959 0.5172062621906872 0.8876373154480003 0.5169750731284298 0.8941444919558907 0.5135019155529187 0.8986292201338454 0.5098829886317033 0.9015917112520284 0.5039368766258971 0.9016455826928487 0.49722675666681315 0.8980566516468313 0.48523397623261416 0.8938608056067586 0.48061981285686783 0.8897857190708471 0.4794637492285925 0.8903312151550713 0.47857912089500676 0.8856416661560951 0.4845855430909671 0.8817099815313746 0.48753597291281353
4 0.7703480555694928 0.46762138931881275 0.7675451004582711 0.4698832186445722 0.764567514402068 0.47539706818194477 0.7636501140208509 0.48213734323610574 0.7678006752468629 0.4854547192065504 0.7724514477430389 0.48659067943810774 0.7854345717250294 0.4870028779488198 0.8009629977141495 0.4860278237689991 0.8107043742245852 0.48438927861949094 0.8171889083254452 0.48026772734132883 0.8199465786226066 0.47670911061026777 0.8206818005898324 0.47300472453350284 0.8118588636183641 0.4596799560302475 0.8097986779433783 0.45845353051345905 0.7988455497603335 0.45840323258266774 0.7888993524288763 0.46242927300692116 0.7823091537618754 0.4635249870060463 0.7703480555694928 0.46762138931881275
2 0.7982880762113392 0.4341864826520124 0.794629139628731 0.4366945983070657 0.7924622502298543 0.44066537410984274 0.7907643430673511 0.44981324783546695 0.792059116899071 0.4538795344921526 0.796952447561319 0.4537086556200493 0.815570632484043 0.45868475901471256 0.8236302359277452 0.45840331146066016 0.8307734781479807 0.4566391003621663 0.8395532086208884 0.4522210042629151 0.84230333144904 0.448446256297637 0.8419410529365573 0.4380719570552244 0.8403584361247051 0.43401572209689776 0.8379651226555266 0.43150256087316674 0.8295044641965411 0.42855209161232405 0.8194450548299332 0.4293361635233235 0.8156729062121739 0.42860231066512294 0.7982880762113392 0.4341864826520124
1 0.16979925510121738 0.14712202486867948 0.17146593322993026 0.14533266480478985 0.1704665498473526 0.14147245768396227 0.16282413551470348 0.13719504592274095 0.1593171874700463 0.13580274766353057 0.154999542768063 0.13595352313891582 0.1484621763841324 0.13856215577755954 0.13813001897541236 0.13978854185535172 0.13356981610735696 0.1412461564343975 0.11360298591209247 0.1389138863421326 0.10018003041201859 0.14241215344404332 0.0971873494177953 0.14749374051298192 0.09626240156756811 0.15401788433292612 0.09702677425308395 0.15940106179163122 0.102858069388079 0.1695843787652227 0.11346193568116107 0.17613871711924003 0.1180135519224563 0.18268800990457965 0.12267187188764225 0.18404010137035395 0.12929980789969356 0.18402504354231355 0.14018500886164786 0.18213016036515253 0.14722258651574233 0.17734011198762153 0.14940457085263933 0.17380159865327852 0.15138928183752468 0.17286671182789765 0.154025153472775 0.1740730339479682 0.15557758040858713 0.1772647439694271 0.15793315653271528 0.17869724902207346 0.1602585427808032 0.17926522913785203 0.16340972062423767 0.1787223979874691 0.1653566942640727 0.17670685499100358 0.16548604039499373 0.17215804737408885 0.16419881403228387 0.16830789195162027 0.1614119930168324 0.16277894514721108 0.15544380428190624 0.15692830455631737 0.1535733444899217 0.15288212129634968 0.15409619816711573 0.1513490992601132 0.16979925510121738 0.14712202486867948
0 0.4870905457573693 0.5759725924530963 0.49111280001021046 0.5756157374418531 0.4976124290490908 0.5719264486321248 0.5011581535965484 0.5661763644638174 0.5013629744175699 0.5637888691890721 0.4969170227424155 0.5602654136827694 0.49026644432333405 0.5596320778081589 0.483668698187323 0.5605116605730672 0.4825852534878847 0.5624970484744557 0.483545860367662 0.5734996380228012 0.4870905457573693 0.5759725924530963
0 0.4580527512710549 0.5449601845298147 0.46186263723386434 0.5467746935590999 0.4687633212880278 0.5463173215642666 0.4740662935923189 0.5413714521426728 0.4742182821302701 0.537471038228409 0.4721052641722137 0.5347316940721021 0.46830292567841436 0.5331333162770338 0.4610993037060986 0.5331684775017921 0.4552281929105531 0.5383505815543209 0.45534140494570396 0.5415925500675749 0.4580527512710549 0.5449601845298147
0 0.432460485919567 0.5218340635906105 0.4348839892647858 0.5252117497512092 0.44016328000429655 0.5278405252255671 0.44364003817291353 0.5283682985479098 0.4496017185965796 0.5257797693059841 0.45458665804469833 0.5199794266458817 0.4549510148726811 0.5139076486910895 0.4531560297707974 0.5120227777732913 0.45082309605369925 0.5112386664232956 0.44016535831979675 0.5113944480283623 0.43621103128804617 0.5136964841475578 0.4323548213534262 0.5188082263115734 0.432460485919567 0.5218340635906105
0 0.18633001718398162 0.5462259491821226 0.18507194153956188 0.5514633572951242 0.18866191174332972 0.5552330991307206 0.1982211098397736 0.5566304429586086 0.2052964248389184 0.5529210507521624 0.20776625215594763 0.5493724857194603 0.20824382101908134 0.5465426762779222 0.20640355110313707 0.5433610179548222 0.2013819134677183 0.5398576658452378 0.19703407888969457 0.5391439163837553 0.1941707440263925 0.5396766958357792 0.19135269397715055 0.5415062626931049 0.18633001718398162 0.5462259491821226
0 0.08945080985683199 0.5284023554807743 0.08464804882270474 0.5311668091634808 0.08329940355016435 0.5338106424658792 0.08314741501221312 0.5377110563801428 0.08619188913175657 0.5423654265493253 0.09581146698028108 0.5454918202509486 0.10043204960041688 0.5457632555456382 0.10528764291761435 0.5445117205024503 0.10894657950022275 0.5420036048473968 0.11084826832599745 0.5386912744456298 0.11127300490606074 0.5343485463645731 0.11031890633754342 0.531785126649047 0.10669874625773557 0.5271508598765827 0.10318425074406827 0.5255424303831554 0.10032091588076615 0.5260752098351794 0.09664688436013763 0.5281510630217989 0.08945080985683199 0.5284023554807743
0 0.20609514403147483 0.5262765987533256 0.20986729264923407 0.5270104516115262 0.21475307584247189 0.5266234415052059 0.21987386973277157 0.5247134610610081 0.2215631902685146 0.5235724946997694 0.22344978415626926 0.5198279018295685 0.22294306457484536 0.5135701477356365 0.21764867889731437 0.5105091097928448 0.21417946819770756 0.5101974677047191 0.20387750066502783 0.512288378719379 0.2003695134626206 0.5191191190587711 0.20256555357978753 0.5242359067914644 0.20609514403147483 0.5262765987533256