3 0.31105990783410137 0.4796712802768167 0.32805299539170507 0.49307958477508657 0.3355414746543779 0.4969723183391004 0.35714285714285715 0.4997837370242215 0.36664746543778803 0.4995674740484429 0.38018433179723504 0.495242214532872 0.3853686635944701 0.49113321799307963 0.38911290322580644 0.4850778546712803 0.3896889400921659 0.48010380622837373 0.3888248847926267 0.4768598615916956 0.38421658986175117 0.47253460207612463 0.38047235023041476 0.4608564013840831 0.3770161290322581 0.4586937716262976 0.33842165898617516 0.4578287197231834 0.3220046082949309 0.45977508650519033 0.31422811059907835 0.46258650519031147 0.31048387096774194 0.4658304498269897 0.309331797235023 0.4684256055363322 0.3090437788018433 0.474264705882353 0.31105990783410137 0.4796712802768167
3 0.3294930875576037 0.5581747404844292 0.334389400921659 0.5629325259515572 0.3692396313364056 0.5676903114186851 0.37672811059907835 0.5670415224913495 0.3879608294930876 0.5627162629757786 0.39717741935483875 0.5605536332179931 0.39976958525345624 0.5573096885813149 0.402073732718894 0.5501730103806228 0.4014976958525346 0.5432525951557093 0.3957373271889401 0.5326557093425606 0.3882488479262673 0.5278979238754326 0.3813364055299539 0.5255190311418685 0.3649193548387097 0.5276816608996541 0.3522465437788019 0.534818339100346 0.3346774193548387 0.5395761245674742 0.3306451612903226 0.5430363321799309 0.3271889400921659 0.5488754325259516 0.32747695852534564 0.5538494809688582 0.3294930875576037 0.5581747404844292
4 0.27131336405529954 0.4995674740484429 0.27620967741935487 0.5056228373702423 0.28513824884792627 0.5105968858131489 0.31077188940092165 0.515787197231834 0.326036866359447 0.5116782006920416 0.3289170506912443 0.5097318339100346 0.33093317972350234 0.5030276816608997 0.3306451612903226 0.4963235294117648 0.3199884792626728 0.4868079584775087 0.3133640552995392 0.48291522491349487 0.31048387096774194 0.48010380622837373 0.29723502304147464 0.4796712802768167 0.28744239631336405 0.4775086505190312 0.2790898617511521 0.4777249134948097 0.2730414746543779 0.48075259515570934 0.27073732718894006 0.4835640138408305 0.2692972350230415 0.4876730103806229 0.26900921658986177 0.49480968858131497 0.27131336405529954 0.4995674740484429
4 0.6589861751152074 0.529628027681661 0.6676267281105991 0.5363321799307958 0.6713709677419355 0.5374134948096886 0.682315668202765 0.5365484429065744 0.6898041474654378 0.5339532871972319 0.6995967741935484 0.5229238754325259 0.7013248847926268 0.5190311418685122 0.6987327188940092 0.5056228373702423 0.6923963133640554 0.49589100346020765 0.679147465437788 0.49091695501730104 0.6754032258064516 0.4915657439446367 0.661578341013825 0.4987024221453288 0.6569700460829494 0.5077854671280277 0.655241935483871 0.5144896193771626 0.655241935483871 0.5224913494809689 0.6589861751152074 0.529628027681661
4 0.8994815668202765 0.7132352941176471 0.9046658986175116 0.7186418685121108 0.9112903225806452 0.7212370242214534 0.9205069124423962 0.721885813148789 0.929147465437788 0.7184256055363323 0.935483870967742 0.7141003460207613 0.939804147465438 0.7067474048442908 0.939804147465438 0.7026384083044983 0.9380760368663594 0.6991782006920416 0.929147465437788 0.6905276816608997 0.9254032258064516 0.6855536332179931 0.9216589861751153 0.6831747404844292 0.9161866359447005 0.6833910034602076 0.9040898617511521 0.6872837370242215 0.8994815668202765 0.6926903114186851 0.8974654377880185 0.6991782006920416 0.8963133640552996 0.7069636678200693 0.8994815668202765 0.7132352941176471
4 0.6578341013824885 0.802984429065744 0.6612903225806452 0.8060121107266436 0.6702188940092166 0.8073096885813149 0.6779953917050692 0.8064446366782008 0.6877880184331797 0.8003892733564015 0.6941244239631337 0.7945501730103807 0.7004608294930875 0.7828719723183392 0.7001728110599078 0.7770328719723184 0.6895161290322581 0.7649221453287198 0.6860599078341014 0.7640570934256056 0.682315668202765 0.7644896193771628 0.6719470046082949 0.7683823529411765 0.665610599078341 0.7740051903114187 0.6569700460829494 0.779628027681661 0.6532258064516129 0.7880622837370244 0.6538018433179723 0.7967128027681661 0.6578341013824885 0.802984429065744
4 0.3182603686635945 0.9643166089965399 0.32114055299539174 0.9653979238754327 0.3306451612903226 0.9664792387543253 0.33813364055299544 0.9695069204152249 0.3418778801843318 0.9690743944636679 0.35023041474654376 0.958044982698962 0.3548387096774194 0.9493944636678201 0.35685483870967744 0.9426903114186851 0.35656682027649766 0.9357698961937716 0.3528225806451613 0.9307958477508651 0.3482142857142857 0.9275519031141869 0.33813364055299544 0.9271193771626299 0.3320852534562212 0.9286332179930797 0.3182603686635945 0.9284169550173011 0.31394009216589863 0.9489619377162631 0.31422811059907835 0.9599913494809689 0.3182603686635945 0.9643166089965399
5 0.20391705069124427 0.9997837370242216 0.24827188940092165 0.9997837370242216 0.25144009216589863 0.9958910034602078 0.253168202764977 0.9913494809688583 0.25489631336405527 0.9846453287197233 0.25432027649769584 0.9798875432525952 0.25547235023041476 0.9772923875432526 0.24827188940092165 0.9723183391003462 0.22955069124423963 0.973832179930796 0.2067972350230415 0.9807525951557095 0.20305299539170507 0.9846453287197233 0.20132488479262672 0.992430795847751 0.20391705069124427 0.9997837370242216
5 0.599078341013825 0.8531574394463668 0.6036866359447004 0.8566176470588236 0.6157834101382489 0.8613754325259515 0.6232718894009217 0.8611591695501731 0.6275921658986175 0.8594290657439447 0.6319124423963134 0.8525086505190312 0.6336405529953917 0.8449394463667821 0.631336405529954 0.8386678200692043 0.6247119815668203 0.8336937716262977 0.6157834101382489 0.8317474048442908 0.6051267281105991 0.8321799307958478 0.6013824884792627 0.8336937716262977 0.5985023041474655 0.8362889273356402 0.5967741935483871 0.8410467128027681 0.5970622119815668 0.8499134948096886 0.599078341013825 0.8531574394463668
5 0.8732718894009217 0.6751730103806228 0.886520737327189 0.6831747404844292 0.8928571428571429 0.6853373702422145 0.900921658986175 0.6862024221453288 0.9055299539170507 0.6855536332179931 0.9150345622119817 0.6820934256055364 0.9141705069124424 0.6749567474048443 0.9124423963133641 0.6717128027681661 0.9023617511520738 0.6667387543252595 0.8974654377880185 0.6647923875432526 0.8827764976958525 0.6615484429065744 0.8770161290322582 0.6591695501730104 0.8735599078341014 0.6606833910034602 0.8712557603686637 0.6632785467128028 0.870679723502304 0.6686851211072665 0.8732718894009217 0.6751730103806228
5 0.8378456221198156 0.6278114186851211 0.8459101382488481 0.6336505190311419 0.8513824884792627 0.6362456747404844 0.8565668202764977 0.6410034602076126 0.8623271889400922 0.6431660899653979 0.875 0.640787197231834 0.8822004608294931 0.6336505190311419 0.8830645161290323 0.6301903114186851 0.8804723502304148 0.6267301038062285 0.8588709677419356 0.6146193771626298 0.8516705069124424 0.6128892733564014 0.8395737327188941 0.6124567474048443 0.8352534562211982 0.6148356401384084 0.8338133640552996 0.6182958477508651 0.8341013824884793 0.6232698961937717 0.8378456221198156 0.6278114186851211
5 0.6466013824884793 0.4788062283737025 0.6500576036866359 0.48205017301038067 0.6543778801843319 0.48378027681660907 0.6682027649769585 0.48399653979238755 0.6782834101382489 0.4796712802768167 0.6831797235023042 0.47080449826989623 0.6828917050691244 0.4669117647058824 0.6777073732718895 0.44961072664359863 0.6728110599078342 0.4444204152249135 0.6684907834101382 0.4429065743944637 0.6633064516129032 0.44247404844290666 0.6543778801843319 0.4437716262975779 0.6460253456221199 0.45285467128027684 0.643721198156682 0.46064013840830453 0.6442972350230415 0.47383217993079585 0.6466013824884793 0.4788062283737025
5 0.6008064516129032 0.4915657439446367 0.6022465437788018 0.49480968858131497 0.6057027649769585 0.4978373702422146 0.6152073732718895 0.5025951557093425 0.626152073732719 0.5038927335640139 0.6307603686635945 0.5030276816608997 0.6402649769585254 0.4991349480968858 0.6466013824884793 0.49113321799307963 0.6460253456221199 0.48075259515570934 0.6362327188940092 0.469506920415225 0.6264400921658987 0.46258650519031147 0.6235599078341014 0.46172145328719727 0.6126152073732719 0.46215397923875434 0.6028225806451613 0.4669117647058824 0.5993663594470047 0.4701557093425606 0.5985023041474655 0.47275086505190317 0.5982142857142858 0.4772923875432526 0.6008064516129032 0.4915657439446367
5 0.33842165898617516 0.4530709342560554 0.3424539170506912 0.4569636678200692 0.35829493087557607 0.4584775086505191 0.3695276497695853 0.4582612456747405 0.37672811059907835 0.4563148788927336 0.37960829493087556 0.4530709342560554 0.37788018433179726 0.4461505190311419 0.37413594470046085 0.4383650519031142 0.35685483870967744 0.42841695501730104 0.3456221198156682 0.43187716262975784 0.34043778801843316 0.4353373702422146 0.33755760368663595 0.4392301038062284 0.3369815668202765 0.44355536332179935 0.33842165898617516 0.4530709342560554