2 0.5705645161290323 0.5397923875432526 0.5737327188940092 0.5443339100346021 0.5852534562211982 0.555363321799308 0.5878456221198156 0.5562283737024222 0.6039746543778802 0.5568771626297578 0.6163594470046083 0.5544982698961938 0.6177995391705069 0.5532006920415226 0.6221198156682027 0.5432525951557093 0.622983870967742 0.5328719723183392 0.6149193548387097 0.5220588235294118 0.6094470046082949 0.5183823529411765 0.6019585253456221 0.5170847750865052 0.5809331797235023 0.5209775086505191 0.5720046082949308 0.5261678200692042 0.5697004608294931 0.5298442906574394 0.5691244239631337 0.5328719723183392 0.5705645161290323 0.5397923875432526
2 0.5158410138248848 0.39965397923875434 0.5190092165898618 0.40030276816608995 0.5259216589861752 0.39770761245674746 0.5570276497695852 0.40030276816608995 0.5619239631336406 0.3985726643598616 0.5653801843317973 0.3948961937716263 0.5665322580645162 0.38970588235294124 0.5645161290322581 0.3804065743944637 0.5518433179723503 0.3695934256055363 0.5351382488479263 0.3613754325259516 0.5227534562211982 0.35921280276816614 0.5149769585253456 0.3609429065743945 0.5106566820276498 0.36613321799307963 0.508352534562212 0.37846020761245674 0.5086405529953917 0.38711072664359863 0.5158410138248848 0.39965397923875434
2 0.43202764976958524 0.3827854671280277 0.4357718894009217 0.38408304498269896 0.45305299539170507 0.38602941176470595 0.46716589861751157 0.38581314878892736 0.4758064516129032 0.3838667820069205 0.4807027649769585 0.3808391003460208 0.4853110599078342 0.3721885813148789 0.4853110599078342 0.36613321799307963 0.47955069124423966 0.35553633217993086 0.47868663594470046 0.35207612456747406 0.4740783410138249 0.3479671280276817 0.4599654377880184 0.34126297577854675 0.44930875576036866 0.3399653979238755 0.44441244239631333 0.3414792387543253 0.44268433179723504 0.3408304498269897 0.4311635944700461 0.34537197231833916 0.4274193548387097 0.3488321799307959 0.4297235023041475 0.3799740484429066 0.43202764976958524 0.3827854671280277
2 0.32862903225806456 0.4016003460207613 0.3317972350230415 0.4033304498269897 0.33813364055299544 0.4048442906574395 0.34101382488479265 0.4041955017301039 0.3490783410138249 0.4046280276816609 0.3522465437788019 0.4037629757785467 0.36088709677419356 0.39835640138408307 0.3663594470046083 0.39749134948096887 0.37355990783410137 0.3938148788927336 0.3813364055299539 0.379757785467128 0.3816244239631337 0.37586505190311426 0.38018433179723504 0.370242214532872 0.3724078341013825 0.3626730103806229 0.3692396313364056 0.3609429065743945 0.3490783410138249 0.35986159169550175 0.3415898617511521 0.3602941176470588 0.3366935483870968 0.3618079584775087 0.32690092165898615 0.3706747404844291 0.32114055299539174 0.3788927335640139 0.3194124423963134 0.38429930795847755 0.3194124423963134 0.39121972318339104 0.32862903225806456 0.4016003460207613
3 0.30760368663594473 0.29411764705882354 0.31394009216589863 0.29736159169550175 0.31768433179723504 0.2971453287197232 0.32430875576036866 0.2984429065743945 0.3289170506912443 0.2980103806228374 0.3352534562211982 0.2993079584775087 0.34014976958525345 0.3062283737024222 0.34447004608294934 0.3086072664359862 0.3490783410138249 0.30752595155709345 0.3551267281105991 0.3003892733564014 0.35714285714285715 0.2969290657439446 0.3600230414746544 0.28633217993079585 0.35714285714285715 0.2744377162629758 0.35426267281105994 0.2696799307958478 0.3450460829493088 0.26232698961937717 0.3421658986175115 0.2580017301038063 0.33813364055299544 0.25605536332179935 0.33150921658986177 0.25454152249134954 0.32805299539170507 0.254757785467128 0.32258064516129037 0.2577854671280277 0.3130760368663595 0.26535467128027684 0.309331797235023 0.2720588235294118 0.3090437788018433 0.2789792387543253 0.3058755760368664 0.28287197231833916 0.30472350230414746 0.2861159169550173 0.30472350230414746 0.2906574394463668 0.30760368663594473 0.29411764705882354
4 0.31192396313364057 0.349264705882353 0.3182603686635945 0.3533737024221454 0.32862903225806456 0.35575259515570934 0.33870967741935487 0.35510380622837373 0.34994239631336405 0.35294117647058826 0.3525345622119816 0.3512110726643599 0.3580069124423963 0.3421280276816609 0.35743087557603687 0.33499134948096887 0.3522465437788019 0.3276384083044983 0.345910138248848 0.32331314878892736 0.33755760368663595 0.32093425605536335 0.33093317972350234 0.3207179930795848 0.32373271889400923 0.3228806228373703 0.30961981566820274 0.3313148788927336 0.30760368663594473 0.33628892733564014 0.30760368663594473 0.3421280276816609 0.31192396313364057 0.349264705882353
4 0.5685483870967742 0.39035467128027684 0.5745967741935484 0.39446366782006925 0.581221198156682 0.39749134948096887 0.5979262672811061 0.39770761245674746 0.6025345622119815 0.3985726643598616 0.6111751152073733 0.3948961937716263 0.6154953917050692 0.3899221453287197 0.6160714285714286 0.38343425605536335 0.611463133640553 0.3767301038062284 0.6094470046082949 0.36591695501730104 0.6074308755760369 0.3626730103806229 0.5967741935483871 0.35553633217993086 0.5913018433179723 0.35380622837370246 0.5866935483870968 0.3531574394463668 0.5815092165898618 0.35380622837370246 0.5748847926267281 0.35748269896193774 0.5705645161290323 0.3628892733564014 0.5659562211981567 0.3782439446366782 0.565668202764977 0.3806228373702422 0.5685483870967742 0.39035467128027684
4 0.4933755760368664 0.5542820069204153 0.49567972350230416 0.5570934256055364 0.5017281105990784 0.5607698961937717 0.5051843317972351 0.5609861591695502 0.5109447004608295 0.5570934256055364 0.5308179723502304 0.5467128027681661 0.5293778801843319 0.5443339100346021 0.5192972350230415 0.5462802768166091 0.5080645161290323 0.5462802768166091 0.5020161290322581 0.5443339100346021 0.494815668202765 0.5380622837370242 0.4922235023041475 0.5402249134948097 0.4919354838709678 0.5467128027681661 0.4933755760368664 0.5542820069204153
4 0.4663018433179723 0.6788494809688582 0.4755184331797235 0.6833910034602076 0.4807027649769585 0.6849048442906576 0.4838709677419355 0.6844723183391004 0.48963133640552997 0.6749567474048443 0.4962557603686636 0.6710640138408305 0.501152073732719 0.6701989619377163 0.504320276497696 0.6682525951557093 0.5072004608294931 0.6615484429065744 0.5060483870967742 0.654628027681661 0.49913594470046085 0.6399221453287198 0.4982718894009217 0.6392733564013842 0.47695852534562216 0.6399221453287198 0.46716589861751157 0.6544117647058825 0.4657258064516129 0.6602508650519032 0.4642857142857143 0.6753892733564014 0.4663018433179723 0.6788494809688582
5 0.3029953917050691 0.48810553633218 0.31394009216589863 0.49567474048442917 0.3197004608294931 0.4967560553633218 0.32747695852534564 0.49567474048442917 0.3303571428571429 0.4945934256055364 0.3332373271889401 0.4913494809688582 0.3346774193548387 0.48010380622837373 0.33381336405529954 0.4772923875432526 0.3320852534562212 0.476643598615917 0.3136520737327189 0.47210207612456745 0.3067396313364056 0.47383217993079585 0.3035714285714286 0.4768598615916956 0.3018433179723502 0.48075259515570934 0.3015552995391705 0.48464532871972327 0.3029953917050691 0.48810553633218
5 0.2828341013824885 0.516219723183391 0.28773041474654376 0.5209775086505191 0.2929147465437788 0.5237889273356402 0.30529953917050695 0.5255190311418685 0.31163594470046085 0.5248702422145329 0.31682027649769584 0.5222750865051904 0.3182603686635945 0.5168685121107266 0.31710829493087556 0.5101643598615917 0.3159562211981567 0.5084342560553633 0.30817972350230416 0.5030276816608997 0.29809907834101385 0.5012975778546713 0.2897465437788019 0.5021626297577855 0.2842741935483871 0.5051903114186851 0.28168202764976963 0.5097318339100346 0.28139400921658986 0.5127595155709342 0.2828341013824885 0.516219723183391
5 0.45737327188940097 0.5192474048442908 0.4596774193548387 0.520544982698962 0.47033410138248855 0.5227076124567475 0.4758064516129032 0.5201124567474049 0.47839861751152074 0.5179498269896194 0.48473502304147464 0.5086505190311419 0.48502304147465436 0.504325259515571 0.4821428571428571 0.4967560553633218 0.4740783410138249 0.49026816608996543 0.47062211981566826 0.4889705882352942 0.46226958525345624 0.4896193771626298 0.4599654377880184 0.4900519031141869 0.45622119815668205 0.49351211072664364 0.4536290322580645 0.5012975778546713 0.4533410138248848 0.5121107266435987 0.45737327188940097 0.5192474048442908
5 0.4876152073732719 0.5058391003460209 0.49078341013824883 0.5058391003460209 0.4942396313364055 0.5015138408304499 0.5092165898617511 0.4965397923875433 0.5152649769585254 0.4963235294117648 0.5169930875576038 0.49480968858131497 0.5158410138248848 0.4891868512110727 0.5132488479262672 0.4835640138408305 0.511520737327189 0.48248269896193774 0.5054723502304148 0.48248269896193774 0.4876152073732719 0.48486159169550175 0.4858870967741936 0.4859429065743945 0.4838709677419355 0.49026816608996543 0.4835829493087558 0.49567474048442917 0.4876152073732719 0.5058391003460209
5 0.4277073732718894 0.673659169550173 0.43029953917050695 0.6764705882352942 0.435483870967742 0.6788494809688582 0.4395161290322581 0.6790657439446368 0.445852534562212 0.6777681660899655 0.4504608294930875 0.6749567474048443 0.45247695852534564 0.6719290657439447 0.45074884792626724 0.6663062283737025 0.44614055299539174 0.6628460207612458 0.4357718894009217 0.6621972318339101 0.42828341013824883 0.6647923875432526 0.42655529953917054 0.6667387543252595 0.42597926267281105 0.6695501730103807 0.4277073732718894 0.673659169550173
5 0.4308755760368664 0.6957179930795848 0.4423963133640553 0.7043685121107267 0.44671658986175117 0.7050173010380624 0.4582373271889401 0.7030709342560554 0.46082949308755766 0.6998269896193772 0.46255760368663595 0.6926903114186851 0.4616935483870968 0.689446366782007 0.45650921658986177 0.6823096885813149 0.45074884792626724 0.679930795847751 0.44268433179723504 0.6794982698961938 0.43634792626728114 0.6810121107266436 0.43001152073732724 0.685121107266436 0.4294354838709678 0.6905276816608997 0.4308755760368664 0.6957179930795848
5 0.4936635944700461 0.6920415224913495 0.5080645161290323 0.6948529411764707 0.5097926267281105 0.6944204152249135 0.5118087557603687 0.6922577854671281 0.5155529953917051 0.6929065743944637 0.5192972350230415 0.6818771626297578 0.5169930875576038 0.6747404844290659 0.5120967741935484 0.6712802768166091 0.5048963133640554 0.6699826989619377 0.49452764976958524 0.6717128027681661 0.4902073732718894 0.6747404844290659 0.4876152073732719 0.6786332179930796 0.4884792626728111 0.6868512110726643 0.4936635944700461 0.6920415224913495
5 0.861463133640553 0.723832179930796 0.8747119815668203 0.7277249134948097 0.8833525345622121 0.7322664359861593 0.8870967741935484 0.7303200692041523 0.8934331797235023 0.7236159169550174 0.8945852534562212 0.7208044982698962 0.8940092165898618 0.7173442906574394 0.8882488479262672 0.7065311418685122 0.8839285714285715 0.7011245674740485 0.879320276497696 0.6987456747404844 0.8732718894009217 0.698529411764706 0.8683755760368663 0.7006920415224914 0.8657834101382489 0.703719723183391 0.8629032258064516 0.7108564013840831 0.8582949308755762 0.7158304498269896 0.8580069124423962 0.7205882352941176 0.861463133640553 0.723832179930796
5 0.9190668202764977 0.7616782006920416 0.9268433179723502 0.7660034602076126 0.9328917050691243 0.767733564013841 0.9467165898617512 0.7690311418685122 0.952188940092166 0.7653546712802769 0.9550691244239632 0.7621107266435987 0.9533410138248849 0.7549740484429066 0.9455645161290323 0.747621107266436 0.9392281105990783 0.7439446366782008 0.9360599078341014 0.7430795847750866 0.9294354838709677 0.7430795847750866 0.9256912442396313 0.7445934256055364 0.921947004608295 0.7493512110726643 0.9153225806451614 0.7545415224913495 0.9156105990783411 0.7584342560553634 0.9190668202764977 0.7616782006920416
5 0.889688940092166 0.7897923875432526 0.8977534562211982 0.8010380622837371 0.9006336405529953 0.8027681660899655 0.9043778801843319 0.8034169550173011 0.9112903225806452 0.8010380622837371 0.921947004608295 0.8008217993079585 0.9302995391705069 0.7943339100346021 0.9302995391705069 0.7919550173010381 0.9245391705069125 0.7828719723183392 0.9184907834101382 0.7778979238754327 0.913594470046083 0.7766003460207613 0.9112903225806452 0.7742214532871973 0.9066820276497696 0.7761678200692043 0.900921658986175 0.7766003460207613 0.896889400921659 0.7778979238754327 0.8940092165898618 0.7791955017301039 0.8899769585253458 0.7830882352941178 0.8891129032258064 0.7856833910034602 0.889688940092166 0.7897923875432526
5 0.8220046082949309 0.7649221453287198 0.8194124423963134 0.7714100346020761 0.8194124423963134 0.7759515570934257 0.8211405529953918 0.7794117647058825 0.8251728110599078 0.780060553633218 0.8332373271889401 0.7781141868512111 0.8387096774193548 0.7798442906574394 0.8418778801843319 0.7794117647058825 0.8476382488479264 0.7768166089965398 0.8487903225806452 0.7759515570934257 0.8493663594470047 0.7673010380622838 0.8557027649769585 0.7549740484429066 0.8557027649769585 0.7506487889273357 0.8528225806451614 0.7495674740484429 0.8487903225806452 0.7506487889273357 0.8418778801843319 0.7443771626297578 0.8352534562211982 0.7411332179930796 0.8280529953917052 0.7391868512110726 0.8243087557603687 0.7389705882352942 0.8202764976958525 0.740484429065744 0.814804147465438 0.7441608996539794 0.8159562211981568 0.7521626297577855 0.8220046082949309 0.7649221453287198