5 0.28715437788018433 0.43317474048442917 0.28801843317972353 0.4355536332179931 0.29089861751152074 0.4370674740484429 0.3133640552995392 0.44009515570934254 0.3283410138248848 0.43987889273356406 0.3320852534562212 0.43858131487889274 0.3332373271889401 0.4359861591695502 0.33294930875576034 0.43144463667820077 0.3257488479262673 0.4219290657439447 0.3254608294930876 0.41825259515570934 0.32258064516129037 0.411764705882353 0.31422811059907835 0.4078719723183391 0.31077188940092165 0.40808823529411764 0.2998271889400922 0.4126297577854672 0.29176267281105994 0.4178200692041523 0.28830645161290325 0.42171280276816614 0.2868663594470046 0.4249567474048443 0.28715437788018433 0.43317474048442917
5 0.5564516129032258 0.4673442906574395 0.557315668202765 0.47058823529411764 0.5607718894009217 0.47534602076124577 0.5780529953917051 0.48183391003460213 0.5852534562211982 0.481401384083045 0.5999423963133641 0.4779411764705883 0.6042626728110599 0.47058823529411764 0.6036866359447004 0.4649653979238755 0.6005184331797235 0.4586937716262976 0.5924539170506913 0.4483131487889274 0.584389400921659 0.44204152249134954 0.5786290322580645 0.44052768166089973 0.568836405529954 0.44117647058823534 0.5627880184331797 0.44506920415224915 0.5587557603686636 0.45025951557093424 0.556163594470046 0.4563148788927336 0.5564516129032258 0.4673442906574395
5 0.6025345622119815 0.45263840830449825 0.6045506912442397 0.4578287197231834 0.6077188940092166 0.46107266435986166 0.6126152073732719 0.46258650519031147 0.6273041474654378 0.46215397923875434 0.6304723502304148 0.46128892733564014 0.6379608294930875 0.4567474048442907 0.6394009216589862 0.45285467128027684 0.6402649769585254 0.4429065743944637 0.6379608294930875 0.43036332179930803 0.6353686635944701 0.4262543252595156 0.628168202764977 0.42149653979238755 0.6232718894009217 0.42019896193771633 0.616647465437788 0.42019896193771633 0.6126152073732719 0.42128027681660907 0.6082949308755761 0.4251730103806229 0.6054147465437788 0.42949826989619383 0.6022465437788018 0.4372837370242215 0.6013824884792627 0.4448529411764707 0.6025345622119815 0.45263840830449825
5 0.7998271889400922 0.6031574394463668 0.8073156682027649 0.6096453287197232 0.8153801843317974 0.6139705882352942 0.8245967741935484 0.6204584775086506 0.8280529953917052 0.6215397923875433 0.8349654377880185 0.6219723183391004 0.8413018433179724 0.6195934256055364 0.8464861751152075 0.6126730103806228 0.8461981566820278 0.6094290657439447 0.8441820276497696 0.6053200692041523 0.838421658986175 0.6007785467128028 0.8237327188940092 0.5940743944636678 0.8171082949308757 0.592128027681661 0.8073156682027649 0.5912629757785467 0.8038594470046083 0.5916955017301039 0.7995391705069125 0.5953719723183392 0.7986751152073733 0.5996972318339101 0.7998271889400922 0.6031574394463668
5 0.8398617511520738 0.6544117647058825 0.8418778801843319 0.6559256055363323 0.8456221198156681 0.6567906574394464 0.8519585253456221 0.661332179930796 0.8629032258064516 0.6654411764705883 0.8663594470046083 0.6654411764705883 0.8718317972350231 0.6626297577854672 0.8801843317972351 0.6604671280276817 0.8850806451612904 0.6576557093425606 0.8856566820276498 0.6509515570934257 0.8796082949308757 0.6466262975778547 0.8715437788018434 0.6453287197231835 0.861463133640553 0.6420847750865052 0.8588709677419356 0.6403546712802768 0.8441820276497696 0.6377595155709342 0.8418778801843319 0.6362456747404844 0.838421658986175 0.6362456747404844 0.8361175115207373 0.6418685121107267 0.8366935483870968 0.6492214532871973 0.8398617511520738 0.6544117647058825
5 0.5645161290322581 0.8343425605536332 0.5717165898617511 0.8399653979238755 0.5769009216589862 0.8419117647058825 0.5838133640552996 0.8429930795847751 0.5921658986175116 0.8429930795847751 0.5961981566820277 0.8401816608996541 0.5999423963133641 0.8334775086505191 0.6013824884792627 0.8280709342560554 0.5993663594470047 0.8207179930795849 0.5967741935483871 0.8183391003460209 0.5815092165898618 0.8135813148788928 0.5745967741935484 0.8140138408304498 0.5673963133640554 0.8163927335640139 0.5645161290322581 0.8202854671280277 0.5633640552995393 0.8246107266435987 0.5630760368663594 0.8293685121107266 0.5645161290322581 0.8343425605536332
5 0.1716589861751152 0.9876730103806229 0.17857142857142858 0.9913494809688583 0.1826036866359447 0.9919982698961938 0.19642857142857145 0.9917820069204153 0.21658986175115208 0.9896193771626299 0.2203341013824885 0.9876730103806229 0.22235023041474652 0.9818339100346021 0.2226382488479263 0.9770761245674742 0.21918202764976957 0.9638840830449829 0.21658986175115208 0.9625865051903115 0.201036866359447 0.9643166089965399 0.19210829493087558 0.9658304498269897 0.18202764976958524 0.9692906574394465 0.17511520737327188 0.9697231833910035 0.17021889400921658 0.9801038062283738 0.16993087557603687 0.9844290657439447 0.1716589861751152 0.9876730103806229
4 0.28629032258064513 0.9535034602076126 0.29781105990783413 0.9543685121107266 0.3067396313364056 0.957612456747405 0.3127880184331797 0.9573961937716264 0.32171658986175117 0.9502595155709344 0.3248847926267281 0.9448529411764707 0.3283410138248848 0.9331747404844292 0.32862903225806456 0.9247404844290659 0.3254608294930876 0.9208477508650519 0.31710829493087556 0.9176038062283738 0.3101958525345622 0.9176038062283738 0.3027073732718894 0.9191176470588236 0.2926267281105991 0.9191176470588236 0.2894585253456221 0.9210640138408305 0.28830645161290325 0.9232266435986161 0.2860023041474654 0.9355536332179932 0.28513824884792627 0.9472318339100347 0.28629032258064513 0.9535034602076126
4 0.6273041474654378 0.7869809688581315 0.636520737327189 0.789143598615917 0.6440092165898618 0.7887110726643599 0.6523617511520737 0.7839532871972319 0.6589861751152074 0.7778979238754327 0.6667626728110599 0.7623269896193772 0.6664746543778802 0.7577854671280277 0.661578341013825 0.7517301038062285 0.6543778801843319 0.7467560553633219 0.6506336405529953 0.7461072664359862 0.6466013824884793 0.747188581314879 0.6402649769585254 0.7493512110726643 0.6221198156682027 0.7631920415224914 0.6192396313364055 0.7718425605536333 0.619815668202765 0.7791955017301039 0.6273041474654378 0.7869809688581315
4 0.8683755760368663 0.6926903114186851 0.8732718894009217 0.6961505190311419 0.8879608294930875 0.7011245674740485 0.8919930875576038 0.7000432525951558 0.9020737327188941 0.6926903114186851 0.9066820276497696 0.6855536332179931 0.9063940092165899 0.6794982698961938 0.8922811059907835 0.6630622837370244 0.8870967741935484 0.6606833910034602 0.8833525345622121 0.6606833910034602 0.8732718894009217 0.6634948096885813 0.8695276497695852 0.6658737024221454 0.8660714285714286 0.6738754325259516 0.86463133640553 0.6857698961937717 0.8683755760368663 0.6926903114186851
4 0.618663594470046 0.5090830449826991 0.6232718894009217 0.5125432525951558 0.6298963133640554 0.5153546712802768 0.643721198156682 0.5151384083044983 0.6474654377880185 0.5136245674740485 0.6601382488479264 0.5015138408304499 0.6604262672811061 0.49243079584775085 0.6586981566820277 0.48421280276816614 0.6526497695852534 0.4733996539792388 0.6474654377880185 0.47037197231833916 0.6368087557603687 0.469506920415225 0.6258640552995393 0.47404844290657444 0.6183755760368663 0.48248269896193774 0.6157834101382489 0.4872404844290658 0.61463133640553 0.49286332179930803 0.61463133640553 0.5008650519031141 0.618663594470046 0.5090830449826991
4 0.2269585253456221 0.4883217993079585 0.2341589861751152 0.49307958477508657 0.25547235023041476 0.4989186851211073 0.2658410138248848 0.4997837370242215 0.2698732718894009 0.4978373702422146 0.2808179723502304 0.49480968858131497 0.2839861751152074 0.4915657439446367 0.2865783410138249 0.4811851211072665 0.28513824884792627 0.4772923875432526 0.26526497695852536 0.4641003460207613 0.23012672811059906 0.46064013840830453 0.22494239631336405 0.46280276816608995 0.2217741935483871 0.4669117647058824 0.22119815668202766 0.4697231833910035 0.22119815668202766 0.48075259515570934 0.2269585253456221 0.4883217993079585
3 0.26180875576036866 0.4608564013840831 0.2790898617511521 0.47296712802768165 0.28629032258064513 0.4770761245674741 0.3070276497695853 0.48291522491349487 0.320852534562212 0.48378027681660907 0.32661290322580644 0.4803200692041523 0.33150921658986177 0.4796712802768167 0.33496543778801846 0.4764273356401384 0.342741935483871 0.46388408304498274 0.3421658986175115 0.4571799307958478 0.3364055299539171 0.448961937716263 0.32805299539170507 0.4413927335640139 0.3245967741935484 0.44052768166089973 0.3122119815668203 0.44031141868512114 0.2986751152073733 0.43858131487889274 0.2828341013824885 0.43879757785467133 0.2646889400921659 0.4431228373702423 0.2606566820276498 0.4457179930795848 0.258352534562212 0.44961072664359863 0.25806451612903225 0.4530709342560554 0.26180875576036866 0.4608564013840831
3 0.2828341013824885 0.5395761245674742 0.2865783410138249 0.5436851211072665 0.2929147465437788 0.5467128027681661 0.3038594470046083 0.5490916955017301 0.3297811059907834 0.5508217993079585 0.3320852534562212 0.5503892733564014 0.34014976958525345 0.5456314878892734 0.3487903225806452 0.5445501730103807 0.35455069124423966 0.5400086505190311 0.35627880184331795 0.5346020761245676 0.35627880184331795 0.5231401384083045 0.35455069124423966 0.5188148788927336 0.35080645161290325 0.5149221453287198 0.3421658986175115 0.5097318339100346 0.33496543778801846 0.5080017301038062 0.3191244239631337 0.5118944636678201 0.3029953917050691 0.5201124567474049 0.2897465437788019 0.5224913494809689 0.28513824884792627 0.5259515570934257 0.28225806451612906 0.530060553633218 0.28168202764976963 0.536764705882353 0.2828341013824885 0.5395761245674742