5 0.6736751152073733 0.35358996539792387 0.6782834101382489 0.356401384083045 0.6872119815668203 0.3596453287197232 0.6923963133640554 0.3596453287197232 0.707373271889401 0.3486159169550173 0.7099654377880185 0.34602076124567477 0.7134216589861752 0.3393166089965398 0.7142857142857143 0.33109861591695505 0.7099654377880185 0.319204152249135 0.7033410138248848 0.3163927335640139 0.6926843317972351 0.31682525951557095 0.6892281105990784 0.3187716262975779 0.6765552995391706 0.3315311418685122 0.6725230414746544 0.3414792387543253 0.6705069124423964 0.34904844290657444 0.6736751152073733 0.35358996539792387
5 0.7027649769585254 0.37954152249134954 0.7067972350230415 0.38343425605536335 0.7168778801843319 0.386461937716263 0.7226382488479264 0.38667820069204156 0.731278801843318 0.38408304498269896 0.7410714285714286 0.37629757785467133 0.7474078341013825 0.3698096885813149 0.7505760368663594 0.35748269896193774 0.7505760368663594 0.3527249134948097 0.7485599078341014 0.34731833910034604 0.7445276497695853 0.34515570934256057 0.7361751152073733 0.34515570934256057 0.7307027649769585 0.34645328719723184 0.7229262672811061 0.3518598615916955 0.7056451612903226 0.3674307958477509 0.7027649769585254 0.3713235294117647 0.7019009216589862 0.37326989619377166 0.7027649769585254 0.37954152249134954
5 0.5737327188940092 0.3626730103806229 0.5832373271889402 0.3680795847750865 0.5892857142857143 0.3728373702422146 0.5915898617511521 0.37586505190311426 0.5950460829493088 0.37694636678200694 0.5999423963133641 0.37651384083044986 0.6022465437788018 0.37716262975778553 0.6039746543778802 0.37564878892733566 0.6123271889400922 0.3730536332179931 0.611463133640553 0.3706747404844291 0.6137672811059909 0.36613321799307963 0.61463133640553 0.35553633217993086 0.6131912442396313 0.3525086505190312 0.6042626728110599 0.34537197231833916 0.5913018433179723 0.3386678200692042 0.5780529953917051 0.33715397923875434 0.5714285714285714 0.340181660899654 0.5659562211981567 0.34537197231833916 0.566820276497696 0.35596885813148793 0.5737327188940092 0.3626730103806229
5 0.070852534562212 0.40095155709342567 0.07776497695852534 0.40743944636678203 0.08726958525345622 0.41955017301038067 0.09158986175115208 0.42149653979238755 0.097926267281106 0.42171280276816614 0.10253456221198157 0.4234429065743945 0.1088709677419355 0.42128027681660907 0.11232718894009217 0.4210640138408305 0.125 0.4163062283737024 0.13450460829493088 0.4078719723183391 0.1347926267281106 0.4041955017301039 0.1336405529953917 0.40095155709342567 0.12730414746543778 0.39359861591695505 0.11434331797235024 0.38602941176470595 0.08842165898617513 0.37608131487889274 0.08035714285714286 0.3752162629757786 0.07603686635944701 0.37651384083044986 0.070852534562212 0.38019031141868515 0.0673963133640553 0.3873269896193772 0.06710829493087558 0.3938148788927336 0.070852534562212 0.40095155709342567
5 0.14256912442396313 0.41846885813148793 0.14775345622119815 0.4227941176470589 0.1509216589861751 0.42149653979238755 0.15697004608294932 0.4134948096885814 0.16820276497695855 0.4016003460207613 0.17309907834101385 0.39878892733564014 0.18519585253456222 0.3946799307958478 0.1863479262672811 0.38711072664359863 0.18375576036866362 0.3832179930795848 0.17857142857142858 0.3804065743944637 0.17194700460829493 0.37867647058823534 0.1641705069124424 0.37932525951557095 0.1578341013824885 0.3814878892733564 0.14919354838709678 0.3884083044982699 0.14372119815668202 0.3948961937716263 0.13940092165898618 0.4046280276816609 0.1396889400921659 0.41154844290657444 0.14256912442396313 0.41846885813148793
5 0.14976958525345624 0.4470155709342561 0.15697004608294932 0.45350346020761245 0.16186635944700462 0.456098615916955 0.1679147465437788 0.4573961937716263 0.17511520737327188 0.4576124567474049 0.18173963133640553 0.45523356401384085 0.19671658986175117 0.44333910034602075 0.201036866359447 0.4372837370242215 0.2036290322580645 0.4249567474048443 0.20247695852534564 0.41111591695501737 0.19930875576036866 0.40268166089965407 0.19268433179723504 0.39749134948096887 0.18577188940092165 0.395544982698962 0.18202764976958524 0.3957612456747405 0.17223502304147467 0.39922145328719727 0.16618663594470046 0.4033304498269897 0.15841013824884792 0.411764705882353 0.14976958525345624 0.4236591695501731 0.14775345622119815 0.42841695501730104 0.14746543778801843 0.4431228373702423 0.14976958525345624 0.4470155709342561
5 0.6057027649769585 0.6559256055363323 0.6074308755760369 0.654628027681661 0.6108870967741936 0.6539792387543253 0.6134792626728112 0.6544117647058825 0.616647465437788 0.6583044982698962 0.6232718894009217 0.6587370242214534 0.6373847926267281 0.6554930795847751 0.6411290322580645 0.6477076124567475 0.6382488479262673 0.6368944636678201 0.6342165898617511 0.629325259515571 0.6267281105990784 0.6213235294117647 0.6224078341013825 0.6200259515570934 0.6103110599078342 0.6217560553633218 0.6057027649769585 0.6241349480968859 0.6022465437788018 0.6286764705882353 0.6005184331797235 0.6336505190311419 0.6008064516129032 0.6500865051903115 0.6057027649769585 0.6559256055363323
5 0.6215437788018433 0.717560553633218 0.6252880184331797 0.7236159169550174 0.6301843317972351 0.7272923875432526 0.6304723502304148 0.7305363321799309 0.6336405529953917 0.7365916955017302 0.643721198156682 0.7374567474048443 0.6460253456221199 0.7363754325259516 0.6555299539170507 0.7350778546712803 0.6650345622119815 0.7311851211072665 0.6673387096774194 0.7244809688581315 0.665610599078341 0.7197231833910035 0.6667626728110599 0.7138840830449827 0.6661866359447004 0.7095588235294119 0.6540898617511521 0.6952854671280277 0.6471774193548387 0.6937716262975779 0.643721198156682 0.6896626297577855 0.6327764976958525 0.6849048442906576 0.628168202764977 0.6868512110726643 0.6241359447004609 0.6898788927335641 0.6183755760368663 0.697015570934256 0.6180875576036866 0.7028546712802768 0.6215437788018433 0.717560553633218
5 0.28197004608294934 0.837370242214533 0.28801843317972353 0.8401816608996541 0.29694700460829493 0.8466695501730104 0.3001152073732719 0.8466695501730104 0.3018433179723502 0.8458044982698963 0.30817972350230416 0.8419117647058825 0.31048387096774194 0.8393166089965399 0.3133640552995392 0.8382352941176471 0.31394009216589863 0.8343425605536332 0.3162442396313364 0.831098615916955 0.31797235023041476 0.8217993079584776 0.31739631336405527 0.814446366782007 0.3136520737327189 0.8055795847750865 0.30961981566820274 0.8025519031141869 0.30472350230414746 0.8012543252595157 0.3001152073732719 0.8012543252595157 0.2932027649769585 0.8042820069204153 0.2857142857142857 0.810121107266436 0.28139400921658986 0.8174740484429066 0.2799539170506912 0.8241782006920415 0.280241935483871 0.8352076124567475 0.28197004608294934 0.837370242214533
5 0.24481566820276499 0.911764705882353 0.25172811059907835 0.9210640138408305 0.25518433179723504 0.9236591695501731 0.26152073732718895 0.9253892733564015 0.27592165898617516 0.9269031141868513 0.2831221198156682 0.9236591695501731 0.2903225806451613 0.9171712802768166 0.29435483870967744 0.9083044982698963 0.2955069124423963 0.8933823529411766 0.29406682027649766 0.890787197231834 0.28715437788018433 0.8847318339100347 0.2790898617511521 0.8806228373702423 0.2721774193548387 0.8801903114186851 0.26152073732718895 0.8834342560553633 0.25777649769585254 0.886029411764706 0.24769585253456222 0.8964100346020762 0.24539170506912442 0.9009515570934257 0.24423963133640555 0.9076557093425606 0.24481566820276499 0.911764705882353
4 0.19642857142857145 0.3994377162629758 0.1995967741935484 0.40181660899653987 0.20218894009216593 0.4057093425605537 0.204205069124424 0.41111591695501737 0.204205069124424 0.42171280276816614 0.20650921658986174 0.4236591695501731 0.21284562211981567 0.41846885813148793 0.2154377880184332 0.4085207612456748 0.2203341013824885 0.4044117647058824 0.2206221198156682 0.3970588235294118 0.21947004608294934 0.3938148788927336 0.21198156682027652 0.38667820069204156 0.2033410138248848 0.3836505190311419 0.19930875576036866 0.3832179930795848 0.19268433179723504 0.38429930795847755 0.18836405529953917 0.38602941176470595 0.18663594470046083 0.38884083044982704 0.18692396313364057 0.39532871972318345 0.19642857142857145 0.3994377162629758
4 0.06394009216589862 0.4530709342560554 0.06595622119815668 0.4565311418685122 0.07920506912442396 0.4684256055363322 0.08525345622119816 0.47080449826989623 0.09619815668202766 0.47080449826989623 0.10714285714285714 0.4656141868512111 0.11117511520737326 0.46280276816608995 0.11232718894009217 0.4599913494809689 0.11607142857142858 0.4593425605536333 0.11952764976958526 0.46107266435986166 0.12442396313364054 0.46020761245674746 0.1298963133640553 0.4565311418685122 0.13018433179723504 0.45242214532871977 0.12730414746543778 0.44961072664359863 0.1189516129032258 0.4463667820069205 0.11578341013824885 0.4431228373702423 0.10915898617511521 0.43166089965397925 0.10570276497695852 0.4290657439446367 0.10224654377880185 0.4290657439446367 0.09994239631336406 0.43166089965397925 0.09648617511520738 0.43166089965397925 0.0858294930875576 0.4266868512110727 0.07891705069124424 0.4271193771626298 0.07142857142857142 0.42928200692041524 0.0673963133640553 0.43187716262975784 0.06278801843317973 0.43944636678200694 0.0625 0.4470155709342561 0.06394009216589862 0.4530709342560554
4 0.5731566820276498 0.6786332179930796 0.5760368663594471 0.6812283737024222 0.5829493087557605 0.6825259515570935 0.5884216589861752 0.6864186851211074 0.592741935483871 0.6879325259515572 0.5970622119815668 0.678416955017301 0.601094470046083 0.673659169550173 0.6022465437788018 0.6689013840830451 0.6013824884792627 0.661332179930796 0.6042626728110599 0.6544117647058825 0.6005184331797235 0.6481401384083045 0.6005184331797235 0.638840830449827 0.5982142857142858 0.636461937716263 0.595910138248848 0.6355968858131489 0.589573732718894 0.6351643598615918 0.5820852534562213 0.636029411764706 0.5743087557603687 0.640787197231834 0.5702764976958525 0.6477076124567475 0.5699884792626728 0.6548442906574394 0.5731566820276498 0.6786332179930796
2 0.7635368663594471 0.07115051903114188 0.7635368663594471 0.07482698961937717 0.7655529953917051 0.08066608996539794 0.768721198156682 0.08499134948096887 0.7730414746543779 0.08845155709342561 0.7816820276497696 0.09191176470588236 0.7900345622119815 0.09818339100346021 0.8035714285714286 0.09926470588235295 0.8153801843317974 0.09429065743944638 0.8251728110599078 0.0929930795847751 0.834389400921659 0.0856401384083045 0.8433179723502304 0.08153114186851211 0.8574308755760368 0.06769031141868512 0.8591589861751153 0.06358131487889274 0.8608870967741936 0.05320069204152249 0.866647465437788 0.044550173010380625 0.8677995391705069 0.040008650519031144 0.866647465437788 0.022058823529411766 0.86463133640553 0.0166522491349481 0.8631912442396313 0.01535467128027682 0.8571428571428571 0.01384083044982699 0.8554147465437788 0.012110726643598618 0.8508064516129032 0.011029411764705883 0.8415898617511521 0.011678200692041524 0.836405529953917 0.012975778546712804 0.8038594470046083 0.009731833910034602 0.7995391705069125 0.01124567474048443 0.7975230414746545 0.01384083044982699 0.7952188940092166 0.014705882352941176 0.7946428571428572 0.016435986159169552 0.7900345622119815 0.01773356401384083 0.788594470046083 0.016868512110726645 0.7842741935483871 0.0166522491349481 0.7828341013824885 0.01535467128027682 0.7788018433179724 0.017084775086505192 0.7759216589861752 0.01578719723183391 0.771889400921659 0.026816608996539794 0.7724654377880185 0.027465397923875434 0.7733294930875576 0.026816608996539794 0.7871543778801844 0.03438581314878893 0.7819700460829494 0.040008650519031144 0.7785138248847926 0.0397923875432526 0.7776497695852534 0.041306228373702424 0.771889400921659 0.04498269896193772 0.7661290322580645 0.05406574394463668 0.7646889400921659 0.0596885813148789 0.7649769585253456 0.06790657439446367 0.7635368663594471 0.07115051903114188
2 0.413594470046083 0.4353373702422146 0.41618663594470046 0.4463667820069205 0.4216589861751152 0.45134083044982704 0.4357718894009217 0.4591262975778547 0.4392281105990784 0.45891003460207613 0.44470046082949305 0.4459342560553633 0.4481566820276498 0.44204152249134954 0.4550691244239632 0.4381487889273357 0.46082949308755766 0.4372837370242215 0.4634216589861751 0.43793252595155713 0.46658986175115214 0.4366349480968858 0.47206221198156684 0.43101211072664364 0.4711981566820277 0.4256055363321799 0.46687788018433185 0.42171280276816614 0.45910138248847926 0.418901384083045 0.44470046082949305 0.40938581314878897 0.4317396313364055 0.4063581314878893 0.42569124423963134 0.4063581314878893 0.41618663594470046 0.41025086505190317 0.41273041474654376 0.4150086505190312 0.41042626728110604 0.42171280276816614 0.41013824884792627 0.42863321799307963 0.413594470046083 0.4353373702422146
2 0.4683179723502304 0.467560553633218 0.4807027649769585 0.47534602076124577 0.48819124423963134 0.4772923875432526 0.5054723502304148 0.4749134948096886 0.5178571428571429 0.47080449826989623 0.5236175115207373 0.4669117647058824 0.5233294930875576 0.46237024221453293 0.527073732718894 0.4576124567474049 0.5328341013824885 0.4530709342560554 0.5362903225806452 0.4457179930795848 0.5362903225806452 0.4288494809688582 0.5331221198156683 0.416522491349481 0.5227534562211982 0.4078719723183391 0.5095046082949308 0.4046280276816609 0.5048963133640554 0.4046280276816609 0.49107142857142855 0.41025086505190317 0.48300691244239635 0.4173875432525952 0.4798387096774194 0.4225778546712803 0.4663018433179723 0.43879757785467133 0.4660138248847926 0.44355536332179935 0.4631336405529954 0.45155709342560557 0.4639976958525346 0.4567474048442907 0.4683179723502304 0.467560553633218