2 0.4912124408360593 0.45016327547472823 0.4924260998207643 0.4470944853003208 0.49567959856627103 0.44564240896670226 0.5048105079772184 0.4460087759060875 0.509519774324395 0.4445196076474246 0.5143832358555348 0.44058765962905094 0.5190173948594299 0.43867253645991544 0.5179826786406087 0.4344630012312475 0.5201016062420921 0.43321098040185363 0.5226623523109446 0.42617147635603764 0.5276049016827659 0.41937079366748115 0.5300905404083369 0.41190533471119267 0.5283670520102615 0.39881368218967195 0.5242785468963375 0.38723704182883756 0.5192017048275532 0.3800070563738278 0.5041598115769246 0.37431457912554694 0.4982991874986043 0.3742499693704889 0.49011110037607625 0.37591334923135317 0.47830678388135406 0.38194755397207514 0.47440691172315397 0.38636839272798895 0.4704279517242724 0.39365796615408566 0.46729593958600824 0.4040921875326692 0.4639841200843402 0.40687214247376113 0.46121881907016354 0.41109292572545036 0.4590000365434781 0.41675453728773676 0.45876675351883334 0.42206605171763034 0.455580401121808 0.43053346212303206 0.4561980464551807 0.43569493492475697 0.4661679427319454 0.44579532897794005 0.4745190506307567 0.45003238203662155 0.48297001345477025 0.44985984436241055 0.48589833524523024 0.45153949403026744 0.4912124408360593 0.45016327547472823
2 0.43648444052901614 0.4317046033903754 0.44080536407006476 0.42303713748074917 0.44712459320287434 0.41906809753733115 0.4524386987937034 0.41769187898179194 0.45538778766868393 0.41783067258693907 0.4579237861556161 0.41562671418448804 0.4609934970403189 0.40981506099403314 0.4572389944737618 0.40344990731097985 0.45262958305178724 0.4005294848367503 0.4391896915919915 0.39894651506502515 0.4299708687480422 0.3931056701165662 0.41821206691976087 0.39276347315121385 0.4119343719559921 0.3936508009692128 0.40062223368999994 0.39915902304735 0.398140575461829 0.40332979242298317 0.396526632178796 0.4091043536883935 0.39919692336269086 0.4209310634295086 0.4094049477590205 0.43735784531270994 0.414544091081366 0.4399652625795909 0.43130860813255 0.44381680050882544 0.43465798130585875 0.44124982302296967 0.43648444052901614 0.4317046033903754
4 0.08700468419064507 0.519679215336787 0.09451680522363924 0.5141822412816709 0.10356776219638486 0.5024847510506721 0.11143067236386621 0.5039530971912831 0.11496781389537877 0.5024510069816084 0.11639000832280795 0.4989062480206724 0.11422072095996343 0.4948967682962289 0.10919423865254023 0.4929282833950565 0.10286220343001026 0.49184880023987365 0.09910372036605311 0.48877833613747573 0.09315916335213108 0.4799445587926886 0.08858730560179728 0.4772371137736953 0.08527946659752941 0.476722379134132 0.07803420176342066 0.48041550579524606 0.0724196667994654 0.4800879047088955 0.07013373792429864 0.4787341821993989 0.06408534548777442 0.47760468516815974 0.05421218823633191 0.4813219818033068 0.04730490644699017 0.4869319055615467 0.045232358109467755 0.4967401165254334 0.046830379402900565 0.5041443135826443 0.05086852475546344 0.5104594533896415 0.06713290258311723 0.5214263531427713 0.07108313450267843 0.5222670149406949 0.07900436542632093 0.5224074824738324 0.08700468419064507 0.519679215336787
4 0.1867564376391316 0.4518020774342495 0.1902895986732441 0.4535946768052301 0.19597041538816068 0.4460050201227966 0.20101680018258405 0.4315000571206921 0.2007579049784988 0.4267145253533834 0.19660709861101353 0.4197604531806777 0.19381220491999612 0.4171788798158199 0.18871061526929145 0.4147844400041752 0.18290831194713236 0.4133919516416437 0.1770476878688121 0.4133273418865856 0.17222576050671315 0.41417757777953995 0.1653016921302511 0.41803366801983416 0.16282003390208016 0.4222044373954672 0.1636086610065364 0.4266769639554274 0.16982803521414402 0.4271175147449018 0.1752132676508546 0.42946194068049054 0.1809740368039728 0.43393614116844115 0.18408614645523672 0.43997536769313433 0.1867564376391316 0.4518020774342495
4 0.6306817860859228 0.6506602272158505 0.6320456597571908 0.6484433468623877 0.6298092260458649 0.6374185330661613 0.6367708480939676 0.6337754202811032 0.638251363277558 0.6289027827126938 0.6364576126311212 0.6270230775406125 0.6355563245117426 0.6219116186149437 0.6360564637352729 0.6147962567910483 0.6325648368702012 0.6099219452946484 0.6289477429004868 0.5993601783339388 0.6210472790613648 0.5976788547380918 0.6111197815511611 0.5994293404000568 0.604683910906029 0.6060541375584215 0.6019937172351338 0.6107008757205832 0.6014224511657222 0.6140955930533508 0.6021695441011375 0.6216498317387302 0.6076515155631702 0.637811948362649 0.6114435718013679 0.6443900795009383 0.6140882508058223 0.6461197430448513 0.6238032323759015 0.6481399157500701 0.6306817860859228 0.6506602272158505
5 0.6898632901799747 0.2846938576166872 0.6934874805469691 0.2737336535755189 0.6940251734421399 0.26683126920685973 0.692280917959544 0.2552804727480485 0.6881093445075385 0.24986725663805237 0.6822902545982591 0.2467209347575751 0.6776017553356029 0.24666924695352854 0.672250096073133 0.24783248805383146 0.6645126530102943 0.25205159737753025 0.6612759408519079 0.2552575072290946 0.6581311226239233 0.26064320550907716 0.6516872909839913 0.27385738182875263 0.650452864914766 0.27846702806586965 0.6507493137904921 0.28346553728841467 0.6542329796607637 0.2949292279461252 0.6703926574682952 0.2986678161722357 0.6801531537048155 0.2943115871713801 0.6857005423202893 0.28762385418594744 0.6898632901799747 0.2846938576166872
5 0.5745182798984481 0.33379978770043484 0.5749353507838967 0.3328478501273777 0.5792483133301451 0.3307697633790621 0.58095017004618 0.33046968012272526 0.5847294201946576 0.3319992881624136 0.5866230257662963 0.3294694026016024 0.5912571847701915 0.32755427943246695 0.5951362898438711 0.32467429673926274 0.5964665903408984 0.3189497493499085 0.5950691434953896 0.3176589626674796 0.5941718358734113 0.3092528141611554 0.592361298639854 0.3056192754711283 0.5866212965712562 0.29960421892046807 0.5745660458672488 0.29426351273257056 0.5677625995005091 0.2921691561772627 0.5639250285958703 0.2919674267450477 0.5516325143698181 0.29523292456769906 0.5435155540931715 0.3006169489196912 0.5413718789097677 0.3067045153924501 0.5419144168998588 0.31144003328370273 0.5443297933770684 0.31518652167685374 0.552547473176437 0.3203254984325362 0.5625253304480019 0.3238365133244086 0.5718775813913938 0.32877543457586655 0.5745182798984481 0.33379978770043484
5 0.7374410354831911 0.2907981633693498 0.7352589420306263 0.28174016054630535 0.7330145473245001 0.27730472591138955 0.727841830827914 0.2711896416086169 0.7230406705503354 0.27049902143886195 0.718539939645883 0.27151222091099647 0.7092133008819318 0.27667034585674066 0.6977429869345764 0.28791603727524395 0.692362599592786 0.2972095135995671 0.6898937474543356 0.3064288060738013 0.6915876431755703 0.31271810197877514 0.6996175546167351 0.3167921914582766 0.7055908397099777 0.31749573357904337 0.7123982665741173 0.3162954005536959 0.7217249053380688 0.3111372756079516 0.7374410354831911 0.2907981633693498
5 0.6519948000103599 0.6139622907050861 0.6577052094021171 0.6131749906391996 0.6714367046427188 0.6081185673735579 0.6741436849007343 0.6052256627293421 0.6716028413188821 0.5957917188718814 0.6651117658174689 0.585517113216497 0.6592966564055895 0.5790761017553644 0.6535902275112323 0.5765687122405957 0.6486180854625704 0.5765670383126053 0.6419984269566346 0.5788322586141337 0.6322131831381937 0.5880240332583543 0.6296899907409821 0.5952765147594066 0.6295525821441392 0.5994731280370628 0.6325104966114401 0.6079551343214664 0.6348132120737273 0.6110626903489088 0.6377790875358282 0.6129553174720018 0.6433199365365639 0.6117587171163694 0.6519948000103599 0.6139622907050861
5 0.6791744901957582 0.6818571068333503 0.686862438094756 0.6873090887963814 0.6904539198850297 0.6877738095598886 0.6975074358635344 0.6863104852032488 0.7030883976532489 0.6831304192537078 0.7097080561591846 0.6808651989521793 0.7130989635015343 0.6752165093409046 0.7145251384263636 0.6683770607993129 0.7104949540686007 0.6554725418310052 0.7014095593240942 0.6487297731855454 0.6908476298933974 0.6435649525278395 0.6857875744117335 0.6380888005907757 0.6772447176573182 0.6360815498365684 0.6738785578968891 0.6368946938044783 0.6662705624360931 0.6435065690118316 0.6612864788952308 0.6533889638258072 0.6606776591541783 0.6565707037033387 0.6616748217013588 0.6605672614767704 0.6680907898594907 0.6704159122216822 0.6700307746950904 0.6764422167953639 0.6732595258586768 0.6798256861051101 0.6791744901957582 0.6818571068333503
5 0.3693555712245615 0.8504585162021229 0.3753032441383635 0.8410650121256873 0.3757322565160122 0.8302290058106643 0.37432200358078327 0.8238896960296342 0.3693202688552806 0.8170856654850969 0.36304655438891176 0.8146783037224405 0.3531190568787081 0.8164287893844057 0.34333381306026733 0.825620564028626 0.3397431958675138 0.8400884351056861 0.3409449133600185 0.8469037136732446 0.34445730730961055 0.8502371691069348 0.3558741455957249 0.8519572585558167 0.3624354833454996 0.8510199168617618 0.3664232689367014 0.8520735561149216 0.3693555712245615 0.8504585162021229
5 0.34112592781114287 0.9474482207347947 0.35375642508196203 0.9460995200092691 0.3582403693992941 0.9433324870191889 0.36425916915897755 0.9376596274338812 0.3670076835860339 0.931685010664246 0.3689507843215137 0.9194840338167051 0.36722331542603814 0.9096870708758397 0.3636733678048053 0.9061406379869134 0.3536411702744794 0.900662812121859 0.3463830993506504 0.899307415684372 0.33936713704378646 0.9009837174962481 0.3289434808074526 0.9065548754014532 0.3183576683923555 0.9211581922276795 0.3170856886514894 0.9255548610095603 0.31671897752740197 0.9317682991364548 0.31790390843278626 0.9368297441860675 0.319885427437427 0.9397743366343299 0.32604250039147337 0.944837455611933 0.3343768217031644 0.9473206751526689 0.34112592781114287 0.9474482207347947
5 0.07095905410287548 0.46848709437402825 0.08351046353301297 0.47000712831868574 0.08751901620873528 0.4695199115091359 0.09726272585813518 0.46340984899033455 0.10017426106147494 0.4633356651402455 0.10854129094988656 0.4543939598763057 0.10771112967638954 0.45300314544176457 0.1055754154877857 0.4525013327532127 0.09736569668321714 0.4407729768362194 0.09213465943046975 0.43598577114092024 0.07618749756306242 0.4284765245476259 0.06789072992301218 0.4262062824621262 0.05707873088055038 0.4245991427163681 0.05133076781715233 0.42517346532701855 0.04487811058489995 0.43004442896743766 0.041507970327070806 0.434152262516003 0.0404820797005698 0.43828593996659143 0.04079929566081627 0.44174359312642686 0.042780814665457065 0.44468818557468925 0.04997658433572474 0.450666150200305 0.05917065959775349 0.46134254079212883 0.06292914266171055 0.46441300489452664 0.07095905410287548 0.46848709437402825
5 0.14544756170736378 0.43646723118433134 0.15267603995435208 0.4310202710052714 0.16232387517595007 0.4260251096387072 0.16289912174276178 0.41933570272528425 0.15846467258927072 0.41243164442863467 0.15489395788351745 0.4104260676024178 0.1481072981038982 0.41008554456505564 0.1376876223649644 0.4123620128896054 0.13227764234633338 0.4148531325973817 0.12875728740194115 0.41810905632500217 0.11896408258870035 0.4338902101305334 0.11683321349501666 0.44502629970189345 0.11775128820151552 0.4518915921455081 0.12193964824064152 0.45905864177345 0.12533938117531132 0.46175316484143164 0.13129587968143355 0.4607028734442526 0.13504951765047055 0.45213543528673866 0.14544756170736378 0.43646723118433134
5 0.15099442821551806 0.49280455514182286 0.15827326622386742 0.49261909551660016 0.16485537105816245 0.4901408977598356 0.1742027769066342 0.48344191675138176 0.18425487692396042 0.4724462947131592 0.18703211943033732 0.45834144271950394 0.18306821682353583 0.43751966598241215 0.1768568036107283 0.430489736031627 0.16897710685612657 0.42726755637307023 0.16133951871848987 0.4270770749638766 0.1487593812090317 0.43368727624323944 0.14302422423535407 0.439310121952491 0.1377564979084861 0.44924253064252284 0.13463244676502198 0.4530873728597958 0.1318631652534452 0.46060284569214033 0.13162988222880045 0.4659143601220338 0.13269817162186245 0.4736315623865933 0.13121765643827207 0.4785041999550027 0.132139711642171 0.48207480281796206 0.1398652132128096 0.48773976223622934 0.1472151780670404 0.49127494710213443 0.15099442821551806 0.49280455514182286