5 0.9668816392064878 0.7848022503957053 0.976652070882942 0.7822832921939169 0.9812404559149555 0.7775493957197137 0.9832602994252266 0.7718137986647455 0.9836347593001615 0.7666490331172374 0.9874559549822909 0.7638469631278333 0.9811167976466594 0.7548029549076585 0.9806072251570319 0.752405604829995 0.9826870051473764 0.746951986743837 0.976210148875236 0.7428013245608561 0.9725357869296225 0.7449089008181753 0.9702672395472757 0.7522450224481988 0.9561606452436058 0.7731521195939433 0.9569461041935041 0.7796179977193616 0.9601441361286224 0.783581217852521 0.9630393657907022 0.7847345731447419 0.9668816392064878 0.7848022503957053
5 0.9978186274730131 0.7267113908433468 1 0.7277240245459884 1 0.6880159955298711 0.9999002833860944 0.6880195866801656 0.9859489472198678 0.6916483179842755 0.9803804977668424 0.6959272503241098 0.9789030256016789 0.6986733353398522 0.9786423787959532 0.7016029649796488 0.9810493355138883 0.7101562217270896 0.9840885907788415 0.7161430406570753 0.9910150830605357 0.7224090739489097 0.9978186274730131 0.7267113908433468
5 0.9486215113503912 0.7307568225306154 0.9514506996778589 0.7288288934715835 0.9569889365972207 0.7174813615862728 0.9546150005465917 0.7104687470144585 0.9440317055202183 0.6939252701755025 0.9399435363659994 0.6899301601297451 0.9370932703048748 0.6889883419484095 0.9295316713425199 0.6908167038438797 0.9255067353892702 0.6954308355192248 0.9230463906694524 0.703249913770448 0.9221864659840147 0.7102866234033263 0.923238898406003 0.7235496815639063 0.9260652785998283 0.7271497098747243 0.931145455108709 0.7302706789901097 0.9376012336471927 0.731551593932723 0.9486215113503912 0.7307568225306154
5 0.7701968748847169 0.06449642428944666 0.7744016652417883 0.060728441057642836 0.7760828776780725 0.05617029435595979 0.7806354339091375 0.05542371307597973 0.7769428023635101 0.04913358472308169 0.7723691683987886 0.04701041876269394 0.7676367577639018 0.04691085159913255 0.7606386078803107 0.04861944869574488 0.7564457604568887 0.05105832686280749 0.7533439823900461 0.05724499062637709 0.7541533272072433 0.06105265862231306 0.7564731648569097 0.06365488377813353 0.7615983049667459 0.06698739000440405 0.767841208434102 0.06588151432784964 0.7701968748847169 0.06449642428944666
5 0.7227596658657198 0.08651861297620175 0.7281932245158791 0.08160506930371132 0.737618698451982 0.07053675178024928 0.738050064861522 0.06425441827888534 0.7352026069340399 0.05778464272769992 0.7307189001712291 0.05608455098908287 0.7258965623344314 0.05556190960375078 0.7193269707267381 0.05651613056884881 0.7159792969214619 0.058775361537624395 0.7121461583056832 0.06290653659176973 0.7104530029357494 0.0687937883581938 0.7123625519095327 0.08054809425574558 0.715278859305269 0.08457119678833425 0.7190073196518448 0.08687400994700911 0.7227596658657198 0.08651861297620175
5 0.7635366456760331 0.04424484661811605 0.7659611615949026 0.04041308356111615 0.765163759711355 0.03527631050043891 0.7613812009638166 0.028563107925769993 0.7585428778363414 0.026292184679693253 0.7520870992978577 0.0250112697370799 0.748469643886849 0.02600127804054315 0.7400031566381012 0.03465481245800652 0.7354239064060948 0.0435875612373184 0.7368388557693686 0.053014958915131374 0.7401507007736966 0.05474304314057941 0.7443196623298195 0.05496237510299888 0.7635366456760331 0.04424484661811605
5 0.24795475500537392 0.18279852948731906 0.2540149959352661 0.186374462737073 0.26003308139784537 0.18421090150609207 0.26428283535587216 0.1806544553851738 0.2664495126026586 0.17422436459812057 0.2627266685233676 0.16086563669974616 0.2585127433662892 0.16043476762644118 0.24828354088027407 0.1566395024142675 0.24157905846971445 0.15695911204670968 0.2333971038939911 0.160024806694894 0.22753498696793453 0.1656927264988987 0.22795160231018255 0.16626745543212557 0.2368740522348487 0.1694561017984742 0.24203221301199043 0.17432925020037127 0.24795475500537392 0.18279852948731906
5 0.16370436666290689 0.20756042935120433 0.1662398875173436 0.20702148775634263 0.17684635801193632 0.20012403005115834 0.18295717881006887 0.1928555856720981 0.18283423094085216 0.19089186927470111 0.18071813356230595 0.18647758243293983 0.173036394864377 0.18081427056116356 0.1547959574064531 0.17673199613560686 0.14976987929853514 0.17802141643621558 0.1482593864660656 0.17922685927633153 0.14680299203455843 0.1848426915324414 0.1408059843056356 0.1898760000037898 0.136915939155252 0.19512474301179106 0.1382887330512129 0.198812646208869 0.14927037381982036 0.2075331473708344 0.15887008589245985 0.2083668930306133 0.16370436666290689 0.20756042935120433
5 0.22839633245153115 0.20022146569533666 0.23773820585208777 0.19845688362506242 0.24841071768129233 0.1946407102711308 0.2558402339744234 0.1866497796731547 0.26115997955537273 0.1839713719083757 0.26432779895682745 0.18086599249605895 0.2661797309969262 0.1729551419328086 0.26318824746657105 0.16165190274385854 0.24650326644207216 0.15657572258907143 0.24214250754847813 0.15683934724785153 0.23551600940617975 0.1589111361668055 0.21849591584041614 0.17026717341011138 0.21283473105183756 0.1796509888980249 0.21233732330768573 0.18285203804813613 0.21346141333157065 0.18814046582026944 0.22101739602664047 0.1973680186644986 0.22596268173265469 0.19985437644722787 0.22839633245153115 0.20022146569533666
5 0.14462298451863898 0.23969529358340122 0.1480036789912213 0.23897670479025232 0.15183400947335754 0.24037348710595677 0.16709209820093324 0.23735137464767192 0.169594598388064 0.2352717908771838 0.17052056440811336 0.23131636559555852 0.1697470483918646 0.22352138240539904 0.16643801152117915 0.21626534081010132 0.159679430709657 0.21217456102654944 0.15275013029432033 0.21143648510456475 0.13927231600494663 0.21452237738804586 0.12619917412417153 0.21951210366949508 0.12310933899097812 0.2243696623683237 0.12327444232750775 0.2320728732464558 0.12540248263970338 0.2351580550234759 0.13367155628369498 0.23804339196691188 0.14462298451863898 0.23969529358340122
5 0.052016403463911995 0.2556208249122299 0.05635608462384967 0.25248745301308234 0.058645709739852926 0.24802107862342634 0.05830075199950163 0.23947171930175273 0.054641141121179945 0.23472223312448093 0.050214340892974066 0.23190457343200815 0.043285040477637385 0.23116649751002347 0.03618502045848613 0.23378112544960641 0.03377244747326617 0.23628378344186524 0.033014392923388904 0.24241446223177276 0.03374575347232474 0.2444699509411971 0.03647026353059003 0.24897601009498552 0.04700226828964349 0.25558114014809763 0.052016403463911995 0.2556208249122299
5 0.02618415450997006 0.24629831283666767 0.028584784561540545 0.2451247599091498 0.03198936490142179 0.2417479609865188 0.032690512916694114 0.23673485015046686 0.02950723204886787 0.22591456758271633 0.027040560662685474 0.22400683615898126 0.021801607483639997 0.22290946584042218 0.013080089696451924 0.22343671515798258 0.0070950249011785815 0.22714091856459 0.005144030859161997 0.23042984260096122 0.00719127876945379 0.23729080246131903 0.013317561033957903 0.24394802006232608 0.021586634677949478 0.2468333570057622 0.02618415450997006 0.24629831283666767
4 0.273240637921137 0.7796850473420135 0.2794835413884932 0.7785791716654591 0.2901110896167424 0.7745514612006423 0.3003367735700356 0.7630919593680077 0.3050930700722212 0.760533316402087 0.3081709622717652 0.7570048627679995 0.31008893564647577 0.7521752965560019 0.3123272704951591 0.7377705753805022 0.31034606391947916 0.7339908998713972 0.3028111589580658 0.7276330942675355 0.29762911231362515 0.7254181559951207 0.2943952515775585 0.7254422510561845 0.2878137170362156 0.7277255770860238 0.28373468268200336 0.7279293193453749 0.2712130469463426 0.734128385892707 0.2628217358322137 0.7500620569665317 0.2586352150751563 0.7622277448085529 0.25854247973960304 0.767332627956632 0.26017311230764684 0.7736188588837629 0.26267280436113516 0.7770672324831247 0.2678098874046204 0.7790706336446542 0.273240637921137 0.7796850473420135
2 0.20092573692769738 0.22197931921685043 0.20838546575449185 0.2210569881643505 0.21797604302712442 0.2176918815190208 0.22197709311307529 0.21573595997315778 0.2248182243741928 0.2124789258493848 0.22531563211834466 0.20927787669927383 0.2222222784524292 0.19888066835329404 0.21492413442944236 0.19225144323911816 0.2047068748770767 0.1871270729622033 0.1991292906240444 0.18720715299692925 0.19297631435859897 0.18873610289525425 0.18657463422107762 0.19186557736863485 0.1837335029599601 0.19512261149240784 0.1827717081389623 0.20306535196825645 0.18458219511082768 0.21019773133892872 0.1891200002746008 0.21630821249353974 0.19339996676629106 0.21982036591809767 0.20092573692769738 0.22197931921685043