5 0.7089248972501231 0.8702858562770958 0.7150615074995377 0.8705928464829951 0.7240008544269217 0.8664420130866197 0.7263657538451389 0.8638806710118256 0.7292770426590469 0.8576722960015772 0.7310657853153681 0.8512047607904716 0.7303810764175338 0.8490491190621346 0.7255354680131664 0.8457109064108643 0.7260818574088573 0.8420638734754101 0.7300670437959352 0.8363253788357387 0.7262318006972184 0.8298911536888823 0.7210307685188302 0.8242513691897692 0.719990635846975 0.8197941556135897 0.7096557324737154 0.8171862035859425 0.7077286703152506 0.8178510641332568 0.7012213837896002 0.828112172425417 0.694235237670888 0.8340456472418261 0.6875522380257821 0.8373856899713807 0.687398666021424 0.8444526856534917 0.6897221742872188 0.8523135119572508 0.7017256443946436 0.8681798746320855 0.7089248972501231 0.8702858562770958
5 0.3171962041283442 0.8360019113265917 0.320709788354355 0.8361472314200025 0.32784550894231534 0.8346873201988505 0.33299063510429194 0.83032637665885 0.3345735284558406 0.8260308331951588 0.3343567930030759 0.8128856526293227 0.33175264819788447 0.8049600362753493 0.32854221044548 0.8022212840950843 0.3196852770038276 0.8021740641161367 0.3154906125959799 0.8049788263988054 0.3091626679057821 0.8272667243579874 0.31117940098197316 0.8326152586441842 0.31392586282441803 0.8348029903845806 0.3171962041283442 0.8360019113265917
5 0.18899469184670883 0.7728895714453918 0.19245962748830273 0.7732456117085228 0.19504525989439453 0.7722888909221968 0.21219859133713143 0.7389611840160945 0.21223235623844613 0.7349738508104918 0.19836135870496574 0.734878800826502 0.19009183699231377 0.7374086629153316 0.1860318633706119 0.7409103757573746 0.1800597112735477 0.7488535621826148 0.17820743634970712 0.7517552045275576 0.17770969553843297 0.7551915172932917 0.1817319067237101 0.7672176969342188 0.18335582240856826 0.7691462684737584 0.18899469184670883 0.7728895714453918
5 0.31869926572795054 0.7193804375657316 0.32338404469596493 0.7195741976902795 0.3405591484346862 0.7168808354106776 0.3541084870954606 0.7106869803412221 0.35649226773188997 0.7003616920249425 0.35589360103578455 0.6991137210256999 0.3511227798660411 0.6980122901720577 0.3496934585188507 0.695240837953638 0.3441965372988508 0.7024059337502125 0.34068295307283997 0.7022606136568015 0.33779054547714427 0.7007050424255649 0.3284997723108497 0.6910137446967296 0.3130012303765136 0.6838843990687834 0.30931919046304235 0.6870294616216007 0.3057119377841951 0.6924113059720465 0.30190246451657254 0.7050708661743231 0.3021493361546546 0.70912298943014 0.3109013461763656 0.7160264849214784 0.31869926572795054 0.7193804375657316
5 0.48396731114415603 0.7883868419381435 0.49561935501267024 0.7904110734877676 0.5064033506127874 0.7897934329194006 0.5124764285946828 0.7865345302591373 0.5171201852293879 0.7805041753804542 0.5192719779108375 0.7699033768442407 0.5175246264069383 0.7659487436767926 0.5128848673073433 0.7604385392781078 0.5031337469470867 0.7553019452138207 0.49975485350722176 0.755853575679784 0.4960579299106481 0.7552220251967187 0.49022809485083724 0.7574273270083821 0.48160314936416454 0.7576556172493689 0.46587987690684346 0.760462209610322 0.46389291119685716 0.7626669013958907 0.4633352668340612 0.767643045399879 0.46580472085310676 0.7748717111944782 0.4717990140652681 0.780916586013954 0.48396731114415603 0.7883868419381435
5 0.43421844063500065 0.6696987968574697 0.4449087677822813 0.6746083207329595 0.45394904059449637 0.6751417711015613 0.4655001585781794 0.6724817188862086 0.4703272545834472 0.6669375943971798 0.4730664589938972 0.6589138779287429 0.47543135841211426 0.6563525358539486 0.47412184416796743 0.6505014211590205 0.4691154063272469 0.6440187559810274 0.46091341441722433 0.6385739516586517 0.4470761817850585 0.6344915684690593 0.4416841839850001 0.6348003887532429 0.4381593447918844 0.635984179728366 0.4297326223588767 0.6404753133948896 0.4245874961969003 0.6448362569348898 0.4240411068012092 0.6484832898703439 0.42479297668256005 0.6593105485692602 0.42677231614143907 0.6635406919566426 0.43421844063500065 0.6696987968574697
0 0.9423217456389308 0.38172010196885214 0.946224518540277 0.38017966070450315 0.9513209961178365 0.3760294373342229 0.9533678653793449 0.3722849143104 0.95377956398889 0.3679409308155718 0.9501051503265261 0.36465115819543803 0.9361332269082145 0.3598718244464716 0.9330349700077465 0.3604882449626492 0.9243762596197591 0.3647038684092383 0.9225726332803352 0.36739479058446134 0.9210158785789938 0.37413783601550105 0.9223965513417675 0.3771200084036406 0.9247763344430865 0.3783352793647288 0.9423217456389308 0.38172010196885214
0 0.935254661310938 0.32526649663344576 0.938487608997552 0.3253470266766425 0.9451593536755529 0.32333609501562177 0.9487440964201908 0.3206124728022445 0.9504616805578854 0.3170138798979273 0.9495562386721762 0.31325361688112197 0.9452831583137067 0.30871587326174577 0.9423421021335943 0.30737102220022905 0.9331072349837115 0.3076804525105073 0.9306188997464533 0.30821573295739324 0.9262782895853547 0.3116526557492221 0.9244035047273045 0.3172125202312333 0.925735528905661 0.32040541278909296 0.9286166815342518 0.3232900950888638 0.935254661310938 0.32526649663344576
0 0.5087723665163744 0.43255441572271536 0.5119080170341548 0.4330563861053521 0.513992279912975 0.4304302539803434 0.5088137576687966 0.4221322473441618 0.5047015067466804 0.4207389562515081 0.49377156539331263 0.4219887573290351 0.4918967805352622 0.4275486218110463 0.4940707143318089 0.4309358845195487 0.4993915536132407 0.4334960065421535 0.5087723665163744 0.43255441572271536
0 0.4794289656987652 0.4277775220781278 0.4839790538806337 0.42727433164330153 0.4876498388270002 0.4254583801590185 0.4895620173023625 0.42101690657582136 0.4880353987863383 0.41866689469684176 0.48174921406767524 0.41388634089568566 0.47206162597493784 0.41231563969756124 0.46957329073767984 0.4128509201444472 0.4673056884882968 0.4149908218798017 0.4671259778337313 0.41961031559456413 0.46925126304586096 0.42320829847278657 0.4720463734727228 0.4251853100434631 0.4794289656987652 0.4277775220781278
1 0.48854328810737896 0.4638403210079269 0.49547315939056674 0.46455240153418886 0.5006331692356455 0.4639680710300711 0.5029868136867577 0.46273584002381096 0.5390393527996797 0.4666201929061919 0.5416024752715619 0.4683216942569343 0.5438250576525255 0.4714982367957167 0.551989655945236 0.47582465021927833 0.560592091497699 0.4782545821153599 0.5669120411176765 0.47904780271091346 0.570620219681355 0.4783502421254444 0.5739878581541149 0.4791277227280154 0.5804501248113458 0.47418305870999217 0.5811424599602877 0.4699038652653781 0.5787703031100759 0.46225375913133887 0.5738873010883964 0.45779715558125406 0.5685178132225477 0.45544775372836915 0.5663925280104178 0.4518497708501469 0.5554477029739479 0.4493229588917913 0.5426506030136372 0.4496977892783785 0.5388676372153347 0.44815856806621907 0.5371801892629573 0.4426641036605169 0.5375432392880855 0.43853084033540846 0.5406378674725563 0.4328086957148143 0.5394779276976577 0.43143114461514315 0.5357922590681887 0.42947048306354374 0.5257677596005302 0.434480547157876 0.5189725791034883 0.4344654171909882 0.5132963160480357 0.4296037233205407 0.5116462617129705 0.4252276498136527 0.5087164604999628 0.4225536876836018 0.5065200167692063 0.4218246471121678 0.49466212359591955 0.42197240730995783 0.4922373206261807 0.4260735806230064 0.49258148943309654 0.4297042635393833 0.5016627845786212 0.4364618289112158 0.5031668931604358 0.44147006292726393 0.49941006601234045 0.4423783436824529 0.4861602451091752 0.4408730425606374 0.47822000852033675 0.44325697452996116 0.47519653885449264 0.446110176843767 0.47523393247180473 0.4472285677425812 0.4794133443774375 0.45729347580581414 0.48229449700602817 0.46017815810558504 0.48854328810737896 0.4638403210079269