3 0.24769585253456222 0.446583044982699 0.25144009216589863 0.4539359861591696 0.2574884792626728 0.4567474048442907 0.27246543778801846 0.4682093425605537 0.2897465437788019 0.47318339100346024 0.307315668202765 0.4759948096885814 0.32114055299539174 0.46993944636678203 0.33150921658986177 0.4591262975778547 0.3320852534562212 0.4558823529411765 0.3303571428571429 0.4498269896193772 0.32661290322580644 0.446583044982699 0.31768433179723504 0.43403979238754326 0.3145161290322581 0.43252595155709345 0.2805299539170507 0.43079584775086505 0.27073732718894006 0.43101211072664364 0.258352534562212 0.4338235294117648 0.25144009216589863 0.4370674740484429 0.24942396313364057 0.4390138408304499 0.24769585253456222 0.44247404844290666 0.24769585253456222 0.446583044982699
3 0.27534562211981567 0.5356833910034602 0.2782258064516129 0.5378460207612458 0.2932027649769585 0.5406574394463668 0.3101958525345622 0.5415224913494809 0.3188364055299539 0.5432525951557093 0.32229262672811065 0.5423875432525952 0.32776497695852536 0.5384948096885813 0.33093317972350234 0.5376297577854672 0.3352534562211982 0.5378460207612458 0.33842165898617516 0.536764705882353 0.3418778801843318 0.5337370242214534 0.345910138248848 0.5224913494809689 0.3456221198156682 0.5160034602076126 0.3418778801843318 0.5084342560553633 0.33813364055299544 0.5054065743944637 0.33122119815668205 0.5012975778546713 0.32373271889400923 0.5 0.3122119815668203 0.5017301038062284 0.3061635944700461 0.5041089965397925 0.29829118663594467 0.5093713235294118 0.2782258064516129 0.5153546712802768 0.2739055299539171 0.5190311418685122 0.27160138248847926 0.5237889273356402 0.27160138248847926 0.5294117647058825 0.27534562211981567 0.5356833910034602
4 0.21111751152073732 0.47404844290657444 0.2171658986175115 0.48075259515570934 0.22350230414746544 0.4852941176470589 0.2278225806451613 0.4870242214532873 0.24193548387096775 0.4898356401384083 0.24855990783410137 0.49199826989619383 0.25547235023041476 0.49264705882352944 0.2646889400921659 0.4887543252595156 0.2695852534562212 0.48810553633218 0.2730414746543779 0.48421280276816614 0.2741935483870968 0.47037197231833916 0.258352534562212 0.4582612456747405 0.25172811059907835 0.4554498269896194 0.24798387096774194 0.4545847750865052 0.23617511520737328 0.45523356401384085 0.2203341013824885 0.4539359861591696 0.21514976958525348 0.45523356401384085 0.21255760368663595 0.4569636678200692 0.21025345622119818 0.46301903114186854 0.20996543778801846 0.47058823529411764 0.21111751152073732 0.47404844290657444
4 0.6057027649769585 0.4989186851211073 0.6097350230414746 0.5025951557093425 0.6152073732718895 0.5056228373702423 0.6192396313364055 0.5073529411764707 0.6235599078341014 0.5077854671280277 0.631336405529954 0.5062716262975779 0.6368087557603687 0.5038927335640139 0.6451612903225807 0.49502595155709345 0.6474654377880185 0.490484429065744 0.6483294930875576 0.4852941176470589 0.6460253456221199 0.47404844290657444 0.6402649769585254 0.46345155709342567 0.6373847926267281 0.46128892733564014 0.6330645161290323 0.4599913494809689 0.6258640552995393 0.4595588235294118 0.622983870967742 0.46020761245674746 0.611463133640553 0.467560553633218 0.6071428571428572 0.47188581314878897 0.6033986175115207 0.4779411764705883 0.6016705069124424 0.48572664359861595 0.6019585253456221 0.4915657439446367 0.6057027649769585 0.4989186851211073
4 0.8542626728110599 0.6788494809688582 0.8582949308755762 0.6855536332179931 0.8626152073732719 0.689446366782007 0.8715437788018434 0.6916089965397925 0.8778801843317974 0.6909602076124568 0.8868087557603687 0.6862024221453288 0.8945852534562212 0.6792820069204153 0.8963133640552996 0.6751730103806228 0.8954493087557603 0.6717128027681661 0.8908410138248849 0.6650086505190311 0.8853686635944701 0.6604671280276817 0.8807603686635945 0.6541955017301039 0.877304147465438 0.6522491349480969 0.8660714285714286 0.6518166089965398 0.8603110599078342 0.6535467128027682 0.8565668202764977 0.6574394463667821 0.8551267281105991 0.6637110726643599 0.8536866359447005 0.673659169550173 0.8542626728110599 0.6788494809688582
4 0.27736175115207373 0.9435553633217995 0.2793778801843318 0.9457179930795849 0.2888824884792627 0.9457179930795849 0.29925115207373276 0.9489619377162631 0.3070276497695853 0.9483131487889274 0.3122119815668203 0.9433391003460209 0.31682027649769584 0.9353373702422146 0.3199884792626728 0.9227941176470589 0.3188364055299539 0.9163062283737025 0.31422811059907835 0.911764705882353 0.307315668202765 0.9098183391003462 0.2998271889400922 0.9098183391003462 0.29406682027649766 0.9115484429065746 0.2828341013824885 0.91219723183391 0.2799539170506912 0.9167387543252596 0.27736175115207373 0.9294982698961938 0.2767857142857143 0.9409602076124568 0.27736175115207373 0.9435553633217995
5 0.1676267281105991 0.9820501730103807 0.17108294930875576 0.9833477508650519 0.18404377880184333 0.9839965397923877 0.20650921658986174 0.9820501730103807 0.2108294930875576 0.9794550173010382 0.21428571428571427 0.9733996539792388 0.21457373271889404 0.9630190311418685 0.21284562211981567 0.9565311418685122 0.21025345622119818 0.9545847750865052 0.20650921658986174 0.9535034602076126 0.19873271889400923 0.956098615916955 0.18894009216589863 0.9569636678200693 0.18058755760368664 0.9589100346020762 0.16849078341013826 0.9630190311418685 0.16445852534562214 0.9669117647058825 0.1630184331797235 0.9708044982698963 0.1627304147465438 0.9772923875432526 0.1676267281105991 0.9820501730103807
5 0.8280529953917052 0.6448961937716263 0.8389976958525345 0.6507352941176471 0.847062211981567 0.6535467128027682 0.8513824884792627 0.657006920415225 0.8557027649769585 0.657006920415225 0.8617511520737328 0.6528979238754327 0.8669354838709677 0.6509515570934257 0.8715437788018434 0.6472750865051904 0.8715437788018434 0.6438148788927336 0.8692396313364055 0.6397058823529412 0.8669354838709677 0.6371107266435987 0.8620391705069125 0.6351643598615918 0.8389976958525345 0.629325259515571 0.8277649769585255 0.6284602076124568 0.8248847926267281 0.631704152249135 0.8248847926267281 0.6399221453287198 0.8280529953917052 0.6448961937716263
5 0.7868663594470047 0.5919117647058825 0.7894585253456221 0.5958044982698962 0.7966589861751152 0.6014273356401384 0.8078917050691243 0.6076989619377163 0.8116359447004609 0.610726643598616 0.8173963133640554 0.6133217993079585 0.8243087557603687 0.6135380622837371 0.8306451612903226 0.6096453287197232 0.8358294930875576 0.6020761245674742 0.8329493087557603 0.5971020761245676 0.8245967741935484 0.5910467128027682 0.8122119815668203 0.5849913494809689 0.8038594470046083 0.5826124567474049 0.7932027649769585 0.5819636678200693 0.7900345622119815 0.583044982698962 0.7883064516129032 0.5849913494809689 0.7868663594470047 0.5882352941176471 0.7868663594470047 0.5919117647058825
5 0.5455069124423964 0.4582612456747405 0.5501152073732719 0.4664792387543253 0.55213133640553 0.4679930795847751 0.5601958525345622 0.47145328719723184 0.5745967741935484 0.47253460207612463 0.5846774193548387 0.47037197231833916 0.5889976958525346 0.467560553633218 0.5936059907834101 0.4599913494809689 0.589573732718894 0.4498269896193772 0.5806451612903226 0.4390138408304499 0.570852534562212 0.43101211072664364 0.5676843317972351 0.43014705882352944 0.5570276497695852 0.43101211072664364 0.5535714285714286 0.43317474048442917 0.5478110599078342 0.4392301038062284 0.5452188940092166 0.4437716262975779 0.5446428571428572 0.45112456747404844 0.5455069124423964 0.4582612456747405
5 0.5907258064516129 0.4457179930795848 0.5944700460829493 0.4498269896193772 0.5987903225806452 0.45242214532871977 0.6022465437788018 0.45371972318339104 0.6051267281105991 0.45285467128027684 0.6091589861751152 0.45371972318339104 0.6120391705069125 0.45285467128027684 0.6160714285714286 0.45350346020761245 0.6258640552995393 0.4493944636678201 0.6287442396313364 0.4392301038062284 0.6284562211981567 0.4320934256055364 0.6267281105990784 0.4240916955017301 0.622983870967742 0.4178200692041523 0.6195276497695853 0.4143598615916956 0.6163594470046083 0.41306228373702425 0.6094470046082949 0.41219723183391005 0.6025345622119815 0.41306228373702425 0.5941820276497696 0.42041522491349487 0.5898617511520737 0.43144463667820077 0.589573732718894 0.43987889273356406 0.5907258064516129 0.4457179930795848
5 0.280241935483871 0.42863321799307963 0.28629032258064513 0.43101211072664364 0.3035714285714286 0.4329584775086506 0.31797235023041476 0.4329584775086506 0.3231566820276498 0.42993079584775085 0.3234447004608295 0.4249567474048443 0.32171658986175117 0.42019896193771633 0.31509216589861755 0.41306228373702425 0.31394009216589863 0.4076557093425606 0.31077188940092165 0.4035467128027682 0.3061635944700461 0.4037629757785467 0.2966589861751152 0.4022491349480969 0.290610599078341 0.4044117647058824 0.2857142857142857 0.4067906574394464 0.28110599078341014 0.41046712802768165 0.27764976958525345 0.4180363321799308 0.277073732718894 0.42214532871972327 0.280241935483871 0.42863321799307963
5 0.5544354838709677 0.8246107266435987 0.5558755760368663 0.8267733564013842 0.5596198156682027 0.8291522491349482 0.5734447004608295 0.8334775086505191 0.582373271889401 0.8328287197231834 0.5866935483870968 0.8298010380622838 0.5907258064516129 0.8217993079584776 0.5907258064516129 0.8170415224913496 0.5889976958525346 0.812067474048443 0.5809331797235023 0.8060121107266436 0.5743087557603687 0.8040657439446367 0.5639400921658987 0.8047145328719724 0.5570276497695852 0.8079584775086506 0.5538594470046083 0.814446366782007 0.5532834101382489 0.8215830449826991 0.5544354838709677 0.8246107266435987
4 0.6097350230414746 0.7685986159169551 0.616647465437788 0.7776816608996541 0.6241359447004609 0.780060553633218 0.6336405529953917 0.7794117647058825 0.6370967741935484 0.7778979238754327 0.6460253456221199 0.7709775086505191 0.6555299539170507 0.7571366782006921 0.6569700460829494 0.7510813148788927 0.6549539170506913 0.7463235294117647 0.6494815668202765 0.7398356401384084 0.6442972350230415 0.7365916955017302 0.6402649769585254 0.736159169550173 0.6304723502304148 0.7394031141868512 0.6267281105990784 0.7413494809688582 0.622983870967742 0.7454584775086506 0.6126152073732719 0.7530276816608997 0.6085829493087558 0.7627595155709344 0.6082949308755761 0.7655709342560554 0.6097350230414746 0.7685986159169551