5 0.35734063615513717 0.3229654114865569 0.36235025749058447 0.3218840731054774 0.3674729701877285 0.3195100945452133 0.37493921999072277 0.31017720976224544 0.3833458253749517 0.3033145751496583 0.38704858042010254 0.2973429413487553 0.3874213575939141 0.28977743784304194 0.3843552595665341 0.2851674077201337 0.37618529740229284 0.28271591612762553 0.3699253554573976 0.2782606389992889 0.36441728349090885 0.2784300123399742 0.3571080886349266 0.27605382812887247 0.35353307947991097 0.2772606788122958 0.34988687011560865 0.28258599252360644 0.3500271981012769 0.2875913181314191 0.3443432226274933 0.2996852004960381 0.34279344665245953 0.31409458003646606 0.3452668512473841 0.31886984526830076 0.3501864238132617 0.3221224099449729 0.35734063615513717 0.3229654114865569
5 0.30548089869966955 0.2713199452146251 0.3155985782038224 0.2713367712115764 0.3293059213914292 0.2666746035868095 0.3353040559252707 0.26090378946965675 0.34108646823231265 0.25098940986414797 0.34113881988131667 0.24708638686612477 0.33788004221926426 0.2413740541334272 0.330087051260679 0.23461376194363642 0.3264701509532535 0.23299478977835722 0.3187420937392053 0.23210158331583566 0.308798245309442 0.23340249995853787 0.30535937010825037 0.2363579733413431 0.3016943121836652 0.24189872708251792 0.29736536061733776 0.2517231789605065 0.29598102765300477 0.26093689532372666 0.29837903800679816 0.266573920675018 0.3018639983922441 0.269700973049346 0.30548089869966955 0.2713199452146251
5 0.28149457786301985 0.25467644669247425 0.29304686954760434 0.2548187849917695 0.2966407272629027 0.25339649427848204 0.29832037072701073 0.2507212861925924 0.3047101309949466 0.237169528539862 0.3061740522322551 0.23035075496561624 0.30240216941072284 0.2271986001308194 0.2989591001776869 0.2268973706051939 0.2956479708666304 0.2250880608705193 0.28874298384027564 0.22470104184913237 0.2801625473816572 0.230245933822066 0.26945636847689325 0.23365104584247195 0.26653479246702594 0.2373030442358072 0.26678821181439105 0.24101572966443507 0.2699150495544638 0.24823614260618157 0.2752765270705345 0.2530469924128401 0.28149457786301985 0.25467644669247425
5 0.37394226956260623 0.27861207344585204 0.38149649570226485 0.2781875372687201 0.39241000877013954 0.2724125849198086 0.39978201577171985 0.2641569002861615 0.40334863686304673 0.2564366437858766 0.4026721611257714 0.2509502331973981 0.40054222464778155 0.24555375033643978 0.3916999807781093 0.240872551063884 0.3882946086656389 0.24014044147853011 0.3713515304081068 0.24213153924916614 0.3692488305540885 0.24303302217520523 0.36638380022506956 0.24603870047894807 0.3663126000157827 0.2501571635068353 0.36233550463007863 0.26587380357256196 0.3625889239774438 0.26958648900118976 0.3652927053276063 0.27503317678308564 0.36802998976649004 0.27679228159682256 0.37394226956260623 0.27861207344585204
5 0.43370577107528235 0.2002614122139509 0.44003271919762 0.1973415234059695 0.4462800790469822 0.19202669180901372 0.45439556796328046 0.18188225182752715 0.4564982678172987 0.1809807689014881 0.4537672498431647 0.1692361153325946 0.4472015369019003 0.16497117577365325 0.43795927923444483 0.16155751421981351 0.43361774557258437 0.16161185737250988 0.4267358011383567 0.1642661012296896 0.4214622999589503 0.16836360002886672 0.4204130470478633 0.17044269294610173 0.4160694409530974 0.1837392877623853 0.4151081643786747 0.19472672928545603 0.4181742624060547 0.1993367594083642 0.4229388524578256 0.20105614141551847 0.43370577107528235 0.2002614122139509
5 0.28401184771119237 0.18955287063821383 0.2883156842524874 0.1899294075452458 0.29275146071576197 0.18879786424322878 0.2957861280873261 0.18385322567070878 0.3030827408477753 0.17645930115651814 0.30575928557396626 0.17560802315141671 0.32077349505186953 0.17583615094647348 0.32182274796295646 0.17375705802923846 0.32194629982124734 0.16573557200332814 0.3174036984610257 0.15817420672937338 0.3155271813304009 0.1564904092970429 0.311853735342127 0.15551775722135605 0.3013737391607566 0.15633758888339253 0.29122255656788265 0.16000834585460016 0.2746920742036668 0.1705020146318125 0.27316741325366545 0.17471040538722 0.27303966736353025 0.17947518850469973 0.2739423258241992 0.18237631873480858 0.27788803972012105 0.18684621620925906 0.28401184771119237 0.18955287063821383
5 0.5325891115629242 0.09776298212931075 0.5383045176925236 0.09522376846012 0.544857648538255 0.08971859929376916 0.5511008143557727 0.08114706478838266 0.5522736191251507 0.07104648584523723 0.5500263972536197 0.06368594025503285 0.5479383519280397 0.061115280242777105 0.5443026030603314 0.05971174810736226 0.5363064719704798 0.058577999154507586 0.5304318892949291 0.05632732724574989 0.5262830352677409 0.05748397300823562 0.5172921245147453 0.07102524854661078 0.5151412670435673 0.07908645737910396 0.5134993207000249 0.08133078540526535 0.5134846661715865 0.08480292834356015 0.5195603165454981 0.09466930867896908 0.5228337487359889 0.09690949847337169 0.5325891115629242 0.09776298212931075
5 0.5521039820826055 0.07298544611401443 0.5508138919196865 0.0811219623279138 0.5521731098589869 0.0821092347497144 0.5553481052162195 0.08216992178500693 0.564906594376638 0.07866439992272571 0.5723916927399151 0.06911607510989386 0.5749656066010035 0.06282859143725146 0.5765803163205743 0.05428629762409258 0.5762619632286722 0.044706526468195576 0.5732901080027062 0.03901929619596682 0.5696124679825878 0.0347899412118494 0.5609252066270223 0.03164192460881123 0.5565836729651618 0.03169626776150754 0.5512305835127798 0.03339882377171044 0.5480409336271089 0.03681027967471282 0.545848185003521 0.04204566565850332 0.5461246469430131 0.04879961396569783 0.5466461401661818 0.052752841884658605 0.5492137875625204 0.05645090696717272 0.5521039820826055 0.07298544611401443
5 0.5983319973812262 0.07333935928133144 0.604818122049515 0.07520935605129866 0.6119911829516733 0.07583691756301851 0.6164835050957963 0.07405905417140915 0.6213527984455752 0.06797239018251719 0.6224355544453835 0.06220571429712303 0.6159808112668769 0.040149179986979 0.6114382099066552 0.03258781471302434 0.6043593918059109 0.03088305305198382 0.591123262625374 0.030159219930147342 0.5878917215872932 0.030744852984447225 0.5823501465320831 0.034601809293291465 0.5797720386391505 0.03763259005750301 0.5787123252314695 0.046440528821463725 0.5805176421528074 0.05224278928168156 0.5898520701887715 0.0678215023497879 0.5983319973812262 0.07333935928133144
5 0.498824385307212 0.0772247370726542 0.4968536253751732 0.07661813978964442 0.4956912811023895 0.07998987288606418 0.49645780560923447 0.08114238041679114 0.49984432916142196 0.08208993003200912 0.5043366513055451 0.08031206664039967 0.5195602673794644 0.06492810244336375 0.524236881094571 0.05773913584468238 0.5244777183464031 0.05168171254801779 0.5214681659998714 0.046425362335517216 0.5169674557920597 0.041689819910265144 0.5102698029288157 0.03893296056037263 0.5036517383385472 0.038571043999454525 0.49191096105113485 0.04058310599880048 0.48958207847372287 0.04406986928320924 0.4894543325835877 0.04883465240068885 0.49460220947179795 0.06600089129100936 0.49987363821829894 0.07514564415541933 0.498824385307212 0.0772247370726542
5 0.49001559536022726 0.03911474859633426 0.5028663652714195 0.03763397649859153 0.5169360251362438 0.03213515121483681 0.52323573663461 0.022917296619858085 0.5263604527757437 0.013638754989586666 0.5257405227193168 0.007506024311515791 0.5203183054905535 0.00008479168601880361 0.5193491320845192 0 0.4971963683543613 0 0.4943109946717999 0.0032366734508992856 0.4846959598305329 0.007388515402772811 0.4811062961470789 0.01206750902449114 0.476354288190841 0.020118235742629144 0.4758684196553327 0.028976379427527378 0.4775376026228466 0.03303001718836338 0.482076009951224 0.0373346795538871 0.49001559536022726 0.03911474859633426
5 0.39178015904348873 0.6001619686801208 0.3951666825956764 0.6011095182953389 0.4020905181823139 0.6012810972868616 0.40560898165648107 0.6007205666930306 0.4095840046092798 0.5982461782908912 0.41460408644132096 0.5904359940630861 0.415085760944985 0.5783211474697573 0.412302391321847 0.570479516898887 0.4056717446360455 0.5603474916126766 0.4029910058780102 0.5579420667093473 0.3926617981789022 0.5570383781324707 0.3877087225243034 0.5574733964239578 0.38321640038018046 0.5592512598155671 0.37973982805842316 0.5626376132581006 0.37789054755176993 0.5672517816127675 0.3772119993815892 0.5750076226878762 0.37821309467551656 0.5800882556770952 0.37948226384524736 0.5854094311566471 0.38316409789721007 0.5928954890491955 0.39178015904348873 0.6001619686801208
3 0.4226504475812378 0.5711677654458996 0.4280203131609973 0.5824920210694197 0.4314675764258776 0.586049953503476 0.44417594591849613 0.592806107461508 0.4511186300654164 0.5927622464231667 0.4629913472748085 0.5892421042147717 0.46644907103628286 0.5860711908021023 0.4707968711628932 0.5760312988942496 0.47187543313085706 0.5670079201004249 0.4657767401648183 0.5541002768864495 0.4548003657853118 0.5407658918445046 0.4462450443517259 0.5361097950324175 0.43727505459191834 0.5361933788773414 0.4139526765630445 0.5450073884539819 0.41209920202454686 0.546364853900218 0.4120656989358258 0.550052436868377 0.4140595014599916 0.5537002970299535 0.41659783979945325 0.5643426479890574 0.4226504475812378 0.5711677654458996
3 0.41512148396471255 0.6506149315448267 0.4338301095901117 0.6680992259577239 0.4385758510815997 0.6700340479947424 0.4437216063708709 0.6707013323130447 0.45194392018411617 0.6692498009075298 0.45591894313691494 0.6667754125053904 0.46036937412862783 0.6621717262650785 0.4605515441006725 0.6402616684859884 0.4584970018638138 0.6340034255055735 0.4493929505830877 0.6190961349875284 0.4462472642827321 0.612091162075646 0.44167115983378935 0.6082173797698504 0.4264789252496521 0.6034148064267092 0.4192116215460797 0.6038644450643101 0.4146439051608257 0.606504068575376 0.40495767011027184 0.6147743735551369 0.39725265548835087 0.6169224299711819 0.39657410731817017 0.6246782710462906 0.39931977982074257 0.6329507816768889 0.40190627577736393 0.636433406729539 0.41512148396471255 0.6506149315448267
4 0.3264436518197868 0.6728149175254382 0.33099671367660255 0.6736474369526672 0.3368105566394604 0.6732877260425865 0.3474978869839416 0.6700980540520447 0.3619507845191715 0.6503048794158509 0.3669247811669586 0.6364121694309126 0.36384402861114007 0.6352742822462992 0.36084286432829715 0.6365313378506603 0.3535755606247249 0.636980976488261 0.33907445630630145 0.6341926707953035 0.33076836018823635 0.6299925565034135 0.3271053746965565 0.6222910585810011 0.31936685698591416 0.6281266979652053 0.3164075838554813 0.6322095764182687 0.3136242633983769 0.6541091520830037 0.31654376697533887 0.6636994053532558 0.3228456000726441 0.6709805053302949 0.3264436518197868 0.6728149175254382
4 0.34271020517400985 0.6355962029307186 0.35529709524124287 0.6371315912510738 0.36086171288857993 0.6363158978207961 0.36780020300365596 0.633015333874024 0.3758026005582574 0.6241635340717221 0.385118130867905 0.6102164809340873 0.3837232882409443 0.596417836908428 0.37875763049081235 0.5870827464746226 0.36842422875986 0.5829223549893151 0.3624177061623298 0.5821797632896064 0.3512884708676557 0.5838111501501617 0.3441761496781901 0.5857939714572802 0.3387288174243941 0.5885737276168038 0.33221338369922837 0.5936480167234267 0.32914101920709865 0.5990235353556749 0.3277336436506385 0.6051959888403283 0.32777554490887295 0.6179356189142425 0.32678075513990457 0.6226968361802606 0.3286803148626564 0.6274218964911578 0.33235795488277475 0.6316512514752752 0.34271020517400985 0.6355962029307186
2 0.2589644293584274 0.611336449842084 0.2655824939486959 0.6116983664030021 0.2827894520501871 0.6066911082142683 0.29254481487712236 0.6075445918702075 0.2969428942198314 0.6068439286279185 0.3159006959947174 0.5950429993254078 0.3199699617489301 0.5914914107739477 0.3220307704505385 0.5877641049992062 0.3226904700604364 0.5802237039539616 0.32129982146532005 0.5696817628367328 0.3187614831258584 0.559039411877629 0.31569538509847833 0.5544293817547208 0.31238425578742196 0.5526200720200463 0.29700353560045684 0.5499718989755465 0.2925677591371822 0.5511034422775636 0.2765692304927291 0.5588214931270109 0.2697626802996327 0.560613976864734 0.2639153342480536 0.5646612707429737 0.25500608420093884 0.5673552374067359 0.2510310612481401 0.5698296258088753 0.24442557875340482 0.5792378179732495 0.23577394208549954 0.5889011729740703 0.23488386572036365 0.5957701514692537 0.23699495363807072 0.6013820743600762 0.24187682908338268 0.6050655190964765 0.2589644293584274 0.611336449842084