3 0.5455154873272573 0.4596616849876529 0.5491172298769679 0.4630069249981017 0.5523147958883472 0.46301953696264475 0.555466499478732 0.4654279748586768 0.559459515884948 0.4659891567173868 0.5630927872987239 0.4649710615035866 0.5612625334724584 0.4614380113652844 0.5650620592630766 0.4571674569425369 0.5704381522864391 0.45202653301536316 0.5794174187346155 0.4460816721937538 0.582632180053131 0.43976343964128767 0.5843921969698535 0.42930976641090507 0.580912277251094 0.4209587162181136 0.5768303977530954 0.4168908324126127 0.5700310891920056 0.4135329804376209 0.5660681707747515 0.4127576402595465 0.5558448458475158 0.41306795216768777 0.5448547376393021 0.4167647127671823 0.5423766616128028 0.4199106549476597 0.542659015320183 0.42824909317590826 0.5400863527014876 0.4444850410291329 0.5403701372839713 0.4486743023524967 0.5440464093685351 0.45355873501697647 0.5455154873272573 0.4596616849876529
3 0.5292281082558443 0.45759103145369845 0.5376226102319178 0.4495984925023704 0.541364801794819 0.4374579009085829 0.5418177025043516 0.43009634921323026 0.5393596835351951 0.4186130930669295 0.5376340572327447 0.41640507726329384 0.5317505910223392 0.4127391619050108 0.5208823056450768 0.4114301123221627 0.5121595875406285 0.41348003897673136 0.5025052626534633 0.41801969662671584 0.5000873826048879 0.42073732216846427 0.49801205224161665 0.43136506929973206 0.5005145027566643 0.4446016764194282 0.5006764645081966 0.4537967479251348 0.5076706945599877 0.45783715927669955 0.5212707425572709 0.4604036863217985 0.5292281082558443 0.45759103145369845
2 0.49534324812614416 0.24754380802256018 0.4995469504550938 0.2466058816457184 0.501392968713392 0.24795726417189598 0.5053558871306462 0.24873260434997047 0.5256563396656178 0.2367352414158567 0.5350569779592614 0.22779216412314382 0.5407354817473468 0.2163604800974403 0.5418949697599336 0.2060407963494637 0.5404101273691788 0.20211951399091183 0.5372885217677561 0.1994969177755152 0.5290187043728405 0.1941852927347314 0.5232097676972882 0.19205857003047938 0.5160034208476603 0.193666443819351 0.5101328573190806 0.1961172146587125 0.5010331989150563 0.2029187087577801 0.48878183692064747 0.20731176496081555 0.48679966227446875 0.20899868332422056 0.4862134669272624 0.2111001820993866 0.4851270775744253 0.22710823540627864 0.48041027855801915 0.23583603011720194 0.4811584356567578 0.24292960284774243 0.487447509280598 0.24577896934704668 0.4909603887385261 0.24561750741070454 0.49534324812614416 0.24754380802256018
2 0.5834806472444791 0.4171702990795426 0.5969029690581974 0.4127234222310598 0.607580625570069 0.40090238172268144 0.6097161519112644 0.38984631795268454 0.6084434263183465 0.38027675045369635 0.6051870952041465 0.3765432782229978 0.5967667878644213 0.37230244477903673 0.5889011470078371 0.3703234477841587 0.579593664431286 0.3703256963090089 0.575990491006472 0.37112963320344466 0.5696541240865339 0.37482526954051404 0.5646807767263993 0.3874479984184781 0.5634610927358886 0.39819599880518364 0.5653501116649748 0.4054499092096413 0.5680804434098922 0.41085656357677686 0.5714571664799398 0.4137334025300173 0.5768905937310194 0.4164625157738836 0.5834806472444791 0.4171702990795426
4 0.5156466616349049 0.4010852046451 0.5193401290266048 0.39963879279257064 0.5212191070240716 0.3924776631896145 0.5116006036262818 0.38020645490069627 0.5015435330758885 0.37726430759989044 0.49457797013795624 0.3771589148338458 0.4866808004173067 0.3795432530632169 0.4825817256121721 0.381806213774725 0.481200079870129 0.3833591426557242 0.48125884497294963 0.3870800029218796 0.48479896066963296 0.39500273647594203 0.4874404293227679 0.3969026888962866 0.49934494900656273 0.39704704181838546 0.5156466616349049 0.4010852046451
4 0.21859403471769298 0.33968223208056775 0.2220753853115558 0.3438841053684746 0.2253933432787829 0.3430400840555595 0.22829136027564614 0.3410451023088633 0.23221270889721568 0.33176873770377313 0.23439266678430215 0.3224660249071717 0.23340372577386784 0.3170857187315475 0.2311535309772383 0.3124017081594641 0.2273267689478647 0.3085880670918071 0.22025657848611718 0.30715763999109597 0.20962764614544685 0.3082845007582161 0.20057385016241724 0.3126901689257946 0.1912506031538334 0.31487408506276926 0.18803727271042142 0.3170431407103508 0.18758437200088873 0.32440469240570324 0.19068592054496875 0.34165648694787815 0.19436362350463593 0.3423917427074734 0.208581395713191 0.3384934357531574 0.21640260502388395 0.33871908177463983 0.21859403471769298 0.33968223208056775
5 0.8599864630499837 0.7696362788022773 0.8691878872276165 0.7724581728476452 0.8771739200400486 0.773580536565065 0.8813475243800362 0.7728567685075879 0.8869328724510291 0.7703659132497471 0.8922645339284999 0.7634716383491778 0.8895370639337894 0.7497666301722733 0.8901089257240665 0.7456976221043472 0.8870188489867091 0.7387116906647015 0.8839015360105964 0.723641563734651 0.8802252639260326 0.7187571310701715 0.8741167782359641 0.71462281465468 0.8603060443159471 0.7135553958451326 0.8549457157246172 0.7165146521601817 0.8466558412723592 0.7258322254461762 0.8448972552307399 0.7321367217716742 0.8448356283777129 0.7367142153152879 0.843498414181561 0.7400204951696825 0.8438552974237942 0.7498981260519618 0.8498118622939496 0.7592524109691604 0.8563245245223493 0.7667193554305575 0.8599864630499837 0.7696362788022773
5 0.8935028937130414 0.8291621732237899 0.8990827994974622 0.8337463345361893 0.906961061822031 0.85136370877801 0.9102173929362307 0.8550971810087085 0.9143451348552236 0.8567692388827204 0.9177978183352279 0.8570360935851072 0.9243735382917583 0.8557763675980062 0.9326920798578753 0.8503938128975317 0.9385655051366616 0.839644688248401 0.9408056590016718 0.8299136588130706 0.9357090331295872 0.8082320964366561 0.9327092503591157 0.800603690038917 0.9250571571754718 0.7888272309987181 0.9204951407291855 0.784036703398165 0.9148667919874048 0.7806250307777257 0.9077063075587715 0.7798370786351082 0.9002448432405185 0.7811907096861359 0.8949146126381509 0.7839358076818206 0.8879318543930825 0.7901612594327851 0.8808416068739919 0.8033600306588522 0.8781069825037647 0.8104009070063704 0.8770377884580636 0.8200781157962534 0.8780725918894923 0.8230625960403886 0.8834759211516101 0.8260058676036195 0.8871837221002394 0.8265269650438501 0.8935028937130414 0.8291621732237899
5 0.8658642553717671 0.8768174584633099 0.8725589364090419 0.8788502761036352 0.8880666295176505 0.8781906921312984 0.8940862521159367 0.8788183065999988 0.8980348369762614 0.8776261374853132 0.9006032069696465 0.873837720346742 0.9029637527905046 0.8632500576339538 0.9079199048435033 0.8569581732729986 0.9013212412735276 0.8376861730550417 0.8942381481299542 0.830139059756686 0.8772169455167319 0.8229423427849507 0.872938713652929 0.8223410765077617 0.8664532876632844 0.8229583275367691 0.8613781745295418 0.8259576682702976 0.8501272253522896 0.8459968937514866 0.8470615231034804 0.8553935116120146 0.8473453076859639 0.8595827729353782 0.8501960313867294 0.8641327940250558 0.8535426564678149 0.8672237912976607 0.860281769050981 0.8710099599113817 0.8658642553717671 0.8768174584633099
5 0.8447196034648619 0.8555011529029093 0.8480232278751595 0.8526896222972342 0.8510287341460447 0.8437213210754353 0.8602072147102324 0.8260114889157449 0.8607489785115476 0.8221566391671834 0.8489261427381226 0.8028055943746928 0.8403266783397291 0.7957005339420342 0.8330314683983182 0.7938017057841147 0.8248046516741908 0.7943926086216112 0.8207356748580183 0.7964414110137548 0.8149840724101832 0.8021847254805428 0.8133874481200964 0.8176842933117474 0.8155459180747366 0.8271599557468088 0.8213806601139408 0.84152005084635 0.8305046930065135 0.8511011060474563 0.8373340995565656 0.8542447997030834 0.8447196034648619 0.8555011529029093
5 0.8443441436521801 0.943022100125735 0.8484446493324181 0.9366099625093423 0.8605885220528051 0.9391902257814095 0.8630207356583097 0.938440109532421 0.8639838713050922 0.9315870433127561 0.8748578801827686 0.916299385276066 0.8750255654347141 0.9088977491622344 0.8729401941398237 0.9051104562860883 0.8581878125054706 0.8921177284645431 0.8533692477154557 0.8912221350310308 0.8346037926175438 0.8922974236775536 0.8300245808641211 0.8938377405940099 0.8266908584648615 0.8968634295190494 0.8216429815698737 0.9079469657429824 0.8122595385833661 0.910559198518686 0.809241129630655 0.9134108135428406 0.8071829945745197 0.9177077161570992 0.8064592119643296 0.9269966927267322 0.8115902284506861 0.9360165660691283 0.8247531401704696 0.9437629771974556 0.8276955887132239 0.9435213464241547 0.8354107396249985 0.9465711350158553 0.8443441436521801 0.943022100125735
5 0.4725002061555437 0.2321036821489285 0.47966069058417704 0.23289163429154597 0.4821831981565675 0.23149904308446398 0.4854423910209741 0.22693416150539347 0.4869014280480772 0.21862207146865625 0.4868297602634307 0.20878452500485606 0.483080389519117 0.19821172278146082 0.4785040395159014 0.19145368588814776 0.4752620419586309 0.1896877229502092 0.47072869262620304 0.18883221393517613 0.4678163420724106 0.18885968638911238 0.4632371303189881 0.19040000330556844 0.45916672262771224 0.19659798260259667 0.455004590094447 0.207587613762603 0.45497306123038167 0.21195094898685207 0.45341082755456696 0.21478882778403835 0.45524108138083247 0.2183218779223405 0.4603133327643687 0.2236208909985812 0.4652508586351278 0.22780902805951997 0.4725002061555437 0.2321036821489285
5 0.4576646849298213 0.1990075447610538 0.46194577854383095 0.19131045722847392 0.45975577972512527 0.18619813001766156 0.45517799884680626 0.18358927002923303 0.4465312411523147 0.18302921243294815 0.4418617354320064 0.18521200430749776 0.4399841883096429 0.18822395700556926 0.44263426701929365 0.20868812633821204 0.4470457935207703 0.21454944553558777 0.4506031045245896 0.216141334572641 0.4540113564587026 0.21465483830163237 0.4576646849298213 0.1990075447610538
5 0.053146026480288024 0.12206442979110341 0.05641812202652052 0.12361623440967744 0.06294654868695286 0.1289015112589499 0.0702718566173253 0.13058618109750486 0.07387503004213927 0.1297822442030691 0.07666698864008395 0.1306114050265909 0.08400806100248917 0.13011440725302129 0.09086899641660635 0.12889476568439956 0.10231057445924936 0.12198563029443714 0.11127550735049656 0.11407326018006762 0.11470095459174554 0.10625591939204981 0.11383240553715908 0.10001897993896743 0.10990101598397026 0.0948803045366439 0.10335682489150524 0.09177669529949588 0.09594122299424694 0.09073450041903453 0.07492414222460198 0.09127495539835864 0.06403866154020336 0.09629675033251965 0.05978909679025914 0.09963050264085047 0.054772748759336666 0.10635070364053441 0.05247526066660926 0.10821169590482471 0.05010324303902849 0.10853349551508402 0.04886922549158847 0.11731398660902959 0.05080553771677254 0.11802289417711367 0.053146026480288024 0.12206442979110341
5 0.24982721162137 0.22919951469270802 0.25137511174025545 0.22439412660276176 0.2504306022757124 0.22076717140053287 0.24685895771496372 0.21720777307071953 0.2434965682018453 0.21629844341023916 0.23947345380666732 0.21595141987089375 0.23084102966910497 0.21735887156736888 0.21894941266713616 0.22333120484291463 0.21193655643310577 0.22977081491324364 0.21040298987114955 0.23654371229594987 0.2125041255980727 0.23814933755997125 0.21604710304496283 0.23777371730426458 0.22678209378455166 0.23382271396692622 0.24108872908488915 0.23343110895940128 0.24982721162137 0.22919951469270802
5 0.12861782132836777 0.23487703065619617 0.1351949721600016 0.22946812776421055 0.1363544601725884 0.21914844401623396 0.12361721292358248 0.19595628570214987 0.12040531335527387 0.19397616444484686 0.1089064010849137 0.19301526266376917 0.10524303168217582 0.19424751619693406 0.09935670372156362 0.19887995464842012 0.09767264721479771 0.20672364362794907 0.10470701618716971 0.22496493666756293 0.10845924868169021 0.22723938508118907 0.11429828334620444 0.22915194946607662 0.1247595304349289 0.23542672481278815 0.12861782132836777 0.23487703065619617
5 0.2338737969846409 0.25993404417758026 0.23660555960466167 0.26119152163983117 0.24606210125091926 0.2642676584230429 0.250400529092646 0.2644406080615031 0.25538534825950304 0.26208374228606823 0.25947008950770833 0.25785327228180005 0.26065967550925706 0.24731943021445893 0.25486936501594415 0.23471268608831317 0.25162736745867365 0.2329467231503747 0.2476343510524576 0.23238554129166475 0.23988767127661786 0.23369908792421318 0.24054696528357397 0.23728595870796276 0.238940300061868 0.23837048653175344 0.2352439709199614 0.24811525219405195 0.231864386099707 0.2535367670505807 0.23135272028735382 0.25717745847977763 0.2338737969846409 0.25993404417758026
5 0.1792443425023258 0.3485656223378406 0.1854001214884922 0.3461549359169583 0.19031041112049604 0.3422588774874925 0.18960811644275197 0.33276947882546287 0.18655099944456321 0.3172710352566835 0.18084812116792942 0.3123201699822133 0.17412334214169262 0.3105015106612524 0.16580623145067916 0.3117348884568424 0.16052043239420255 0.3162333374259224 0.15697459319710577 0.32490731149139823 0.15590683002650813 0.3304353433763968 0.1595071417011154 0.3379297602917301 0.16318341378567922 0.34281419295620974 0.16926180148678577 0.3471626676910657 0.17544624758681077 0.3486869998557035 0.1792443425023258 0.3485656223378406
5 0.2440154876132977 0.36574898082304214 0.2539980286288377 0.36715193546981695 0.26109974795465063 0.364219027346279 0.2646427254015407 0.3638434070905722 0.2663998805680564 0.36168808766995886 0.26886219216252305 0.3607238131016059 0.2673357799760837 0.3467508259598893 0.26086754929357514 0.3410372324718877 0.2428086814987173 0.3391543890657866 0.24043666387113655 0.33947618867604595 0.23650241256774107 0.3426358670834915 0.22916134020533602 0.3431328648570611 0.22758477297259194 0.3440032343614874 0.22707310716023876 0.3476439257906843 0.22969881138134102 0.3517255458231533 0.23107759537317732 0.35847097075192336 0.2334180841366927 0.36251250636591326 0.2440154876132977 0.36574898082304214
5 0.15975512960011903 0.40238916589560236 0.16837322018075207 0.3990142049063672 0.16858533697858907 0.393365919765931 0.16558412333301412 0.38988669027307615 0.16406918295329737 0.3861795662338888 0.1662778079542424 0.38081187202280753 0.16575610121026998 0.37003752344459073 0.16338408358268933 0.3703593230548501 0.15728993144955014 0.3681925159321187 0.15290850293703548 0.36211703841537857 0.14478774461182636 0.3598837986826567 0.1392181609728663 0.360192986328373 0.13546449760324258 0.36206771481963146 0.13098848249853193 0.3690822429756385 0.13019160122859189 0.37268284998635615 0.1315861496524609 0.3772466073030017 0.13836683203131145 0.3910844806998872 0.14133794768792446 0.3947778685121065 0.1571279945039134 0.4024567227680179 0.15975512960011903 0.40238916589560236
5 0.2410759504325412 0.4446108144697852 0.2426697129724213 0.4374096004483497 0.2475054730695719 0.431974349364853 0.24756709992259918 0.4273968558212394 0.2450187869865569 0.4165560746330321 0.2434880821748074 0.4150306182059693 0.23958535973547726 0.41382696138916575 0.23698832262823366 0.41368035994221664 0.2294666623320568 0.41546230763197356 0.21697451642595222 0.4215686303899253 0.21213875632880153 0.4270038814734221 0.21081444481447567 0.4364268475254612 0.2161418136666368 0.4419801033395457 0.22151504493979246 0.4451375332221411 0.22849494143465413 0.4472104352809458 0.23915397176428638 0.4458694161944611 0.2410759504325412 0.4446108144697852
5 0.18751280343982468 0.488404259308326 0.19221240714909488 0.4860073091144117 0.20044208562342924 0.4771180524671464 0.2032670039605426 0.46943470116153446 0.2027022965457824 0.45275782470503767 0.1979611230408277 0.44510307011578715 0.19410426302249212 0.44150358736749473 0.18475234890004974 0.43975248491894925 0.18023333312455125 0.44086448519667626 0.17610416033045478 0.443341604227549 0.1677684234572019 0.4550550034450326 0.16473281919735483 0.464237462986196 0.1636793895836865 0.47173300416395436 0.16435301714757206 0.4772873842404641 0.16549244810281605 0.4815968988192657 0.16846356375942909 0.48529028663148505 0.18488566834361908 0.4884718161807414 0.18751280343982468 0.488404259308326