5 0.6453547365243958 0.882114230991796 0.6417380812469152 0.882855161395675 0.6372480022264629 0.8854283835576313 0.631580020616724 0.8917563012547752 0.6309710629240934 0.8956011088089951 0.6344538552287138 0.9049110777579257 0.644485695657931 0.9115360157721554 0.6542530700368074 0.9161484379902426 0.6639589642628866 0.9174667418941145 0.6714767472661759 0.9160299370958729 0.6837614389663595 0.9065897876246701 0.6848040176239506 0.9036894937681982 0.6838891201261691 0.9002602074254341 0.6771079759753199 0.8915226244702199 0.6691289228371967 0.8885071968368191 0.6578176868699208 0.8862777556168137 0.651863771853018 0.8833641196303474 0.6453547365243958 0.882114230991796
5 0.6875737753472058 0.8585847663322486 0.6745218737070374 0.8562985894748248 0.6637657580514811 0.8524054009069042 0.6605688991540242 0.8523369856415839 0.6529634477868997 0.8561684510658093 0.6472954661771606 0.8624963687629533 0.6470324610856555 0.8696803506409048 0.651314833354349 0.8813065478246889 0.6553250968008157 0.8854450506918102 0.6792346070453121 0.8909836148581178 0.6899630735309954 0.8913690846921438 0.6975146875172086 0.8897186794742231 0.6994583390876447 0.8884938125935682 0.6994306899177712 0.8849860938596736 0.6951759668189509 0.8768676154097841 0.6939551295160185 0.866164235170036 0.6949977081736096 0.8632639413135642 0.6937783318295128 0.8617570587479098 0.6875737753472058 0.8585847663322486
5 0.664482390505934 0.8441984729400744 0.6630676710361797 0.8494483714130141 0.6640163995168853 0.8526640573360993 0.6705730904133681 0.855454204921919 0.6979639320036494 0.8611062403630634 0.70158058728113 0.8603653099591844 0.7090230655466856 0.8538805274797798 0.7103501166526048 0.851025289632824 0.7087709631224458 0.844425373376491 0.7026202440210502 0.8390720207545247 0.6944382049853832 0.8373381956391972 0.6803437246876238 0.8379523126382452 0.6665613660080658 0.842119204380704 0.664482390505934 0.8441984729400744
5 0.6985805324681663 0.862736611329364 0.695343660774735 0.866603115637296 0.6948300142178255 0.8735284410860524 0.6963276811971999 0.8788016988147962 0.7008668767443484 0.886965233274202 0.7035424463130097 0.8884837954677585 0.7174954208660228 0.8924453993009991 0.7232863627813566 0.8927057182322864 0.731792887061326 0.8905496797838778 0.7389785420484267 0.8875275600288515 0.7434409718990055 0.8814466191330006 0.744557394335495 0.8743978052835978 0.7427890794927291 0.870833350912285 0.729681879512814 0.8615317365870722 0.7207479160809347 0.8590219421841594 0.7133516324244042 0.8578504859367383 0.7089492217677871 0.858029047472711 0.6985805324681663 0.862736611329364
5 0.17188435167091312 0.5095589872716261 0.16550445846093606 0.5111760161079325 0.15801432462752002 0.5161205396400685 0.1565657741748418 0.5215840385326871 0.16063751777410581 0.5290166597140239 0.16461395023764863 0.5333687630008239 0.16593481953051725 0.5342348443074416 0.1717257614458509 0.5344951632387288 0.18764857578033786 0.5315431212511152 0.19173268300570298 0.5315331041253054 0.20161245300061661 0.5188655891031154 0.20206608036356433 0.5178426430142372 0.1992951996591818 0.5132435629261441 0.19525110522979122 0.5093186604787019 0.19197275978154976 0.507923586685792 0.1856467039524839 0.5073595553157935 0.1819285557262315 0.508741286978709 0.17188435167091312 0.5095589872716261
5 0.17984519734759297 0.48323106251579784 0.17826132296321906 0.48954896308713175 0.17914238947807665 0.4931918498495748 0.18498862973315702 0.500467606248651 0.18788100978429867 0.5024584252910813 0.19591390030333308 0.5032927927181771 0.20304571790952258 0.5024517331694558 0.2089443345866786 0.4983499316881332 0.21221503726303376 0.49426982696052246 0.2151874429061243 0.4883908068564482 0.21484149030499888 0.4850516325327165 0.21337147249549776 0.48328609353786717 0.20955801313352412 0.4815873073062461 0.2027983363394978 0.48007876223849955 0.18634658990432906 0.47900577263382865 0.17984519734759297 0.48323106251579784
5 0.12045047484098326 0.46791197716703464 0.11379993376761481 0.4712378093607721 0.1056808358435809 0.4819946002337542 0.10460442620306583 0.485108494509905 0.10530251321836717 0.4880655240037951 0.11120259085435866 0.49316022019656647 0.11926313054326661 0.49750230635755655 0.12577216587188883 0.49875219499610796 0.12903668673519345 0.49839340942207055 0.1353689243773099 0.4952361216384958 0.14462591209465617 0.48465955480357853 0.14992175289223209 0.48068124172290216 0.15175008692895958 0.4783433167343366 0.15115349286243004 0.47474548598140975 0.14754301939799988 0.4717650972317154 0.14244252172608157 0.4689866292737979 0.13094830625924941 0.46607133078523943 0.12691185460174487 0.46762160685831766 0.12045047484098326 0.46791197716703464
5 0.12337522491621308 0.4604926981156921 0.12460842584524683 0.46375344004829355 0.1449351117951865 0.4698193341988013 0.14677727041685068 0.4692352685771829 0.15331867576956126 0.4610750591219615 0.15690003910528236 0.4513512314636676 0.15586982407379235 0.4468088870129928 0.14225515935001845 0.44071127898296325 0.13500802421012043 0.4404392804237739 0.12973218981053178 0.44245013371782393 0.12394270885403369 0.45138631246063066 0.12337522491621308 0.4604926981156921
5 0.4643400179176299 0.2427684432957245 0.46126611932576767 0.2492882646588352 0.4601158659063542 0.25655067892791716 0.4607124599728838 0.26014850968084396 0.46411994753977037 0.2644105009486116 0.46858383834918477 0.26752605772685456 0.4755941566086153 0.2692932592237962 0.4865594399747657 0.26818352612006996 0.48962715675357754 0.26538502391053254 0.49169230767077254 0.2615518959842148 0.4943711371348131 0.24095614367600998 0.48847724131187215 0.23214012832966543 0.4850497473469984 0.22984559684852385 0.4813854365016571 0.2290462683051345 0.4771660053445963 0.2299106871096599 0.4739153090662283 0.23202333205064446 0.4643400179176299 0.2427684432957245
5 0.5123238104447358 0.22518807650766362 0.506013040159442 0.2355744021787062 0.5057223858980635 0.2392506653227633 0.5083241116878264 0.24491774750925083 0.5166491174270751 0.25127234946638327 0.5302084838111023 0.250354520028624 0.5361547560561188 0.2477929774945696 0.5395069452832587 0.24503953129454836 0.5451811087060483 0.23499029444383118 0.546582003590866 0.22798653660394433 0.54541646462768 0.22429859383198508 0.5392995765092083 0.2187316407903399 0.533779282457266 0.21676251850162168 0.5294445337664968 0.21651387919823645 0.5211209889860837 0.21935577491519784 0.5123238104447358 0.22518807650766362
5 0.9024516396396784 0.3782840410362701 0.9019918304636804 0.3830283062787217 0.9060159184950836 0.38892066851279006 0.911434719598254 0.39153059206054497 0.9160877717202753 0.39161068695376755 0.919704426997756 0.3908697565498886 0.9255353817090641 0.38719515590792364 0.9287045914366476 0.3837558524393496 0.9316769970797383 0.37787683233527547 0.9326719201694684 0.37343627953153524 0.9292167770347213 0.36763402931649913 0.9277052854704104 0.3606069122208081 0.9249958849188251 0.3593019504469307 0.9205734678642209 0.3614479717695293 0.9073276840572306 0.3751150736247933 0.9024516396396784 0.3782840410362701
5 0.9268856991083501 0.3602581437725807 0.9280312316735486 0.365913546331166 0.9299825260158707 0.3701638579710316 0.9327395821353163 0.3730090786921775 0.9407862972392875 0.3755973054862203 0.9458929767242565 0.3746544542905647 0.9481549317259447 0.37326104299974705 0.951899268163235 0.366190532396632 0.9542812615528463 0.35299236238605763 0.9534678570038366 0.34892227478425686 0.948488858678677 0.34353554578067647 0.9418306748334226 0.3413861994538935 0.938430830038422 0.34259938670664625 0.9288355324918365 0.35531195773835234 0.9268856991083501 0.3602581437725807
5 0.7495041425182682 0.5062358483832222 0.7599834284973827 0.5155591594621469 0.762977301497296 0.5169091772455408 0.7701091191034855 0.5160681176968195 0.7774977599881299 0.5117643954237201 0.7810191041298892 0.5079429471253044 0.7821970067191761 0.504188251590117 0.783022774894287 0.5008157008847711 0.7811591489157999 0.49417072861892153 0.7775486754513697 0.49119033986922717 0.7740673441055848 0.4910768685943906 0.7627637509101951 0.49432260589490556 0.7506820451075551 0.5024811528480349 0.7495041425182682 0.5062358483832222
4 0.15837623872783416 0.4493954513049435 0.15377230313250898 0.4600521130330833 0.1479689975910742 0.4672344324089427 0.14831495019219976 0.4705736067326745 0.15433034536189974 0.47678136103335633 0.1600674498963222 0.4792227401709487 0.16753139551870047 0.47996699557901196 0.17580110291820233 0.4793061600683555 0.18238398202572298 0.47640752871397574 0.18605447468411487 0.4734855381037918 0.19206076612309303 0.4650216162098591 0.19390146378592168 0.45524105291414696 0.19348784921894843 0.4523290794297729 0.18788606861622165 0.4490332986134651 0.1835575017385029 0.44506334015650656 0.1768316559274005 0.44334119466908134 0.16159310402327814 0.44749640678363783 0.15837623872783416 0.4493954513049435
4 0.2813257716595688 0.404056962857925 0.27944360024193 0.40857594805279546 0.2797833710300049 0.4156364415301006 0.2819991314226679 0.42189926896610846 0.28480384310997436 0.4262847486345227 0.2881636751090003 0.429006480955022 0.2943344006083833 0.43239237379036216 0.30389114631782993 0.43281122000600225 0.30861186040569905 0.43246411405986696 0.31249916354657115 0.4300143802985571 0.31333875630661867 0.42839568896015834 0.3149488189020304 0.41638900944862484 0.3125977345776717 0.4109805836913326 0.30668383235674346 0.4041320281316142 0.29994416196070434 0.4006560232772417 0.292832350752502 0.3995296230393367 0.2889312230266933 0.4002254974336994 0.2813257716595688 0.404056962857925
4 0.2814290635448843 0.37210534942303325 0.2774540920401771 0.37694974381032703 0.275296551904932 0.39609534919029593 0.27774294736501204 0.40458429284212505 0.2813057652615815 0.40602442264455113 0.28310026831538515 0.40390009807566435 0.2879086507670894 0.4011583315035453 0.29709943747742346 0.40020546318207967 0.3026197315293656 0.40217458547079793 0.30929173995955694 0.4060777911645282 0.314289283723868 0.4003005627073886 0.3148367612637013 0.3931616368389531 0.3100607488360855 0.38649330531729953 0.30275685439760514 0.3700093716162274 0.30100236413977594 0.36819877661186184 0.2970874118290304 0.3671407916392773 0.28782896315284856 0.36852086080010066 0.2814290635448843 0.37210534942303325
4 0.32570673349413054 0.3889713858406903 0.323560096026151 0.3914778552394186 0.32017553677492283 0.40364139953321254 0.3218023458729425 0.4117815747368142 0.325528136871081 0.4158750215944192 0.3353493486308686 0.4183063836062016 0.3462469700311712 0.41762385134183305 0.35038491463744736 0.41543277400971823 0.35273453800297055 0.4116447020929167 0.35573313185709876 0.40007690304864313 0.3552642189503788 0.3901494920964802 0.35232418333137666 0.38661841410678155 0.34732517860823003 0.3831991448898272 0.34195403307292016 0.3821294802893406 0.3374839604504552 0.38273524266467096 0.32570673349413054 0.3889713858406903
4 0.7294524873082268 0.5260506438975653 0.7255451777693673 0.5304678374455014 0.7245302482816497 0.5368758500358677 0.73076245393383 0.5435558611854234 0.7334380235024913 0.5450744233789798 0.7374206377790846 0.5457052075122065 0.7452090686457654 0.5425595993565339 0.748825723923246 0.541818668952655 0.7518534279060832 0.5429550863163697 0.7571292623056719 0.5409442330223195 0.760115492533699 0.5368190722851927 0.7624036357464249 0.5297368820541756 0.7628834513204104 0.5230251570250979 0.7620838713563373 0.5207089287902444 0.7595436257193716 0.5183359649179724 0.7550258975290461 0.5174014683460345 0.7455844693533079 0.5180956802383051 0.7378637004524748 0.5208140875546199 0.7294524873082268 0.5260506438975653
4 0.7813279658527114 0.5336100363704761 0.7747803786869503 0.5454915649792709 0.7799223501136787 0.5535316110380303 0.7845215648547889 0.5557927661375577 0.7916333760629912 0.5569191663754627 0.7961034486854561 0.5563134040001323 0.810271772762114 0.5515507670081531 0.815113986196742 0.5485954000163551 0.8197593955468774 0.5432003163890571 0.8199209076896107 0.5366571357701421 0.8151925508298554 0.5315290631957568 0.8122663397957901 0.5297518445730054 0.8026957695014065 0.527579138990418 0.7959975728601776 0.5293647122368872 0.7885751009926094 0.5338820349296656 0.7813279658527114 0.5336100363704761
4 0.7877973263630673 0.4982875347323308 0.786436444274224 0.5013563729989654 0.7868500588411973 0.5042683464833394 0.7937188713558817 0.5106112688125698 0.8015826069602964 0.51251363833806 0.8057005451685855 0.5122900207925711 0.8152158171232221 0.5074472889073695 0.8199088820412179 0.5035924642273398 0.822895112269245 0.4994673034902129 0.824160683222367 0.49331794732904155 0.8199336092934197 0.4887071876130464 0.8141965047589975 0.48626580847545425 0.8066310661878475 0.4861623543264275 0.7983413523903583 0.48879064962371005 0.7938512733699061 0.49136387178566654 0.7877973263630673 0.4982875347323308
4 0.9479381212434645 0.3727887861508731 0.9437663456542642 0.37519346390266683 0.9443291087378698 0.3790048950752725 0.9477842518726171 0.38480714529030857 0.9508257804403909 0.3876974220209706 0.9530000670782443 0.3886986713561368 0.9590754814419057 0.3890040462969403 0.9710695188807106 0.3832401599697949 0.9765345145929059 0.3781938447907243 0.9800758651326527 0.3724049367056825 0.9807663093760681 0.36988678767905225 0.9794992774641103 0.36683964616612963 0.9710866033610268 0.36287970483498105 0.9665012132048533 0.36237240910240076 0.955434436889931 0.36412294346516366 0.9522514025774107 0.3658083875667904 0.9479381212434645 0.3727887861508731
3 0.4907624626069268 0.2066649427504606 0.48650301865389156 0.21146428112823817 0.48778387515078575 0.21626528200810805 0.4854080635742248 0.22574213286510894 0.4860384886236783 0.22912636319835683 0.4943096569820159 0.23766202536179434 0.4993286681031498 0.2391138347921226 0.5040493821910188 0.23876672884598732 0.5064466611244026 0.2365189158764541 0.5081796840254089 0.23110047299335182 0.5123238104447358 0.22518807650766362 0.5169830443798075 0.22154685224731274 0.5286249474044366 0.21616511075000897 0.5299996540782164 0.2148501318503216 0.52878645954717 0.20962193013109404 0.5291094838326369 0.19653556889326412 0.5244626135236662 0.19273415484646828 0.5161990879372149 0.18967367120355144 0.5126839256085061 0.1897738003483936 0.4907624626069268 0.2066649427504606
2 0.25105581852936826 0.09622380344346708 0.24378867699148304 0.09791926467090373 0.24083627774637986 0.10183082498835172 0.23883260698198217 0.10895807122888508 0.241279002442062 0.11744701488071407 0.24415137609521637 0.12140529370977049 0.24885208378509832 0.12302564755026149 0.25707413561673953 0.12082455309233668 0.26284507113408595 0.12305233181024997 0.26629257149694696 0.12337940350476546 0.27344439550112376 0.12057088416941805 0.2752050675720035 0.11866016002021032 0.27556338379922996 0.11455669603679541 0.27206676690967274 0.10349286772091762 0.2675213895494738 0.09905065241508533 0.26380942313627187 0.09671106492442752 0.25868891906636626 0.09590005675313602 0.25105581852936826 0.09622380344346708
2 0.867560884529843 0.44391947263254555 0.8628139822309361 0.4499553575188801 0.8619543830729013 0.453541508643905 0.8622326737081789 0.4573078838069944 0.8673946515328946 0.46338047007912764 0.872495149204813 0.4661589380370453 0.8813476260859078 0.4673420739123684 0.8865357921216613 0.4677258812443023 0.8918792884870979 0.46528782711089434 0.8946287018346574 0.4626578693115196 0.8954944828057428 0.4553503990329215 0.8925944599827152 0.44788440146997066 0.8910906111902902 0.4463324628948002 0.8864237344833323 0.44449850863463053 0.8759659158610406 0.4424042354431735 0.867560884529843 0.44391947263254555