0 0.6641705069124424 0.8014705882352942 0.6719470046082949 0.8027681660899655 0.6762672811059909 0.8001730103806229 0.6765552995391706 0.7949826989619377 0.6745391705069125 0.7908737024221454 0.6716589861751152 0.7880622837370244 0.6647465437788018 0.7887110726643599 0.6612903225806452 0.7904411764705883 0.658410138248848 0.7934688581314879 0.6586981566820277 0.7975778546712803 0.6641705069124424 0.8014705882352942
0 0.1566820276497696 0.23680795847750868 0.1578341013824885 0.23810553633217996 0.1627304147465438 0.24005190311418687 0.16906682027649772 0.24048442906574397 0.17453917050691245 0.2391868512110727 0.1788594470046083 0.23442906574394465 0.1777073732718894 0.22988754325259517 0.17511520737327188 0.2277249134948097 0.16877880184331798 0.22556228373702422 0.16100230414746544 0.22642733564013842 0.15581797235023043 0.22988754325259517 0.15524193548387097 0.2346453287197232 0.1566820276497696 0.23680795847750868
0 0.1543778801843318 0.2562716262975779 0.16474654377880185 0.2586505190311419 0.16561059907834103 0.2571366782006921 0.16935483870967744 0.25519031141868515 0.16935483870967744 0.24783737024221458 0.16474654377880185 0.24372837370242215 0.16186635944700462 0.24286332179930797 0.1543778801843318 0.24307958477508654 0.14948156682027652 0.2480536332179931 0.14948156682027652 0.25237889273356406 0.1543778801843318 0.2562716262975779
0 0.13536866359447003 0.27292387543252594 0.14026497695852536 0.27422145328719727 0.14429723502304148 0.27422145328719727 0.14602534562211983 0.27292387543252594 0.14775345622119815 0.268598615916955 0.14688940092165897 0.26535467128027684 0.14400921658986177 0.26232698961937717 0.14112903225806453 0.26124567474048443 0.12816820276497695 0.2618944636678201 0.12960829493087558 0.2655709342560554 0.13536866359447003 0.27292387543252594
0 0.2116935483870968 0.28957612456747406 0.21370967741935484 0.29044117647058826 0.22091013824884795 0.29173875432525953 0.22350230414746544 0.2908737024221454 0.2278225806451613 0.28654844290657444 0.22839861751152074 0.2822231833910035 0.22379032258064516 0.2787629757785467 0.2168778801843318 0.277681660899654 0.2105414746543779 0.28200692041522496 0.20996543778801846 0.28654844290657444 0.2116935483870968 0.28957612456747406
0 0.24251152073732718 0.2993079584775087 0.24337557603686638 0.30363321799307963 0.24481566820276499 0.30449826989619383 0.24625576036866362 0.30060553633217996 0.25259216589861755 0.2960640138408305 0.2534562211981567 0.29325259515570934 0.25172811059907835 0.2887110726643599 0.24971198156682028 0.28806228373702425 0.24135944700460832 0.2882785467128028 0.23761520737327188 0.2900086505190312 0.23675115207373273 0.29195501730103807 0.23732718894009217 0.2954152249134948 0.24251152073732718 0.2993079584775087
0 0.17050691244239632 0.32634083044982704 0.17482718894009217 0.3291522491349481 0.17799539170506912 0.3295847750865052 0.18289170506912442 0.3280709342560554 0.18663594470046083 0.3213667820069205 0.18231566820276499 0.3163927335640139 0.173963133640553 0.31682525951557095 0.17079493087557604 0.3181228373702422 0.16906682027649772 0.3202854671280277 0.16906682027649772 0.32417820069204156 0.17050691244239632 0.32634083044982704
1 0.09591013824884793 0.2517301038062284 0.09763824884792627 0.2538927335640139 0.10627880184331798 0.2577854671280277 0.11261520737327188 0.26232698961937717 0.12039170506912442 0.26211072664359863 0.12471198156682028 0.26081314878892736 0.12788018433179724 0.2577854671280277 0.12932027649769587 0.2521626297577855 0.12960829493087558 0.24826989619377166 0.12730414746543778 0.24264705882352944 0.11952764976958526 0.23767301038062288 0.1088709677419355 0.23334775086505194 0.10224654377880185 0.23334775086505194 0.09763824884792627 0.23767301038062288 0.09591013824884793 0.2480536332179931 0.09591013824884793 0.2517301038062284
1 0.16071428571428573 0.2852508650519031 0.1641705069124424 0.28503460207612463 0.16964285714285715 0.2822231833910035 0.17309907834101385 0.28157439446366783 0.1774193548387097 0.2837370242214533 0.1912442396313364 0.29433391003460213 0.1975806451612903 0.2971453287197232 0.1995967741935484 0.2971453287197232 0.20650921658986174 0.293901384083045 0.21284562211981567 0.2897923875432526 0.21226958525345624 0.2842776816608997 0.21342165898617513 0.28200692041522496 0.21601382488479262 0.28157439446366783 0.2180299539170507 0.27941176470588236 0.217741935483871 0.27551903114186854 0.21514976958525348 0.27227508650519033 0.20996543778801846 0.2698961937716263 0.20535714285714288 0.2690311418685121 0.20247695852534564 0.2690311418685121 0.19642857142857145 0.2720588235294118 0.16733870967741934 0.2698961937716263 0.15956221198156684 0.27249134948096887 0.15264976958525348 0.27335640138408307 0.14976958525345624 0.27530276816609 0.1509216589861751 0.2791955017301038 0.16071428571428573 0.2852508650519031
1 0.17569124423963134 0.5415224913494809 0.17857142857142858 0.5447664359861591 0.18548387096774194 0.5484429065743945 0.19239631336405533 0.5493079584775087 0.195852534562212 0.548659169550173 0.20276497695852536 0.5441176470588236 0.2059331797235023 0.5428200692041523 0.2096774193548387 0.5428200692041523 0.2131336405529954 0.5467128027681661 0.21399769585253456 0.5538494809688582 0.2168778801843318 0.5564446366782008 0.2203341013824885 0.5551470588235294 0.22350230414746544 0.5510380622837371 0.2269585253456221 0.5488754325259516 0.23070276497695855 0.5493079584775087 0.23703917050691245 0.5523356401384084 0.24107142857142855 0.5519031141868512 0.2451036866359447 0.548659169550173 0.2474078341013825 0.5432525951557093 0.24683179723502305 0.5363321799307958 0.24107142857142855 0.5298442906574394 0.24913594470046085 0.5211937716262975 0.24942396313364057 0.5168685121107266 0.24798387096774194 0.5151384083044983 0.23444700460829493 0.5140570934256056 0.22839861751152074 0.5147058823529412 0.22379032258064516 0.5177335640138409 0.21860599078341014 0.5246539792387543 0.20910138248847926 0.5272491349480969 0.20276497695852536 0.5328719723183392 0.19930875576036866 0.5335207612456748 0.19556451612903228 0.5324394463667821 0.19066820276497695 0.5283304498269896 0.18577188940092165 0.5263840830449827 0.1774193548387097 0.5281141868512111 0.1742511520737327 0.5324394463667821 0.173963133640553 0.536764705882353 0.17569124423963134 0.5415224913494809
1 0.6399769585253456 0.7621107266435987 0.6422811059907835 0.7664359861591696 0.6388248847926268 0.7696799307958477 0.6382488479262673 0.772923875432526 0.643721198156682 0.7755190311418685 0.655241935483871 0.7770328719723184 0.6650345622119815 0.7852508650519032 0.6785714285714286 0.7861159169550174 0.6820276497695853 0.7854671280276817 0.6947004608294931 0.7791955017301039 0.6961405529953917 0.7757352941176471 0.6909562211981567 0.7692474048442908 0.690668202764977 0.7577854671280277 0.6926843317972351 0.7512975778546713 0.6748271889400922 0.7478373702422145 0.6682027649769585 0.7398356401384084 0.6618663594470047 0.7387543252595157 0.6586981566820277 0.7398356401384084 0.6561059907834101 0.7458910034602078 0.6509216589861752 0.7515138408304499 0.6486175115207373 0.7558391003460209 0.646889400921659 0.7564878892733564 0.6370967741935484 0.7538927335640139 0.6330645161290323 0.7545415224913495 0.6350806451612903 0.7588667820069205 0.6399769585253456 0.7621107266435987
1 0.6869239631336406 0.8070934256055364 0.6889400921658987 0.8088235294117648 0.695852534562212 0.8103373702422146 0.7021889400921659 0.8103373702422146 0.7059331797235023 0.8127162629757786 0.706221198156682 0.8142301038062284 0.7047811059907835 0.8153114186851212 0.6892281105990784 0.8196366782006921 0.6872119815668203 0.8228806228373703 0.6872119815668203 0.8248269896193772 0.6895161290322581 0.8267733564013842 0.7027649769585254 0.8319636678200693 0.7099654377880185 0.8323961937716264 0.7168778801843319 0.8313148788927336 0.720910138248848 0.8295847750865052 0.7243663594470047 0.8248269896193772 0.7255184331797235 0.8176903114186851 0.7304147465437788 0.8161764705882353 0.7355990783410139 0.8192041522491349 0.7546082949308757 0.8261245674740485 0.7620967741935484 0.8261245674740485 0.7690092165898618 0.8248269896193772 0.7747695852534562 0.8211505190311419 0.7747695852534562 0.8170415224913496 0.7736175115207373 0.8153114186851212 0.7710253456221199 0.8131487889273357 0.7669930875576038 0.8118512110726644 0.7623847926267281 0.8079584775086506 0.7609447004608295 0.8042820069204153 0.7592165898617511 0.8032006920415226 0.7523041474654378 0.7930363321799309 0.7482718894009217 0.7833044982698962 0.7404953917050692 0.7794117647058825 0.7275345622119815 0.7768166089965398 0.7211981566820277 0.7783304498269896 0.7165898617511521 0.7824394463667821 0.7134216589861752 0.7926038062283738 0.7105414746543779 0.7941176470588236 0.7065092165898618 0.7932525951557095 0.6998847926267281 0.7871972318339101 0.6929723502304148 0.7858996539792388 0.688652073732719 0.7865484429065744 0.6869239631336406 0.7876297577854672 0.6840437788018433 0.7930363321799309 0.6837557603686636 0.8001730103806229 0.6869239631336406 0.8070934256055364
1 0.7128456221198156 0.7651384083044983 0.7197580645161291 0.7724913494809689 0.7237903225806452 0.7746539792387545 0.7304147465437788 0.7746539792387545 0.7338709677419355 0.7733564013840831 0.7367511520737328 0.7740051903114187 0.7381912442396314 0.7759515570934257 0.7381912442396314 0.7794117647058825 0.7425115207373272 0.7822231833910036 0.7514400921658987 0.791089965397924 0.7548963133640554 0.7902249134948097 0.7644009216589862 0.7846020761245676 0.7721774193548387 0.7865484429065744 0.7788018433179724 0.7854671280276817 0.7822580645161291 0.786332179930796 0.7897465437788018 0.7854671280276817 0.7969470046082949 0.7761678200692043 0.7969470046082949 0.7688148788927336 0.7940668202764977 0.7660034602076126 0.7900345622119815 0.7642733564013842 0.786578341013825 0.7644896193771628 0.780241935483871 0.7668685121107267 0.777073732718894 0.7660034602076126 0.7756336405529954 0.7625432525951558 0.7764976958525346 0.7512975778546713 0.7744815668202765 0.747621107266436 0.7690092165898618 0.7450259515570935 0.7620967741935484 0.7445934256055364 0.7577764976958525 0.7465397923875433 0.7554723502304148 0.7463235294117647 0.7485599078341014 0.7422145328719724 0.744815668202765 0.742430795847751 0.7390552995391706 0.7480536332179931 0.7381912442396314 0.7515138408304499 0.7390552995391706 0.7590830449826991 0.7381912442396314 0.7612456747404844 0.7341589861751152 0.761029411764706 0.7237903225806452 0.7556228373702423 0.7183179723502304 0.7551903114186852 0.7137096774193549 0.7569204152249135 0.7116935483870968 0.7599480968858132 0.711405529953917 0.7621107266435987 0.7128456221198156 0.7651384083044983
1 0.8067396313364055 0.7077205882352942 0.8073156682027649 0.7147491349480969 0.810483870967742 0.7169117647058825 0.8208525345622121 0.7203719723183392 0.8375576036866359 0.7173442906574394 0.840725806451613 0.7136678200692043 0.8415898617511521 0.7076124567474049 0.8438940092165899 0.7065311418685122 0.8461981566820278 0.708044982698962 0.8473502304147467 0.7119377162629759 0.8508064516129032 0.7169117647058825 0.8554147465437788 0.719506920415225 0.8591589861751153 0.7190743944636678 0.8698156682027649 0.7143166089965398 0.8752880184331797 0.7089100346020761 0.8758640552995391 0.7030709342560554 0.8741359447004609 0.7015570934256056 0.8605990783410139 0.6978806228373703 0.8502304147465438 0.6924740484429066 0.844758064516129 0.6911764705882353 0.8395737327188941 0.6877162629757786 0.8332373271889401 0.6812283737024222 0.827188940092166 0.6823096885813149 0.8217165898617512 0.6812283737024222 0.8176843317972351 0.6818771626297578 0.8044354838709677 0.6892301038062285 0.8012672811059908 0.6939878892733564 0.800979262672811 0.6996107266435987 0.8067396313364055 0.7077205882352942
1 0.5892857142857143 0.8248269896193772 0.5936059907834101 0.8315311418685122 0.5944700460829493 0.8347750865051904 0.5987903225806452 0.8395328719723183 0.6097350230414746 0.8419117647058825 0.6160714285714286 0.8403979238754327 0.6201036866359447 0.8384515570934257 0.6215437788018433 0.8349913494809689 0.6212557603686636 0.8246107266435987 0.6169354838709677 0.8194204152249135 0.6129032258064516 0.8163927335640139 0.6019585253456221 0.8127162629757786 0.5944700460829493 0.8135813148788928 0.589573732718894 0.8183391003460209 0.5887096774193549 0.8205017301038063 0.5892857142857143 0.8248269896193772