3 0.5334654720555179 0.41086066476316346 0.5450281211038235 0.4070763813218302 0.5494127658647165 0.40415454653356775 0.5523887879287002 0.40153212374245084 0.5573186121683429 0.39009281954511293 0.5632046149616984 0.381766689611626 0.5661265386247197 0.37473387740451514 0.5653825247430548 0.3532247693451739 0.5627929054876557 0.34935332152404164 0.5573860408384381 0.34608069769720007 0.5527555003391117 0.3450750996906682 0.5480680533051804 0.34518706963799206 0.5395144469881645 0.3478895724638349 0.5214545743331417 0.3654361708964776 0.5170010801039944 0.3708046787033369 0.5142828967120937 0.37602542922450705 0.5078692736409229 0.3804840087626287 0.5045756982366087 0.3871536291473981 0.5026338389945992 0.3946414054888779 0.5037129654175289 0.39971829615012605 0.5078460981727033 0.403924943306769 0.5091289648667534 0.4071897722820762 0.5179495446558594 0.41128444949139525 0.5283944303466445 0.41193854795288687 0.5334654720555179 0.41086066476316346
3 0.5588319465971306 0.47201827436362914 0.5742214075948505 0.4543760061931921 0.5789144708960667 0.4432081215061686 0.5777243395375699 0.43483840938278223 0.573728905718904 0.4257384161889456 0.5713191408673264 0.42271311681135454 0.5586562876624349 0.41855076235107214 0.5548140142466492 0.4184830851001089 0.5484242770427773 0.4202834545087484 0.5419207267696955 0.4243189598250995 0.5347279714149911 0.43203847091276126 0.5295283655696159 0.442208552444787 0.5251317778750735 0.4464594922977905 0.5201661248344824 0.4618861116893518 0.5206937451122977 0.46575366208471697 0.5308660410637079 0.47066649525074633 0.5377953414790446 0.4714045711727309 0.5494781302629245 0.4751119614986445 0.5548758601121351 0.4741857330203774 0.5588319465971306 0.47201827436362914
2 0.3743185117047899 0.4572907773559187 0.3796804127530522 0.46035186407187484 0.39339217984720987 0.4625225096479292 0.4092319872535632 0.4677783370010034 0.41219606638389755 0.4664850192746276 0.41655682527749144 0.4662213946158474 0.4222032589987781 0.4636946415625247 0.4303613277072024 0.4632871570438225 0.4346644696671122 0.4433583759242401 0.43348908937590724 0.42813160136626294 0.421943999528536 0.4195308650031556 0.41009329927448424 0.4136482211689595 0.3901955352475751 0.41146588331560385 0.38227422747757717 0.41160194832399155 0.37647182521976796 0.4106243428042907 0.37276444260684843 0.4111912768859834 0.3625654526544967 0.4144646112192859 0.3564454970563572 0.4175342032932375 0.3531189009847373 0.4226631815023804 0.3512789118782881 0.42924492700088973 0.35254983563868864 0.4338388610409381 0.35663800479290775 0.4378339710866957 0.35903582671083584 0.4421883755290278 0.36221910757866205 0.4530086580967782 0.36467383603119496 0.4562454945852544 0.3743185117047899 0.4572907773559187
4 0.45769209309728887 0.3840744763155284 0.46755245197565387 0.3819785923355107 0.4764538241666635 0.38229749146149167 0.4771641069819429 0.3814832329305484 0.47714302924828644 0.37861348569018094 0.47003949069641315 0.3659733465849554 0.4571005292194246 0.35081495978440247 0.4493949046541966 0.3478098580421083 0.441575467019759 0.3470398922075256 0.43702291078869404 0.3477864734875055 0.43438551979869705 0.3492314459253376 0.4281278652640488 0.35719438403648296 0.4254160085385125 0.37214194423261154 0.4260546337518951 0.3793023160901149 0.42835972033426983 0.38876160368052604 0.43294248909899846 0.3950836219460224 0.4373692893272043 0.39790128163849514 0.44422060547427966 0.39688717827396797 0.4496780499917377 0.3893154244719953 0.45769209309728887 0.3840744763155284
4 0.47936874422691644 0.4334140001932461 0.49054779860027997 0.4305956299943123 0.49405424907572143 0.42631280022871065 0.5000540649382867 0.41575153438751233 0.5003624834786099 0.4075054844887512 0.49913652331916475 0.4031230875595882 0.4850257000836935 0.38799269324586627 0.4763638969647528 0.381874417239721 0.46159127304767944 0.38302458561263597 0.45505470210729193 0.3855194487533605 0.4496780499917377 0.3893154244719953 0.44406182880411454 0.39891077707079414 0.44305226224851885 0.4121699378056071 0.44576202123949227 0.4235330593939863 0.45127989082427716 0.43009850468296607 0.45885062458663883 0.4324689950926044 0.4689688221370868 0.4329714388426398 0.47331763809703126 0.43403691924860066 0.47936874422691644 0.4334140001932461
5 0.487788270528173 0.7168361755348507 0.4906174588556409 0.7149082464758187 0.4920169467525433 0.7104099821735647 0.4903083299162382 0.7023715719599218 0.47437226864160953 0.6869658607101183 0.4665198103398659 0.6846552526999092 0.45806807415841017 0.6864517246827816 0.4554306831684133 0.6878966971206137 0.45338976192448593 0.6907625469352141 0.4528354476457291 0.695081164039181 0.45716389627109677 0.7140596216194324 0.4596966089918911 0.7190486373944205 0.4625468750530155 0.7199904555757561 0.46994969734520514 0.7201856924771118 0.4807121363763206 0.716792593344951 0.487788270528173 0.7168361755348507
5 0.4466551004429385 0.7726724120506618 0.4559878390434882 0.766708977675279 0.45749200520959316 0.7557767251602046 0.45473447448402193 0.7497300238307899 0.4470766216533919 0.7414085018295312 0.4384478392017571 0.7368308679990124 0.4274964109668131 0.7351789663825231 0.4204532974822667 0.7366760263682501 0.41790583369418055 0.738544073027853 0.41614663698963505 0.7413500404430243 0.41481319042734466 0.7489295890965313 0.41561059231089226 0.7540663621572083 0.4205052981486661 0.7673970975687519 0.4257175573267703 0.776680635386643 0.4278933693735638 0.7744493969046986 0.4323770761363746 0.7761494886433156 0.4466551004429385 0.7726724120506618
5 0.5054547367718427 0.7639327686533225 0.5130191438678399 0.7565764493880023 0.5145085589666529 0.7525012593075189 0.5145443877676014 0.7485139441132954 0.5116639091728133 0.7405035263864836 0.5041528900786991 0.73148751065314 0.49286563890341084 0.7254851020200856 0.4858794319534693 0.7258645940519569 0.4776286279094917 0.7313769617187381 0.47662467762118094 0.7335802077138516 0.4765199993519782 0.7400141959266717 0.47838458472480594 0.7515569647133382 0.4821882212060008 0.7611399145283747 0.4867049486361174 0.7643806484426181 0.4905352791182538 0.7657774307583225 0.49756644966915076 0.7656094758373367 0.5054547367718427 0.7639327686533225
5 0.4075642389371147 0.7785493925527068 0.4115083824884607 0.7777110389606998 0.4146312382889601 0.7743941224374977 0.41820653823265597 0.7676646196532992 0.4178046739576999 0.7602328282854813 0.41415700601302763 0.7541542370434684 0.4101348781934203 0.7532404113489637 0.39865302154701854 0.7532489167069591 0.38902942360708004 0.7550733811766625 0.3801702068833833 0.7604939765314165 0.37925618379698334 0.7631202967483006 0.38098868650058737 0.7685004968324612 0.38549347099705467 0.7730703358114459 0.3930311840921104 0.7739001840454576 0.39722122338188987 0.7769892632482447 0.40133327840340793 0.7783261631645202 0.4075642389371147 0.7785493925527068
5 0.42328042153784756 0.8497176341222078 0.42704471068537186 0.8480331320866593 0.4345191905794583 0.8402537385995684 0.4357837876734944 0.8351208629646584 0.43460279111500466 0.8309500031463808 0.42872240458893407 0.8282202183401679 0.4229558311320732 0.8232552976262438 0.41002319632144923 0.8178237205006493 0.40502100408083014 0.8164549306717758 0.3976631453895959 0.8164712308813054 0.3920167116683093 0.8189979839346281 0.38808170291697036 0.8240351898317438 0.38818076491888814 0.8286571163586232 0.3919963443337325 0.8369109611089186 0.39874298221160503 0.8423308459572116 0.40466833233863103 0.8452721678743096 0.4141092677411054 0.8481295123309147 0.42328042153784756 0.8497176341222078
5 0.5524725557776249 0.8355226634316721 0.5616914813089648 0.8317943649640007 0.564038012959573 0.826210422620489 0.5624551521261271 0.8146077714343936 0.5609355244936506 0.8116143619694004 0.5513744493556019 0.8012653437455486 0.5439955129307112 0.7984118967147106 0.5296064836885801 0.798596151845226 0.5259531994766229 0.8035734753429127 0.5253539215969109 0.8076805553359941 0.5288280618041259 0.8226398078094241 0.5318223534681236 0.8284150896285244 0.536045413425209 0.833044811006938 0.5403822864515041 0.8354393964776401 0.5459928913718423 0.8368999586185408 0.5524725557776249 0.8355226634316721
5 0.6416303367532705 0.932203973357729 0.653282913003487 0.9288427641381662 0.656112101330955 0.9269148350791344 0.657658422964373 0.9217220770447951 0.656324266003003 0.9085189012836441 0.6451416930969175 0.8960825044377696 0.6425281879742194 0.8948692667461196 0.6368606765192764 0.8945262725590748 0.6284988675397314 0.8967458187637177 0.6243390407836154 0.9007253391064068 0.6223852386079564 0.9095422205126276 0.6232156611588101 0.9162196357489314 0.6263659213593303 0.9254992761410552 0.6281672735311888 0.9284328032066191 0.6339907535226545 0.9322801559666877 0.635950882364678 0.9331900842354252 0.6416303367532705 0.932203973357729
5 0.6265914497631868 0.94733968611014 0.6321507644162052 0.9388619014651969 0.6313863831999635 0.935265770580146 0.625688659211357 0.9278541768476248 0.6155521920608951 0.9189540284873722 0.6112153190345999 0.9165594430166702 0.6084880008426922 0.9175813412327315 0.6052302542393266 0.9202636464232778 0.6023202735099549 0.9259673535656475 0.6009299204130595 0.9346644701730102 0.5956073666984677 0.9428708353076389 0.5957633352349903 0.9463751938806627 0.5985447518278605 0.9497636850805952 0.6053721821076368 0.9514077918455502 0.6166172778156123 0.9516707059978694 0.6219700440638676 0.9505329404087168 0.6265914497631868 0.94733968611014
5 0.6368726529156016 0.9818560225228155 0.6344804472649584 0.9664457033407838 0.6300894758377009 0.9596407284540878 0.6230941340877524 0.9558213681808502 0.61543347312348 0.9530278035494414 0.5975527444731992 0.9506378260109674 0.5941270863996616 0.9511448776932312 0.5909712099318563 0.9529211520408067 0.5879832449342232 0.9568726798966647 0.5869223881113075 0.9601934938456338 0.5866617413055822 0.9631231234854308 0.5919280988846486 0.9768170507193158 0.5957795071004414 0.9810835802753879 0.6043064194165159 0.9865672449488769 0.6050377799654518 0.9886227336583012 0.6368726529156016 0.9818560225228155
5 0.6781055954018333 0.9514244369485416 0.6807155819918094 0.9373829075953835 0.6782545268729119 0.9244192614319487 0.6731321948967186 0.9155587978358284 0.6669490060976095 0.9100191481886771 0.6625552265367098 0.9087421306718309 0.658712953120924 0.9086744534208675 0.6567289384116015 0.9104227352816121 0.6572656934894239 0.9184891379820861 0.6549521825061215 0.9256137225012242 0.6573261185567507 0.9326263370730385 0.6563671318693953 0.9350411201790372 0.6512841472268724 0.9374481084335018 0.650007607199187 0.9439100891331529 0.6524145639171219 0.9524633458805937 0.6560861177290931 0.9558837269931242 0.6661024451439808 0.9572922015861302 0.6706550013750457 0.9565456203061501 0.674509217724481 0.9552841924923724 0.6781055954018333 0.9514244369485416
5 0.7238468409172543 0.9408174573980606 0.7236817375807246 0.9331142465199281 0.7269212145840762 0.9220342367191648 0.7262017969687898 0.9186496429449995 0.723747068516257 0.9154128064565231 0.7187118556083318 0.9125033744520235 0.7142162059118717 0.9121323877781473 0.7060012306688426 0.9136574402507055 0.7017634196444652 0.9158847813068827 0.6935575792014429 0.9216086860845489 0.6880551710830296 0.9289689027756365 0.6833290871145073 0.9385961452870337 0.6825829754982795 0.9433977190122 0.6842346857999797 0.9525536971796988 0.6892129921733 0.9565806971380546 0.7016749132407135 0.9570271559144279 0.7159529375472774 0.9535500793217743 0.7198760033649668 0.9498419784893997 0.7238468409172543 0.9408174573980606
5 0.5198780736287361 0.45221918441382236 0.525742998688435 0.4410233072399679 0.5274150763247122 0.43226630823317613 0.5272050093872273 0.4243515602441585 0.5239289931838477 0.4186361608244873 0.5200656420344055 0.4156987363331564 0.5149285589909203 0.4136953351716269 0.5093060111369325 0.41356387809546735 0.5048883457087336 0.4149450707081034 0.497335881546386 0.42097228490868244 0.48805443321315617 0.436874066069909 0.4868017790527695 0.440677836640078 0.4876771652045786 0.44756678898726693 0.4895234809773923 0.4507118531637161 0.4955837219072845 0.4542877864134701 0.5023661885861055 0.4557203560675398 0.5100956990186324 0.4560672476803519 0.5198780736287361 0.45221918441382236