5 0.9122677359929448 0.8117735496199145 0.9096645111315471 0.8144285586088088 0.9050004073884319 0.8171516352726609 0.9000223911510264 0.8186156776896153 0.897035065736729 0.8209206865615328 0.898881512903713 0.8342790969394237 0.9033847928607781 0.8416258788152081 0.9105780658677762 0.8478562029554684 0.9207407949795108 0.852900391394882 0.9313743928326804 0.8598331312046426 0.9381504050269269 0.8608182844613438 0.9456435887575594 0.858727140356487 0.9517407463938119 0.8534179275238808 0.9527896997340497 0.8504817912381502 0.952581713917491 0.8460759765191895 0.9499479071555115 0.8367028976327775 0.9450783959551077 0.8278872424689456 0.9364367781046811 0.8182290105597861 0.9278985085727163 0.8125569152872879 0.923078737762091 0.8110840162733293 0.9155166551524839 0.8105177359537453 0.9122677359929448 0.8117735496199145
5 0.8365754326586309 0.8105862391083567 0.8303378989051593 0.8177135202008052 0.8299690893025506 0.8233775640214815 0.8323081420594363 0.8268062769355629 0.8768370918341286 0.8446788269664822 0.8795794036331103 0.8437722082721077 0.8806104876637868 0.8419549451574477 0.8727243583281388 0.819849752435865 0.8648343614535856 0.808443935377368 0.8581987253765583 0.8056407138608248 0.8499909484688096 0.8036752382185156 0.8463056100073224 0.8043712127265582 0.8444361368122371 0.8063975097371857 0.8365754326586309 0.8105862391083567
5 0.7831290903122845 0.8212373060605106 0.7871907942488612 0.8422900829956163 0.7921139133779482 0.8477491186462359 0.7993429250040689 0.8517416964443548 0.8046693031752519 0.8528654004865188 0.8078480342761815 0.8525186209502706 0.8125989062078324 0.8513340955397884 0.81675640259039 0.8489602138477309 0.8222959232966718 0.8402238983914077 0.8245354952740008 0.8289670990057422 0.8271221400054722 0.8238645046335566 0.8263386479493816 0.81715046046195 0.822569119658629 0.8091749666078988 0.8142745745623448 0.8056709397122195 0.7968445168460974 0.8060048369255526 0.7907307790799187 0.8088664643748675 0.7872891650541123 0.8117305072597292 0.7831290903122845 0.8212373060605106
5 0.7903442793730785 0.7668378347766185 0.7888065879818444 0.7690042928630731 0.7856061200324486 0.7811693212334776 0.7865657268248804 0.7838275508031007 0.7907206448481678 0.7885865862197667 0.7981410621609208 0.7945373933535549 0.803501889771591 0.7969898096079394 0.8087236304446772 0.797693835567804 0.8133519955686703 0.7972085052460931 0.8192385890290943 0.7946263948032503 0.825056283610544 0.7893868599359665 0.8300891969562677 0.7809997394514379 0.8304745866888027 0.7777832810140528 0.8291844872721545 0.7714184318142407 0.8268454345152687 0.7679897189001593 0.8230044289862715 0.7644897177303912 0.8170846752659953 0.7621766574066519 0.8071299319708194 0.7615382836861988 0.7965282051978667 0.7630671731973824 0.7903442793730785 0.7668378347766185
5 0.8830635605868735 0.7232150330933033 0.8777869228054687 0.7294340852010126 0.8846789959091976 0.747552336140752 0.8866518174227448 0.7495121757667857 0.8918556887862698 0.7513350748977211 0.9007104491717948 0.7511332873083935 0.9089373845687397 0.74841343122527 0.9164841762280556 0.7429656676072011 0.9209747435940996 0.7371654884366083 0.9226004923535044 0.7329711230491622 0.9217289429292432 0.7282849861785471 0.9196693532271605 0.7247865952991435 0.9147806835375608 0.720656271860744 0.9103973320288834 0.719743212004912 0.8968274383308297 0.7188917786625802 0.8896839057136097 0.7200042106721936 0.8830635605868735 0.7232150330933033
5 0.842227505146149 0.7320593038181655 0.8379985315253468 0.7389086781945062 0.8368615208169385 0.7438727217812289 0.8374714764959579 0.7475096634460954 0.8425860013116772 0.7549269284323845 0.8479634090522736 0.7598269300700601 0.8562758234581189 0.7622120837946685 0.8708079023078745 0.7585888295978993 0.8827393346555029 0.7504876672813005 0.8839286641129593 0.7457334627357277 0.8818014647115373 0.7360111888775211 0.877839241554517 0.7296439242421624 0.8676930925727087 0.7270473211860399 0.8625236706486709 0.7265531342673249 0.8561662084468115 0.7272466933398208 0.8449876862546916 0.7300338119527202 0.842227505146149 0.7320593038181655
5 0.8032852381082464 0.7199261115895202 0.8011005632392356 0.7242598329076116 0.8009946365615039 0.7274066133796742 0.8053932790204721 0.7343337171731597 0.8095137476042726 0.7377640403776052 0.8191532892255233 0.7407098384055223 0.8229955839341556 0.7406433810209285 0.8339992805695692 0.7383456184556509 0.8363574918156511 0.7370889996442997 0.8411798409855464 0.7314289815495344 0.8493200081939556 0.7271705742130408 0.8519411023649143 0.723396692053076 0.8523966801560586 0.7192711994857698 0.8505132051903173 0.7117169940043822 0.8466198809122716 0.7080071537934643 0.8386915670593261 0.7059720001858326 0.8286666357055404 0.7062426605953005 0.818378821426878 0.7090305843533823 0.808561875889651 0.7137070594818107 0.8032852381082464 0.7199261115895202
5 0.3049937663423915 0.8203155870500485 0.29922710133035524 0.8293314195128436 0.291487614804772 0.8363874123496051 0.29129234157923445 0.8451285586770215 0.2934910182189011 0.8503753398509449 0.29703469138353433 0.8550638921571065 0.30777421591443593 0.8588498514948044 0.31556344282979754 0.8591366148079164 0.3194759255970394 0.8581611232934016 0.3268478916996491 0.8532027157229545 0.3339940026761391 0.8449573666046174 0.3389222785237664 0.8361505680377895 0.3404969977137577 0.8281799050548315 0.33978240453664166 0.8241232853076657 0.3378274523326557 0.8210445725105611 0.3319613065410629 0.8153748926736096 0.3246097881072845 0.8120815099642622 0.31710002424672595 0.8117250686858277 0.3116154006487628 0.8135383060745767 0.3049937663423915 0.8203155870500485
5 0.24995372552218714 0.7948111021205968 0.24720883536393545 0.8028506379236952 0.24460174296363274 0.8162050225756751 0.24795143208236353 0.826068262654891 0.252926869960499 0.8317371373466604 0.26158893547975676 0.8331435789760253 0.26600802560755626 0.8318188924897159 0.2753885518428352 0.8265825782031608 0.2839677167124625 0.8157510929160701 0.28840725450909327 0.8061746161499659 0.2890899766059922 0.8017696065761879 0.2877654277498568 0.7940760451641553 0.2852349693063389 0.7886891029144045 0.2803807490562262 0.7858874916882256 0.26579764063705724 0.7857344482894832 0.2580773126006701 0.7881051094008121 0.2525225009440974 0.7908273809194822 0.24995372552218714 0.7948111021205968
5 0.2116954697608183 0.7747064417638112 0.19553893133129313 0.7789576027936651 0.19070000203147153 0.7821700355051391 0.18411152798495234 0.7938424872471931 0.18009054018070855 0.8050976763424943 0.18152101571457568 0.8096444572824641 0.1846984576358704 0.812864136300578 0.1933082044060798 0.8140607388887933 0.2008537068857606 0.8121794338250862 0.2094302933961179 0.8084808656467191 0.22303850407256398 0.7999616355381853 0.22276161937703104 0.792898396394784 0.22583829133913413 0.7849990216675129 0.2251581476015053 0.7822711141325673 0.22315087664847102 0.7789825622943132 0.22023502847241833 0.7768120784819477 0.2159218650223505 0.7749899844961944 0.2116954697608183 0.7747064417638112
5 0.22787503421844507 0.7550705733454391 0.22947904612938347 0.7626944567921491 0.23553788678724347 0.7667559074104082 0.2434317512007019 0.7674623488058194 0.25270635075824904 0.7653728149913273 0.25873332033589214 0.760972636288642 0.2621404849222114 0.7567798811915599 0.2650436205072433 0.7458034039575485 0.26368333303198566 0.7403475888876577 0.2615880047107807 0.7390869443503953 0.2528736204424746 0.7374706636798809 0.2465684769896635 0.7383740617935265 0.23437545089679346 0.745426028904377 0.22957097103645913 0.7499671738280715 0.22787503421844507 0.7550705733454391