5 0.3283410138248848 0.30839100346020765 0.33410138248847926 0.3094723183391004 0.34447004608294934 0.3146626297577855 0.3522465437788019 0.31401384083044986 0.3557027649769585 0.31228373702422146 0.3591589861751152 0.30687716262975784 0.36059907834101385 0.29671280276816614 0.3580069124423963 0.2887110726643599 0.3539746543778802 0.28265570934256057 0.3490783410138249 0.280060553633218 0.3450460829493088 0.280060553633218 0.34014976958525345 0.28179065743944637 0.3352534562211982 0.28633217993079585 0.3317972350230415 0.29130622837370246 0.3220046082949309 0.29974048442906576 0.3228686635944701 0.3040657439446367 0.3283410138248848 0.30839100346020765
5 0.3024193548387097 0.3291522491349481 0.31048387096774194 0.33174740484429066 0.32114055299539174 0.33261245674740486 0.3297811059907834 0.3276384083044983 0.33294930875576034 0.32482698961937717 0.334389400921659 0.3213667820069205 0.33352534562211983 0.317257785467128 0.3289170506912443 0.3105536332179931 0.32258064516129037 0.30493079584775085 0.3191244239631337 0.2999567474048443 0.31422811059907835 0.2975778546712803 0.3070276497695853 0.29736159169550175 0.3029953917050691 0.2984429065743945 0.2986751152073733 0.30384948096885817 0.29694700460829493 0.3105536332179931 0.29694700460829493 0.3243944636678201 0.3024193548387097 0.3291522491349481
5 0.2793778801843318 0.3222318339100346 0.2860023041474654 0.3243944636678201 0.2932027649769585 0.32417820069204156 0.29464285714285715 0.32309688581314877 0.2966589861751152 0.31855536332179935 0.29694700460829493 0.30687716262975784 0.29435483870967744 0.30211937716262977 0.2911866359447005 0.2995242214532872 0.2836981566820277 0.2975778546712803 0.2793778801843318 0.2975778546712803 0.27534562211981567 0.2988754325259516 0.27102534562211983 0.30363321799307963 0.2695852534562212 0.3081747404844291 0.2695852534562212 0.31401384083044986 0.2793778801843318 0.3222318339100346
5 0.2505760368663595 0.3395328719723184 0.25518433179723504 0.34126297577854675 0.271889400921659 0.3447231833910035 0.2793778801843318 0.34450692041522496 0.2828341013824885 0.34191176470588236 0.28456221198156684 0.3386678200692042 0.2857142857142857 0.3315311418685122 0.2836981566820277 0.32720588235294124 0.2790898617511521 0.32331314878892736 0.26555299539170507 0.319204152249135 0.25432027649769584 0.3194204152249135 0.25201612903225806 0.3196366782006921 0.24942396313364057 0.3211505190311419 0.24683179723502305 0.32525951557093424 0.24711981566820276 0.3336937716262976 0.2505760368663595 0.3395328719723184
5 0.2897465437788019 0.3730536332179931 0.2923387096774194 0.3767301038062284 0.2960829493087558 0.37932525951557095 0.3038594470046083 0.3821366782006921 0.3101958525345622 0.3830017301038063 0.32142857142857145 0.3823529411764706 0.3257488479262673 0.3799740484429066 0.32661290322580644 0.36634948096885817 0.32142857142857145 0.3613754325259516 0.3067396313364056 0.35748269896193774 0.29694700460829493 0.35705017301038067 0.2911866359447005 0.3613754325259516 0.2888824884792627 0.36440311418685123 0.28830645161290325 0.3695934256055363 0.2897465437788019 0.3730536332179931
5 0.45650921658986177 0.3626730103806229 0.45650921658986177 0.3704584775086505 0.4582373271889401 0.37564878892733566 0.4634216589861751 0.38105536332179935 0.467741935483871 0.3836505190311419 0.47350230414746547 0.3845155709342561 0.4884792626728111 0.38408304498269896 0.49452764976958524 0.3812716262975779 0.4982718894009217 0.37694636678200694 0.5023041474654378 0.36570069204152256 0.5005760368663594 0.35986159169550175 0.4922235023041475 0.3514273356401384 0.4887672811059908 0.34537197231833916 0.4824308755760369 0.3438581314878893 0.4737903225806452 0.34515570934256057 0.464573732718894 0.3494809688581315 0.4614055299539171 0.3527249134948097 0.46082949308755766 0.35553633217993086 0.45650921658986177 0.3626730103806229
5 0.5457949308755761 0.36397058823529416 0.5486751152073733 0.36764705882352944 0.5538594470046083 0.3706747404844291 0.5625 0.3715397923875433 0.5745967741935484 0.3689446366782007 0.5852534562211982 0.3641868512110727 0.5904377880184332 0.35618512110726647 0.5910138248847926 0.34753460207612463 0.5887096774193549 0.34126297577854675 0.5858294930875576 0.3375865051903114 0.5774769585253456 0.3345588235294118 0.570852534562212 0.3336937716262976 0.560483870967742 0.3360726643598616 0.5512672811059909 0.34039792387543255 0.548963133640553 0.3421280276816609 0.5423387096774194 0.3512110726643599 0.5423387096774194 0.35618512110726647 0.5457949308755761 0.36397058823529416
5 0.6008064516129032 0.4054930795847751 0.6057027649769585 0.40830449826989623 0.61463133640553 0.40981833910034604 0.622983870967742 0.41025086505190317 0.6336405529953917 0.40743944636678203 0.6445852534562213 0.39792387543252594 0.6457373271889402 0.39446366782006925 0.644873271889401 0.38948961937716264 0.6405529953917051 0.3838667820069205 0.6322004608294931 0.37932525951557095 0.6241359447004609 0.37781141868512114 0.6160714285714286 0.37867647058823534 0.6045506912442397 0.381704152249135 0.5967741935483871 0.38581314878892736 0.5936059907834101 0.39035467128027684 0.5941820276497696 0.39749134948096887 0.6008064516129032 0.4054930795847751
5 0.4711981566820277 0.4459342560553633 0.47494239631336405 0.4485294117647059 0.48473502304147464 0.45242214532871977 0.49135944700460826 0.45350346020761245 0.49913594470046085 0.4530709342560554 0.5089285714285714 0.45047577854671284 0.5169930875576038 0.44355536332179935 0.5192972350230415 0.43966262975778553 0.5195852534562212 0.43079584775086505 0.5149769585253456 0.41911764705882354 0.5190092165898618 0.41111591695501737 0.5155529953917051 0.4108996539792388 0.5144009216589862 0.4126297577854672 0.511520737327189 0.414143598615917 0.48444700460829493 0.41911764705882354 0.47955069124423966 0.42084775086505194 0.47321428571428575 0.4253892733564014 0.46889400921658986 0.4320934256055364 0.4697580645161291 0.4422577854671281 0.4711981566820277 0.4459342560553633
4 0.14055299539170507 0.6139705882352942 0.14717741935483872 0.6176470588235294 0.1532258064516129 0.6187283737024222 0.18433179723502305 0.6167820069204153 0.19182027649769587 0.6126730103806228 0.1935483870967742 0.6092128027681661 0.19038018433179724 0.6018598615916956 0.18577188940092165 0.5981833910034602 0.16474654377880185 0.5940743944636678 0.1543778801843318 0.5908304498269896 0.1509216589861751 0.5914792387543253 0.14948156682027652 0.5947231833910035 0.13882488479262672 0.6061851211072665 0.138536866359447 0.6100778546712803 0.14055299539170507 0.6139705882352942
3 0.5172811059907835 0.4052768166089966 0.5221774193548387 0.40808823529411764 0.5253456221198156 0.4070069204152249 0.5288018433179723 0.41003460207612463 0.5397465437788018 0.4160899653979239 0.5466589861751152 0.4171712802768166 0.559331797235023 0.4163062283737024 0.5711405529953917 0.4126297577854672 0.5771889400921659 0.40743944636678203 0.581221198156682 0.3966262975778547 0.5815092165898618 0.3938148788927336 0.5800691244239632 0.38970588235294124 0.5751728110599078 0.3836505190311419 0.5607718894009217 0.37478373702422146 0.5388824884792627 0.37413494809688586 0.5305299539170507 0.37564878892733566 0.5216013824884793 0.37954152249134954 0.5181451612903226 0.3823529411764706 0.5141129032258065 0.3899221453287197 0.5144009216589862 0.3985726643598616 0.5172811059907835 0.4052768166089966
2 0.11664746543778803 0.5964532871972319 0.12154377880184333 0.5999134948096886 0.12615207373271892 0.6014273356401384 0.13680875576036866 0.6040224913494809 0.14055299539170507 0.6031574394463668 0.1480414746543779 0.5958044982698962 0.15063364055299538 0.5916955017301039 0.15120967741935484 0.5847750865051904 0.14861751152073732 0.5793685121107267 0.14055299539170507 0.5748269896193772 0.12759216589861752 0.5724480968858132 0.11722350230414746 0.5735294117647058 0.10944700460829493 0.5789359861591696 0.1088709677419355 0.5852076124567475 0.11664746543778803 0.5964532871972319
2 0.13277649769585254 0.5637975778546713 0.14372119815668202 0.5698529411764707 0.14746543778801843 0.5700692041522493 0.15408986175115208 0.566825259515571 0.1578341013824885 0.5633650519031141 0.16215437788018433 0.5555795847750866 0.1630184331797235 0.5499567474048443 0.16013824884792627 0.5471453287197232 0.1543778801843318 0.5447664359861591 0.14688940092165897 0.5441176470588236 0.14026497695852536 0.5456314878892734 0.13536866359447003 0.5480103806228375 0.13306451612903228 0.5497404844290659 0.13047235023041476 0.555363321799308 0.13076036866359447 0.5609861591695502 0.13277649769585254 0.5637975778546713