2 0.5262447374152773 0.366607253801178 0.52154305538972 0.3647226374002857 0.5043340059807238 0.36544216377378386 0.48992691828453216 0.3693382597345935 0.47658020694955844 0.3764149725630251 0.47376611771270455 0.3804271873113335 0.47503329818079376 0.3842868577493502 0.47786161572045927 0.3872487763523102 0.4840676806558545 0.39106120433205555 0.48741907222472314 0.3921263646931924 0.4937001621326848 0.39769110116508993 0.49780374515647247 0.3997201673156533 0.5055222780177385 0.40066788398383857 0.5088209579328853 0.4021623463136783 0.5108970840176319 0.4041603591272119 0.5106071699221613 0.40652151995507835 0.5083688663682323 0.4082076744928604 0.508808830408836 0.40935113064929823 0.5126001860183084 0.41155974716687294 0.5133827758081048 0.40991274052674126 0.518457481917732 0.406395981701506 0.5216020693797293 0.40678208849224806 0.5311452975811815 0.40468554348186175 0.5321610473047101 0.4035029394277734 0.5350055348764415 0.3968798122499068 0.5353906864845609 0.38428965268815923 0.5340261677250606 0.37649606329713536 0.5314350526271437 0.37160228583501176 0.5262447374152773 0.366607253801178
3 0.40321889210951867 0.41142052447506183 0.39778733194788696 0.41075361274559813 0.38262805279677636 0.41368580291698126 0.3724380564478491 0.41395983820053506 0.363515240567011 0.4180935439221054 0.35963673246092287 0.42132140324799855 0.3540876214677981 0.4287018797915608 0.3416695073597372 0.4400324644093718 0.34020166607155555 0.4472603966426424 0.34253326540887896 0.45190442250307417 0.34642600181777883 0.4556506965284495 0.34969832590606453 0.4573598098426409 0.35302336164807213 0.4586396211881292 0.3615731534448402 0.4599072906926864 0.36679386699158406 0.462291410296962 0.37271810284754137 0.4636724762141606 0.3833744190639333 0.46432724610269316 0.39315484970713427 0.46029884223314343 0.4058690211974446 0.45837375302914773 0.4202801514016528 0.4520813956231313 0.42301517315792364 0.4487131338278775 0.4248175551792652 0.4434872616884508 0.4258494749348597 0.43271961185353575 0.4256730691628657 0.429429645853583 0.41853840700055744 0.4213633460844581 0.40321889210951867 0.41142052447506183
3 0.4635825827495729 0.4539120724745362 0.4591667723114701 0.45206255669098416 0.43450274830981755 0.44968785655278215 0.4241282611728635 0.4514644487267964 0.41166552042711346 0.4584318124228971 0.40741803074497174 0.4646647855297112 0.40574742785793516 0.46881740274738026 0.405453471254448 0.47357482502045356 0.4088637177638173 0.48597733965456913 0.4152461884712066 0.49307973363426727 0.42599984297900945 0.49766842247580734 0.435926281059327 0.4995408970357684 0.4436934830662985 0.5024555731804573 0.45161882003443604 0.5040823434190372 0.4632199035098066 0.49940593931612265 0.46707205578903377 0.4963927309745809 0.47548796767273444 0.4845707377140072 0.47646717577460684 0.47423238984779514 0.4747640737739304 0.46683300180813403 0.4728724384772107 0.46333243210414005 0.4635825827495729 0.4539120724745362
4 0.39438889486355 0.32971812013789537 0.38465099007927567 0.323946827242267 0.3799229522268575 0.32227686182572624 0.373057991619938 0.32383070845476836 0.36907810271442226 0.3255209102728608 0.3600985326718459 0.3324801794083408 0.3590037154677342 0.3343067364154837 0.3562140403284873 0.3546634793115357 0.356856765967946 0.35888225048357497 0.35923703445097505 0.3654932358205105 0.36273847596497666 0.3700630131659516 0.3702684755301995 0.37490954816980393 0.3770503261485197 0.37639591593902305 0.3845356990760533 0.376879230021165 0.3966781273914552 0.37488393958248895 0.40154198688619475 0.3730843886320656 0.4065416680232555 0.36781532131467803 0.40847582917890185 0.36151619425349385 0.4084839141949347 0.35672367136308064 0.4054649625804635 0.34349765340889915 0.4029002033094077 0.3383892249624242 0.39438889486355 0.32971812013789537
4 0.44851596318382325 0.340286055768199 0.43212798691553367 0.3319551401815941 0.42349912763818287 0.3313314236300913 0.411656799213047 0.34033594803737605 0.4108965227420951 0.3441645651383628 0.4130882579290809 0.3546743688109655 0.41975660022392447 0.36181186340800386 0.4235479558333967 0.36402047992557857 0.4412192826018412 0.3666260201693735 0.4519323529799716 0.36445522664399643 0.4595535475498266 0.3614690243591744 0.4607537880613822 0.3587838634146254 0.460761873077415 0.3539913405242121 0.45848298539381344 0.3489180126950773 0.4543834448780422 0.3444926850993072 0.44851596318382325 0.340286055768199
4 0.47022230938928467 0.41637920355005403 0.4662201071649245 0.4158877949072914 0.45631193989543506 0.41859319225339203 0.45225702601735296 0.4185310855793323 0.4353886606282954 0.43301932828835615 0.4334585419806653 0.4369221939043336 0.4327996463091409 0.44228846851312104 0.4338073110166369 0.44589838734944587 0.4359097929282444 0.44768174917862796 0.44120957395557114 0.44942191582984903 0.4652227873017322 0.4523703676864252 0.47029749341135946 0.4488536088611898 0.47351500506716093 0.43682910645719575 0.47581006278282817 0.4323173885055039 0.47597224025201035 0.42863322115418834 0.47481452559938153 0.4215186853335591 0.4733892101701264 0.4189469208016514 0.47022230938928467 0.41637920355005403
4 0.5855802327087367 0.35602599655239364 0.5720165314720964 0.3530532610139554 0.5652833499994817 0.35353385272124005 0.5613298169208271 0.355009403554981 0.5592415633120311 0.36020017507706736 0.5607115053789753 0.3671351605306854 0.5599512289080234 0.3709637776316721 0.5553874693035501 0.37977256255070413 0.5562369990498801 0.38467038729313807 0.5589862491089627 0.3882762588491527 0.5641806068288455 0.3908750294377798 0.5703156892996908 0.3905388874801663 0.5767853125036957 0.3922048056163968 0.5842970412580902 0.3924734687141872 0.5963725296169585 0.38393334689294567 0.6044863998811392 0.3816612987958584 0.6032192194130499 0.37780162835784187 0.5965853179611003 0.3656569598860386 0.5905414304948874 0.3581603645549776 0.5855802327087367 0.35602599655239364
5 0.6107978881239784 0.3846151228381979 0.6033915826770275 0.3834878558030013 0.5966320453775518 0.38418309849463744 0.59353612706126 0.3857639511803989 0.5859595591290943 0.39311337438693145 0.5857406274981736 0.3996231051521567 0.5871761287222238 0.4115652644805395 0.5905985027556425 0.41677899477903513 0.5928997037580886 0.4240339330690251 0.5946636024285199 0.42621149624956994 0.5988989645866124 0.4271673074783758 0.6156903632738496 0.42748593540929497 0.6213064142235081 0.42665029024829815 0.6278631899241288 0.4228797325410608 0.6302859842660845 0.41969102111281814 0.6302900267741008 0.4172947596676114 0.6268574669458868 0.4027106345726407 0.6159395341901391 0.38764319539552794 0.6107978881239784 0.3846151228381979
5 0.5934937602518419 0.4262857447645606 0.5903389869950492 0.4165292431773434 0.5865557164016098 0.4095281037693554 0.585168884323265 0.39955290391747633 0.5819533143967176 0.3950182271893754 0.5708083649940164 0.39125304166790126 0.5653727623243683 0.3929823913836442 0.5639393618790803 0.3952031497421499 0.5603792244740863 0.4100181149427137 0.558560672420679 0.4248290328629668 0.5650141255926183 0.4360799967800239 0.5732922741047437 0.4442866990185094 0.5811345010842818 0.4489536836553505 0.5906209751239956 0.44968270205887384 0.5966283209685521 0.4480235535778112 0.6019888986656338 0.44454189536991606 0.6041258214201352 0.4413180833243332 0.6082638452868168 0.4383399756001317 0.610427123868179 0.4349015125701975 0.6106947246448052 0.4303587412814758 0.608073211212011 0.42807587624891036 0.5988198971060295 0.42781126043143025 0.5934937602518419 0.4262857447645606
5 0.6031629423998368 0.4727934822287022 0.5948159122019238 0.47460112773974633 0.5909637599226967 0.47761433608128795 0.5860837303958915 0.48899893281253803 0.5862033820061471 0.4951144622264005 0.5897798484927151 0.5014365480639937 0.5923750060986485 0.5039340640809107 0.595752753494378 0.504784573457696 0.6029035856887519 0.503265827445994 0.6136876385314324 0.505243603857976 0.6207857590720842 0.5041541598149771 0.6250292062462097 0.5003174481533696 0.6280541420979512 0.49458802553024916 0.6299923457616141 0.48589263702385843 0.628672453639803 0.4824622685545449 0.6240011699491231 0.4779667397240944 0.6184418731612029 0.4759768214711816 0.6031629423998368 0.4727934822287022
5 0.6533727011640948 0.4325485188669034 0.64690307796009 0.430882600730673 0.6356973318876339 0.4323392400683151 0.6260182820438606 0.43790530144566564 0.621180778375982 0.4394902014117375 0.6191492789289246 0.4418554095199142 0.6158303864736957 0.4523422544161078 0.6189364905847827 0.4601317965268213 0.6243599657303815 0.46559123114669837 0.6314500012550005 0.4692943099941128 0.6387245275676465 0.47149483195106673 0.6455894881745661 0.4699409853220248 0.6545650157091261 0.46537797763175137 0.6618820678806987 0.4577788028235272 0.6633154683259865 0.45555804446502146 0.6646596154958962 0.4446108442630951 0.6636255949615394 0.44121557641112175 0.66035731338127 0.43711020165172376 0.6533727011640948 0.4325485188669034
5 0.7000792357346058 0.43501505411074215 0.6933460542619911 0.4354956458180266 0.6770919579067688 0.44025439299655267 0.6677514913041716 0.4454262530225403 0.6646738437987079 0.45158497761436356 0.664692114609536 0.4561628495204255 0.6708677812100537 0.46258618992972894 0.6731020422559664 0.4632962968371535 0.681339606638419 0.46474351670872205 0.6989622642611579 0.46538209747601333 0.705255481693169 0.46375804961229095 0.7185494813744209 0.45711063875256225 0.7246662930344379 0.4521966248888871 0.7292787217846167 0.44535479944635864 0.7224218461937302 0.4421161231849872 0.7072219829129469 0.43828883098945354 0.7000792357346058 0.43501505411074215
5 0.772276374536221 0.31968411649842726 0.7585241400035374 0.32061019929565615 0.7464973207903747 0.3311172805934014 0.7419376036939176 0.33752980406722677 0.7400561541919931 0.3433996291597079 0.7430081658499307 0.3500808157313239 0.7476794495406105 0.3545763445617742 0.7565110704168163 0.35827537612887833 0.7635037676500244 0.35804453602328545 0.769642892628886 0.35531213262046535 0.7752325877516835 0.35469113844382005 0.7791110958577716 0.3514632791179269 0.7805972079567813 0.34881321879071825 0.7840965486920206 0.3392200784492709 0.7845222844298128 0.3333894012544403 0.781622984425597 0.32627891271412135 0.7756014102782286 0.32096392784391553 0.772276374536221 0.31968411649842726