5 0.2436635944700461 0.6390570934256056 0.24913594470046085 0.6453287197231835 0.2569124423963134 0.6587370242214534 0.2609447004608295 0.6624134948096886 0.26900921658986177 0.6665224913494809 0.27880184331797236 0.6684688581314879 0.2900345622119816 0.6676038062283738 0.29406682027649766 0.6656574394463668 0.29694700460829493 0.6604671280276817 0.2963709677419355 0.654628027681661 0.29349078341013823 0.6509515570934257 0.2857142857142857 0.6451124567474049 0.2796658986175115 0.6314878892733564 0.2721774193548387 0.6239186851211074 0.26497695852534564 0.6204584775086506 0.25892857142857145 0.6193771626297578 0.25432027649769584 0.6195934256055364 0.24481566820276499 0.6232698961937717 0.24222350230414746 0.6312716262975779 0.24193548387096775 0.6336505190311419 0.2436635944700461 0.6390570934256056
5 0.3715437788018433 0.8183391003460209 0.37672811059907835 0.8226643598615917 0.38392857142857145 0.823529411764706 0.3879608294930876 0.8224480968858131 0.3922811059907834 0.8194204152249135 0.3942972350230415 0.8140138408304498 0.3914170506912443 0.8081747404844292 0.38623271889400923 0.8036332179930797 0.3810483870967742 0.8019031141868513 0.37355990783410137 0.8025519031141869 0.3715437788018433 0.8038494809688581 0.3695276497695853 0.8086072664359862 0.3695276497695853 0.8131487889273357 0.3715437788018433 0.8183391003460209
5 0.37327188940092165 0.8386678200692043 0.37644009216589863 0.83780276816609 0.37989631336405527 0.8352076124567475 0.3807603686635945 0.8276384083044983 0.378168202764977 0.8239619377162631 0.3726958525345622 0.8220155709342561 0.36578341013824883 0.8215830449826991 0.3623271889400922 0.8224480968858131 0.36088709677419356 0.8237456747404845 0.3580069124423963 0.8313148788927336 0.3585829493087558 0.8384515570934257 0.37327188940092165 0.8386678200692043
5 0.39026497695852536 0.8594290657439447 0.39400921658986177 0.8633217993079585 0.4009216589861751 0.8652681660899655 0.40437788018433185 0.8652681660899655 0.41100230414746547 0.8633217993079585 0.41618663594470046 0.8596453287197232 0.4179147465437788 0.856401384083045 0.4182027649769585 0.8522923875432526 0.415610599078341 0.8449394463667821 0.4112903225806452 0.8416955017301039 0.40466589861751157 0.8401816608996541 0.4009216589861751 0.8403979238754327 0.3991935483870968 0.8416955017301039 0.3896889400921659 0.8522923875432526 0.3882488479262673 0.855968858131488 0.39026497695852536 0.8594290657439447
5 0.42079493087557607 0.853589965397924 0.4228110599078341 0.855968858131488 0.42828341013824883 0.8583477508650519 0.4357718894009217 0.8587802768166091 0.4409562211981567 0.8557525951557095 0.4438364055299539 0.8525086505190312 0.4449884792626729 0.848832179930796 0.44441244239631333 0.8453719723183392 0.4423963133640553 0.8414792387543253 0.438652073732719 0.8393166089965399 0.42828341013824883 0.8380190311418685 0.4248271889400922 0.8399653979238755 0.42021889400921664 0.8455882352941178 0.4196428571428571 0.8499134948096886 0.42079493087557607 0.853589965397924
5 0.3654953917050691 0.8853806228373703 0.3689516129032258 0.8877595155709344 0.37672811059907835 0.8903546712802768 0.38018433179723504 0.8899221453287198 0.3845046082949309 0.8875432525951558 0.3882488479262673 0.8845155709342561 0.39112903225806456 0.8804065743944637 0.3914170506912443 0.87651384083045 0.3896889400921659 0.8730536332179932 0.38652073732718895 0.870242214532872 0.38047235023041476 0.8682958477508651 0.37672811059907835 0.8678633217993081 0.37039170506912444 0.869377162629758 0.3649193548387097 0.8724048442906576 0.36319124423963134 0.8756487889273357 0.3629032258064516 0.8804065743944637 0.3654953917050691 0.8853806228373703
5 0.49107142857142855 0.7063148788927336 0.49769585253456217 0.7091262975778547 0.5046082949308757 0.7089100346020761 0.5092165898617511 0.7069636678200693 0.5172811059907835 0.70090830449827 0.5207373271889402 0.6926903114186851 0.5192972350230415 0.6885813148788927 0.5123847926267281 0.6844723183391004 0.5020161290322581 0.6855536332179931 0.4982718894009217 0.6872837370242215 0.4902073732718894 0.694204152249135 0.4873271889400922 0.698529411764706 0.4873271889400922 0.7028546712802768 0.49107142857142855 0.7063148788927336
5 0.4230990783410139 0.7233996539792388 0.42828341013824883 0.7279411764705883 0.43634792626728114 0.7298875432525952 0.44268433179723504 0.7294550173010381 0.4470046082949309 0.7277249134948097 0.45074884792626724 0.7169117647058825 0.44930875576036866 0.710423875432526 0.44671658986175117 0.7084775086505191 0.4395161290322581 0.7076124567474049 0.43289170506912444 0.708044982698962 0.4245391705069125 0.7125865051903115 0.42252304147465436 0.7169117647058825 0.42194700460829493 0.7203719723183392 0.4230990783410139 0.7233996539792388
5 0.46687788018433185 0.7690311418685122 0.47004608294930883 0.7711937716262977 0.4772465437788019 0.7714100346020761 0.4807027649769585 0.770544982698962 0.48646313364055305 0.7668685121107267 0.4887672811059908 0.7621107266435987 0.4884792626728111 0.7549740484429066 0.4838709677419355 0.7502162629757786 0.47695852534562216 0.7478373702422145 0.47033410138248855 0.7504325259515572 0.464573732718894 0.7592993079584776 0.46370967741935487 0.7655709342560554 0.46687788018433185 0.7690311418685122
5 0.4919354838709678 0.7694636678200693 0.501152073732719 0.7722750865051904 0.5077764976958525 0.7727076124567475 0.5152649769585254 0.7720588235294119 0.5190092165898618 0.7696799307958477 0.521889400921659 0.7655709342560554 0.5224654377880185 0.7621107266435987 0.5169930875576038 0.7528114186851211 0.5014400921658987 0.7480536332179931 0.4942396313364055 0.7502162629757786 0.48963133640552997 0.7538927335640139 0.48905529953917054 0.7649221453287198 0.4919354838709678 0.7694636678200693
5 0.6088709677419355 0.43230968858131497 0.6140552995391706 0.4336072664359862 0.6212557603686636 0.43339100346020765 0.6247119815668203 0.432742214532872 0.6267281105990784 0.43101211072664364 0.6284562211981567 0.4253892733564014 0.6290322580645162 0.4169550173010381 0.6273041474654378 0.41219723183391005 0.6241359447004609 0.41003460207612463 0.6163594470046083 0.41046712802768165 0.6048387096774194 0.4147923875432526 0.6042626728110599 0.4210640138408305 0.6039746543778802 0.4251730103806229 0.6088709677419355 0.43230968858131497
4 0.43519585253456217 0.4258217993079585 0.4435483870967742 0.43079584775086505 0.45737327188940097 0.4344723183391004 0.46486175115207373 0.43403979238754326 0.47033410138248855 0.43187716262975784 0.4775345622119816 0.41998269896193774 0.478110599078341 0.414143598615917 0.4775345622119816 0.4039792387543253 0.47062211981566826 0.3948961937716263 0.4663018433179723 0.3929498269896194 0.45650921658986177 0.3920847750865052 0.44930875576036866 0.395544982698962 0.4438364055299539 0.4007352941176471 0.43519585253456217 0.418901384083045 0.434331797235023 0.42149653979238755 0.43519585253456217 0.4258217993079585
3 0.3931451612903226 0.48269896193771633 0.40466589861751157 0.48810553633218 0.41445852534562216 0.4913494809688582 0.42194700460829493 0.49113321799307963 0.43519585253456217 0.4876730103806229 0.4438364055299539 0.48075259515570934 0.438652073732719 0.47058823529411764 0.43519585253456217 0.4662629757785467 0.42857142857142855 0.46237024221453293 0.42194700460829493 0.46042387543252594 0.4009216589861751 0.46064013840830453 0.39372119815668205 0.46388408304498274 0.388536866359447 0.47037197231833916 0.3876728110599078 0.47404844290657444 0.3931451612903226 0.48269896193771633
2 0.438652073732719 0.47037197231833916 0.445852534562212 0.4770761245674741 0.4484447004608295 0.4783737024221454 0.4553571428571429 0.48010380622837373 0.4691820276497696 0.47923875432525953 0.4772465437788019 0.4772923875432526 0.48300691244239635 0.47361591695501737 0.4853110599078342 0.4679930795847751 0.4858870967741936 0.4563148788927336 0.4807027649769585 0.44874567474048443 0.47695852534562216 0.4452854671280277 0.47350230414746547 0.44355536332179935 0.467741935483871 0.44204152249134954 0.45305299539170507 0.44355536332179935 0.4435483870967742 0.44874567474048443 0.43663594470046085 0.4567474048442907 0.43519585253456217 0.46193771626297575 0.438652073732719 0.47037197231833916
2 0.4176267281105991 0.4132785467128028 0.42194700460829493 0.4171712802768166 0.432315668202765 0.4219290657439447 0.4360599078341014 0.4178200692041523 0.44038018433179726 0.40657439446366783 0.44470046082949305 0.39987024221453293 0.4550691244239632 0.3923010380622838 0.45622119815668205 0.39035467128027684 0.4533410138248848 0.386461937716263 0.44642857142857145 0.3814878892733564 0.43980414746543783 0.3804065743944637 0.43202764976958524 0.3812716262975779 0.4176267281105991 0.38884083044982704 0.4147465437788019 0.39359861591695505 0.413594470046083 0.39900519031141873 0.41417050691244245 0.4070069204152249 0.4176267281105991 0.4132785467128028
2 0.34130184331797236 0.42214532871972327 0.3554147465437788 0.43987889273356406 0.3652073732718894 0.4483131487889274 0.3695276497695853 0.44961072664359863 0.37672811059907835 0.45004325259515576 0.383352534562212 0.4472318339100346 0.388536866359447 0.446583044982699 0.39372119815668205 0.4444204152249135 0.4014976958525346 0.43230968858131497 0.40236175115207373 0.42841695501730104 0.40120967741935487 0.4253892733564014 0.3957373271889401 0.41825259515570934 0.3870967741935484 0.41284602076124577 0.37644009216589863 0.40895328719723184 0.35944700460829493 0.40657439446366783 0.3528225806451613 0.4048442906574395 0.3487903225806452 0.4048442906574395 0.3453341013824885 0.4061418685121107 0.33986175115207373 0.41046712802768165 0.33870967741935487 0.4126297577854672 0.33870967741935487 0.41846885813148793 0.34130184331797236 0.42214532871972327
2 0.19556451612903228 0.6399221453287198 0.21255760368663595 0.6548442906574394 0.2168778801843318 0.6576557093425606 0.22091013824884795 0.6585207612456748 0.23070276497695855 0.6587370242214534 0.2338709677419355 0.6574394463667821 0.23617511520737328 0.6539792387543253 0.2390552995391705 0.6336505190311419 0.23847926267281108 0.6273788927335641 0.23675115207373273 0.6232698961937717 0.2338709677419355 0.6200259515570934 0.22494239631336405 0.6144031141868512 0.22004608294930877 0.6126730103806228 0.2033410138248848 0.6152681660899655 0.1961405529953917 0.6172145328719724 0.19239631336405533 0.6195934256055364 0.19009216589861752 0.6232698961937717 0.18980414746543778 0.6297577854671281 0.19556451612903228 0.6399221453287198