3 0.9550513713608568 0.9835776764422406 0.9516598398208902 0.9798414464211957 0.9467831437358288 0.9786748437809228 0.9414588250355346 0.9701463666232206 0.9368738778264015 0.9687685605598247 0.919311203574537 0.968245707021751 0.9152531394770002 0.9696889446803079 0.9088082440411315 0.9758490302541631 0.8994760543207884 0.9823913097562051 0.8924325638956614 0.9898387223278249 0.8888598655068645 0.9964815341250126 0.8888981311709724 1 0.9473884455203063 1 0.9478606828710555 0.9994580604911739 0.9508423348892956 0.9936701156159911 0.9549607879364419 0.9887671973513565 0.9550513713608568 0.9835776764422406
3 0.4536367763266707 0.7301947680863512 0.45684601396187785 0.7278715304320031 0.46038096925716865 0.7233910190136138 0.46220694869974854 0.7177991977172816 0.4686971358478248 0.7090443516888684 0.47170898234086966 0.7015265665106465 0.472970335578347 0.6952760018711603 0.4704880194503193 0.6889600912398294 0.46767243704350686 0.6852339144482993 0.4636709875862296 0.6834337015386586 0.45991222098332224 0.6842332756983331 0.45716570320075095 0.6930534677185911 0.4530321529162018 0.698821306134745 0.4489438943438603 0.7019943840963407 0.44487828162762255 0.7038700818306574 0.43590955266086934 0.7060927871898598 0.42528846248166463 0.7039607321029218 0.4235002261325909 0.7073902530204557 0.4245087006435765 0.7156271009189188 0.4312389233926018 0.7261267814913259 0.4354981529416514 0.7296618613187627 0.44409964684546405 0.7319749601402796 0.4492907376625568 0.7316329791301509 0.4536367763266707 0.7301947680863512
4 0.5340515836778535 0.4800462603280171 0.5361013744280503 0.4781353762903994 0.5381813596530519 0.47449465194974305 0.5380971977914084 0.4628132032894743 0.5355658156418226 0.45930828315058125 0.5301471392077627 0.45618555693987517 0.5229741952087844 0.4545462813057842 0.5134634858930323 0.4548128630945535 0.5015772681669998 0.45914760268498167 0.4948594954019562 0.4644377414925602 0.4875884193598618 0.4684204468433452 0.48315934589003423 0.47461571872050135 0.4821935158378355 0.48043884989898533 0.4833001223919372 0.48305371681257253 0.49099240088381063 0.4879464962443758 0.5004691414154072 0.48962598479652497 0.51546269042418 0.4888062185745044 0.5340515836778535 0.4800462603280171
4 0.5851996358496406 0.7348704614471074 0.5893482833715923 0.7282377028794343 0.5930342110409079 0.7151079899458513 0.5934580607441077 0.7073287351969342 0.5907519333084632 0.6973318873068888 0.5884707826319486 0.6959942941615513 0.58555706818202 0.6978900983548971 0.580529399722934 0.7053726972298178 0.575091851742121 0.7033311212085109 0.5757281898248856 0.699881493831948 0.5740494084469798 0.6970403436509663 0.5717569348424133 0.6963514406192686 0.5662740951493928 0.6969046250525197 0.5626674279764401 0.7054935071906261 0.5582496774346644 0.7110400889541427 0.5560640115478451 0.7207352543554346 0.5567354454706954 0.7317780661315785 0.559850325372137 0.7348605794242263 0.5633437632645707 0.7327585984225152 0.5696452349451158 0.7348152542880941 0.5805656226189495 0.7363036458761499 0.5851996358496406 0.7348704614471074
4 0.5976614095672669 0.7800775336049496 0.6017949598518159 0.7743096951887958 0.6130965527700626 0.7539588529509874 0.614316388604683 0.7500868187281796 0.6120729810216746 0.7465869252040438 0.6052899179417406 0.7391144651619543 0.6009967196085354 0.7375254556754364 0.5940513612265246 0.7393508872621801 0.5911791641794528 0.7388681610388476 0.5891444706666585 0.7399141249249458 0.5842489030348446 0.7398286724740719 0.5749393591706051 0.745073571748835 0.5722381331002414 0.7512990033145349 0.571932414042841 0.7688136363828021 0.5749453875918157 0.7777343606982058 0.5797692433459678 0.7819281838687967 0.5863662382117915 0.783557406273373 0.5938648998708532 0.7830394081434229 0.5976614095672669 0.7800775336049496
4 0.5519576153431195 0.7909597505188105 0.5569060233058424 0.7880179824393666 0.5681472272744792 0.7711268208076357 0.5691508004201841 0.7631413892503535 0.5680592911034849 0.7596616021852468 0.563250532586735 0.7546028588631367 0.5490944871122398 0.7569513151945879 0.5471541513332111 0.7525915281336901 0.5425918499801818 0.7499163418430156 0.5370976873591092 0.7511182163899062 0.5347221789488291 0.7551863741915648 0.5312864827525845 0.7704834141187036 0.5332117212942106 0.7757081213311208 0.5344591043502154 0.7867609863367793 0.5372935583037809 0.7894060129389102 0.5418747312035632 0.7910000490401855 0.5519576153431195 0.7909597505188105
5 0.7516233538177413 0.47519215295457135 0.7568597363470414 0.4722554114898846 0.7592390190666722 0.46797102365034604 0.760223720665624 0.4610667422824629 0.755407413530173 0.4564404590361124 0.7517014872581744 0.45421281266546937 0.747681166254144 0.4534937499452278 0.738731308834144 0.45463530511503125 0.7349536706844835 0.4565160294641051 0.7305510173801102 0.4611976910761023 0.7258905839839647 0.46414448577030365 0.7269858676100145 0.4674080427975304 0.7363380559330406 0.47622312259971444 0.7383350063523284 0.47733945909241465 0.7516233538177413 0.47519215295457135
5 0.5510971775486829 0.5101926290556295 0.5608418940441738 0.4965197849183099 0.5617813039309182 0.49221026400498485 0.5552862154175615 0.4847428305776528 0.5541909317915115 0.4814792735504259 0.5504963284475647 0.4786029370661433 0.5438766877256375 0.478271094888846 0.5397997520813477 0.48079548273680217 0.5379926441855207 0.48530615384373527 0.5295319267836109 0.4914310531142895 0.5250839817670302 0.4987074751808448 0.5249028149182002 0.5090865169990773 0.5268620222439822 0.5123651538705758 0.5322882472967433 0.5150554200055224 0.5400673349036811 0.5149749085660892 0.5461449952766094 0.5133506271729533 0.5510971775486829 0.5101926290556295
5 0.34640049418469104 0.45405972691412844 0.34959840889184635 0.4523851793734197 0.3548763088240034 0.44706990749205466 0.36231345447752517 0.43357308047455667 0.36390052537508605 0.42516524207102924 0.36059580295018334 0.41645572117874813 0.3398767313940202 0.41522888476470443 0.3328332409688931 0.42267629733632417 0.32561235800428673 0.4402865216882965 0.3252111541571907 0.4467683962099345 0.32688616122574576 0.44982577642879595 0.3317288885266511 0.4529384494099876 0.33602586116920696 0.45431122885862585 0.34264550189113424 0.45464307103592316 0.34640049418469104 0.45405972691412844
5 0.2852181260158394 0.5760641624425158 0.2904922516386458 0.5709651205990307 0.2947088367289086 0.5604402213495204 0.29570108694656166 0.5531034799058776 0.2946095776298624 0.549623692840771 0.28976685032895705 0.5465110198595794 0.282321029000804 0.5440017974592118 0.2785698110165979 0.5443689115431267 0.26437224813924576 0.5490958982912564 0.2637710058965667 0.5670379648205259 0.26570001874754345 0.5720464419950633 0.26882999588638756 0.5742640351361918 0.27427131817655137 0.576089381119619 0.28174733397950924 0.5768687632169478 0.2852181260158394 0.5760641624425158
5 0.22884794990028007 0.5874090847239968 0.23319398856439388 0.5859708736801972 0.23640700050895166 0.5834314059879692 0.23936223236173718 0.5791570713779451 0.24240049902023642 0.5701256759345645 0.24055452097497337 0.5603601379266707 0.23861041088659415 0.5562165809036527 0.23177073316640068 0.551987571429761 0.22980020291256706 0.5493576246719019 0.22663248268021677 0.5493023319095717 0.21850880586644233 0.5526212673024453 0.2096808534015921 0.563281970753719 0.20877163798965276 0.5658616513640053 0.20957139843042402 0.5695526418522344 0.21596080628196326 0.5830745163402021 0.21880280885423006 0.5852870828665735 0.2245283314016205 0.5873336855026375 0.22884794990028007 0.5874090847239968
5 0.19987310070307057 0.5970692350286212 0.20197195747482538 0.5923473604985656 0.2015016890034882 0.5862828662084155 0.20010710788280922 0.583662972680071 0.19468088283004797 0.5809727065451245 0.1912818026713797 0.5776689365998394 0.18552231133983366 0.5775684043046938 0.1771068856501313 0.58109854312069 0.16982448667998506 0.5857299385851145 0.1644975207262699 0.5938562009589174 0.16468358894038035 0.5996994385964305 0.1694659272916758 0.6062717921836995 0.17346360243960243 0.6082882351312201 0.18380426667093092 0.6099828035276411 0.19167016339293302 0.6049290012169715 0.19987310070307057 0.5970692350286212
5 0.21139811178737306 0.6299310885682834 0.22052913605620308 0.6184104915802475 0.22681438344341576 0.6048935581037205 0.2265981207545002 0.6007801607692461 0.2186442878615039 0.5943687444575267 0.21233526756225757 0.5927445486677076 0.20455617995531986 0.592825060107141 0.20105896775353535 0.5951432711467318 0.19693674039703823 0.6002624194492461 0.18933239807615898 0.6068348586398319 0.18545662788338224 0.6143375639737817 0.18643113361021219 0.6245204822131634 0.1923502729904143 0.6319778624109809 0.19663592270491823 0.6339993319732588 0.201243515770155 0.6340797578093753 0.20702565295780478 0.6328829098772418 0.21139811178737306 0.6299310885682834
5 0.2544535202720653 0.6222470826898044 0.25604059116962613 0.613839244286277 0.25589981466772316 0.6054012461942059 0.2530804579515601 0.6018912994405555 0.239284098921304 0.6001364116670471 0.23230477175513756 0.6039079135947094 0.22883397971880742 0.6047125143691415 0.22467023495945337 0.612210193088334 0.2245570056789347 0.6186970942247292 0.23019571911126077 0.6257169877320299 0.2387972130150736 0.6280300865535468 0.24600412579820735 0.6277232918467192 0.25006218989574397 0.6262800541881622 0.2544535202720653 0.6222470826898044
5 0.40506117819701243 0.691062500258124 0.4065576656701583 0.6878441827637126 0.4066256032384695 0.6839520420818755 0.40382889237841024 0.6791447151009462 0.3978833328327537 0.6732009451682874 0.39068396866832117 0.6730752797993553 0.3840228105435371 0.6751219680387364 0.3726597016197505 0.6824939813889969 0.3629565025271165 0.6937882951096381 0.3605772198074856 0.6980726829491768 0.3604677648363175 0.7043433540476922 0.3624269721620993 0.707621990919191 0.37652262868698455 0.708733215193817 0.38580197807641875 0.7052181562220927 0.40154509444847486 0.694461861487114 0.40506117819701243 0.691062500258124
5 0.45591189858197484 0.6988715722823178 0.45894639093112344 0.6900564068768171 0.4585251884813445 0.681180922094229 0.454265958932295 0.6776458422667923 0.44655103458431783 0.6740504430622681 0.43877194697738 0.6741309545017014 0.4332777843563075 0.6753328290485922 0.42504842688071565 0.6847062055021012 0.42029741006015514 0.6928425211054188 0.4199452722346172 0.6965134051346189 0.42103678155131635 0.6999931921997253 0.4284146653111581 0.7063945552819302 0.431567288306106 0.7073147681957797 0.44194569563094077 0.7068470362134024 0.45591189858197484 0.6988715722823178
5 0.39445327191615875 0.7706905325635527 0.39654080575986167 0.7666173481471368 0.39696088115371087 0.7590543234360995 0.39505451415883774 0.752748466034283 0.39223138313332406 0.7494547493185126 0.3899426838381082 0.7485496162489349 0.3827319967456238 0.7490726409936425 0.3723007490898803 0.7525675935063376 0.3690801885266213 0.7555395212743253 0.36842120458775296 0.7602865288781674 0.3714568239928314 0.7679098729662919 0.3788233848246213 0.7749599261621363 0.3816842589436412 0.7760913424991083 0.3854354769278474 0.7757242284151932 0.39445327191615875 0.7706905325635527