5 0.2894585253456221 0.3743512110726644 0.2932027649769585 0.3737024221453288 0.2975230414746544 0.3706747404844291 0.3027073732718894 0.3596453287197232 0.3029953917050691 0.35553633217993086 0.3004032258064516 0.34904844290657444 0.2932027649769585 0.3423442906574395 0.28773041474654376 0.3421280276816609 0.28225806451612906 0.3432093425605537 0.27592165898617516 0.349264705882353 0.2744815668202765 0.3527249134948097 0.27563364055299544 0.3626730103806229 0.27736175115207373 0.36699826989619383 0.2828341013824885 0.3717560553633218 0.2860023041474654 0.37326989619377166 0.2894585253456221 0.3743512110726644
5 0.26843317972350234 0.38754325259515576 0.27073732718894006 0.38343425605536335 0.27073732718894006 0.37586505190311426 0.2695852534562212 0.3717560553633218 0.25432027649769584 0.3585640138408305 0.24942396313364057 0.35748269896193774 0.24251152073732718 0.35834775086505194 0.23732718894009217 0.3624567474048443 0.23473502304147464 0.36937716262975784 0.23473502304147464 0.38343425605536335 0.23732718894009217 0.3873269896193772 0.24135944700460832 0.3901384083044983 0.25144009216589863 0.3918685121107267 0.2620967741935484 0.3918685121107267 0.26843317972350234 0.38754325259515576
5 0.23271889400921658 0.3814878892733564 0.2341589861751152 0.36613321799307963 0.22436635944700462 0.35769896193771633 0.2203341013824885 0.35596885813148793 0.21226958525345624 0.35553633217993086 0.20852534562211983 0.35661764705882354 0.20708525345622122 0.3589965397923876 0.20276497695852536 0.3602941176470588 0.20161290322580644 0.36397058823529416 0.20391705069124427 0.370242214532872 0.21342165898617513 0.38105536332179935 0.2203341013824885 0.3847318339100346 0.22379032258064516 0.3845155709342561 0.23271889400921658 0.3814878892733564
5 0.21342165898617513 0.4037629757785467 0.21860599078341014 0.4007352941176471 0.2217741935483871 0.39727508650519033 0.2226382488479263 0.39359861591695505 0.22091013824884795 0.38711072664359863 0.2180299539170507 0.38429930795847755 0.21140552995391704 0.3806228373702422 0.2044930875576037 0.3791089965397924 0.19239631336405533 0.37867647058823534 0.18807603686635943 0.379757785467128 0.18433179723502305 0.38408304498269896 0.18375576036866362 0.3884083044982699 0.18461981566820276 0.3914359861591696 0.19066820276497695 0.39814013840830453 0.1995967741935484 0.4046280276816609 0.20708525345622122 0.4052768166089966 0.21342165898617513 0.4037629757785467
5 0.25489631336405527 0.44269031141868515 0.263536866359447 0.44009515570934254 0.2672811059907834 0.4372837370242215 0.2681451612903226 0.4312283737024222 0.26612903225806456 0.4253892733564014 0.24942396313364057 0.41673875432525953 0.24251152073732718 0.4163062283737024 0.23761520737327188 0.41760380622837373 0.2315668202764977 0.42171280276816614 0.22868663594470048 0.4260380622837371 0.22811059907834103 0.42863321799307963 0.2341589861751152 0.4362024221453288 0.2399193548387097 0.44031141868512114 0.24452764976958527 0.4422577854671281 0.25144009216589863 0.4431228373702423 0.25489631336405527 0.44269031141868515
5 0.533410138248848 0.4344723183391004 0.5414746543778801 0.4312283737024222 0.5504032258064516 0.43014705882352944 0.5544354838709677 0.427984429065744 0.560483870967742 0.4180363321799308 0.5616359447004609 0.4078719723183391 0.5581797235023042 0.4024653979238755 0.5535714285714286 0.3994377162629758 0.5466589861751152 0.3970588235294118 0.5394585253456221 0.3966262975778547 0.5328341013824885 0.39835640138408307 0.5233294930875576 0.40289792387543255 0.5184331797235023 0.4070069204152249 0.5141129032258065 0.41284602076124577 0.5118087557603687 0.41911764705882354 0.5126728110599078 0.4251730103806229 0.5158410138248848 0.43057958477508657 0.5181451612903226 0.432742214532872 0.5227534562211982 0.43403979238754326 0.533410138248848 0.4344723183391004
5 0.4634216589861751 0.4472318339100346 0.4680299539170507 0.4437716262975779 0.4711981566820277 0.4392301038062284 0.4737903225806452 0.4249567474048443 0.4642857142857143 0.414143598615917 0.45305299539170507 0.40808823529411764 0.44902073732718895 0.4078719723183391 0.440668202764977 0.40981833910034604 0.43634792626728114 0.41219723183391005 0.43001152073732724 0.42041522491349487 0.42684331797235026 0.427984429065744 0.42655529953917054 0.43230968858131497 0.4308755760368664 0.43944636678200694 0.4395161290322581 0.4463667820069205 0.44470046082949305 0.4476643598615917 0.46054147465437795 0.4478806228373703 0.4634216589861751 0.4472318339100346
5 0.6019585253456221 0.4710207612456748 0.6134792626728112 0.46345155709342567 0.6152073732718895 0.4599913494809689 0.6157834101382489 0.4530709342560554 0.6137672811059909 0.44961072664359863 0.6045506912442397 0.44355536332179935 0.5956221198156683 0.44182525951557095 0.5838133640552996 0.44182525951557095 0.5786290322580645 0.4422577854671281 0.5725806451612903 0.4446366782006921 0.565668202764977 0.45047577854671284 0.5633640552995393 0.45501730103806237 0.5633640552995393 0.4593425605536333 0.565668202764977 0.4632352941176471 0.5734447004608295 0.46907439446366783 0.5815092165898618 0.47231833910034604 0.5961981566820277 0.47210207612456745 0.6019585253456221 0.4710207612456748
5 0.46687788018433185 0.5190311418685122 0.48329493087557607 0.5129757785467128 0.4876152073732719 0.5080017301038062 0.4902073732718894 0.5017301038062284 0.4902073732718894 0.49567474048442917 0.4884792626728111 0.49178200692041524 0.48099078341013823 0.48313148788927335 0.4772465437788019 0.4803200692041523 0.4711981566820277 0.4803200692041523 0.45305299539170507 0.48334775086505194 0.44441244239631333 0.4878892733564014 0.43980414746543783 0.49416089965397925 0.4377880184331797 0.4980536332179931 0.43836405529953915 0.504325259515571 0.4438364055299539 0.5118944636678201 0.4498847926267281 0.5155709342560554 0.46082949308755766 0.518598615916955 0.46687788018433185 0.5190311418685122
4 0.10224654377880187 0.6831747404844292 0.10714285714285712 0.6801470588235294 0.10829493087557607 0.6760380622837371 0.10627880184331798 0.6699826989619377 0.09936635944700463 0.6639273356401385 0.0907258064516129 0.661332179930796 0.07718894009216593 0.6608996539792388 0.06768433179723506 0.6583044982698962 0.06422811059907838 0.6591695501730104 0.05299539170506913 0.6747404844290659 0.0524193548387097 0.6792820069204153 0.05385944700460828 0.6814446366782008 0.06365207373271886 0.6857698961937717 0.06998847926267278 0.6862024221453288 0.08957373271889404 0.685121107266436 0.10224654377880187 0.6831747404844292
3 0.5051843317972351 0.4811851211072665 0.5077764976958525 0.48010380622837373 0.5120967741935484 0.4798875432525952 0.5146889400921659 0.48096885813148793 0.5253456221198156 0.48248269896193774 0.5293778801843319 0.48248269896193774 0.5336981566820277 0.48096885813148793 0.5472350230414746 0.47188581314878897 0.5515552995391706 0.4669117647058824 0.5538594470046083 0.46064013840830453 0.55213133640553 0.45415224913494817 0.5472350230414746 0.4478806228373703 0.533410138248848 0.43858131487889274 0.5224654377880185 0.4357698961937716 0.5095046082949308 0.4362024221453288 0.5017281105990784 0.43793252595155713 0.49452764976958524 0.44117647058823534 0.4870391705069125 0.4480968858131488 0.4838709677419355 0.4571799307958478 0.4835829493087558 0.4599913494809689 0.4876152073732719 0.467560553633218 0.49279953917050695 0.47296712802768165 0.494815668202765 0.476643598615917 0.49942396313364057 0.48010380622837373 0.5051843317972351 0.4811851211072665
2 0.05385944700460828 0.6706314878892734 0.05817972350230418 0.6671712802768167 0.06595622119815667 0.6578719723183392 0.06624423963133638 0.6526816608996541 0.06451612903225809 0.6459775086505191 0.06105990783410142 0.6433823529411765 0.05357142857142856 0.6403546712802768 0.04867511520737331 0.6394896193771626 0.032834101382488434 0.6403546712802768 0.029089861751152045 0.6416522491349481 0.023905529953917082 0.6470588235294118 0.02275345622119813 0.6511678200692043 0.02476958525345623 0.6557093425605537 0.033986175115207386 0.6656574394463668 0.04003456221198158 0.6689013840830451 0.04694700460829493 0.6691176470588236 0.05385944700460828 0.6706314878892734
2 0.07085253456221201 0.6297577854671281 0.07661290322580641 0.6230536332179931 0.07805299539170507 0.6200259515570934 0.07805299539170507 0.6161332179930796 0.07488479262672812 0.6118079584775087 0.07114055299539172 0.6098615916955017 0.05961981566820276 0.6087802768166091 0.0504032258064516 0.6113754325259516 0.0443548387096774 0.615916955017301 0.04176267281105987 0.6191608996539792 0.04262672811059911 0.6252162629757786 0.04752304147465436 0.6312716262975779 0.052131336405529985 0.6338667820069205 0.06134792626728114 0.6347318339100346 0.0648041474654378 0.6338667820069205 0.07085253456221201 0.6297577854671281