0 0.36108229571485284 0.43809380481100435 0.35014681080361665 0.43747033337446783 0.3428719604521716 0.4416692687631326 0.34018960592856096 0.44681355013943336 0.3424103676554656 0.45161082389084817 0.34839744460397903 0.4551760634068285 0.35327036637968945 0.4565588960849814 0.36162917742913236 0.4562722078371828 0.37117385552904014 0.45405955570749484 0.3732462921353407 0.4508512914425983 0.37278357228270476 0.44435433707668837 0.37082436495692306 0.44107570020518977 0.36427643611265753 0.4366354873081755 0.36108229571485284 0.43809380481100435
0 0.32165203280830545 0.4856395368807333 0.3167262707016863 0.4872839247328982 0.3123387146347155 0.4911006661933762 0.31225945413835243 0.4956414969888529 0.31419224129867984 0.5004337441255104 0.31760641869475054 0.5028725939192761 0.32450271105520334 0.5038581528249703 0.33262261355962713 0.5007554474699765 0.3358318511948343 0.4984322098156283 0.3379042878011348 0.49522394555073157 0.3385481745026006 0.4913418580984089 0.3374415679484989 0.4887269911848217 0.33203421444249076 0.4849555748604761 0.3288702685194911 0.48468405206026616 0.32165203280830545 0.4856395368807333
0 0.41581216746038174 0.4877156999821242 0.4074458077922375 0.4884348483056824 0.3993070337410606 0.49261870385007545 0.396363124816327 0.49624434834645986 0.3957192381148612 0.5001264357987825 0.39820532855223945 0.5062261163922336 0.40410937069503905 0.5145484167415705 0.4084440864311011 0.5137588958114103 0.41158916080734775 0.5151115688010195 0.4208609615780807 0.5120289699050551 0.4255553637583819 0.5071361048699351 0.4265664855227881 0.4987182132368931 0.42405774922930606 0.493915912870721 0.42038201743211234 0.4899584261970392 0.41581216746038174 0.4877156999821242
1 0.26664398922676025 0.468457174006347 0.26293051433606035 0.4666619877114636 0.2577809409218245 0.4646254383049139 0.25232452139425826 0.46366501247300623 0.24534896853744242 0.46722028436278873 0.23104195068892222 0.47821794220943376 0.22749944677493023 0.48313091370358274 0.22771193515449503 0.48746054107593684 0.23080794350918357 0.491624204557984 0.234506321162481 0.49428431100438674 0.2379657902707592 0.4941284003435943 0.2411825765246677 0.49137270261348637 0.24639631319786406 0.4897333413760787 0.24897298705965726 0.49064350106041366 0.2509246457667378 0.49435459800767195 0.25319824782455125 0.496124651228769 0.2589237703719417 0.4981712538648332 0.26944182714274945 0.48970301048090165 0.2764022827621628 0.4870126587426385 0.2776258929061338 0.4829243944819506 0.27718959321895226 0.4749138298508819 0.2766438385606027 0.4731739363183286 0.273169272214922 0.4741947671306404 0.26664398922676025 0.468457174006347
1 0.28056450732402605 0.5126082290485764 0.2741611292910142 0.5163897842057532 0.26981509062690023 0.517827995249553 0.2658023182415712 0.516676472453552 0.2583225281292626 0.5161133203941027 0.2536696433518183 0.5186276550125444 0.2501195908191251 0.5239730865824531 0.25005542756016447 0.5276489972264103 0.2609920395273305 0.5447109781565722 0.258650499901206 0.5468330656173123 0.2534480861560614 0.5478237367410804 0.2452979891768326 0.552656282399113 0.2446578767847174 0.5563221398135557 0.24860648591108592 0.5611495732535141 0.2537485107066204 0.5636185827358234 0.2654988532960305 0.5670681245090697 0.27269066884176174 0.5676262499537614 0.28858211033442205 0.5648754932350941 0.29240126588693954 0.5606162384693418 0.3031167137999097 0.557342542609284 0.30992506998936814 0.5468628828925891 0.31399823132430715 0.5445547250825128 0.31833672136971986 0.5435489741144728 0.3192572597097111 0.540320603390547 0.312084315710733 0.538681327756456 0.3075106914296517 0.5366548315794211 0.30272457876900566 0.5302987080300319 0.3038991228914186 0.5290214342617818 0.30281138788407 0.5253254171587953 0.3078164104870522 0.5191401985111538 0.30730085030350757 0.5156704646755618 0.30334091824908727 0.5114917213492428 0.29214387893672805 0.5093496130327901 0.28056450732402605 0.5126082290485764
1 0.7071597348037054 0.6130617214809871 0.7072956099403279 0.6052774401173128 0.7009590424196972 0.5887283450990274 0.6949719654711839 0.5851631055830468 0.687787698544154 0.5841725200625955 0.6829260996964954 0.582140997270803 0.6677955484951703 0.5743065353628727 0.6634948015432638 0.5731499859521142 0.6569393240802971 0.5691422331308595 0.6500317087917925 0.5688053643388049 0.645068203591667 0.5726120525697683 0.6418249971723045 0.576881360565035 0.6404957063665159 0.5870240658863584 0.6355208782383387 0.5914794442309614 0.6287427165236852 0.6002292636446175 0.6255448018165298 0.6019038111853261 0.6172010880044894 0.6013255792816052 0.6091151542842212 0.6024822142956803 0.6007638918534793 0.6023364424677191 0.5973270686013049 0.6011949729012326 0.5938638251836761 0.601567113599905 0.5869675328232232 0.6005815546942108 0.5818217337183381 0.5983287752497812 0.5772707552933606 0.5950048988454671 0.5764370260684337 0.5932599786981565 0.5735610547120114 0.5929934825127039 0.5691621757169887 0.5974589140868214 0.5684692229939647 0.6041519920315819 0.5692576605066842 0.6084916726334507 0.5762834064409881 0.6185639197448554 0.5825622322654294 0.6219179558377133 0.5940774406191708 0.6223352504658843 0.5975142638713453 0.623476720032371 0.5986435162815507 0.6247942067186791 0.5872917302858159 0.6315175299553001 0.5831393084545138 0.638366518560853 0.5839315202765838 0.6424899691248419 0.5887704732681387 0.6458188721439134 0.5970915412240754 0.6476944842749133 0.6030484236977838 0.6529895640939325 0.614215268535338 0.6568615127134236 0.6277425245457698 0.6575302236827757 0.6361088842139141 0.6568110753592176 0.6384541981493894 0.6544727578605976 0.6393671878706795 0.6516768472124314 0.6390478917733672 0.6369631514070875 0.6477550663389975 0.6332218091679689 0.652366433713585 0.6330860049662055 0.6566369861906863 0.6359723946800027 0.6651327994326818 0.6443399345621552 0.6839768255247068 0.653969582764969 0.6900582602069858 0.6521290713339534 0.698234777351669 0.6457829154107619 0.7081164960397122 0.6407642994033933 0.7116288054788991 0.6375811682122832 0.7114125427899836 0.6334677708778088 0.7078273944172049 0.6243207632950108 0.7047313860625165 0.6201570998129637 0.7071597348037054 0.6130617214809871
1 0.8517928181328737 0.5290679338634193 0.8533534688649802 0.5221737057250508 0.8534817953829015 0.5148218844371362 0.8486881341035541 0.5088982209635067 0.8412309898473493 0.5070376886767786 0.8311028139955855 0.5096727476527116 0.827605601793801 0.5119909586923026 0.8224031880486565 0.5129816298160707 0.8181175383341527 0.5109601602537929 0.8120312022865933 0.4965783922290631 0.8011863007997719 0.4907653998834104 0.797222594436001 0.4868028865949713 0.7871170644403411 0.4881405653436254 0.7801339629648241 0.49212829730916763 0.7756897922575938 0.49918848933784316 0.7671686859060741 0.5087730692144748 0.7673849485949895 0.5128864665489492 0.7724628101315635 0.5190313866752158 0.7798406938914053 0.5254327497574205 0.7835503944727547 0.5274441660901839 0.7860817766223402 0.5309490862290769 0.7828196986562244 0.5362995444137428 0.7810843026380593 0.5367018448009587 0.7756354317291942 0.5353089588932913 0.7732901177937191 0.5376472763919115 0.7763861261484075 0.5418109398739585 0.7823656544782196 0.5458086394656986 0.7841048248057353 0.5451901090406028 0.7841312449711897 0.5436764987754439 0.7864501387412106 0.5428517915419827 0.7879277546676033 0.5407146242369707 0.7913683522291286 0.5416398637655775 0.791353254991726 0.5425047839170969 0.7950554069543739 0.5449486603256198 0.7957796812081328 0.5529642515714458 0.8017554352285943 0.5571781812010657 0.8028771390200987 0.5589281279631336 0.8050061902666584 0.5524764131300394 0.8070220122326994 0.5525115994333404 0.812114971006676 0.5577915994080876 0.8172418985648081 0.5611255290419164 0.8207089162917877 0.5605371583053641 0.8242099028029226 0.5580027172278934 0.8340727499442128 0.5540652514099239 0.8481835037065005 0.5543115555330307 0.8551250877791607 0.5527023539841668 0.8621648038949372 0.545471171450427 0.8633921883482587 0.5411666771518593 0.8631985715154471 0.5357558995901059 0.8592122192955725 0.5330907665289459 0.8537671226960581 0.5314816505833987 0.8517928181328737 0.5290679338634193
1 0.7462899663012547 0.5001893848977592 0.740507829113605 0.5013862328298927 0.7190278672661066 0.5107446150424467 0.7096654830709586 0.5190167348475275 0.7099270374720815 0.5205353717274436 0.7138605493610475 0.5262277253189216 0.7181235532194478 0.5295465751084784 0.730423424776558 0.534519780376398 0.7482929451417533 0.5339665103398301 0.7583418604971538 0.5358722821593738 0.7617673608212765 0.5376624418395 0.7678186010287503 0.537551770711523 0.7716302079625665 0.5337249760215305 0.7788635409111546 0.531904571049544 0.7806140341667221 0.5306373505108086 0.782110521639868 0.5274190330163975 0.7783970467491681 0.525623846721514 0.775869438908933 0.5219026965447411 0.7667863536057313 0.5141737935467137 0.7645467203320733 0.5104576699846981 0.7637658314380551 0.5056855293070697 0.7603516540419843 0.503246679513304 0.7520494576328007 0.5002899171929049 0.7462899663012547 0.5001893848977592
1 0.7063781119953182 0.5423193127909778 0.697962686305616 0.5458494516069738 0.6915517596539028 0.5500634668399104 0.6868309373081473 0.5564699421401892 0.6856224244015787 0.5596932862493578 0.6863995389862463 0.564681656964866 0.6886806896627609 0.5660192501102033 0.7033447467020996 0.5675729876901038 0.7255376598753049 0.5668788868370152 0.7281445282119032 0.5660592062183113 0.7290310977677389 0.5647769058353042 0.7333620391944502 0.5642036149430238 0.7349189156172061 0.5575256168425351 0.7284200527944987 0.5502744134530829 0.7253429159865633 0.5450295997816366 0.7225046877236472 0.5426008032173855 0.7153355180340195 0.5407452975454147 0.7063781119953182 0.5423193127909778
1 0.7004513192589094 0.865361962768705 0.6892240854717451 0.8649496947552912 0.6826648336994278 0.8611581719719164 0.6766286907293563 0.8604039229483739 0.6728472782703452 0.8625008773353278 0.6721430026192694 0.8698426453937277 0.675648890495685 0.8835304837720024 0.684148478047031 0.8916817936162751 0.6878732758657827 0.892828289797519 0.6963992835825831 0.8994659893766327 0.7010144252665211 0.8991139551369894 0.7048147092722855 0.8959358505606365 0.7093117203104243 0.8858484380016431 0.7177611147842823 0.8803722288447287 0.7175448520953669 0.8762588315102542 0.7132856225463172 0.8727237516828176 0.7084240236986588 0.870692228891025 0.7004513192589094 0.865361962768705
1 0.6858574538997417 0.892793103494218 0.6771880224276177 0.8943721453545382 0.6657483002608886 0.8896302499687703 0.6616977847820533 0.8906410275515675 0.6581967982709183 0.8931754686290383 0.6511608564644924 0.9001904211248982 0.6510966932055318 0.9038663317688556 0.6536167524270657 0.908019942021388 0.6543712211556294 0.9143056929641755 0.6578004957891027 0.9158796226064219 0.6782164955412862 0.9179663525572275 0.6828429601532761 0.9169656282039448 0.6857113828909973 0.9176645844651571 0.6961237589999876 0.9152507821418613 0.6958923990736696 0.9120023049589063 0.6988514052358058 0.9075117403110025 0.6994952919372717 0.9036296528586799 0.6978316077967684 0.8999235825261789 0.6895935746465452 0.8932909095618223 0.6858574538997417 0.892793103494218