5 0.5397465437788018 0.30211937716262977 0.5434907834101382 0.30514705882352944 0.5501152073732719 0.30384948096885817 0.5532834101382489 0.30233564013840836 0.5576036866359447 0.30298442906574397 0.560483870967742 0.30211937716262977 0.5673963133640554 0.2969290657439446 0.5725806451612903 0.2869809688581315 0.5720046082949308 0.2791955017301038 0.5685483870967742 0.27162629757785467 0.5642281105990784 0.2681660899653979 0.5570276497695852 0.2649221453287197 0.5535714285714286 0.26405709342560557 0.5475230414746544 0.26405709342560557 0.5429147465437788 0.2664359861591696 0.5357142857142858 0.2759515570934256 0.5313940092165899 0.2867647058823529 0.5397465437788018 0.30211937716262977
5 0.4798387096774194 0.32244809688581316 0.4807027649769585 0.32461072664359863 0.4835829493087558 0.32612456747404844 0.48473502304147464 0.3280709342560554 0.5008640552995391 0.3414792387543253 0.508352534562212 0.34645328719723184 0.5155529953917051 0.34731833910034604 0.5184331797235023 0.3423442906574395 0.5192972350230415 0.3345588235294118 0.521889400921659 0.32785467128027684 0.5296658986175116 0.3142301038062284 0.5276497695852534 0.3096885813148789 0.5118087557603687 0.30125432525951557 0.501152073732719 0.3025519031141869 0.49251152073732724 0.30601211072664364 0.4818548387096774 0.31358131487889274 0.47839861751152074 0.3179065743944637 0.4772465437788019 0.3211505190311419 0.4798387096774194 0.32244809688581316
5 0.5345622119815668 0.33888408304498274 0.5466589861751152 0.3483996539792388 0.5512672811059909 0.3494809688581315 0.5599078341013825 0.349264705882353 0.5720046082949308 0.3395328719723184 0.5711405529953917 0.32331314878892736 0.568836405529954 0.3196366782006921 0.5650921658986175 0.31682525951557095 0.5578917050691244 0.31401384083044986 0.5538594470046083 0.31293252595155713 0.5457949308755761 0.31293252595155713 0.5397465437788018 0.31401384083044986 0.5357142857142858 0.3174740484429066 0.5319700460829493 0.3280709342560554 0.5319700460829493 0.33499134948096887 0.5345622119815668 0.33888408304498274
4 0.7805299539170507 0.03784602076124568 0.7828341013824885 0.041306228373702424 0.7848502304147466 0.03957612456747405 0.793778801843318 0.03676470588235294 0.8004032258064516 0.03222318339100346 0.8027073732718895 0.029411764705882353 0.80213133640553 0.02573529411764706 0.7972350230414746 0.02054498269896194 0.7932027649769585 0.018166089965397925 0.7854262672811061 0.018814878892733568 0.7813940092165899 0.021410034602076126 0.7793778801843319 0.02487024221453287 0.7788018433179724 0.03070934256055364 0.7805299539170507 0.03784602076124568
4 0.6016705069124424 0.6611159169550174 0.6074308755760369 0.6656574394463668 0.6157834101382489 0.6673875432525952 0.6224078341013825 0.6658737024221454 0.6307603686635945 0.661332179930796 0.6336405529953917 0.6528979238754327 0.6319124423963134 0.6466262975778547 0.6278801843317973 0.6423010380622838 0.6232718894009217 0.6410034602076126 0.61463133640553 0.6414359861591696 0.6054147465437788 0.6433823529411765 0.6005184331797235 0.6513840830449827 0.5999423963133641 0.6563581314878892 0.6016705069124424 0.6611159169550174
4 0.6474654377880185 0.6684688581314879 0.6523617511520737 0.6673875432525952 0.6578341013824885 0.6682525951557093 0.6684907834101382 0.6632785467128028 0.6742511520737328 0.6583044982698962 0.6762672811059909 0.6544117647058825 0.6756912442396314 0.6509515570934257 0.6719470046082949 0.6459775086505191 0.6682027649769585 0.6438148788927336 0.6627304147465438 0.6433823529411765 0.6575460829493088 0.6435986159169551 0.6500576036866359 0.6464100346020761 0.643721198156682 0.6544117647058825 0.6431451612903226 0.661764705882353 0.6474654377880185 0.6684688581314879
4 0.5780529953917051 0.7026384083044983 0.5809331797235023 0.7035034602076126 0.5941820276497696 0.703287197231834 0.6019585253456221 0.7011245674740485 0.6097350230414746 0.694204152249135 0.6120391705069125 0.6896626297577855 0.6120391705069125 0.6853373702422145 0.6054147465437788 0.6773356401384084 0.5950460829493088 0.6762543252595157 0.5852534562211982 0.6782006920415226 0.5806451612903226 0.6807958477508651 0.5757488479262672 0.685121107266436 0.5734447004608295 0.6892301038062285 0.5737327188940092 0.6967993079584776 0.5780529953917051 0.7026384083044983
4 0.6324884792626728 0.6924740484429066 0.6370967741935484 0.6931228373702423 0.6442972350230415 0.6963667820069205 0.6612903225806452 0.6998269896193772 0.6647465437788018 0.6998269896193772 0.668778801843318 0.698529411764706 0.6716589861751152 0.6944204152249135 0.6728110599078342 0.6900951557093427 0.6716589861751152 0.6870674740484429 0.6664746543778802 0.6810121107266436 0.6612903225806452 0.677984429065744 0.6506336405529953 0.6790657439446368 0.6442972350230415 0.6807958477508651 0.6353686635944701 0.6853373702422145 0.6319124423963134 0.6883650519031143 0.631336405529954 0.6898788927335641 0.6324884792626728 0.6924740484429066
4 0.5838133640552996 0.7458910034602078 0.5884216589861752 0.747621107266436 0.5918778801843319 0.7474048442906576 0.599078341013825 0.7443771626297578 0.6091589861751152 0.742430795847751 0.6131912442396313 0.7396193771626298 0.6154953917050692 0.7344290657439447 0.6154953917050692 0.7275086505190311 0.6126152073732719 0.7253460207612458 0.6074308755760369 0.7288062283737025 0.5985023041474655 0.7326989619377163 0.5780529953917051 0.7324826989619377 0.5731566820276498 0.7344290657439447 0.5731566820276498 0.73810553633218 0.5838133640552996 0.7458910034602078
5 0.891705069124424 0.9232266435986161 0.893721198156682 0.9253892733564015 0.909562211981567 0.9258217993079585 0.9150345622119817 0.9273356401384083 0.925979262672811 0.9217128027681663 0.9265552995391705 0.9145761245674742 0.9230990783410139 0.9104671280276817 0.911578341013825 0.9026816608996541 0.9078341013824884 0.9013840830449829 0.9043778801843319 0.9009515570934257 0.8971774193548387 0.9033304498269897 0.8853686635944701 0.911332179930796 0.8862327188940092 0.9217128027681663 0.891705069124424 0.9232266435986161
5 0.8856566820276498 0.9474480968858133 0.8899769585253458 0.9511245674740485 0.8940092165898618 0.9528546712802768 0.9049539170506913 0.9502595155709344 0.909562211981567 0.9457179930795849 0.9118663594470047 0.9396626297577855 0.9107142857142858 0.935121107266436 0.9078341013824884 0.9307958477508651 0.9012096774193548 0.9271193771626299 0.8934331797235023 0.9264705882352942 0.889688940092166 0.9271193771626299 0.8845046082949309 0.9316608996539794 0.8836405529953918 0.9416089965397925 0.8856566820276498 0.9474480968858133
5 0.8692396313364055 0.9653979238754327 0.8724078341013826 0.9679930795847751 0.8798963133640554 0.9714532871972319 0.8873847926267281 0.9688581314878894 0.8942972350230415 0.9634515570934257 0.8948732718894009 0.9612889273356402 0.8948732718894009 0.9589100346020762 0.8922811059907835 0.9535034602076126 0.8891129032258064 0.9515570934256056 0.8842165898617512 0.9502595155709344 0.8726958525345623 0.9528546712802768 0.8680875576036866 0.955666089965398 0.866647465437788 0.9582612456747406 0.8663594470046083 0.960423875432526 0.8692396313364055 0.9653979238754327
5 0.9176267281105991 0.9740484429065746 0.9216589861751153 0.9770761245674742 0.9285714285714286 0.9798875432525952 0.9320276497695852 0.9788062283737025 0.9383640552995391 0.9673442906574395 0.9380760368663594 0.9634515570934257 0.9351958525345623 0.9597750865051904 0.9317396313364055 0.9569636678200693 0.9216589861751153 0.9526384083044983 0.9182027649769585 0.9537197231833912 0.9153225806451614 0.9582612456747406 0.9124423963133641 0.9634515570934257 0.9176267281105991 0.9740484429065746
4 0.5221774193548387 0.35921280276816614 0.5276497695852534 0.36591695501730104 0.5331221198156683 0.3689446366782007 0.5400345622119815 0.3711072664359862 0.5463709677419355 0.3713235294117647 0.5529953917050692 0.3698096885813149 0.5558755760368663 0.36310553633217996 0.5596198156682027 0.3594290657439447 0.5610599078341014 0.351643598615917 0.5590437788018433 0.35056228373702425 0.5512672811059909 0.3499134948096886 0.5472350230414746 0.3483996539792388 0.5362903225806452 0.3408304498269897 0.5331221198156683 0.340181660899654 0.5262096774193549 0.34407439446366783 0.521889400921659 0.34515570934256057 0.5213133640552996 0.3525086505190312 0.5221774193548387 0.35921280276816614
5 0.31105990783410137 0.2655709342560554 0.3133640552995392 0.26924740484429066 0.31768433179723504 0.27335640138408307 0.320852534562212 0.27465397923875434 0.32776497695852536 0.2759515570934256 0.3352534562211982 0.27530276816609 0.342741935483871 0.26924740484429066 0.3456221198156682 0.26275951557093424 0.34447004608294934 0.24826989619377166 0.3421658986175115 0.24113321799307957 0.3389976958525346 0.23724048442906578 0.33496543778801846 0.23529411764705882 0.33150921658986177 0.23594290657439448 0.32661290322580644 0.2387543252595156 0.32027649769585254 0.24091695501730107 0.3145161290322581 0.24502595155709345 0.3122119815668203 0.24783737024221458 0.3133640552995392 0.25432525951557095 0.31105990783410137 0.2655709342560554