5 0.06048387096774194 0.5190311418685122 0.06336405529953917 0.5233564013840831 0.07171658986175115 0.5304930795847751 0.08237327188940093 0.5356833910034602 0.08928571428571429 0.5354671280276817 0.09735023041474655 0.5313581314878892 0.09965437788018433 0.5263840830449827 0.09907834101382489 0.5188148788927336 0.09187788018433181 0.5049740484429066 0.07114055299539171 0.5004325259515572 0.0673963133640553 0.5004325259515572 0.06163594470046083 0.5045415224913495 0.05961981566820277 0.5082179930795848 0.05904377880184332 0.5123269896193772 0.06048387096774194 0.5190311418685122
5 0.10397465437788019 0.5127595155709342 0.11491935483870967 0.5207612456747406 0.12384792626728111 0.5231401384083045 0.12960829493087558 0.5222750865051904 0.13536866359447003 0.5192474048442908 0.13796082949308758 0.515787197231834 0.13882488479262672 0.5125432525951558 0.13767281105990783 0.501946366782007 0.1347926267281106 0.4982698961937716 0.12730414746543778 0.49329584775086505 0.12039170506912442 0.49026816608996543 0.11261520737327188 0.4891868512110727 0.10570276497695852 0.4913494809688582 0.10253456221198157 0.4945934256055364 0.09965437788018433 0.5002162629757786 0.09936635944700462 0.5047577854671281 0.10397465437788019 0.5127595155709342
5 0.11463133640552996 0.4883217993079585 0.133352534562212 0.49502595155709345 0.13738479262672812 0.4945934256055364 0.14228110599078342 0.4870242214532873 0.14400921658986177 0.4805363321799308 0.13018433179723504 0.4682093425605537 0.12298387096774195 0.4682093425605537 0.11722350230414746 0.46993944636678203 0.11232718894009217 0.47296712802768165 0.11117511520737326 0.47556228373702425 0.111463133640553 0.48291522491349487 0.11463133640552996 0.4883217993079585
5 0.14948156682027652 0.7095588235294119 0.15207373271889402 0.7106401384083045 0.1592741935483871 0.7108564013840831 0.17021889400921658 0.7065311418685122 0.17194700460829493 0.7035034602076126 0.1725230414746544 0.698529411764706 0.1713709677419355 0.6955017301038062 0.16474654377880185 0.6913927335640139 0.15754608294930877 0.6920415224913495 0.15207373271889402 0.6937716262975779 0.14976958525345624 0.6961505190311419 0.1483294930875576 0.7002595155709344 0.14775345622119815 0.705233564013841 0.14948156682027652 0.7095588235294119
5 0.18202764976958524 0.7281574394463669 0.1875 0.7303200692041523 0.19268433179723504 0.7303200692041523 0.1972926267281106 0.7288062283737025 0.20622119815668202 0.7240484429065744 0.20794930875576037 0.7205882352941176 0.20910138248847926 0.7130190311418685 0.20766129032258066 0.7028546712802768 0.1995967741935484 0.6983131487889274 0.195852534562212 0.6980968858131489 0.19009216589861752 0.6996107266435987 0.1846198156682028 0.7028546712802768 0.18202764976958524 0.7065311418685122 0.18087557603686638 0.7153979238754327 0.18058755760368664 0.7240484429065744 0.18202764976958524 0.7281574394463669
5 0.20766129032258066 0.7177768166089966 0.2131336405529954 0.7251297577854672 0.2168778801843318 0.726643598615917 0.22350230414746544 0.7190743944636678 0.22436635944700462 0.7143166089965398 0.22350230414746544 0.7099913494809689 0.2206221198156682 0.703719723183391 0.2168778801843318 0.701340830449827 0.21255760368663595 0.7004757785467128 0.20794930875576037 0.7022058823529412 0.2067972350230415 0.7030709342560554 0.20766129032258066 0.7177768166089966
5 0.22609447004608296 0.7402681660899655 0.2341589861751152 0.7445934256055364 0.24222350230414746 0.742863321799308 0.24481566820276499 0.7402681660899655 0.2459677419354839 0.7348615916955018 0.24539170506912442 0.7270761245674742 0.24279953917050695 0.7229671280276817 0.2379032258064516 0.7201557093425606 0.2341589861751152 0.719506920415225 0.22811059907834103 0.7225346020761246 0.22523041474654376 0.7272923875432526 0.22494239631336405 0.7378892733564014 0.22609447004608296 0.7402681660899655
5 0.13162442396313365 0.7448096885813149 0.1419930875576037 0.7530276816608997 0.1480414746543779 0.7547577854671281 0.15495391705069125 0.7541089965397925 0.15869815668202764 0.7521626297577855 0.16013824884792627 0.7484861591695502 0.15956221198156684 0.7413494809688582 0.15610599078341014 0.7337802768166091 0.1509216589861751 0.7283737024221454 0.14372119815668202 0.7251297577854672 0.1370967741935484 0.7246972318339101 0.1313364055299539 0.7272923875432526 0.1287442396313364 0.7322664359861593 0.12903225806451613 0.7387543252595157 0.13162442396313365 0.7448096885813149
4 0.09447004608294932 0.5 0.09591013824884793 0.5010813148788927 0.09879032258064516 0.5012975778546713 0.10397465437788019 0.49264705882352944 0.11232718894009217 0.4878892733564014 0.111463133640553 0.4764273356401384 0.11434331797235024 0.47080449826989623 0.11405529953917051 0.4669117647058824 0.10915898617511521 0.46172145328719727 0.10570276497695852 0.4608564013840831 0.10023041474654378 0.46172145328719727 0.09360599078341014 0.4656141868512111 0.08928571428571429 0.4701557093425606 0.08726958525345622 0.47404844290657444 0.08755760368663594 0.4876730103806229 0.09447004608294932 0.5
4 0.16849078341013826 0.5071366782006921 0.17511520737327188 0.5222750865051904 0.17828341013824883 0.5231401384083045 0.1909562211981567 0.5224913494809689 0.19182027649769587 0.5209775086505191 0.1961405529953917 0.5211937716262975 0.20017281105990783 0.5179498269896194 0.20506912442396313 0.516219723183391 0.21342165898617513 0.516219723183391 0.2168778801843318 0.5153546712802768 0.2203341013824885 0.5123269896193772 0.22350230414746544 0.5054065743944637 0.22350230414746544 0.5015138408304499 0.22148617511520738 0.4982698961937716 0.217741935483871 0.497188581314879 0.20766129032258066 0.4965397923875433 0.18202764976958524 0.4967560553633218 0.17511520737327188 0.4980536332179931 0.16964285714285715 0.5021626297577855 0.16820276497695855 0.5045415224913495 0.16849078341013826 0.5071366782006921
2 0.1483294930875576 0.5503892733564014 0.1543778801843318 0.5525519031141869 0.16359447004608296 0.553416955017301 0.17511520737327188 0.5525519031141869 0.18807603686635946 0.5471453287197232 0.19268433179723504 0.5436851211072665 0.19498847926267282 0.5400086505190311 0.19441244239631336 0.5335207612456748 0.19182027649769587 0.5307093425605537 0.1826036866359447 0.5263840830449827 0.16561059907834103 0.5224913494809689 0.1546658986175115 0.5242214532871973 0.14688940092165897 0.5272491349480969 0.1445852534562212 0.5294117647058825 0.14372119815668202 0.532006920415225 0.14429723502304148 0.5467128027681661 0.1483294930875576 0.5503892733564014
1 0.8191244239631337 0.848832179930796 0.8173963133640554 0.8501297577854672 0.8110599078341014 0.8518598615916956 0.8032834101382489 0.8522923875432526 0.8001152073732719 0.8548875432525952 0.8015552995391705 0.8592128027681663 0.8096198156682028 0.8641868512110727 0.8142281105990783 0.865484429065744 0.8208525345622121 0.8633217993079585 0.8245967741935484 0.8609429065743945 0.836405529953917 0.8583477508650519 0.849078341013825 0.8598615916955017 0.8591589861751153 0.8631055363321799 0.866647465437788 0.8628892733564015 0.8721198156682028 0.8602941176470589 0.8741359447004609 0.8570501730103807 0.8752880184331797 0.8512110726643598 0.8755760368663594 0.8447231833910035 0.8744239631336406 0.8414792387543253 0.8703917050691243 0.8336937716262977 0.8605990783410139 0.8272058823529413 0.8580069124423962 0.8213667820069205 0.856278801843318 0.8200692041522493 0.8513824884792627 0.8189878892733565 0.8320852534562212 0.8205017301038063 0.8280529953917052 0.8239619377162631 0.8248847926267281 0.8295847750865052 0.8208525345622121 0.8287197231833912 0.8185483870967742 0.8237456747404845 0.8153801843317974 0.8220155709342561 0.810483870967742 0.8220155709342561 0.8076036866359446 0.8246107266435987 0.8093317972350231 0.8352076124567475 0.8191244239631337 0.848832179930796
0 0.4933755760368664 0.4320934256055364 0.5017281105990784 0.4329584775086506 0.5066244239631337 0.43057958477508657 0.5080645161290323 0.4260380622837371 0.5077764976958525 0.42171280276816614 0.5051843317972351 0.418901384083045 0.4982718894009217 0.4186851211072665 0.49452764976958524 0.42019896193771633 0.4904953917050691 0.4240916955017301 0.4902073732718894 0.42928200692041524 0.4933755760368664 0.4320934256055364
0 0.5190092165898618 0.46064013840830453 0.5244815668202765 0.46107266435986166 0.5293778801843319 0.46042387543252594 0.5351382488479263 0.4565311418685122 0.5348502304147466 0.4530709342560554 0.5293778801843319 0.4474480968858132 0.5256336405529953 0.4467993079584775 0.521889400921659 0.4476643598615917 0.5192972350230415 0.4485294117647059 0.5164170506912442 0.45155709342560557 0.5158410138248848 0.4563148788927336 0.5190092165898618 0.46064013840830453
0 0.536578341013825 0.48269896193771633 0.5397465437788018 0.4835640138408305 0.5460829493087558 0.4835640138408305 0.5506912442396313 0.48161764705882354 0.5547235023041475 0.4785899653979239 0.556163594470046 0.47383217993079585 0.5547235023041475 0.47037197231833916 0.55213133640553 0.4682093425605537 0.5472350230414746 0.4662629757785467 0.5446428571428572 0.4662629757785467 0.5400345622119815 0.4673442906574395 0.5362903225806452 0.46993944636678203 0.5328341013824885 0.4762110726643599 0.5339861751152074 0.48010380622837373 0.536578341013825 0.48269896193771633
0 0.7811059907834101 0.4593425605536333 0.7831221198156683 0.46107266435986166 0.7897465437788018 0.46345155709342567 0.7975230414746545 0.46215397923875434 0.8027073732718895 0.4565311418685122 0.8029953917050692 0.45263840830449825 0.8012672811059908 0.4493944636678201 0.7934907834101382 0.4467993079584775 0.7854262672811061 0.44874567474048443 0.780241935483871 0.4530709342560554 0.7796658986175116 0.4567474048442907 0.7811059907834101 0.4593425605536333
0 0.7655529953917051 0.4896193771626298 0.769873271889401 0.49091695501730104 0.7724654377880185 0.49286332179930803 0.7759216589861752 0.49307958477508657 0.7793778801843319 0.49178200692041524 0.7845622119815668 0.4878892733564014 0.7871543778801844 0.48421280276816614 0.786578341013825 0.48096885813148793 0.7845622119815668 0.4785899653979239 0.7811059907834101 0.4764273356401384 0.7762096774193549 0.4751297577854672 0.7690092165898618 0.4775086505190312 0.7641129032258065 0.48205017301038067 0.7632488479262673 0.48464532871972327 0.7655529953917051 0.4896193771626298
0 0.8784562211981568 0.4749134948096886 0.8842165898617512 0.4783737024221454 0.8908410138248849 0.479022491349481 0.8974654377880185 0.4779411764705883 0.9023617511520738 0.47534602076124577 0.9049539170506913 0.47058823529411764 0.9017857142857142 0.4660467128027682 0.8974654377880185 0.4632352941176471 0.889688940092166 0.46107266435986166 0.886520737327189 0.4608564013840831 0.8816244239631337 0.46193771626297575 0.8787442396313365 0.46301903114186854 0.8764400921658986 0.4658304498269897 0.8764400921658986 0.47058823529411764 0.8784562211981568 0.4749134948096886