5 0.6540898617511521 0.15138408304498271 0.6578341013824885 0.15419550173010382 0.6728110599078342 0.155060553633218 0.6777073732718895 0.152681660899654 0.682315668202765 0.1448961937716263 0.6828917050691244 0.1347318339100346 0.6826036866359447 0.13019031141868515 0.6785714285714286 0.12024221453287198 0.6759792626728112 0.11807958477508651 0.6682027649769585 0.11872837370242215 0.6650345622119815 0.12002595155709343 0.6612903225806452 0.12348615916955019 0.6561059907834101 0.13019031141868515 0.6517857142857143 0.14165224913494812 0.6517857142857143 0.1477076124567474 0.6540898617511521 0.15138408304498271
5 0.6742511520737328 0.2067474048442907 0.6788594470046083 0.20891003460207616 0.6857718894009217 0.20912629757785467 0.6961405529953917 0.20609861591695502 0.7033410138248848 0.20134083044982704 0.7076612903225807 0.1957179930795848 0.7079493087557605 0.1887975778546713 0.7053571428571429 0.185121107266436 0.695852534562212 0.18187716262975778 0.6860599078341014 0.18403979238754326 0.67713133640553 0.18771626297577856 0.6733870967741936 0.1907439446366782 0.6713709677419355 0.19550173010380625 0.6716589861751152 0.2022058823529412 0.6742511520737328 0.2067474048442907
5 0.5913018433179723 0.15614186851211073 0.5944700460829493 0.15743944636678203 0.5936059907834101 0.1611159169550173 0.5944700460829493 0.16327854671280279 0.5973502304147466 0.16587370242214533 0.6022465437788018 0.16738754325259517 0.6057027649769585 0.16630622837370243 0.6103110599078342 0.16176470588235295 0.6077188940092166 0.15722318339100347 0.6117511520737328 0.15419550173010382 0.6160714285714286 0.15354671280276816 0.6183755760368663 0.15095155709342561 0.6149193548387097 0.1477076124567474 0.6074308755760369 0.13732698961937717 0.6022465437788018 0.13494809688581316 0.5953341013824885 0.1342993079584775 0.5924539170506913 0.1355968858131488 0.5878456221198156 0.14208477508650522 0.5884216589861752 0.15246539792387542 0.5913018433179723 0.15614186851211073
5 0.2929147465437788 0.0689878892733564 0.2966589861751152 0.07201557093425606 0.307315668202765 0.07525951557093427 0.3182603686635945 0.07136678200692043 0.326036866359447 0.06487889273356402 0.33150921658986177 0.056444636678200696 0.3323732718894009 0.04649653979238755 0.3303571428571429 0.04282006920415225 0.32747695852534564 0.04044117647058824 0.31739631336405527 0.0365484429065744 0.31105990783410137 0.0361159169550173 0.3001152073732719 0.040224913494809694 0.2929147465437788 0.04563148788927336 0.2891705069124424 0.05017301038062284 0.2894585253456221 0.05730968858131489 0.2929147465437788 0.0689878892733564
5 0.4772465437788019 0.23118512110726647 0.48127880184331795 0.23183391003460208 0.4876152073732719 0.22967128027681666 0.4939516129032258 0.229022491349481 0.5 0.22512975778546712 0.501152073732719 0.22253460207612458 0.5020161290322581 0.21345155709342561 0.5008640552995391 0.20955882352941177 0.4985599078341014 0.2073961937716263 0.48271889400921664 0.20804498269896196 0.47955069124423966 0.20999134948096887 0.476094470046083 0.2173442906574395 0.47523041474654376 0.22556228373702422 0.4772465437788019 0.23118512110726647
5 0.574020737327189 0.7430795847750866 0.5786290322580645 0.7422145328719724 0.5918778801843319 0.7439446366782008 0.5953341013824885 0.740484429065744 0.5982142857142858 0.7342128027681661 0.5985023041474655 0.7305363321799309 0.5967741935483871 0.7268598615916956 0.5953341013824885 0.7253460207612458 0.5921658986175116 0.7244809688581315 0.5849654377880185 0.7246972318339101 0.5794930875576038 0.7262110726643599 0.5745967741935484 0.7301038062283738 0.5720046082949308 0.7372404844290659 0.5714285714285714 0.7415657439446368 0.574020737327189 0.7430795847750866
5 0.5665322580645162 0.7655709342560554 0.5774769585253456 0.7683823529411765 0.5849654377880185 0.7681660899653979 0.5872695852534562 0.766219723183391 0.5887096774193549 0.7629757785467128 0.5924539170506913 0.7491349480968859 0.5921658986175116 0.7437283737024222 0.5743087557603687 0.7422145328719724 0.5720046082949308 0.7439446366782008 0.5662442396313364 0.751946366782007 0.5648041474654378 0.756704152249135 0.5645161290322581 0.7627595155709344 0.5665322580645162 0.7655709342560554
5 0.5504032258064516 0.7984429065743945 0.5532834101382489 0.8001730103806229 0.5599078341013825 0.8014705882352942 0.5642281105990784 0.8008217993079585 0.5717165898617511 0.7971453287197232 0.5751728110599078 0.7928200692041523 0.5748847926267281 0.7871972318339101 0.5731566820276498 0.7835207612456748 0.5717165898617511 0.782006920415225 0.5682603686635945 0.7811418685121108 0.5601958525345622 0.7809256055363323 0.5547235023041475 0.7822231833910036 0.5506912442396313 0.7846020761245676 0.5480990783410139 0.7895761245674742 0.5478110599078342 0.7936851211072665 0.5504032258064516 0.7984429065743945
4 0.4807027649769585 0.2549740484429066 0.4902073732718894 0.26211072664359863 0.49740783410138245 0.2642733564013841 0.5046082949308757 0.26405709342560557 0.5112327188940092 0.2618944636678201 0.5158410138248848 0.2586505190311419 0.5181451612903226 0.25519031141868515 0.5190092165898618 0.2480536332179931 0.5175691244239632 0.2448096885813149 0.5118087557603687 0.23961937716262977 0.5086405529953917 0.23853806228373706 0.49942396313364057 0.2374567474048443 0.49107142857142855 0.23810553633217996 0.4853110599078342 0.24113321799307957 0.47955069124423966 0.24740484429065748 0.47926267281105994 0.2512975778546713 0.4807027649769585 0.2549740484429066
4 0.22811059907834103 0.30341695501730104 0.23934331797235023 0.31487889273356406 0.25288018433179726 0.3213667820069205 0.2620967741935484 0.32461072664359863 0.26497695852534564 0.32482698961937717 0.2744815668202765 0.3235294117647059 0.2785138248847926 0.32158304498269896 0.280241935483871 0.31769031141868515 0.2808179723502304 0.3105536332179931 0.28801843317972353 0.3010380622837371 0.28801843317972353 0.3001730103806229 0.28168202764976963 0.29563148788927335 0.27620967741935487 0.29303633217993086 0.26612903225806456 0.29130622837370246 0.23732718894009217 0.2906574394463668 0.23358294930875578 0.29173875432525953 0.22868663594470048 0.2971453287197232 0.2275345622119816 0.29974048442906576 0.22811059907834103 0.30341695501730104
4 0.5264976958525346 0.7653546712802769 0.5293778801843319 0.7690311418685122 0.5354262672811061 0.772923875432526 0.536578341013825 0.7731401384083045 0.5403225806451613 0.7709775086505191 0.5498271889400922 0.767733564013841 0.5607718894009217 0.7653546712802769 0.5633640552995393 0.7623269896193772 0.5639400921658987 0.7497837370242215 0.5578917050691244 0.7307525951557093 0.5538594470046083 0.7288062283737025 0.5475230414746544 0.7272923875432526 0.5417626728110599 0.7270761245674742 0.536578341013825 0.7283737024221454 0.5342741935483871 0.7305363321799309 0.5313940092165899 0.7359429065743945 0.5250576036866359 0.7512975778546713 0.5247695852534562 0.7599480968858132 0.5264976958525346 0.7653546712802769
3 0.37039170506912444 0.12326989619377164 0.37932027649769584 0.13992214532871974 0.3807603686635945 0.14749134948096887 0.38364055299539174 0.15030276816608998 0.39112903225806456 0.15116782006920418 0.3948732718894009 0.14922145328719724 0.396889400921659 0.14684256055363323 0.40812211981566826 0.14381487889273356 0.415610599078341 0.1457612456747405 0.4182027649769585 0.14597750865051903 0.4193548387096774 0.14511245674740486 0.42223502304147464 0.14165224913494812 0.42367511520737333 0.13667820069204153 0.42396313364055305 0.13019031141868515 0.4228110599078341 0.12564878892733564 0.42021889400921664 0.12197231833910036 0.4006336405529954 0.10510380622837372 0.39112903225806456 0.10185986159169551 0.38364055299539174 0.10034602076124569 0.37989631336405527 0.10056228373702422 0.37644009216589863 0.10164359861591696 0.371831797235023 0.10510380622837372 0.3692396313364056 0.11267301038062286 0.3689516129032258 0.11743079584775087 0.37039170506912444 0.12326989619377164