5 0.6016477490793269 0.6384381506117947 0.6113317084560671 0.6349031277055023 0.6134758748864091 0.6307371643422395 0.6135807983063506 0.6238808888298485 0.6112347801063459 0.6186782846631578 0.6074256756578361 0.61469156148365 0.6001890291850446 0.6114671889398254 0.5930159149797722 0.6118087092621634 0.5892478328645719 0.6140461010858865 0.5869203270636669 0.6177258340594951 0.585483379465369 0.6213892170140264 0.5862054819805154 0.6246632496411775 0.5890154760904793 0.6304168742477367 0.5935205444039283 0.6352301280870473 0.5979021768983364 0.6380173202984494 0.6016477490793269 0.6384381506117947
5 0.5753568476555408 0.6716538474887354 0.5805281124677245 0.6697404059160834 0.5837200378210292 0.6635968209560492 0.5838249612409706 0.6567405454436583 0.5802590997145455 0.6517002214155505 0.5775126378721006 0.6495124896751538 0.5721431500062518 0.647163087822269 0.5609663370148021 0.6443607656439791 0.5584293531931271 0.6451067662605852 0.551394558489998 0.6512509612467141 0.5505787875220152 0.6535040930634197 0.551764865947121 0.6573291461304392 0.5564794122813399 0.6650761323267524 0.5603371653142666 0.6688521353365402 0.5689396008667295 0.6712820672326218 0.5753568476555408 0.6716538474887354
5 0.5324042046256354 0.6746106401518576 0.539603457481115 0.6767166217968679 0.5427877565833122 0.6770078720097846 0.5483743487210384 0.6758561710467212 0.552752352499449 0.6735376391537065 0.5540433543444963 0.6705064167083351 0.5541969263488545 0.6634394210262242 0.5478098157453604 0.6539745834600914 0.544771462396414 0.6530511727380147 0.5417930125989894 0.6505879307776838 0.5376096031582466 0.6520635819918186 0.5310950592006014 0.652113242075145 0.5209547501650091 0.648662409368618 0.5160641218922223 0.6506406409914841 0.5144550898904663 0.6524886824878271 0.5133586823830868 0.6546770242543184 0.514264124268796 0.6584372872711237 0.5172687127164277 0.663348031198803 0.5229337208047755 0.6695388361377848 0.5259720741537219 0.6704622468598614 0.5324042046256354 0.6746106401518576
4 0.38863999945417943 0.29095851269559475 0.39536039271659723 0.28873686086485406 0.39623606723610194 0.2849438978098942 0.3941931955097037 0.27714786155634935 0.38492493227761887 0.2647983416904457 0.3789792876498745 0.25854274670124966 0.37351250261519187 0.2566147851878048 0.36910836018657417 0.2564858151134711 0.3642064769466823 0.2597931578048714 0.363001517303364 0.26373205097933705 0.3690070654826302 0.2684478147302788 0.3728121723960299 0.2839750971871543 0.3810776965735716 0.2929857943756926 0.3849467045736032 0.2954326863169463 0.38863999945417943 0.29095851269559475
4 0.6191645588414348 0.4127623390765377 0.623613721138472 0.4075748648767347 0.627378174537675 0.4002317489485948 0.6339976419152615 0.3933258133528773 0.6352138565256847 0.38805780910987764 0.6328678383256802 0.38285520494318687 0.6285348544156892 0.3798572925620648 0.6233973545048201 0.37778340092911405 0.6119772985912857 0.37603467959942416 0.6076591983643969 0.3768133802541847 0.5901845768680666 0.3872058987250574 0.5869291192472426 0.38978359081892905 0.584863368767522 0.40129206008423707 0.5855368226982514 0.40477681288110806 0.597106453081034 0.4109990978060548 0.6078192901625246 0.4132503995444762 0.6191645588414348 0.4127623390765377
4 0.5766707282539106 0.6493181195245111 0.5835555796686787 0.6553466443249099 0.5869718667258559 0.6559134047577608 0.5906800452895343 0.655215844172292 0.5943359465527984 0.6496232796521262 0.5962444963121635 0.6400760819645124 0.5953764480437663 0.6374342098465211 0.5901267672809613 0.6320051455171278 0.5848622028350537 0.622799468151852 0.5746471065648376 0.6171118536476966 0.5662766589673545 0.6149574319715493 0.5594328298858956 0.6151530221743815 0.5545422016131087 0.6171312537972476 0.5534232841715194 0.6219778177008075 0.5536774132415961 0.6362413891654578 0.5581225780035233 0.6425944742430224 0.5605397547221547 0.6449281361029248 0.5713498889724787 0.6467579975019062 0.5766707282539106 0.6493181195245111
3 0.4376504679637653 0.29761248771811116 0.4409433192019012 0.2961531865230537 0.4421707887794293 0.28955607121151977 0.441822991256516 0.2808196641907261 0.43757242083225656 0.2736236984342815 0.4352714225006715 0.26310464999345395 0.42639597665991946 0.25417509287420714 0.42350356906422376 0.2526195216429705 0.4129254227688793 0.25106517046392324 0.4093519349913467 0.2524596816087665 0.4042329474795774 0.2592681271161152 0.3975684602335713 0.2714905069859694 0.39594817326471043 0.2746676595508465 0.39612388638416574 0.2815887251134517 0.3993604627867772 0.28677497926106515 0.4256056067039182 0.2921682934218301 0.43428282949100516 0.29683500711554023 0.4376504679637653 0.29761248771811116
3 0.5614471001785575 0.39388842428854615 0.5675949653950771 0.3928663034259112 0.5757334250375804 0.39474521488212433 0.5798794408610113 0.39215117276917544 0.5840592215857567 0.3855697974506239 0.5773431946775618 0.35960460662221244 0.5734480480273232 0.3547102127136105 0.5654293954878633 0.34975163878088894 0.5576089660020686 0.34905590827370425 0.5464020168253014 0.35534664340543365 0.5415150172685118 0.3624305991327166 0.5397150196450856 0.3702272454123562 0.5391011004467653 0.3818489447590155 0.5404705182424341 0.3861602282156893 0.5471869139697416 0.39547913566231635 0.557776315232191 0.39570437577282924 0.5614471001785575 0.39388842428854615
3 0.5071295696133038 0.43838979042466086 0.5192307057086752 0.4371884293782709 0.5291128881390804 0.43791624989751543 0.5326377273321963 0.4367324589223921 0.5357584941668742 0.43345781626914637 0.5368062530898368 0.4314801946723749 0.5368026243738393 0.42637447056795813 0.5338579394777294 0.4199238954020247 0.5314407627590982 0.4175902335421224 0.520286459701858 0.412129689226764 0.49630891803410015 0.40459647333064463 0.49125746032496015 0.4034302524267882 0.4882078520089088 0.4038359527732457 0.48570826180454596 0.40570034428866586 0.48324606521749514 0.40868312670290025 0.48274832440622095 0.41211943946863433 0.49042606803564953 0.4351993379711804 0.4944185118547221 0.43967229154034226 0.49745686520366855 0.44059570226241906 0.5071295696133038 0.43838979042466086
3 0.5445921800360913 0.46945582514873124 0.5481881777478337 0.46540309186681955 0.5497823260664875 0.45977843733459417 0.548266962517568 0.4560993143870803 0.5328845989702782 0.44078458217820893 0.5297115548351858 0.439164220896758 0.5229762778896658 0.43760925969161607 0.5049705194998595 0.4387791407520411 0.49551854807809903 0.4425896738782676 0.4921657932884413 0.4455888063115793 0.49097571732822526 0.45330431252192743 0.49605694240356984 0.46202375949754904 0.521781835575227 0.4735116085611165 0.5289810884307065 0.47561759020612693 0.5359222146809992 0.47500055966385474 0.5445921800360913 0.46945582514873124
2 0.6208392765502564 0.48617104807791217 0.626403358753773 0.487677569251917 0.6328692541270012 0.4878386293383105 0.644506414312413 0.4860862478520521 0.6589089175584822 0.4787576518647052 0.6689185333430387 0.4699709747344903 0.6700599607188378 0.4624661886938622 0.6655400087222865 0.45387632181866905 0.6600583400045015 0.44817174726934167 0.6534802637793372 0.4446555144865054 0.6462323623394407 0.4427602530112151 0.635837555414659 0.44169213222182224 0.6308608849401431 0.4427626931155941 0.6289450777487834 0.4420984425943744 0.6249936562630202 0.44384960402844326 0.6184529736551678 0.44145176214442144 0.6154894075408455 0.4427651332199731 0.6136857812014218 0.44545605539519595 0.6143966287494634 0.4500591990908812 0.6057676857276805 0.46182804860923576 0.6052848285995087 0.4690409744108524 0.6103547987077483 0.4790895324550082 0.6129553147969424 0.48190942470456477 0.6208392765502564 0.48617104807791217