5 0.1951384286095254 0.8862199384471372 0.2022741491974857 0.8876798496682895 0.20643504870401888 0.8864972787453557 0.2130991671309122 0.8820733752334255 0.2182515507248835 0.8762228705645922 0.2197592880226955 0.8661089124441274 0.21777595102870642 0.858798496554142 0.21416506963386173 0.858522376308113 0.2001219876969234 0.8604327677502912 0.19202491920684212 0.8727338475850578 0.19160596316530226 0.8786013122990631 0.19267623202247464 0.883237156032903 0.1951384286095254 0.8862199384471372
5 0.10211119918751836 0.8251309787185047 0.0865226175163433 0.8216274357981774 0.084180228032336 0.8217243158604515 0.08148241477430813 0.824122767770568 0.08050218565397489 0.8301198125850018 0.08137786017347956 0.8339127756399616 0.08312158296138136 0.8350638665769303 0.10256428894948577 0.8398971305918866 0.11299648949157937 0.8377106189036795 0.11465779879374971 0.8346636564653256 0.11478123461279073 0.8326375948374171 0.11176901991405128 0.8311135035921456 0.11118523690104816 0.8285848615555057 0.11304114054088624 0.8263807797960316 0.10939649424472683 0.8221173263444002 0.10626084372694664 0.8226192967270368 0.10211119918751836 0.8251309787185047
5 0.26386350693816657 0.8279607520710585 0.2607841312559107 0.8351082777963661 0.26184314514597834 0.8384150104616717 0.2638188558888599 0.8392905911787063 0.27462536142318666 0.8425664538841415 0.28560395136097144 0.8440269751313885 0.2958154189151902 0.8434450847316498 0.30025695496112004 0.8421977237585019 0.3024907923091885 0.8403502922882538 0.3032876820589589 0.8348394778634741 0.30303318416976943 0.83245676594634 0.30080297553769836 0.8291984733121713 0.2936821386328402 0.8239619490551366 0.2870103939548394 0.821951017394116 0.27293354711658646 0.8198740756306915 0.2697118543970772 0.8212837167424224 0.26386350693816657 0.8279607520710585
5 0.6635015033501113 0.582106557094028 0.664193838499053 0.5863857505386421 0.6676177518073374 0.5922538252787419 0.6708732094281613 0.5948315173726137 0.6815936727607593 0.5990150508071432 0.6916479395946223 0.5964718888297105 0.6924785942457075 0.5949484076105336 0.6928826666041452 0.5928575559324107 0.6914943675902641 0.5894048931475995 0.6852902275382201 0.5817372169422936 0.6766315171502328 0.5775215934957042 0.6695444451466893 0.576272402444272 0.6658961701345326 0.5771146730970572 0.6635015033501113 0.582106557094028
5 0.6973198362958521 0.5634233523001106 0.6910412778282967 0.5746387412742175 0.6902331331114214 0.5788204446304629 0.6926655623322677 0.5893564531164625 0.6977021363583054 0.5919668452484886 0.7089388529012771 0.590704354308453 0.7124150435099759 0.5916774251138561 0.7225404688624656 0.5920032054432116 0.7319249104815968 0.5878390721582331 0.7358200571318356 0.582944678249631 0.7387048384764237 0.5749542718454435 0.7365868106962886 0.5683408065148322 0.730236724890994 0.5600409698003663 0.7266033335619395 0.557106627417269 0.7184685026354335 0.5538798147690654 0.710636818182534 0.5532464342077159 0.7063898764742718 0.5553366758597438 0.6973198362958521 0.5634233523001106
5 0.7160734670318992 0.5422254153842516 0.7140342240214986 0.5449157275333798 0.7131774307202062 0.548886710719905 0.7159202638466537 0.5518047030839253 0.7277745283039432 0.557058187386132 0.7415108350512776 0.5576600879615164 0.753870097751836 0.5561384368206238 0.7580197422912642 0.5536267548291558 0.7623302162670454 0.5479706203109653 0.762868979411629 0.5451828180734687 0.7608221101501208 0.5414382950496457 0.7448479685196077 0.5311432666671416 0.7359572701766407 0.5272031534404866 0.7224006740838715 0.5312207465798646 0.7180190415894636 0.5340079387912667 0.7160734670318992 0.5422254153842516
5 0.6828868280453528 0.53035541562096 0.6748681755058931 0.5353139895536814 0.6711077196418002 0.5395114329029093 0.6687355627915885 0.5471615390369484 0.6695251951093641 0.5518621728210025 0.6731211928211066 0.5559149061029139 0.6794749073423988 0.5591090187129633 0.6869399130541727 0.560714860053621 0.6941130272594451 0.5610563803759592 0.6983225753503952 0.5600845296227452 0.7009829949911109 0.558804468611443 0.7084665131019847 0.5515279728118015 0.7098584408318631 0.549874911492196 0.7090314148967753 0.5462926686069562 0.7017533772715616 0.5390948727722273 0.6964397954221246 0.5314435465859987 0.6908419483172935 0.528962734554401 0.6867184424280723 0.5290269145785205 0.6828868280453528 0.53035541562096
5 0.46199672286193516 0.279053862130383 0.45940746173984603 0.28320286544847384 0.46041419832949915 0.29140460204847635 0.46407009959276335 0.29699716656864206 0.4834754119635557 0.30294882148241253 0.4885755182571126 0.3019933207482761 0.49459232140348364 0.29860666806586844 0.49898883758099394 0.2920428628185839 0.4989663276467843 0.28938464068151537 0.49709154278873385 0.28382477619950425 0.4974469665627546 0.2815232043516615 0.49389961743542915 0.2776811912394699 0.4897648565791032 0.2764162601950553 0.4871156919054922 0.27902543227489185 0.4791718266006565 0.28174722440998506 0.46199672286193516 0.279053862130383
5 0.4206349682537988 0.3034737314856877 0.4236660641707505 0.3127617689724446 0.4275539533889944 0.31807882327267606 0.43201799936913404 0.3194896844365965 0.4351050013024974 0.3187769938842398 0.4416830775276617 0.31526076110140366 0.4471534912783417 0.308227075483542 0.45022161199349275 0.2997504386897002 0.4497874034497378 0.29274823305780345 0.4487022509094631 0.2918890023598462 0.4430895201215298 0.29318480336413116 0.42798742429452385 0.29178846214100373 0.4230332637542177 0.29337612338430014 0.4212260086987968 0.2957909253134941 0.4206349682537988 0.3034737314856877
5 0.3716796681223992 0.2668344117055216 0.37063953545054407 0.27129162528170114 0.37292964763413694 0.2760897491541239 0.37877073766105274 0.27962416203432156 0.39321426324043135 0.28072864301843753 0.401158128545267 0.2780068508833444 0.410725909534961 0.27335648720871164 0.4130345341176535 0.26927227394083497 0.4129296106977122 0.2624159984284441 0.40983861122923876 0.25158812970343314 0.4044241034949704 0.24862108728218124 0.3976289229979285 0.24863621724906898 0.3937000114463751 0.24954327795206846 0.38459620636664077 0.2536426211868327 0.37682079674926555 0.25965479596815416 0.3716796681223992 0.2668344117055216
5 0.4691168221285678 0.250997819623849 0.46286803102721696 0.2546599825261907 0.46031616352243976 0.2576905949454673 0.45987469754669 0.2608998375224042 0.46299946191647817 0.27571503945301773 0.4669621383693462 0.27879531195562085 0.4747676841720387 0.2818761944843188 0.47997634260153443 0.28267124515815645 0.483673266198108 0.2820396946750912 0.49000809950118784 0.27746986104365523 0.49329332448821617 0.2724943270657617 0.49494337882328165 0.26811825355887364 0.4931433811998554 0.26032160727923404 0.49194967652364197 0.2577118251733026 0.4850009240222418 0.25065995945807945 0.4796463198394954 0.2492327482750817 0.47472955291650126 0.24970201861956404 0.4691168221285678 0.250997819623849
5 0.004082826310961796 0.33394470320558634 0.0032859365611914494 0.3394555176303658 0.005348058324914695 0.3560697110000905 0.008614770912843439 0.3599765141624964 0.011956270735396424 0.36164653552727377 0.01673834687224456 0.3618742157421657 0.024072290513870144 0.35907128353778117 0.029920637972780606 0.3523942482091452 0.03325814026022337 0.3425237102965549 0.033370321112159464 0.33916853760011223 0.03169013059177682 0.334451553796981 0.024457112834982676 0.3325702022363889 0.018335386268670206 0.3291005794064056 0.01312672783917448 0.3283055287325678 0.009478452827017692 0.32914779938535305 0.004082826310961796 0.33394470320558634
5 0.01141640113347453 0.31449548761941715 0.013216398756900805 0.32229213389905687 0.018092143346585564 0.3280469785578056 0.024969737329359087 0.33222990196624036 0.02999505638829204 0.33351118302973237 0.03233744587229918 0.33341430296745833 0.03551049000739137 0.3317939416860074 0.039308339488796286 0.3264781074379654 0.04003407071994014 0.3180983507063976 0.0374930893631551 0.3058117908124238 0.03404303740466337 0.3023912180396722 0.030701537582110593 0.3007211966748948 0.028213202344852507 0.3001859162280089 0.021623871152583206 0.3023730379423107 0.012957903332601283 0.308368862704555 0.01141640113347453 0.31449548761941715
4 0.30424577006419523 0.8428304942937566 0.30614669357245267 0.8459428568084194 0.3120251772166805 0.8483588787898029 0.3234078395129029 0.8477285483589272 0.32873993376143956 0.8464975374048563 0.33766039947061116 0.8428844245597464 0.34267446356243925 0.842836594554704 0.3508615717893596 0.8411684032682109 0.355621137991998 0.8387378613460346 0.35987170841625743 0.8315418955895899 0.360668598166028 0.8260310811648104 0.3586141026534122 0.8158517229680367 0.34822655316062534 0.8067083955485959 0.32680087899764454 0.8112109990254389 0.31853898353610016 0.8151159721095602 0.30989552565032785 0.8237700190088729 0.3043728345992336 0.8356987085614314 0.30424577006419523 0.8428304942937566
4 0.45281941543030485 0.8500345110749141 0.4494256383073377 0.8532594936448333 0.4471544073419572 0.8562253160138958 0.44638365624239384 0.859288628471327 0.447771955256275 0.8627412912561383 0.4553193744537805 0.8685451859721187 0.4608685729741947 0.8708152778339964 0.47081065895612173 0.8716272885530062 0.47488551626092584 0.8713523883591666 0.4834393032289719 0.8687117362933652 0.48959079716148873 0.8646281330515831 0.49296206435024625 0.8587449283445954 0.49167469122119634 0.8506079817948073 0.484572366715438 0.8364891203974733 0.47486589740448804 0.8302958753541126 0.4709856344373516 0.831413656226832 0.4677751966849472 0.8341524084070973 0.4593001944866354 0.8460968379526381 0.45281941543030485 0.8500345110749141
4 0.4753109920962351 0.8219809086727589 0.47504161052394345 0.8233748097915073 0.47608936944690594 0.8253524313882787 0.48521205574485277 0.8290170343949995 0.49463026226529844 0.8288402343156236 0.5092233623139253 0.8254711517044827 0.5128977759762892 0.8221813790843491 0.5151577519745647 0.8178864456467524 0.5144055132741011 0.8120674209638843 0.5129311720584911 0.8095224289081673 0.5111014070688602 0.8092790087002928 0.5028769052246279 0.8120655908856002 0.4985439213146369 0.8150635032667222 0.487243672504146 0.8198918870729205 0.4753109920962351 0.8219809086727589
4 0.5312092030983611 0.770900117981858 0.5304235683156955 0.7777400434751718 0.533342483380711 0.790383253658371 0.5529427589082839 0.8138240726328061 0.5590532305074913 0.8159645843942552 0.5648605556330925 0.8155116640688501 0.5739269670955147 0.8125307117329001 0.581021296531053 0.8035684545754987 0.5825366600799725 0.799889331627985 0.5820276643015935 0.7951239077937167 0.5856570580955378 0.7865176908994462 0.5859413233509317 0.7813471767448152 0.5815030472018867 0.7608425302317621 0.5782475895810628 0.7582648381378905 0.5713064633307702 0.7576478075956181 0.5566908533479336 0.7583586680696905 0.5497834919989556 0.7617289707330209 0.5350183075468709 0.7669133948023502 0.5312092030983611 0.770900117981858
4 0.6139356033924057 0.6836620884032631 0.5994136618624056 0.6899001133211923 0.5973257702675879 0.6923797053006006 0.5968469106745262 0.6967073387763515 0.5992793398953725 0.707243347262351 0.5974535724408518 0.7185404863318443 0.5998184718590688 0.7211018284066386 0.6070627445829679 0.724312291035765 0.614333155957074 0.7250752516975429 0.6281816435563448 0.7223219795764848 0.6441031390673307 0.7208657285119011 0.6497158698552642 0.7195699275076162 0.6599422210925854 0.715211424071995 0.662995458124634 0.7105114003140358 0.6635716148865296 0.7066052071777246 0.6619175630163541 0.6994407214072449 0.6577715471929233 0.696846679294296 0.6433915538810638 0.6921763054440174 0.6383324699208164 0.686907691174923 0.6333931930636123 0.6847187393823367 0.6235371492834143 0.6829990579342329 0.6139356033924057 0.6836620884032631
4 0.5434239358469897 0.6637628819366818 0.536991805375076 0.6679112752286778 0.5334858474001727 0.6744914304950397 0.5335758871370119 0.6851243190433132 0.5361578908271062 0.691186763934056 0.5414377077752287 0.694850756914682 0.5513910487242606 0.696991878702226 0.5601358013139768 0.7002998314197211 0.5687607468006496 0.7005281216607078 0.5746054655435626 0.6989568104364886 0.5793163831617842 0.6963155483445922 0.5841133429817347 0.6927666155236016 0.5872152285982003 0.6882773119353625 0.5880233733150757 0.6840956085791171 0.5807191970396548 0.6793453147117365 0.5704924769832209 0.6670575347655733 0.5636148830004475 0.6628746113571385 0.5567111503674669 0.6611391899160519 0.5523556565232661 0.6614788801601058 0.5434239358469897 0.6637628819366818
4 0.46608547634276337 0.5682006145998308 0.46543453234624366 0.5743435895337703 0.4750026821550504 0.5863395092409219 0.4795266316867117 0.5892902016430966 0.48693173384696387 0.5893562117455003 0.4976932195128711 0.587315630176799 0.5013302395579229 0.5851442484554796 0.5035415669717815 0.5806385948481629 0.5014347941587516 0.575354240586086 0.48858504807891395 0.563228130752411 0.4849142631325473 0.5614121792681279 0.4803641749506788 0.5609089888333016 0.4748487413315793 0.5626262301770265 0.469991877960107 0.564635331759763 0.46608547634276337 0.5682006145998308
4 0.04064725228003505 0.29642748328948765 0.03750797304625734 0.30203517777654126 0.04027731364202475 0.3191519515549974 0.04297149818405527 0.3218592237492977 0.052764009696734115 0.32714479806356417 0.07091208512379393 0.33405256373756587 0.08164743213949414 0.33445948413621285 0.08585698023044405 0.33348763338299914 0.09093457658979129 0.3298739105117944 0.09332924337421283 0.32488202651482356 0.09372206076554557 0.32146206376816666 0.09307837420102065 0.31739359049327254 0.08464765423290291 0.3013618975493813 0.06820953669243036 0.29161788960674573 0.06178103493651412 0.29066055879432506 0.05424124199011612 0.2912914992512955 0.04451626028006648 0.2939805913482341 0.04064725228003505 0.29642748328948765
4 0.2809163527586478 0.04142251989439858 0.2743121378832763 0.047386254644583216 0.27075390260795873 0.05886141384564194 0.2709786331309436 0.06879735183454123 0.2742304620357702 0.07648076803282952 0.27818188352153334 0.07823192946689836 0.2861108651432668 0.07928675036768791 0.2895758007848606 0.07893071010455684 0.29401733683079045 0.07768334913140906 0.3007301038421007 0.07347016578919874 0.3087600113486654 0.06984070292501139 0.3107618607417541 0.06826878167469755 0.3130218367400297 0.06397384823710084 0.31381872648980014 0.05846303381232136 0.3177512667573509 0.052450249004905206 0.31809543556426684 0.04881956608852835 0.3170026567728847 0.04152550021762007 0.3151503818490441 0.03862385787267728 0.3093092918221284 0.03508944499247964 0.30536912530347016 0.034667394626945035 0.29292382040118287 0.037096716496931845 0.28488265792751327 0.03939706829258505 0.2809163527586478 0.04142251989439858
4 0.39094875495546466 0.035329325729266794 0.39719754605681545 0.031667162826924854 0.4035585180101024 0.02464982722814062 0.40460990564906235 0.021521724720495163 0.4018855849217145 0.009721395216175654 0.3541773732242808 0.02073570375259761 0.35669947336285335 0.025258317405086127 0.36528339651621666 0.03171072264930404 0.37121052874486127 0.034337464800407246 0.38449411454934124 0.03681949688419443 0.39094875495546466 0.035329325729266794
3 0.4030413367677803 0.49486267522413707 0.40025385259202595 0.5032745219677647 0.4006731774526788 0.5140533406355441 0.4025741009609362 0.5171657031502069 0.40672011678436715 0.5197597452631558 0.41590633534983307 0.519858455403714 0.4212384295983698 0.5186274444496434 0.43036837332831135 0.5120805992475306 0.4409425220885456 0.49898568879111577 0.4414925402002342 0.497526997622153 0.440201538355187 0.4944957751767817 0.43146041448146794 0.4860820983548698 0.4235201778926297 0.4836981663855462 0.4158083005427738 0.486144448300705 0.4067531440474562 0.49045451170518933 0.4030413367677803 0.49486267522413707
2 0.06936676381494714 0.843344303141845 0.07047442628943151 0.8468617559768706 0.07607227339426265 0.8493425680084684 0.08195838328959802 0.8581934251628027 0.08840939497972404 0.8618089781122918 0.09442256941009755 0.863528049534301 0.10032719170453257 0.8634965695483359 0.10453673979548261 0.8625247187951223 0.11354687642238062 0.8528982111165012 0.11654020990290759 0.8466583561202878 0.1170452081461764 0.8398832206771883 0.11468030872795949 0.8373218786023939 0.10943425668115166 0.8376452188273703 0.10476073268024214 0.8391680900204527 0.0810336913665636 0.8375434585563383 0.0712226674547852 0.8411402213823711 0.06936676381494714 0.843344303141845
2 0.3605455311660997 0.8447034261745033 0.352901183618873 0.8551243745008673 0.3484335089227361 0.8588192374413636 0.3474046312179859 0.8646055620860773 0.34901003450374446 0.871559327686837 0.35213080133842245 0.8748339703400827 0.3568380902406466 0.8772984323526032 0.36720675851522117 0.8786778135305585 0.38857252912668006 0.8726353788154618 0.39486996881244774 0.86918393608284 0.4000710009908359 0.8635441515837268 0.4034197582453836 0.8550027247396705 0.40384996925402855 0.8504643710941995 0.40183286735872475 0.8391666219986114 0.3982742632642944 0.8339954978178857 0.38591862927973336 0.8304114248543618 0.3762310411869959 0.8319821260524861 0.3717521115237541 0.8343478779244482 0.3650992480639656 0.8401008925049128 0.3605455311660997 0.8447034261745033
2 0.47687789530734337 0.7801142150269793 0.47104443153153513 0.7830146373197326 0.46839526685792404 0.7856238093995692 0.46187346546828423 0.7957855975250763 0.46195587895401574 0.7999836509003989 0.46733699060608214 0.8156096434978327 0.4742632331732726 0.8200032870759875 0.47947189160276826 0.8207983377498251 0.48901353394225494 0.8185954760425409 0.49634747758388037 0.8157925438381561 0.5121640496749251 0.8074800172611816 0.514947905134682 0.8041738946219708 0.5261657404594413 0.7951474574404498 0.5302928750646597 0.7899775533119137 0.5306744374888877 0.7852284794967226 0.5291438214377532 0.7760379320983345 0.5276694802221431 0.7734929400426174 0.5217423479934984 0.770866197891514 0.5148498703276226 0.7704598875189619 0.5021239288859387 0.772953999439163 0.4934840997161638 0.7765023222340587 0.47687789530734337 0.7801142150269793
2 0.5825431798737417 0.7563853166555825 0.5809904227075103 0.7611828305019104 0.585597154544016 0.7849778596611922 0.5823083008409902 0.7950591177435025 0.5833150374306434 0.8032608543435049 0.5919363542013186 0.8085948686889083 0.6029149441391033 0.8100553899361552 0.6053433758248395 0.8090508391447871 0.6113376690370009 0.8030059643253111 0.6138706553235656 0.7922114056645493 0.6070337148549888 0.7651580838710992 0.6033778135917245 0.7595655193509334 0.5995610828921073 0.7571174073574902 0.5966948139466189 0.7562254766213784 0.5932298783050249 0.7565815168845095 0.589937027066889 0.755122215689452 0.5825431798737417 0.7563853166555825
2 0.5377564054999826 0.7249982611254338 0.5328545222600909 0.7216909184340332 0.5282071369093886 0.7207662876597671 0.5239489402340215 0.7215274182432608 0.5081098582087671 0.727181722683167 0.5018723220745211 0.732172996654043 0.498901498528204 0.7410710737873248 0.4996163436113557 0.7480084893690073 0.5035154877967045 0.754654654737773 0.5135737521656777 0.7636520520377078 0.5195869265960514 0.7653711234597169 0.5265280528463441 0.7659881540019893 0.5324326751407791 0.7659566740160242 0.5383260424681091 0.764596082961525 0.5514074076838138 0.7598003991934812 0.5559723795487846 0.756526976592425 0.5579030704232466 0.7520861130353227 0.5569300987349081 0.7478717096409226 0.548039400391941 0.7439315964142679 0.5444546576473035 0.7412079742008905 0.5433843887901311 0.7365721304670506 0.5439718005191316 0.7339950483992738 0.5424974593035216 0.7314500563435565 0.5377564054999826 0.7249982611254338
2 0.5500931582663313 0.7208183878474725 0.5440952363381726 0.7319689867713652 0.5436276317122157 0.7376257313156506 0.5455398101875781 0.7420672048988475 0.5509543179218465 0.7450342473200995 0.5586026630041832 0.7461538582711031 0.5621049922630892 0.744679427109158 0.5628270947782356 0.7414053944820068 0.567672703182603 0.7380671818307363 0.5739665141523733 0.7397214632025313 0.5850460299749892 0.7364977006848014 0.5909542809854217 0.7313604965944196 0.5936408392763447 0.7276329336157688 0.5965742692053497 0.7198532473813011 0.5988153639854131 0.7077943677022195 0.594665350626872 0.6936597663119028 0.5916531359281328 0.6921356750666312 0.5858084171852196 0.6937069862908504 0.5805587364224145 0.6991360506202435 0.5692922525132383 0.7079517676320446 0.5580893008715814 0.7132015917776826 0.5500931582663313 0.7208183878474725
2 0.5472297209234848 0.5099596083211135 0.5402138074385681 0.5115793595764696 0.5359294721129939 0.5147879921273119 0.5311027449268388 0.5258901510200675 0.5327905616983288 0.5370419699961498 0.544431719418851 0.5503349107597759 0.5520539258509807 0.553902023678128 0.5639793488268967 0.5620244502871231 0.5681141096832226 0.5632893813315378 0.5768737459560412 0.5628207210131504 0.5865014304972569 0.5597101885767718 0.5939214163406114 0.555999585643293 0.5958633621821783 0.5528878331547248 0.5964881675284908 0.5491923601881338 0.5942129390280002 0.5406176232798284 0.5875934716504136 0.5337116876841109 0.5788708601757944 0.5164156737218997 0.5737257340138179 0.5120547301818994 0.5684085234483833 0.5095091281000875 0.5608088269504635 0.5086002373188039 0.5472297209234848 0.5099596083211135
2 0.4161886970345335 0.259887966417899 0.41413457034103046 0.26635489160290965 0.41346148522941367 0.28648592778156523 0.41659350703119663 0.29108968150334535 0.41866651494291196 0.2923867025598198 0.43080504465559544 0.2924696727073955 0.43396320510758557 0.2946259244618271 0.4435647509985941 0.2939628939927969 0.4492036204367347 0.29021959102116357 0.45513801009737415 0.2826348849634334 0.45965433337792794 0.27915074219265706 0.46177961859005767 0.2755527593144347 0.46179450227315993 0.27177614627855223 0.4570607059016159 0.25511290285159566 0.45346470818987356 0.2510601695696842 0.44852543133266953 0.24887121777709797 0.43281341384245353 0.24739373648467908 0.42617543406576724 0.24937013802926095 0.42309968709950885 0.2514119396501519 0.4161886970345335 0.259887966417899