5 0.8735122229056783 0.4996681855240717 0.8784988016489983 0.5037907867837178 0.8823418846798174 0.5047570949768083 0.8901076390144311 0.5042947685740149 0.8995991219974073 0.500425124499978 0.907124039080189 0.4939053748005201 0.9075847925906648 0.4925625297003978 0.9074005010196812 0.4871514264933257 0.9023950737160783 0.4828133852038155 0.8976723748167176 0.4817069443622673 0.8907862363506455 0.48230940341351836 0.8748044346675362 0.4913057471659531 0.8731541002603052 0.4955748249566533 0.8735122229056783 0.4996681855240717
5 0.8283942493968709 0.4697496025541801 0.8275397485533615 0.47981045869074296 0.8295398175422772 0.4861481472843229 0.8356552374696598 0.4899548986722297 0.8393475320182164 0.48919768662640706 0.8424701757264449 0.4852339765930913 0.8455320797219805 0.4838806493786138 0.8480431814374707 0.4795362642065074 0.8519658527412654 0.4781076296106236 0.8553754188855802 0.474118817116839 0.8556288382329452 0.47040613168821127 0.8544664939601615 0.4670343985917915 0.8512014498333592 0.4627611825693327 0.8466525820083881 0.4603369990881309 0.8399779717372713 0.4600525955594567 0.8325703400480308 0.4646082825296685 0.8283942493968709 0.4697496025541801
5 0.7011430390270793 0.5188732272937052 0.7026676999770806 0.5230816180491126 0.7064877404157726 0.5270891891207696 0.7136566072860865 0.5297183305174806 0.7252487176901756 0.5135079177058955 0.7256152283992374 0.5110878724564525 0.7272425202143415 0.5098600575443191 0.7190997946740718 0.5060135833498298 0.7158682536359908 0.5054279502955301 0.708196742102791 0.5069674768476441 0.7026991306328966 0.5135269493536845 0.7011430390270793 0.5188732272937052
5 0.45371948555427427 0.5856745088761095 0.4560818712204074 0.5928488551286772 0.4619292172719865 0.5968961490069169 0.4686603732239517 0.5978268726251834 0.473251132201333 0.5974252332576827 0.4827991608651575 0.5942019092732382 0.48907795137033566 0.5899620721747657 0.4902863808273736 0.5872512795140523 0.48841617932753223 0.5691794194659339 0.4767403357846569 0.5613002717393187 0.4722668622008168 0.5597378483775735 0.46884264152806365 0.5602545179330631 0.4599396579456986 0.5675461000244574 0.45683586279775296 0.5717252500876372 0.45371948555427427 0.5856745088761095
5 0.49796425715739046 0.5362148892458841 0.4940227372933131 0.5374280838119038 0.48465900020047215 0.5460625110034204 0.4770021431957108 0.5510741804938294 0.47625446724914855 0.5524421280544205 0.47768069136589153 0.5588300215689381 0.4808326441309968 0.5618105974122122 0.4887449929160286 0.5663284941567627 0.5040984764790222 0.5699782868992603 0.5151753601246923 0.5677066507617925 0.5183357009534864 0.5641738207882049 0.5184718349073104 0.5624251980888231 0.5160675580887671 0.5580766746849578 0.516306322907694 0.5508918463180351 0.514113574284106 0.5456564603342445 0.5099123686079137 0.5405967915737356 0.5023246393795339 0.5364846724284446 0.49796425715739046 0.5362148892458841
5 0.5146811526915289 0.5356207066581505 0.5132423464792529 0.5390029218689253 0.5156235807056688 0.5463927081513571 0.5206290080092717 0.5507307494408673 0.5256763264652846 0.552242967881675 0.5318336375450771 0.5532238964208792 0.5432728378679648 0.5517889179423991 0.5541423873505241 0.5471474414764258 0.5548900632970863 0.5457794939158347 0.5542492122474714 0.5384545329004542 0.5528564912194496 0.5357542223540956 0.5422110520273784 0.5297387275148513 0.5286356487617512 0.5265846400991332 0.5200237816473169 0.5305944168216279 0.5146811526915289 0.5356207066581505
5 0.4620445285646896 0.5222074221428732 0.4543269318472355 0.5298294744521205 0.45956900237082604 0.5434816419467259 0.46495559491192917 0.548871780925088 0.47315906016489173 0.5501078723007389 0.4779990444577937 0.5492502504130411 0.4889293336530459 0.5419983911282295 0.4908477419360806 0.5374887708471964 0.49108231272316283 0.5335606453887045 0.48856494454292304 0.5279194818056545 0.4850506751006002 0.5241022483033928 0.4784556531024589 0.5214229019857443 0.4694102691015202 0.5204775580213639 0.4648383586844217 0.5210946374187287 0.4620445285646896 0.5222074221428732
5 0.4287635984115803 0.5383615592208407 0.4257645065616428 0.5503467552800669 0.43289567631139114 0.5525450166170496 0.4396561413202333 0.560420026111906 0.4451600192548776 0.5638461023610221 0.44812348641715494 0.5646722779056549 0.45126078465382174 0.564180710810634 0.45505151603563687 0.5612439960057012 0.4585783675734927 0.5552911207826707 0.4631167749018701 0.5509864584171467 0.4627775008167797 0.5471085378795923 0.4596066994913916 0.5439125220064541 0.45848205233917333 0.5409716689697628 0.4489131026821608 0.5307373012607559 0.4426992459215199 0.5291100526319592 0.4330192773357157 0.5308252964073549 0.4287635984115803 0.5383615592208407
5 0.26119255683950726 0.5297935957158737 0.2707363914714874 0.52982697463986 0.277796361011949 0.5279067729489553 0.28212324014537116 0.5244889731633566 0.28747006313300333 0.5162059804184032 0.2865988353281502 0.5095524419530839 0.2828353405703067 0.5061911909710193 0.27594920210423474 0.5067936500222704 0.26485766393012616 0.5055931432214432 0.26139155210496295 0.5089356356256355 0.2591212876413048 0.5193374440944064 0.26119255683950726 0.5297935957158737
5 0.2616156623954512 0.4982786643204178 0.2624910842321487 0.5016754998773063 0.26535611456116764 0.5046811781810491 0.282261495698134 0.5062413958919569 0.28587839600555953 0.5046224237266778 0.2893068107101572 0.5008490512627572 0.2909005994365399 0.4959336533824648 0.290777047578249 0.48791216735655435 0.2786174079327707 0.4844171276086282 0.27728123258559734 0.4823631371518619 0.2734528040832167 0.48486897189706657 0.26854788604577745 0.4915936795120334 0.2630356200474444 0.4946810090797788 0.2616156623954512 0.4982786643204178
5 0.24457626890359987 0.48196811473687395 0.24434169811651757 0.485896240195366 0.24580981338567046 0.4894583108611809 0.25079639212899046 0.493580912120827 0.25465832372009245 0.4947626603437816 0.2595737022541257 0.49476679857554035 0.26575405592604534 0.4927064642361779 0.27088515668687807 0.4885670369795806 0.2720747375836333 0.48564080428900286 0.2714150379737354 0.47810040324375824 0.2700788626265621 0.47604641278699206 0.2660849911134807 0.47335658435498856 0.2580134657824978 0.4736285731883866 0.25208233742609876 0.4752329250075519 0.24743083873602473 0.4782449471938911 0.24457626890359987 0.48196811473687395
5 0.2119341173672004 0.49220496116663465 0.21225454289200796 0.4958674416743249 0.21397188347668164 0.4989735298199429 0.21962654989358837 0.5041231263079722 0.22289578805223478 0.5051396394220001 0.2274676984693333 0.5045225600246352 0.23368574926181868 0.5028931057450011 0.23632879089928843 0.5000568007819436 0.23751837179604368 0.4971305680913659 0.23717909771095327 0.4932526475538115 0.233744416541606 0.48704047126257544 0.22776093653620294 0.4847418000837177 0.21880979533667827 0.48487365626865786 0.2165709615288361 0.48572079604200075 0.2119341173672004 0.49220496116663465
5 0.2835451718982024 0.5936159820575155 0.28157021793431924 0.5974792822489561 0.28167911526417166 0.6020286253365716 0.2882887917907514 0.608180114592515 0.29463878250521625 0.6080587405219298 0.3140594593895173 0.6020178701523002 0.31919056015034997 0.5978784428957029 0.32030474680597415 0.5940904500856686 0.3202146980364045 0.5897565470279172 0.3188408255686656 0.5872716765114228 0.31245313773363514 0.5869621705222798 0.3023773493818922 0.5841531736705285 0.29602735866742724 0.5842745477411139 0.2904208498676802 0.5862846771595386 0.2835451718982024 0.5936159820575155
5 0.2788183281330307 0.5660250378887929 0.27799106391349293 0.5697879282383582 0.2791722567465595 0.5733751013646421 0.2819618928344473 0.5755190195489284 0.28704690841102576 0.5774621180494643 0.3001280550774559 0.5782714675971456 0.30376380394516417 0.5768679354617307 0.30556492683465775 0.5743223779099437 0.306124117178392 0.5708000300507112 0.3046936990298047 0.5676688394446243 0.29590173437623113 0.563010810051616 0.29029941960832834 0.5617642365616102 0.28396827745414627 0.5621010506620596 0.28090637345861064 0.563454377876537 0.2788183281330307 0.5660250378887929
5 0.26961159682116825 0.6161097403099841 0.2679047167330887 0.6197324980110918 0.26797591694237555 0.6238509610389792 0.2703047995197875 0.6273377243233877 0.2798255915596405 0.6304123661259406 0.28893590930511626 0.625490624363052 0.2920397044530619 0.621311474299872 0.2928669686725996 0.6175485839503067 0.2911307795276432 0.6142270557748244 0.28837884056032104 0.6125140176502665 0.28159113892750737 0.6109369739424073 0.2778422986981023 0.6110478658986376 0.27256040945500715 0.6134637729163218 0.26961159682116825 0.6161097403099841
5 0.3208639371497083 0.5905681022264362 0.320912094766868 0.5977278281328902 0.32648717291079915 0.6052723674098935 0.3399913759671397 0.6043079917977242 0.3442009697070205 0.6028542547413716 0.3465382403481212 0.5998276122089188 0.34555392118157136 0.5918814335644147 0.3437988834763321 0.5883444653590685 0.3412961698245307 0.5861754447143133 0.3344896196314343 0.5843829609765901 0.32704848485347243 0.585251064978643 0.3223027433619844 0.5871858870156614 0.3208639371497083 0.5905681022264362
5 0.3232891349614395 0.6083743173237528 0.3215403637209501 0.614822897873563 0.32425041153586226 0.6193617588468234 0.3303323283745236 0.6194809272665711 0.34177152869741134 0.6180459487880909 0.34768380849352754 0.6162261569390616 0.34894878363141396 0.6141616843679403 0.3491037661455207 0.6126285016984226 0.3456837395046119 0.6098884683454816 0.34505754298343516 0.606035650268396 0.34001022452742247 0.6045234318275884 0.3270044721021235 0.6045758423993635 0.3245352615390432 0.6060944047227674 0.3232891349614395 0.6083743173237528
4 0.24025151136911668 0.4688869599504545 0.24311234766629122 0.4751493411626281 0.24529044176144083 0.47691258420812366 0.24934505298721504 0.4769920298212889 0.2608826901433611 0.47337754858369874 0.26730807509895715 0.47411793463256985 0.2697919401904758 0.47607151524746083 0.27312191806181507 0.47447764554265054 0.2706506350658295 0.4627539562024673 0.2654336795672715 0.45930277749288245 0.26096020598343134 0.45774035413113723 0.25376829652099014 0.45815247561299294 0.24904140358978494 0.4603027376798755 0.243834908587821 0.4635804048170164 0.24025151136911668 0.4688869599504545
4 0.6518363927715791 0.5038660730736175 0.6488121858966089 0.5056502803478231 0.6457272393089463 0.5100448704408673 0.6442276933839775 0.5160374684704803 0.6448643504017484 0.5266191323942916 0.6466947823481186 0.5310178607190944 0.6546071311331504 0.5355357574636449 0.6669636444451454 0.5346717916933508 0.67199630837272 0.5327118671958635 0.6773577858887906 0.527901017389205 0.6785096696649803 0.5245439046388991 0.6778646245835207 0.5204756465319493 0.6729848707371479 0.5076601366963317 0.6703460231315224 0.5072397387509583 0.6660275320617889 0.5041441327196955 0.6590094536737374 0.5032385115618976 0.6518363927715791 0.5038660730736175
4 0.6552292319545501 0.48316286597795066 0.6529485069942979 0.486835828599996 0.6502593801725738 0.49575465932018686 0.6506363513782298 0.5000634599174696 0.6526406143989897 0.5031444456026187 0.6589906051134546 0.5030230715320336 0.6648986908777264 0.5044599825914348 0.6734037330952137 0.5091431144449119 0.6768468023282497 0.5088418849192863 0.6800636888378921 0.5059553750352912 0.6829789983830097 0.4996218246734698 0.6828742950850016 0.4918157786774235 0.6812553913335864 0.48653018777269547 0.6794626565077816 0.48256233950762095 0.6741137610872439 0.4776030805889871 0.6705387519322284 0.47639622990556385 0.6667899117028233 0.47650712186179395 0.6552292319545501 0.48316286597795066
4 0.7192338070289567 0.520763915222466 0.715340444782039 0.5291368356949396 0.7138220502967872 0.5349139936946885 0.7138744019457913 0.5388170166927118 0.7152294258532476 0.5410864471793421 0.7183436814977872 0.5436361429628878 0.7245952353789937 0.5456942716514126 0.7322248557597835 0.5469805679480012 0.7365475408613613 0.5468194710708334 0.7396282934171797 0.5456815838862201 0.7449897709332505 0.5408707340795614 0.7472704958935027 0.5371977714575162 0.7482904397477128 0.5323325784981614 0.7481564273928278 0.5175822466255252 0.7453332882162188 0.5117507454730799 0.7431928912416349 0.5104183824873125 0.7358313447366487 0.5088915437003911 0.7281786817637317 0.5106465102823693 0.7249240981335237 0.5131021401066361 0.7192338070289567 0.520763915222466
4 0.8602384457706094 0.4702199323505747 0.8591200650831411 0.4772646280690395 0.861176679752905 0.48424863675221197 0.8655894136240521 0.48842144293279555 0.8740002130401254 0.4920273746369519 0.894308893856657 0.47961323109891857 0.8963487815650775 0.4698828451802089 0.8962629268273521 0.4622922392140267 0.8946440230759368 0.4570066483092986 0.89197167238159 0.4528986673957663 0.8853389532628831 0.44978844101838955 0.8769993540560967 0.4503009723421204 0.8700482818454878 0.45677051712064065 0.8602384457706094 0.4702199323505747