5 0.33294930875576034 0.45263840830449825 0.34475806451612906 0.45436851211072665 0.35599078341013823 0.4548010380622838 0.36175115207373276 0.45371972318339104 0.3663594470046083 0.45112456747404844 0.36722350230414746 0.4452854671280277 0.36319124423963134 0.4336072664359862 0.3600230414746544 0.43101211072664364 0.34475806451612906 0.4225778546712803 0.3421658986175115 0.41825259515570934 0.34043778801843316 0.4258217993079585 0.3303571428571429 0.4290657439446367 0.32776497695852536 0.43101211072664364 0.3263248847926267 0.4338235294117648 0.3263248847926267 0.4446366782006921 0.33294930875576034 0.45263840830449825
5 0.8338133640552996 0.6241349480968859 0.8413018433179724 0.6304065743944637 0.8557027649769585 0.6392733564013842 0.859447004608295 0.6405709342560554 0.8660714285714286 0.6410034602076126 0.8726958525345623 0.6381920415224914 0.8778801843317974 0.6338667820069205 0.879320276497696 0.6295415224913495 0.8781682027649771 0.6267301038062285 0.8747119815668203 0.6232698961937717 0.8557027649769585 0.6128892733564014 0.8461981566820278 0.6109429065743945 0.838421658986175 0.6105103806228375 0.8335253456221199 0.6128892733564014 0.8315092165898618 0.615916955017301 0.831221198156682 0.620242214532872 0.8338133640552996 0.6241349480968859
5 0.8715437788018434 0.6747404844290659 0.8905529953917052 0.684688581314879 0.8974654377880185 0.6862024221453288 0.9089861751152075 0.6823096885813149 0.911578341013825 0.679930795847751 0.9124423963133641 0.6782006920415226 0.911578341013825 0.6714965397923877 0.8977534562211982 0.6647923875432526 0.8741359447004609 0.6591695501730104 0.8698156682027649 0.659385813148789 0.8683755760368663 0.6619809688581315 0.8677995391705069 0.6686851211072665 0.8715437788018434 0.6747404844290659
5 0.5907258064516129 0.8522923875432526 0.5979262672811061 0.8592128027681663 0.6059907834101382 0.8620242214532873 0.6160714285714286 0.8628892733564015 0.6195276497695853 0.8624567474048443 0.622983870967742 0.8602941176470589 0.6273041474654378 0.8529411764705882 0.6284562211981567 0.8453719723183392 0.6264400921658987 0.8403979238754327 0.6226958525345623 0.8371539792387545 0.6129032258064516 0.8328287197231834 0.6013824884792627 0.8323961937716264 0.5953341013824885 0.8349913494809689 0.5918778801843319 0.8382352941176471 0.5904377880184332 0.8414792387543253 0.589573732718894 0.8462370242214533 0.5907258064516129 0.8522923875432526
5 0.24222350230414746 0.9997837370242216 0.2436635944700461 0.9876730103806229 0.24279953917050695 0.9839965397923877 0.2390552995391705 0.9775086505190312 0.2341589861751152 0.9757785467128028 0.2131336405529954 0.9783737024221454 0.19671658986175117 0.9829152249134949 0.19268433179723504 0.9863754325259517 0.19038018433179724 0.9919982698961938 0.19038018433179724 0.9997837370242216 0.24222350230414746 0.9997837370242216
4 0.30760368663594473 0.9664792387543253 0.32171658986175117 0.9695069204152249 0.32805299539170507 0.9736159169550174 0.3317972350230415 0.9729671280276817 0.3424539170506912 0.9608564013840832 0.347926267281106 0.9498269896193772 0.34965437788018433 0.9413927335640139 0.3464861751152074 0.9340397923875432 0.3424539170506912 0.9310121107266436 0.33813364055299544 0.9297145328719724 0.32690092165898615 0.9297145328719724 0.32171658986175117 0.9310121107266436 0.31048387096774194 0.9312283737024222 0.3050115207373272 0.955666089965398 0.3050115207373272 0.9615051903114187 0.30760368663594473 0.9664792387543253
4 0.6503456221198156 0.8003892733564015 0.6532258064516129 0.8038494809688581 0.663594470046083 0.8081747404844292 0.6702188940092166 0.8081747404844292 0.6777073732718895 0.8047145328719724 0.6872119815668203 0.7973615916955018 0.6955645161290323 0.7826557093425606 0.6949884792626728 0.7759515570934257 0.6851958525345623 0.766219723183391 0.6820276497695853 0.7649221453287198 0.6782834101382489 0.7651384083044983 0.6682027649769585 0.7685986159169551 0.6612903225806452 0.7742214532871973 0.6540898617511521 0.7774653979238755 0.6509216589861752 0.7802768166089966 0.6471774193548387 0.7871972318339101 0.6471774193548387 0.7936851211072665 0.6503456221198156 0.8003892733564015
4 0.898905529953917 0.7136678200692043 0.9040898617511521 0.7184256055363323 0.9110023041474655 0.7208044982698962 0.9202188940092165 0.7208044982698962 0.9323156682027649 0.7143166089965398 0.9360599078341014 0.7097750865051904 0.9383640552995391 0.7035034602076126 0.9372119815668203 0.6996107266435987 0.9326036866359446 0.6935553633217993 0.9236751152073733 0.6840397923875433 0.9190668202764977 0.6818771626297578 0.9078341013824884 0.6833910034602076 0.9012096774193548 0.6862024221453288 0.8966013824884793 0.6924740484429066 0.8945852534562212 0.6993944636678202 0.8948732718894009 0.7069636678200693 0.898905529953917 0.7136678200692043
4 0.6529377880184332 0.5263840830449827 0.6572580645161291 0.5302768166089966 0.6653225806451613 0.5341695501730104 0.6788594470046083 0.5330882352941176 0.685483870967742 0.530060553633218 0.6926843317972351 0.5233564013840831 0.6970046082949308 0.5155709342560554 0.6949884792626728 0.5025951557093425 0.6900921658986175 0.49416089965397925 0.6820276497695853 0.48810553633218 0.6754032258064516 0.4863754325259516 0.6710829493087558 0.4870242214532873 0.6592741935483871 0.49351211072664364 0.6532258064516129 0.5006487889273357 0.6491935483870968 0.5110294117647058 0.6494815668202765 0.5190311418685122 0.6529377880184332 0.5263840830449827
4 0.25489631336405527 0.49113321799307963 0.2563364055299539 0.4945934256055364 0.263536866359447 0.5021626297577855 0.2698732718894009 0.5056228373702423 0.2793778801843318 0.5090830449826991 0.2966589861751152 0.5121107266435987 0.31105990783410137 0.509515570934256 0.31509216589861755 0.5077854671280277 0.31739631336405527 0.5056228373702423 0.32056451612903225 0.4978373702422146 0.3197004608294931 0.4915657439446367 0.3038594470046083 0.48010380622837373 0.2932027649769585 0.476643598615917 0.27620967741935487 0.47383217993079585 0.26555299539170507 0.47296712802768165 0.2603686635944701 0.4751297577854672 0.2566244239631336 0.4803200692041523 0.25489631336405527 0.48421280276816614 0.25489631336405527 0.49113321799307963
3 0.2986751152073733 0.4777249134948097 0.32142857142857145 0.49178200692041524 0.3326612903225806 0.49502595155709345 0.3450460829493088 0.4967560553633218 0.35195852534562216 0.4991349480968858 0.3557027649769585 0.4989186851211073 0.369815668202765 0.49113321799307963 0.3770161290322581 0.48096885813148793 0.37730414746543783 0.47448096885813157 0.3712557603686636 0.46280276816608995 0.3629032258064516 0.4548010380622838 0.35339861751152074 0.4548010380622838 0.3392857142857143 0.4530709342560554 0.3228686635944701 0.45328719723183397 0.30126728110599077 0.4578287197231834 0.29781105990783413 0.45977508650519033 0.2960829493087558 0.46215397923875434 0.29579493087557607 0.4701557093425606 0.2986751152073733 0.4777249134948097
3 0.3197004608294931 0.5579584775086506 0.32229262672811065 0.559688581314879 0.33842165898617516 0.5633650519031141 0.3588709677419355 0.5653114186851211 0.3649193548387097 0.5646626297577855 0.38364055299539174 0.5579584775086506 0.3882488479262673 0.5536332179930796 0.3896889400921659 0.548659169550173 0.3882488479262673 0.536764705882353 0.38508064516129037 0.5302768166089966 0.3770161290322581 0.5261678200692042 0.36693548387096775 0.5231401384083045 0.35944700460829493 0.5231401384083045 0.35599078341013823 0.5240051903114187 0.34130184331797236 0.532006920415225 0.32430875576036866 0.5365484429065744 0.32027649769585254 0.5389273356401384 0.31739631336405527 0.5421712802768167 0.3159562211981567 0.5467128027681661 0.3162442396313364 0.553416955017301 0.3197004608294931 0.5579584775086506
5 0.5938940092165899 0.4876730103806229 0.6022465437788018 0.49480968858131497 0.6126152073732719 0.4993512110726644 0.6163594470046083 0.4997837370242215 0.6307603686635945 0.4961072664359862 0.6350806451612903 0.49351211072664364 0.6396889400921659 0.4876730103806229 0.6405529953917051 0.4835640138408305 0.6370967741935484 0.474264705882353 0.6270161290322581 0.46301903114186854 0.6189516129032258 0.45891003460207613 0.6126152073732719 0.4578287197231834 0.6033986175115207 0.458044982698962 0.5976382488479263 0.46020761245674746 0.5933179723502304 0.4666955017301039 0.5918778801843319 0.47253460207612463 0.5938940092165899 0.4876730103806229
5 0.6385368663594471 0.47188581314878897 0.643721198156682 0.4781574394463668 0.6506336405529953 0.48010380622837373 0.6650345622119815 0.4796712802768167 0.6730990783410139 0.474264705882353 0.6768433179723503 0.4660467128027682 0.6762672811059909 0.4567474048442907 0.6730990783410139 0.4452854671280277 0.6690668202764977 0.4413927335640139 0.6644585253456221 0.4390138408304499 0.658410138248848 0.4381487889273357 0.6509216589861752 0.4381487889273357 0.6494815668202765 0.43879757785467133 0.6422811059907835 0.4461505190311419 0.6385368663594471 0.45285467128027684 0.6376728110599078 0.4584775086505191 0.6373847926267281 0.4669117647058824 0.6385368663594471 0.47188581314878897