1 0.5774543939700153 0.6037910741959156 0.5730912951856343 0.6060698919481705 0.5677732433474794 0.6123879305054536 0.5671832293617427 0.6170360036461957 0.5689328997293622 0.6218325738169194 0.5726269170474236 0.6235578762523522 0.5812334630059299 0.6251157701617045 0.6009322467134155 0.6224791765808797 0.6036328276267926 0.6208402645013686 0.6061975868978485 0.6157318360548938 0.6059299861212224 0.6111890647661722 0.6023860187482939 0.6059591453464351 0.6001740710212261 0.6044876417930044 0.5951034074196152 0.6033671444129757 0.5896454914311227 0.6038194051580879 0.5811443687800601 0.6031201151861415 0.5774543939700153 0.6037910741959156
1 0.4351394897120057 0.5271379316978768 0.43909302279066037 0.5286134825316179 0.44257619349383387 0.5286215770922384 0.45005752391335124 0.5257420015648899 0.4560344714230305 0.5247902376163943 0.4627108987339068 0.5224452659097694 0.4727873867593573 0.5170681743655037 0.47556299264530094 0.5136769537938406 0.47547584014868527 0.5082404779503727 0.47394105890396976 0.5075573770996678 0.45036780959841255 0.5093623727998061 0.436627702589778 0.515625074338197 0.4329417702877496 0.5186922947931778 0.43242678127457934 0.5215880594417678 0.4351394897120057 0.5271379316978768
1 0.34466840548363475 0.5040381135914298 0.3450231587568767 0.5140173607236194 0.3441432306756694 0.5163042730364951 0.337140347647666 0.5254438277273773 0.33054298781737257 0.528432752387057 0.32548445173981105 0.5345010393426481 0.32442407537859314 0.5376816562102702 0.3266400656136775 0.5415494212089074 0.3392345854937323 0.5495900398267655 0.34189053976942024 0.552314348668965 0.34404977584276625 0.5533565502536926 0.3477661064796721 0.5529002422282702 0.3547770745237083 0.5485532104278013 0.35698093723474333 0.5452321910908184 0.3704230451318741 0.5318158058341477 0.37099074579876634 0.5293493431542606 0.3700946476854932 0.5220512096863097 0.36582080217649043 0.5156035855951442 0.36555320139986425 0.5110608143064226 0.3634426344722238 0.5080516532451913 0.3515779927282435 0.5012287392987617 0.3480421103713479 0.5007913427694379 0.34466840548363475 0.5040381135914298
1 0.4353019852802049 0.46937790541122537 0.42410028171576536 0.4703175275187898 0.4076819071125983 0.4760375306758366 0.40360467991567167 0.4782812478107516 0.40036275416226336 0.48260127355450094 0.4005512874583066 0.48650009189016813 0.407876424645912 0.49889178958880553 0.40577394273430445 0.5006751514179875 0.4009931932281643 0.5019158148658254 0.3994624544914654 0.503628975460327 0.39933876037319327 0.5073482434289829 0.40295775271868817 0.5108258543565676 0.4203897762666215 0.5204513729404977 0.42688575529748746 0.5190001057886189 0.4341379682912887 0.51898119429252 0.4392309452117441 0.5179200812116935 0.4406826164678601 0.5155629676641375 0.4486566225817031 0.5119692379490539 0.4506009695321448 0.5088979702137628 0.450416478744118 0.5073954133233023 0.443227163198834 0.4984732319916291 0.4395392891675514 0.4849812733145146 0.44098287540763464 0.47783163687654523 0.4394886782925919 0.47038905365892314 0.4353019852802049 0.46937790541122537
1 0.2656431657957731 0.3165533918999823 0.2620282159582947 0.3154720424176042 0.25843557943966083 0.31220908247437074 0.2547679179484605 0.31069843102328953 0.2518078212744901 0.31258709470449214 0.24658306521972984 0.31257495286356113 0.23730743779490376 0.31502117914189653 0.2238897439953799 0.3120930362508237 0.2136510785007472 0.31378596044377366 0.20954749547695956 0.315815026594337 0.20365770046389597 0.32220326638630026 0.19943042332183633 0.32795160050551947 0.19821595450746904 0.33224057291223913 0.20069146050314668 0.33585858630918464 0.20880533076732744 0.338130634406272 0.21660293110917633 0.33782687069114126 0.21932986784941444 0.3364026095959819 0.22338478172749654 0.3363405029219222 0.22528045953223277 0.33523619466313487 0.2273606281249958 0.33563444329480796 0.22567579693514736 0.3384559594284073 0.22594339771177357 0.34299873071712883 0.227301773184495 0.34697179756778673 0.22964550004586776 0.3495165560429748 0.2301583882802755 0.36078370908127333 0.2320094394473226 0.36404262174419627 0.23416867552066858 0.36508482332892384 0.24695382947552905 0.36286134259556074 0.25399115334642614 0.35872896177944325 0.25993366001321155 0.35277002395618295 0.2629302983088383 0.34172561646285676 0.2758431888899872 0.3381791292060444 0.2787505739102357 0.33586116355613876 0.2785356847873315 0.33174769423612016 0.27329880120852196 0.32454676805956917 0.2724107881112816 0.32204115748203155 0.2732380045387671 0.3193249432004528 0.2714660208523029 0.3167099834905843 0.2696453680201333 0.31606198325721957 0.2656431657957731 0.3165533918999823
1 0.335910822147792 0.30509307662038526 0.33612571127069624 0.309206545940404 0.34011368519224466 0.3156892706489097 0.33955406954138545 0.3229482562192101 0.34368805090005045 0.3235301024982048 0.3565968989731829 0.31758735379618586 0.363784272789213 0.3099503559957641 0.36696944438088297 0.302804766838105 0.3673303409409037 0.3010173577286126 0.36545293394699574 0.2975437940813382 0.3573086653479377 0.2926608335546928 0.3469828473566891 0.2889172819041748 0.34246161361114236 0.2899081937503209 0.34025775090010724 0.2932292130873036 0.335910822147792 0.30509307662038526
0 0.24291152027002144 0.2779459431482897 0.24432260739646483 0.2823483119676506 0.25540465935064877 0.28752421927394856 0.26078350785855847 0.2864280055757819 0.2655865706835432 0.283005731667089 0.26994562695990765 0.2783306524696273 0.2715250348423122 0.274650532398622 0.2712614765737025 0.2725040225551071 0.2685000989905705 0.2689211097755016 0.26634086291722464 0.267878908190774 0.2527427208376903 0.2658444698544474 0.24928994846939417 0.2684472877233849 0.24291152027002144 0.2779459431482897
0 0.33313747609011923 0.2635992826861763 0.33472901149657297 0.267107946950791 0.3373586099454 0.269617604808639 0.341545302957787 0.2706287530563367 0.35103177699750077 0.26989973465281336 0.35461632850010183 0.2683701717056334 0.35632751551681113 0.2657633065563856 0.3555064423761045 0.2567128645962825 0.35190976334945423 0.25105364320784246 0.3437735797664291 0.2509632055716105 0.3386542470191126 0.2518096676680853 0.33385118419412796 0.25523194157677825 0.33263671537976075 0.25952091398349786 0.33313747609011923 0.2635992826861763
0 0.4431550673877248 0.7176764796618729 0.44765398781442717 0.718867178276582 0.4543344576333199 0.7189184680151636 0.4622597946014572 0.7172916977765837 0.4662315984909401 0.7141893767042629 0.46755149061275114 0.7107590082349493 0.4657227527645487 0.7053184851111711 0.4563032186813685 0.699502672132129 0.4466099405347833 0.700910744106047 0.44279222909845 0.7029047096392702 0.44102833042801876 0.705082272819815 0.4399233274291118 0.7126261106091472 0.4431550673877248 0.7176764796618729
0 0.7482587674478738 0.35708792659101146 0.74767683847817 0.36652852262216695 0.751713481545424 0.37104428785416915 0.7626029576955482 0.3699251153795932 0.7659543492644169 0.3688599550184565 0.7718745426123579 0.36508262765605126 0.7750374008851831 0.36011864895924733 0.7748488675891398 0.3562198306235802 0.770812224521886 0.35170406539157806 0.7671182072038245 0.3499787629561454 0.763014624180037 0.3520078291067087 0.7529036953116925 0.3523777467762095 0.7496313712234068 0.35408686009040086 0.7482587674478738 0.35708792659101146
5 0.4874006423643866 0.643173604031853 0.49175355535397225 0.6502651810760731 0.49468115291430304 0.6599285226522007 0.5019901200698427 0.6627351745700116 0.5077075518189286 0.6620331622232077 0.5169527809088772 0.6569760235153143 0.5224289677081979 0.6519458908641405 0.5240834005631689 0.6465134623009827 0.5237630881328208 0.6415413890435582 0.5226419151018482 0.6395001810520637 0.5211334896839938 0.6390317311857102 0.5042934218510512 0.6413173185931331 0.4914515137344523 0.6407152359125867 0.4881001221655836 0.6417803962737235 0.4874006423643866 0.643173604031853
5 0.3689430763196431 0.5173990892652571 0.37109616910621024 0.5302079470916666 0.3699567252644095 0.532744611006234 0.366270792962381 0.5358118314612147 0.36383377031761366 0.5395972533842406 0.3669337311419218 0.5435743675152088 0.3713799399149021 0.5443357641612149 0.3777218264926186 0.5439928525484337 0.39081112284576147 0.5371563992916685 0.3954824065364413 0.5326608704612181 0.3975808459400324 0.5284812471868294 0.39832899488693496 0.5251210799521961 0.3975687184159831 0.5212924628512094 0.3918614724616925 0.5126240804015381 0.38450383616044725 0.5117843879602308 0.37067657665519704 0.5126106136551541 0.3691458379184981 0.5143237742496559 0.3689430763196431 0.5173990892652571
5 0.7242921224686558 0.3722323366579724 0.7283247230278935 0.37435184044476777 0.7351592852999357 0.37329477464425165 0.744686343469322 0.3658062738738114 0.7448627492413161 0.3625163078738586 0.7433766371423062 0.3598662475466499 0.7324486776412716 0.3535819847012542 0.7265244417853144 0.3549630506184527 0.7224208587615266 0.3569921167690161 0.7185058090337823 0.3629200012552466 0.7242921224686558 0.3722323366579724
5 0.30585388038492645 0.28481602698903885 0.3068777151244881 0.2907911539335406 0.315853242659048 0.2953541616238139 0.3229250073728389 0.2962289546824613 0.3304550069380618 0.29138241967860906 0.33169583157929006 0.28730809825624093 0.3340051175977689 0.28484568285666423 0.33514051893155333 0.27991275749689015 0.33484656232806614 0.27515533522381697 0.3327623512272867 0.27236082514693716 0.32654415876784226 0.2689844687910626 0.31905878584030856 0.26946778287320455 0.31550059016456855 0.27121199680473607 0.30808005641480607 0.279313397191201 0.30585388038492645 0.28481602698903885