3 0.3445842127351665 0.8221636772217366 0.3511661103635876 0.8246578197778323 0.36440916611679286 0.8251052740945471 0.3730785975889169 0.8235262322342269 0.3786218262315475 0.819513367194898 0.38219075031099375 0.8130867854355902 0.3817355790770592 0.8061573709939207 0.37842708234280586 0.7976640801395195 0.3761761261410962 0.7945966466911434 0.36791167282541876 0.7894775839919459 0.3576012030688952 0.7860531752924862 0.3434979979253087 0.7853744110936196 0.3328240674151955 0.7862695765369996 0.32353339509770934 0.7904333256223632 0.3234012942704375 0.7980013769481579 0.32473171213215596 0.8042971811204597 0.32697889402451497 0.8075808446067155 0.3321171445106989 0.8102660841269046 0.3445842127351665 0.8221636772217366
3 0.47293083625204735 0.284961954644167 0.4806117918158689 0.2905034241896098 0.48578401108620844 0.29124259336888036 0.491839025603033 0.2909156922030236 0.4946998997220529 0.2920471085399956 0.49907990717032247 0.28866282715527747 0.5020275904044067 0.2848209526210131 0.5055210282968405 0.28271897161930204 0.5136258335638619 0.28048118641582775 0.5171494659311007 0.2766493651110779 0.5186535020229478 0.2729985875409069 0.5190056398484857 0.26932770351170693 0.5171105957816645 0.262373155996251 0.5162579950099845 0.2617093860383396 0.5136586752920876 0.26209660658128375 0.506227951201337 0.2587224640293968 0.5039769949996274 0.25565503058102074 0.5023736998087343 0.24848927964244222 0.4954698588295801 0.24793618081250784 0.48515561476370606 0.2447280021509278 0.4730795545142124 0.24343573414172273 0.46555069838034574 0.24568357257471174 0.4605230299212598 0.2531661714496324 0.46006898574325505 0.2626752665015882 0.46308573360158045 0.27137976077911197 0.4695959193523397 0.27798227405492476 0.47293083625204735 0.284961954644167
3 0.5261381935005368 0.28978401905610146 0.5298667656286394 0.29071428519946557 0.5339210554168254 0.2894872775787884 0.5364826320412162 0.2912623574146427 0.5379526993489075 0.28955765018539037 0.5515894103305076 0.28395569005622684 0.5525099486704989 0.2807273193323011 0.5520019371056555 0.27682512542094934 0.5475981567453523 0.2650682775393213 0.5404252127463741 0.2634290019052304 0.5361471116505714 0.26097507226719285 0.5330662005332855 0.2559464886336264 0.5290722996947095 0.25371381564822604 0.5256996397014956 0.24889643543778212 0.5205802607620648 0.2451300457281936 0.5067574815663544 0.24488876821984412 0.5061739838144985 0.24531117506608924 0.509319058190745 0.2466638480556984 0.5159613447687761 0.24569831000571676 0.5190573531234646 0.2498619734877638 0.5224979506849896 0.2507872130163705 0.5272840633456357 0.2571433365657597 0.5208089734349619 0.26503326244265374 0.5218853855142587 0.2693779696592798 0.5212377245034423 0.27347628714948224 0.5200292115968737 0.27669963125865066 0.5162289275911094 0.27987773583500364 0.5161685386414994 0.2833374164410811 0.5192720956148892 0.28706861984736853 0.5224322672285383 0.28755637268545836 0.5261381935005368 0.28978401905610146
4 0.22833029271113398 0.05596097675147638 0.2323355164777618 0.05754495962323718 0.24209268295723443 0.05966193486590345 0.24554460344681145 0.05993848428087052 0.2493297902151732 0.05762529985603697 0.2555848431275809 0.04583820668254868 0.2596542301531693 0.04374627891035212 0.2631136992614476 0.04359036824955966 0.2654892076717278 0.03952221044790098 0.2646969958496578 0.035398759883911966 0.26016866328078403 0.030777503252318893 0.24789521188912816 0.024290687719240367 0.22899457115684368 0.017904490084624046 0.21143189690497893 0.017381636546550006 0.20878351116552385 0.020579847581932053 0.20786674713488323 0.02359198826797817 0.20887522164586875 0.0318288361664413 0.21388514561413147 0.04186589697454508 0.22435148910996044 0.05286338361455654 0.22833029271113398 0.05596097675147638
4 0.2740393814421227 0.01176928077460504 0.2781125427770618 0.009461122964528812 0.27929463551817596 0.007751389120519292 0.28277297617320735 0.006514328270327496 0.2914235360985783 0.006016436599406561 0.2955193432896211 0.0024108985620511446 0.2970997469201153 0 0.25746795518677146 0 0.2578097723053971 0.0008874918773276619 0.2648694870238565 0.009013668647814032 0.2705836866431951 0.011708961397517648 0.2740393814421227 0.01176928077460504
4 0.9989679249940636 0.21692632320883135 1 0.21713877151632635 1 0.16621516891621724 0.9935156729174089 0.16621790882028803 0.9836037597545607 0.17296636513069535 0.9773109637486469 0.18691575868298224 0.9757465387071896 0.19402621685923066 0.9762771961281368 0.19663103054330328 0.9812682485496463 0.20774924154080643 0.9858041297372214 0.21193803809663986 0.9989679249940636 0.21692632320883135
4 0.9743887572906367 0.7834088951392769 0.9861692943548517 0.7851285966094844 0.994876468920482 0.7813872543703657 0.9952123824526875 0.7621427809990597 0.9929199088481211 0.761453877967362 0.9835941406905493 0.7511251879000189 0.9798919887279014 0.7486813114914963 0.9727341419663256 0.7461771157058857 0.9620941802403677 0.745126210808347 0.9557247709915119 0.7469616956246053 0.9550657870526434 0.7517087032284473 0.9613532885517158 0.7710687887391708 0.9706677337812353 0.7820461689201533 0.9743887572906367 0.7834088951392769
5 0.9374234591628545 0.8052584390046057 0.9400190045714009 0.8050874484995415 0.9474497286621515 0.8084615910514283 0.9506363204412548 0.8074357336243592 0.9578205873682848 0.8084263191448107 0.965940489872709 0.805323613789817 0.9709002207634834 0.8017331555967335 0.9701570749629713 0.7947987145403066 0.9676219185040352 0.7915100244392935 0.9636393405935111 0.7886286613402536 0.9597020543951944 0.7831525377866556 0.9402858534793653 0.7732966063164474 0.9377091796175719 0.7723864466321124 0.931085764586294 0.772270834492695 0.9273119007459842 0.7739353288038889 0.924674837934581 0.7764848497256317 0.9240309512331153 0.7803669371779541 0.9248495832206396 0.7829767774767842 0.9296394701906362 0.7891166709882935 0.9326184749554554 0.7999834656446158 0.9374234591628545 0.8052584390046057
5 0.38388337057257516 0.022987339240720227 0.3910865090463583 0.022896774571772395 0.39544009632917343 0.021026103452213007 0.3978005075020512 0.01782286580207355 0.4005168308098175 0.010732514084854382 0.4002892451928501 0.007267806864019555 0.39575713831462583 0.002862780270306331 0.3920436634239259 0.0010675939754228204 0.38543157132069983 0.000303291722365806 0.38196455359372034 0.0008916624589179634 0.37704634010580246 0.0021035902353231605 0.37354535359466734 0.004638031312793789 0.36971487511409806 0.009545976192185713 0.3699386864217148 0.013226913450900124 0.3733113464149287 0.01804429366134421 0.3792946490540915 0.021825763215204397 0.38388337057257516 0.022987339240720227
5 0.35324106292551183 0.029157649250723415 0.35814040486667653 0.029026871663717292 0.36798060615186295 0.026386786073027045 0.3694431248408532 0.02511453891953428 0.37096225817010275 0.020598841197844033 0.3704542466052594 0.016696647286492273 0.36821838764095227 0.01276429368659695 0.3662365344590667 0.01078303704237733 0.36222753638308824 0.009415284208496378 0.35675224530876887 0.009536008565987686 0.3472075672088611 0.011748660695675728 0.3454344280971898 0.014313261461690008 0.34535139329147607 0.019070322295046703 0.3464315796801235 0.023198799473792775 0.3495238137254613 0.027578692993719844 0.35324106292551183 0.029157649250723415
5 0.37047537226387234 0.048492516084343594 0.378807763147861 0.049719438101704136 0.3808311337326033 0.04932216432924541 0.3828846987921507 0.047195050253747886 0.3832557081644417 0.04244301603514859 0.381898870137269 0.03766082212800566 0.37937126229703383 0.03393967195123286 0.37084525458023343 0.02730197237211911 0.3688105610674392 0.0283479362582173 0.3636307931783984 0.028041227154706493 0.3520778417311507 0.029786232905333686 0.34711433653102536 0.03359292113629708 0.34503812561537434 0.03701741543907353 0.345292131397796 0.0389685123947495 0.3464100608799496 0.04093468919469725 0.3495551352561962 0.04228736218430642 0.37047537226387234 0.048492516084343594
5 0.4012558091594179 0.06741494369791683 0.405007027143624 0.06704782961400184 0.40734856676974873 0.06492574215326155 0.4094662950882567 0.059122717433806836 0.4035999960389633 0.04863811670567149 0.39527892808302656 0.04676250457467157 0.3912435098415937 0.04690836200594948 0.3854009837043339 0.051564890544160316 0.38621961569185836 0.05417473084299029 0.3927599959174226 0.05904740381576419 0.399539284688006 0.06673609389573354 0.4012558091594179 0.06741494369791683