5 0.03732220064511691 0.6629333917955895 0.04374758560071298 0.6621930057467184 0.049345706336771336 0.6576897293482815 0.05541504107989963 0.6478004522032416 0.055199318853100164 0.6436568867148854 0.050543626131181706 0.6373881616201157 0.04725134538040812 0.6353634118555771 0.04007828447824982 0.6347358503438573 0.036903289121017334 0.6346751633085645 0.03242981553717718 0.6362375866703098 0.021543539093274035 0.6483105048062187 0.020653462728138134 0.6551794833014021 0.023258807245042278 0.6584466683241879 0.027411855304074872 0.6605467254701328 0.03732220064511691 0.6629333917955895
5 0.10058960943558903 0.6469767553793628 0.10849149772402675 0.6491877044815381 0.12107419375941539 0.6474663898934624 0.12661576881462536 0.6436094335846182 0.13440663817427162 0.633870771202391 0.1400864196162109 0.6185201859293412 0.1402707111871945 0.613109082722269 0.1380276833475079 0.6090052400404956 0.13322120214332706 0.6044600351846388 0.13014044958750856 0.6033221480000256 0.1109396889618515 0.6046815460271828 0.10552585979677678 0.6037737192185474 0.10139585432987133 0.6047149249511692 0.09415578725027059 0.6114625293757673 0.0905095778859682 0.616787843087078 0.0874456014575271 0.6286767675361878 0.08762362656376099 0.6332512130842721 0.09191700260846197 0.6403565958380298 0.09754655400033618 0.6454079881350212 0.10058960943558903 0.6469767553793628
5 0.19663949774812886 0.6462622910007093 0.20171824685995757 0.65430474125533 0.2052220558056863 0.6572163535997938 0.21559315465720422 0.6609458650253729 0.21930429776604377 0.6614876370413315 0.22398929954483907 0.6608120762595115 0.2273716290651823 0.6585029229662986 0.23073091599339834 0.6531525067945193 0.23102829892607873 0.6464487634082623 0.22737996796283735 0.635275122547555 0.22456309525097812 0.6311210749448438 0.22300700364516093 0.6257747970048231 0.21937125477745253 0.6243712648694081 0.20923892074486133 0.6278265818107518 0.20470470744832836 0.6267786223536587 0.20141242669755477 0.62475387258912 0.19450743967120002 0.624366853567733 0.19470431333771673 0.6287258590859532 0.18764227136434983 0.6400479090586357 0.18709146908430435 0.6430389670162648 0.18869991233912553 0.6444822219582624 0.19470643493665576 0.6452248136579712 0.19663949774812886 0.6462622910007093
5 0.07059671683537543 0.5998494589218979 0.07463247950086685 0.5999854533385969 0.08577636932397954 0.5948819235397467 0.09160067278343138 0.5877933667829403 0.09352534753121589 0.5823174383088168 0.09422274426167941 0.574346157203844 0.09016393900406071 0.5711688999085784 0.08486320120068283 0.5689684329207582 0.07403554287053339 0.5671527793034874 0.06711170728389584 0.5669812003119646 0.05831974263032221 0.5716392297049728 0.05379811142932236 0.5803613789731721 0.05365151697890438 0.5853416021205159 0.057408745271998296 0.5919658998936076 0.06114293097296495 0.5955489347881328 0.07059671683537543 0.5998494589218979
5 0.3464818913314075 0.5197835328230944 0.35007574904670585 0.5183612421098068 0.3536654127301599 0.5136822484880886 0.3547712113220952 0.5109568354812615 0.35464973189670973 0.5057360698435847 0.35071447849738197 0.49453732652240845 0.34619072569744314 0.48676052121858965 0.333149348584484 0.4738967390429555 0.32947590259621 0.47292408696726884 0.3265501325544983 0.47331938245217325 0.3199928076769226 0.4755678487100935 0.317184323028752 0.4779272069242439 0.3145161663662498 0.485291890746207 0.31450151183781133 0.4887640336845019 0.31101028498761574 0.4956225300653302 0.31183754920715345 0.49938542041489564 0.33117656538557355 0.5162735996591382 0.3361903807528651 0.5184489641864896 0.3464818913314075 0.5197835328230944
5 0.29170881843166024 0.3890798520545439 0.29595610929210686 0.39010270905116806 0.3026495681235065 0.38960286549262974 0.3133934441488361 0.3857668734124956 0.31723233314781074 0.38154386231097426 0.32390901585183296 0.36801720711871283 0.32225029338091304 0.3572347235111512 0.3178019348221054 0.3485961580878759 0.31209279515725563 0.34114982300191016 0.30600668428674993 0.33801228851322707 0.28962906283770185 0.3335401853879391 0.2834340546373436 0.3349519939868716 0.2807009642303043 0.33644959208156544 0.27714899766741585 0.34069770564355545 0.2749374004835451 0.34614853165721016 0.2737541352175732 0.36297795644708125 0.2782632334890736 0.37422690468919495 0.28443312666439924 0.38301608487528305 0.29170881843166024 0.3890798520545439
5 0.24158936582092613 0.27788714804435033 0.2520170103532925 0.280970339380337 0.2592089198157335 0.28138246086219276 0.27293511156362316 0.27650485320756174 0.276407489853536 0.2698617968565974 0.2750398838505469 0.2623611186179354 0.2733141552021845 0.2589538009466918 0.2620403978899976 0.2523231592910038 0.2563207977285538 0.2516056700517637 0.24686701186614327 0.24730514591799851 0.2333628088098028 0.24634077030582935 0.22343780894032234 0.2474262469186675 0.21982510266474117 0.249063977661819 0.21852662443813348 0.2506870880588569 0.218553861062105 0.2569850538458544 0.22125764241226747 0.2624317416277503 0.23274712195125385 0.27320594877179444 0.24158936582092613 0.27788714804435033
5 0.3791865108511694 0.3112000667588699 0.3886591452738627 0.31528515086277087 0.4016313946104405 0.3190251444027051 0.4128213696178074 0.320004140360988 0.4182498533113206 0.3174398242313285 0.4254145261497901 0.31155397992618694 0.42806802828385404 0.3076614390425188 0.4298565690778144 0.30043688786901346 0.42927853017379736 0.2971299800396451 0.42569513295509315 0.29182342490620694 0.42022056407732566 0.28830521527873315 0.40931331747420063 0.2840946188724882 0.39808564534626806 0.28354650297393336 0.39205608015661075 0.27976264839565795 0.38905491587376784 0.28101970400001886 0.38457724825808326 0.27932542445333336 0.3810399362236333 0.2801013950770284 0.37503341362610315 0.27935880337731966 0.36770956424168244 0.2804547621045128 0.36191876387095173 0.28385573589316004 0.35498866181956445 0.2936697056567937 0.35489861304999487 0.2980036087145452 0.36315235751905606 0.30610674600445825 0.3686646235173891 0.3091940755722038 0.3791865108511694 0.3112000667588699
5 0.4984268864366371 0.33292087924823 0.5017003186271279 0.3351610690426327 0.5057549298529022 0.3350816234294677 0.5130180395246302 0.3313752818834361 0.5210015885189487 0.3227389221109983 0.5229744208838928 0.3101032677304209 0.5224152305401586 0.3065809198711884 0.512519539727555 0.3007221106074368 0.5019788038334918 0.2989315594506349 0.49304651119424997 0.2985842632358303 0.4918422757690563 0.2991301734835476 0.4911972306875968 0.3031984315904973 0.4883740915109877 0.30902993274294255 0.4883217398619838 0.31293295574096586 0.4888997787660008 0.3162398635703342 0.49403507355867776 0.3236359937353623 0.4984268864366371 0.33292087924823
5 0.5863822068260669 0.32889316315761197 0.5963867949685229 0.3302026293337481 0.6017775815414705 0.32806919326381684 0.607155786018885 0.3161656484685932 0.6072039436360447 0.3090059225621394 0.6019283208576992 0.2966044667892985 0.5936368792680724 0.2889322095591137 0.5868030924510046 0.28442672750983944 0.5800488939069122 0.2823161882495393 0.5782750076413901 0.28606859648474975 0.5754288258726539 0.2888588347586284 0.5721972848345731 0.2894444678129282 0.5681845647612087 0.2923497362747958 0.5668295408537527 0.29461916676142613 0.5666452492827692 0.30003026996849824 0.5681824923283034 0.30559198793838316 0.5823610986890139 0.32528502580261803 0.5863822068260669 0.32889316315761197
5 0.22409528861921396 0.16390447883019443 0.2366318994703483 0.15610063848498568 0.24287506528786612 0.14752910397959917 0.24420704660319506 0.1422184106144022 0.24186558193025007 0.13593506517351864 0.23843716722565259 0.13216169270959816 0.23313642942227458 0.12996122572177798 0.22684298438865813 0.12919353156160035 0.2165179707213945 0.13154654589315448 0.21218482512322265 0.13811429486271237 0.2101093618931759 0.14531374357574892 0.21015964110927454 0.15465297224131289 0.2132068905763717 0.15947844239408537 0.21726569583399039 0.1626556996893509 0.22409528861921396 0.16390447883019443
4 0.24548894536656 0.24653331352606225 0.2513823766023934 0.24856854540495577 0.2549238826686877 0.2510492776896915 0.25890309965333075 0.25183159219598295 0.2615607958192389 0.2511957542207455 0.26345196747830213 0.24940740871478115 0.26710863733919854 0.2373532491567448 0.2614706978836357 0.22578845104289175 0.25746843830686544 0.22196487365803366 0.24107196829753455 0.21770821056260986 0.23301929152683445 0.21722078169934766 0.22479697771358914 0.21867231310486274 0.21543116818784297 0.22328013757693338 0.21348345084793136 0.2257148031724902 0.2115022304192986 0.23183705173620606 0.21330754734063642 0.23763931219642384 0.21620400832547132 0.24418830258810917 0.2199947397072864 0.24712501739304188 0.24548894536656 0.24653331352606225
3 0.45084616549363393 0.4703001760819821 0.4556337981375319 0.475060820967703 0.4605345221431268 0.4785288256742392 0.4650121897588112 0.48022310522092476 0.48147985997742904 0.4803613052884613 0.48505486913244455 0.479154454605038 0.48759527990481166 0.4765545539005546 0.49298813891066456 0.4611788661670362 0.4935347471588657 0.4549311053009763 0.4926090461060695 0.4489887121923008 0.49442270192506255 0.43156317223377494 0.4933085152694384 0.42777517942374066 0.49018587156121 0.4238114693904249 0.4850170736798116 0.4201029221935557 0.47135369407752015 0.41434866100343803 0.45278332400488414 0.4151119438619406 0.44404790503215896 0.4191236531653564 0.43816705589185856 0.426858530011755 0.43643506077874655 0.4334367610956679 0.43627381179989005 0.4418891271813067 0.4392456670258561 0.4475763574535355 0.4439579054286229 0.45319876245871304 0.45084616549363393 0.4703001760819821
2 0.27515282771414273 0.17184485973193503 0.28070698486488566 0.17775801214838283 0.2856831031116117 0.1803642567354625 0.29082885840088285 0.181031541053765 0.296068856491568 0.18062162522274675 0.30421158203183774 0.1767751510282575 0.30927355501628906 0.1717907896491549 0.31077936740600753 0.1677978389236116 0.3110914048671264 0.15762195259905992 0.3091122568713989 0.15050194949918846 0.3048754265075464 0.1427502466558384 0.3028732359196918 0.1325889806774004 0.28896689746662924 0.11639318821192916 0.27324270916272936 0.11436623279655297 0.2671230952035024 0.11491628127602907 0.2649826982289185 0.11624864426179635 0.25639806773845575 0.1185368333262991 0.2478029767513988 0.1275538682375275 0.24677676643243895 0.1326742240333291 0.25068897723963957 0.14083170447593868 0.2536943355543268 0.14283135178000844 0.27515282771414273 0.17184485973193503