1 0.804464232452388 0.15400271199949706 0.7935122758675823 0.1632062533327241 0.7913492550654379 0.16848756306796112 0.79146784278462 0.17338140954999295 0.7958747639861097 0.17981290342890274 0.800777139772765 0.1825293701313809 0.8057321676535928 0.1832167015799926 0.8118526654008162 0.18157671915134763 0.8160174298398776 0.17486347619503192 0.8250795887415302 0.16750965607003265 0.8245181985313552 0.16430170151056575 0.8203351692373939 0.15870578360595453 0.8194922537014545 0.15333434445489388 0.8157586686639038 0.15052859312260028 0.810248892338319 0.15110936560940424 0.804464232452388 0.15400271199949706
1 0.733634527456145 0.2112669904406856 0.7291799354845463 0.21022167568680433 0.7223351099205655 0.21138406544642044 0.7163841915453427 0.21476974447950997 0.7141618768836071 0.21760413097373119 0.7133898782967405 0.22251271742973083 0.7146722754409635 0.22396023541078533 0.7195170178093819 0.2253487934959683 0.7216170497228248 0.22762213043334056 0.7222530519111834 0.23110854068624248 0.7214777324416077 0.23377909789480095 0.7298881409169308 0.23734672533155354 0.7402393387282249 0.23591648168249138 0.7560177728265486 0.2157923375735204 0.7599669475648547 0.21383859176150946 0.7673171903621282 0.21567526256778552 0.7702654932819758 0.21443748336631377 0.7775991316657036 0.20508400793538364 0.7772056603861749 0.20250273535664065 0.7601725746174826 0.20236500687488101 0.7361926799791729 0.20968596790791202 0.733634527456145 0.2112669904406856
1 0.426124561394665 0.7929429912991157 0.4218378883537122 0.7925243585259584 0.41068978533523326 0.7820779692752108 0.408962925258663 0.7811973285930007 0.405122375591412 0.7813308331447196 0.40211976013603695 0.7834787329763373 0.3966775798768162 0.7921015018227603 0.3935646789090316 0.7949506282909495 0.38883354293573175 0.7950988728166364 0.3808232475053557 0.7985885764535092 0.3794338857314322 0.8000803143564672 0.38300287272104583 0.8044974129554783 0.38329103981222884 0.8111369560419547 0.3879235133626012 0.8195230405188836 0.3843085160442327 0.8216111356686217 0.38253066431484417 0.8238786448639985 0.3849308605553533 0.8283850280928249 0.3903879847867652 0.8298333908598876 0.4019672672067548 0.8307607858220258 0.41042534645218715 0.82894223413375 0.41431854821361097 0.8267795943281644 0.42387616170042924 0.8157107470267337 0.43388820076772205 0.8107891101687825 0.4370570747123887 0.8081488776941679 0.43766613569267276 0.8059706531286063 0.4358273296623385 0.8046722244592468 0.4319308070182054 0.8045968350173911 0.431315104272503 0.8022990010880703 0.4323126552082523 0.7993450052300897 0.4382569318180568 0.7914832677021177 0.4372527391168893 0.7899612050652157 0.435413933086555 0.7886627763958562 0.4320195067930057 0.7893484182724517 0.426124561394665 0.7929429912991157
1 0.3457811107698311 0.8158143054563386 0.34311433317574824 0.8192155692494042 0.3405561806527203 0.8207965917821776 0.3377708153394551 0.8193040090932113 0.3344717305861242 0.8092172927197497 0.3288450269827118 0.8060232333482427 0.3244480684293496 0.8063058272116566 0.31555050757563385 0.8120483000699383 0.3116539849315008 0.8119729106280829 0.3028633887074854 0.8147761276023522 0.3000846651596385 0.8177596034082683 0.2995332375975909 0.8212657365911251 0.3017228254614085 0.8338886608354181 0.30434359272673656 0.8369925907911018 0.2974527568340013 0.8446601742994672 0.2957835301756676 0.845107442234552 0.2924977289531733 0.8439728428508555 0.29144254459918745 0.8455989300915405 0.2867690420441241 0.8470750832345229 0.28565456383054716 0.8462542472341921 0.2875576450445363 0.8533566430157293 0.2955779031230396 0.8565810271211806 0.30525908565310383 0.8537630701729434 0.3099918820677583 0.854733840270977 0.31249406161390414 0.852943923744629 0.31616669235050915 0.852183737212186 0.3193355662951758 0.8495435047375715 0.32540507238958083 0.8510516721865138 0.32691136144133204 0.8533347661418669 0.3308095445268196 0.8545291702074431 0.33414799784348687 0.8536346343372732 0.34719703960542747 0.8322268015329104 0.3572683725323114 0.8297520879159752 0.363986308170337 0.8181007785557242 0.36453773573238457 0.8145946453728673 0.3633079906823344 0.8111179921379461 0.3585751942676799 0.8101472220399122 0.35306707838344975 0.8118470091504368 0.3457811107698311 0.8158143054563386
1 0.387441342308272 0.83219018468508 0.38127151334958487 0.8380973316150329 0.3771627218874056 0.8450194685649232 0.37198878342311315 0.846853605013175 0.36976148743731374 0.8463309476362342 0.3680889398962709 0.8445401863238781 0.3645709445594757 0.8369749378472798 0.36144974138491825 0.8342289911968658 0.3488185954936519 0.837165712722854 0.34308990858460275 0.8402679531065214 0.3384790207718397 0.8464290587379606 0.3375950762312091 0.850919857206811 0.33526247605706383 0.8544554703376036 0.3275569521314164 0.875774863298159 0.32294108299458973 0.8785789250584364 0.319219121046521 0.8836062760921873 0.31894755836888355 0.8881568792429171 0.3227354559419617 0.8900525099450647 0.32607556969998364 0.8902769886986155 0.3431020137032576 0.8859386586854925 0.3587834458200083 0.8754678582028579 0.3637384737008363 0.8761551896514697 0.3710410457280006 0.8833780395827743 0.37838962808391957 0.8840956957653298 0.3885729069645676 0.8820387701355437 0.4006969751811866 0.8749839734199425 0.4027530313536308 0.8726419195687178 0.40336043189256027 0.8693446803794357 0.40146233200263487 0.8655993284690602 0.39856668117696015 0.8648079724166655 0.3904970918869931 0.8658507528125223 0.385818608007866 0.8639698620843426 0.3853148512159277 0.8620898161421711 0.3895405699559348 0.8589425110505917 0.39315722771565764 0.8579734305245743 0.3992744045801719 0.854095418848488 0.4010422936614331 0.8451138219107872 0.399195185424326 0.8382203201228245 0.39451172022113545 0.832982385523483 0.3911699460217591 0.8316388921462117 0.387441342308272 0.83219018468508
1 0.2256484794056358 0.7703132551027387 0.22459495549300454 0.7730583569671445 0.19312844751251185 0.7991772430638674 0.19090779329213053 0.8031306441818094 0.19186099434047965 0.8078008566962985 0.20339094554900564 0.8129954161597448 0.20789985005613199 0.8131306102834799 0.21518913855245972 0.8114013432250197 0.21902304645429255 0.806791780178418 0.2204650603223889 0.8032709070215933 0.22112013163142782 0.7945874887072825 0.2224551808698238 0.7940058714344704 0.2252388857417343 0.7943794394997161 0.22708599397884144 0.8012729412876787 0.2287042289843567 0.803973823230181 0.23082123945774674 0.805197707243693 0.24562702924063956 0.804812778348512 0.2491877140234803 0.8036348038289198 0.2512997431728067 0.8015016439712699 0.2577510974572585 0.7977579816329108 0.2598054931883482 0.7942969131579657 0.26206551597206573 0.7793622597963922 0.2599961762687851 0.7727521966578517 0.2420608811045621 0.7647961057840155 0.22803871299801765 0.7681055505892412 0.2256484794056358 0.7703132551027387
1 0.8051924165025286 0.4571811303719396 0.798881824880959 0.4620065350060957 0.7970734960010976 0.46249107526910443 0.7898895116931157 0.4601620718198315 0.7766969755916744 0.45989083878635295 0.7700084458688579 0.4538468081606486 0.7627158364898209 0.45333804597166766 0.7588786077052792 0.45570957977082793 0.7497538340613261 0.45837844740737016 0.7478673572608826 0.462466197863039 0.7495415652432798 0.465375973799116 0.7586746410940056 0.4683021792811769 0.758067240555076 0.4715994184704592 0.7552901774485836 0.4757019089000961 0.7546284643741265 0.4799092687195243 0.7564195996343516 0.48659387651391234 0.7598749802288467 0.4894741725020535 0.7654440504140225 0.4913403232562654 0.7679478904015229 0.4906694213536379 0.7745062093156754 0.4839865031312661 0.7774561726768774 0.48386773855351495 0.7867604883409584 0.4896586552637411 0.7894848993532778 0.4875853000879709 0.7891374384025037 0.47849883376047864 0.7897464993827881 0.47632060919491703 0.7923589644413432 0.4738294660319976 0.7987050145374494 0.4741440742013718 0.8082265803436405 0.4762945083910138 0.8145133365801552 0.4741621933193721 0.8207967719339611 0.46979184900028914 0.8239013706949729 0.4613476494134967 0.822334127342276 0.4554986175934073 0.8177082955573219 0.4515885916113608 0.8090263244043614 0.4525715673253382 0.8051924165025286 0.4571811303719396
0 0.7523707450932707 0.1587815516596399 0.747919474004381 0.15997426615319993 0.7415257531381656 0.16504583710885434 0.7406944606917081 0.16750750032383807 0.7413677968556471 0.17113324287045423 0.7454355593131352 0.17407334354047496 0.7530623461121098 0.17471645506718292 0.7604602596794928 0.17116694674843053 0.7639023567431512 0.16509512574680668 0.7630644225312752 0.1630807304669079 0.7612799290364685 0.16087218116740246 0.7568796496003971 0.1589167457833752 0.7523707450932707 0.1587815516596399
0 0.7585194703435216 0.17616481783424556 0.7561292367511397 0.17837252234774298 0.7546872228830435 0.1818933955045677 0.7556437448141016 0.1888016372664983 0.7607683520669303 0.19123466531955438 0.771165560206979 0.18329922792174305 0.7722750570964922 0.18076302005091177 0.7718815858169635 0.17818174747216875 0.769706941925337 0.17562995484136143 0.7679241088718849 0.1745404201655766 0.7633592313878764 0.17419633204826668 0.7585194703435216 0.17616481783424556
0 0.7850857450078867 0.18628608287169168 0.780746419872761 0.18789658535240097 0.7788566221896085 0.1897463065606287 0.7789159160491995 0.19219322980164458 0.7817622356634104 0.1972517503553474 0.7850480368859047 0.19838634973904407 0.7926698423608158 0.19567241739459015 0.7950024425349609 0.1921368042637975 0.7936047785542647 0.1880334690481525 0.7916540265701663 0.18631725239164373 0.7898168809811866 0.1861378383460049 0.7850857450078867 0.18628608287169168
0 0.6825291104138229 0.24421534971345094 0.6829802151115882 0.24812453090948913 0.6867138001491387 0.25093028224178276 0.690778241723918 0.25163235366436226 0.6941166950405852 0.25073781779419235 0.6997844276486886 0.24406963954578836 0.6989431725541037 0.23981721501844838 0.693597994276456 0.23878664023853496 0.6876997279954062 0.24014318401775786 0.6825291104138229 0.24421534971345094
0 0.7629140720725205 0.24931940114924372 0.7585187739605128 0.2507210096363784 0.7556281044589019 0.2532866974551454 0.7544099824983336 0.25764314658626863 0.7610375579202043 0.2601212393472365 0.7683268464165323 0.2583919722887761 0.7709952844519696 0.25610972311943125 0.7718808894339547 0.25273793927430155 0.7708766967327874 0.2512158766373996 0.7695383266116823 0.2495594646627704 0.7673110306258829 0.24903680728582978 0.7629140720725205 0.24931940114924372