0 0.4348107755511874 0.9840496129964468 0.43411545125362927 0.9787786424378323 0.42944510400327235 0.9759820602813573 0.42521666170310857 0.9747437632548689 0.41919129054529564 0.9742166115850243 0.4147743626423037 0.975132714857177 0.41150931851550165 0.9794059308796357 0.41065693927093133 0.985844029315091 0.41339841774165953 0.9908598370372583 0.42026570764744864 0.9916777361183737 0.4258680224153514 0.990431162628368 0.43251959009434104 0.9871054962211272 0.4348107755511874 0.9840496129964468
0 0.3955652139529579 0.9699787070674727 0.3948091499427071 0.96209735369002 0.39306457273406187 0.9589054760486405 0.391418432358675 0.9578931011663713 0.3859857546333175 0.9572007143876 0.38246729115915035 0.957761244981431 0.37768804657894106 0.9595140059125716 0.37484186481020493 0.9623042441864502 0.3740418372146387 0.9648393196238825 0.37571102018215263 0.9688929573847183 0.38059289562746457 0.9725764021211187 0.3868486435405155 0.9737749763410244 0.39308134886143925 0.971932287682364 0.3955652139529579 0.9699787070674727
0 0.10291385548685365 0.3725624330660765 0.10099544720381895 0.3680528127850435 0.09810318025082843 0.36476052530178876 0.09561512112746547 0.363457403008249 0.09123589034503929 0.3639426262206736 0.08370470679750783 0.36740842527637224 0.08263660532613804 0.3697029582234713 0.08230152527289206 0.3768375816694564 0.08374033148516803 0.3802197968802313 0.08934684028491517 0.38222992629865604 0.09716914030037722 0.38204593261185693 0.10169496553322148 0.3765804862520885 0.10291385548685365 0.3725624330660765
0 0.41868149442905417 0.4446917801504616 0.4208218914036381 0.4433594171646944 0.4229162031939677 0.4359445284217937 0.42122817166617094 0.4321063306908218 0.4171693664085523 0.42892907339555625 0.4097847773114388 0.4274146493039111 0.40330284667499444 0.42880135544237463 0.39844820785365387 0.43141587649297186 0.39655703619459076 0.4332042219989363 0.39642929030445545 0.4379690051164159 0.39738849444597285 0.4402238152569324 0.4020399931360469 0.4432358374432715 0.4128488029059135 0.44526693109040644 0.41868149442905417 0.4446917801504616
0 0.4241059807548576 0.5578355860547923 0.42517408222622743 0.5555410531076932 0.42507564539296905 0.5533615503485831 0.42172262492950263 0.5487264177652061 0.4181811188632083 0.5462456854804705 0.4145076728749344 0.5452730334047837 0.4035292260625226 0.545180900026426 0.39941806915589995 0.5459066657291836 0.3975834431776852 0.5470486911455554 0.394548775806121 0.5519933297180756 0.3939644704373543 0.5586719706438636 0.39517289989439236 0.5613827633045771 0.4009909368890945 0.5642797553029274 0.4086812969825771 0.5656038418251773 0.4155066957359564 0.56359591805759 0.4241059807548576 0.5578355860547923
1 0.51841953242434 0.47121903114480534 0.5255130050535227 0.469451649867551 0.5279968701450414 0.46749806925266013 0.5292534572192392 0.46304913600691966 0.5272219575745077 0.4598321559050714 0.5250647844725463 0.4481377072571157 0.5180215418934286 0.4295031109643288 0.509938495266382 0.42771049069164757 0.5048566129221785 0.42466081481460527 0.4983369851651685 0.42647840101279727 0.4855993066156731 0.4266665329313549 0.4809750445495705 0.42995247653201324 0.4770879979334361 0.4413352135399885 0.47683670018501 0.45412148268337865 0.4802462663293248 0.4581102951771633 0.4813793015452316 0.4616828479573333 0.4895304151491901 0.46434977957970547 0.5039791678186095 0.47104110827068624 0.51841953242434 0.47121903114480534
1 0.5285140710042984 0.40871218179197955 0.5267024876182107 0.41289547008691824 0.5242374710869749 0.4146336106719451 0.5167209420678819 0.4146272667893488 0.5131459329128663 0.4158341174727722 0.5115228351296067 0.41786300546906946 0.5091332128395021 0.4187393859346398 0.5085258648786082 0.4223767639818612 0.5127543071787719 0.42361506100834967 0.5184969499323429 0.4273738131261564 0.5253076941572836 0.428838032296864 0.5285245806669261 0.43172454218085915 0.541708358198459 0.4363513983007186 0.5494699185012284 0.43355702179508115 0.556280662726169 0.43502124096578887 0.5638872405148319 0.43069368179063366 0.5710519133533014 0.424807837485492 0.5766018764722001 0.4274642869935092 0.5781956651985827 0.43237968487380163 0.5803968018858595 0.43365770470687276 0.5818691111868567 0.4333523369494884 0.5828806669773782 0.4317041240919817 0.5818334864991964 0.42054096534562946 0.5835131299633046 0.41786575725973973 0.5895154585289903 0.4153516460510178 0.5903908803656879 0.4119548104941294 0.5869059199802418 0.4088277581198013 0.5857917333246178 0.40503976530976704 0.5861728985621181 0.40398766762091515 0.593341765432432 0.4013585262242042 0.5944664125846503 0.3984176731875128 0.5814627325922566 0.38512301095215046 0.5730246965522119 0.38243097686930944 0.5713743621449806 0.3781618990786093 0.5725471669143586 0.3680613201354639 0.5693533229968433 0.3682160731300354 0.5667563665436278 0.3714622939241112 0.5674663453696245 0.37326112154443064 0.5707397775601152 0.37550131133883335 0.5712801193435666 0.37923909922793 0.5692758563228066 0.38232008491307923 0.5715377327227762 0.3862084875649886 0.5698957863792337 0.38845281559115 0.5700738114854677 0.3930272611392344 0.5668841615997967 0.3964387170422367 0.5608964875625493 0.3954806853126637 0.5551161476884128 0.3921528132545853 0.5484855010026111 0.3820207879683749 0.5452497659326859 0.37934971811424384 0.5365436560168375 0.3764171415410698 0.5305140908271803 0.3726332869627943 0.5232844842441736 0.3726520455406669 0.5194225526530717 0.37383379376362147 0.5162140542071181 0.3774606896964879 0.5172716951818936 0.3818950025961145 0.5230604231197191 0.3917362804710545 0.5202561325033929 0.39735234159363564 0.5206833829251474 0.4023827696619171 0.5240929490694622 0.4063715821557016 0.5285140710042984 0.40871218179197955
0 0.3826110265201245 0.49016397372799086 0.38754525361444053 0.48994439546636814 0.3945214408500822 0.4862129514598677 0.3974618654202323 0.4823455130366684 0.39690267507649807 0.47882316517743595 0.39265119018420713 0.4745436052723807 0.37930823610672315 0.4651268635745727 0.37569133579929764 0.46350789140929366 0.3722671151265445 0.46299122185380404 0.36871095453181174 0.46398263250736316 0.3613012504096657 0.4726691972007385 0.3607315995693375 0.4758756951882318 0.3633076350293647 0.48608716608760744 0.3658752824257033 0.4897852311701215 0.369473334172846 0.49161964336526465 0.3772013913868942 0.4925128498277864 0.3826110265201245 0.49016397372799086
1 0.5960456942806955 0.49602883271291576 0.6034491319380917 0.4973278167746969 0.6136987513642241 0.49583656256259934 0.6161449193351772 0.49431386200743666 0.6180507455226787 0.48905337356317735 0.621338832241608 0.4878214204192851 0.631668039940716 0.4887251089961618 0.6385772209989151 0.4923688309259795 0.6421333815936479 0.49137742027242026 0.6457041967168191 0.4869138666805662 0.6457795909579502 0.48605210656110964 0.6371635298116716 0.4787856269301843 0.6338628609972093 0.4702474713487841 0.6300302384629843 0.46448493369514887 0.6249556833829999 0.4596991863489591 0.6205345614481638 0.45735858671268115 0.6094011321216452 0.45573327066480573 0.6052899752150226 0.45645903636756324 0.6013714979430722 0.45828710468011025 0.596634144515273 0.46286568845995324 0.5908244955842594 0.4664821022784647 0.5891448521201513 0.46915731036435443 0.5882736243152984 0.4758108488296737 0.5889647545810122 0.4778251164798573 0.5846274149509959 0.48113616254098435 0.5843069894261884 0.48479864304867465 0.5924664910938355 0.49397898048790856 0.5960456942806955 0.49602883271291576
5 0.5736696924676377 0.34862151252675444 0.5801893202246478 0.34680392632856255 0.5892535527858692 0.3456431423343179 0.5944516597241444 0.3424074036545973 0.5956140039969282 0.33903567055817757 0.5930421625687452 0.3320809025672327 0.5828050760721123 0.3136010592690174 0.5756236271062651 0.306460091940436 0.57145173048695 0.30457547482435515 0.5619078958549697 0.30460885374834135 0.5532101740028101 0.3081896829920289 0.5508624428651154 0.3118918863063018 0.549746183776586 0.32134614515985477 0.5529945009420443 0.3337873237392781 0.5547767752712549 0.33654832132092927 0.5638724384882924 0.3449422060221129 0.568255863302563 0.34771368571811906 0.5736696924676377 0.34862151252675444
5 0.33925396385303686 0.26863038985253807 0.343055155731446 0.2648382588107451 0.34370020081290553 0.2607700007037954 0.34227604912906795 0.2539156425547257 0.33719730001723924 0.24587319230010524 0.33288926944409986 0.24223995248464253 0.32954044301247787 0.24086152280969628 0.32236738211031957 0.24023396129797642 0.3176446832109587 0.24134040213952462 0.3136885088184428 0.24359935051179987 0.3058557483063865 0.25051219004532455 0.30603796744446476 0.25834333850183966 0.3102517552161902 0.2630537784666231 0.3121136178183765 0.26820971883724853 0.3159043492001915 0.27114643364218116 0.33019392532365976 0.2730478767552134 0.33925396385303686 0.26863038985253807
5 0.3062830970602085 0.3150250305848164 0.3104738422398067 0.3166942076710332 0.3187945928863104 0.3174221790246282 0.323536140345954 0.31610029815321594 0.3287342472842293 0.3128645594734952 0.330757358865272 0.3095681337584818 0.325255553363533 0.29975195834401064 0.3257644644911686 0.2939350775376791 0.3308976376849066 0.2848322531306892 0.33123691176999703 0.28095433259313485 0.32947348600106907 0.27797789498161957 0.3161012228667082 0.27550543916040143 0.3111292986518266 0.2761558974817525 0.3089512045566771 0.2779191405272482 0.3054788262667642 0.28456219687821244 0.30144725763311714 0.28768290536994423 0.29581563380833764 0.29587376473654 0.2946574835673982 0.30250220074139045 0.29626592682221936 0.303945455683388 0.299422073619169 0.3042215827485447 0.3021593580580527 0.3059806875622816 0.30392697785882505 0.3122138280822277 0.3062830970602085 0.3150250305848164
5 0.2885609122002984 0.306093512099433 0.29438940969159466 0.3022616582510575 0.29413599034422955 0.2985489728224297 0.30102420124320683 0.28590918021009354 0.2987539367795487 0.2755073717413226 0.29172747032780844 0.2698995870822588 0.2834444168018704 0.26874073566893547 0.27879711214364067 0.2689854163910272 0.27040516128785025 0.27237590806531947 0.26456200926811546 0.2796799048519899 0.2634562106761801 0.2824053178588172 0.2631064760944957 0.29301208424309727 0.2656783175226786 0.29996685223404207 0.27107749215931487 0.3043468219809723 0.2777185993417105 0.30775000142045716 0.2885609122002984 0.306093512099433
5 0.3051459169784909 0.3379369811318208 0.3109136747570944 0.33149474446460686 0.3112717974024676 0.3274013838971884 0.30980994859806443 0.320977905807847 0.3025489113592418 0.3114419956902913 0.3015289675050317 0.3065768027309364 0.2993089822574722 0.30551422292772956 0.29079974600814057 0.30694065187277575 0.2885232150797328 0.3065243921591613 0.2810674257733325 0.3091284310954034 0.27707355426025104 0.31181825952740694 0.2749561998777942 0.3161918853917409 0.2700450153756054 0.3194527265319304 0.2692826849006047 0.32155692190963414 0.2752682865049468 0.3357572053027943 0.2837670622576843 0.3410596222044737 0.2926805063366434 0.3416223584491423 0.29912473985252225 0.34066653237040684 0.3051459169784909 0.3379369811318208
5 0.2526892428926898 0.25345884082477965 0.2576150819233171 0.24672585674629516 0.25648204670741026 0.24315330396612503 0.249319446301846 0.2357968966076795 0.2395033437622179 0.23233303013290207 0.2354298839761609 0.23262791577593137 0.23236797998062525 0.23127458856145394 0.22436558242602378 0.24012638836375583 0.21968896871091723 0.24731535496243734 0.21878004378549853 0.2543997734874849 0.22228804676307162 0.26056808874037957 0.2330403108520899 0.2632455024771069 0.2400395406798587 0.26255532134917314 0.2445695599445472 0.2603465778978355 0.2526892428926898 0.25345884082477965
5 0.25872507454709687 0.24725714664789863 0.2656300615734516 0.2476441656692856 0.2722439321318757 0.244749379321773 0.26997786170006194 0.23760427376143278 0.2639817995991258 0.2301328362149983 0.257548026579841 0.22435981644700806 0.2505822998407935 0.22136241460678266 0.24380925273641826 0.21946731537634676 0.23709694534473585 0.22018259896474932 0.23178994107660822 0.22796768073208562 0.23122448426812428 0.23443088162800954 0.2401567769073662 0.23477817784281388 0.24779059132000034 0.23674858445465613 0.25429975858041637 0.2416598441031899 0.25550818803745445 0.24437063676390344 0.25872507454709687 0.24725714664789863
5 0.22120099839935178 0.20359564924613233 0.2250775845188921 0.1989417580848829 0.2292934447235228 0.19040994638607897 0.23004738713483475 0.1817923451915137 0.22834050704675518 0.17816958749040598 0.22332249764761927 0.1727375200546239 0.2210648152794942 0.17210582031114524 0.209032921524151 0.17083607694159167 0.202282917011903 0.17198224058972245 0.1974094296302797 0.17481220167018371 0.18620272766156898 0.19054760031378284 0.1851995599347363 0.19870921898815105 0.18631374659036043 0.20249721179818528 0.19880639385617946 0.20510980026786116 0.20630826834683397 0.20858828708875232 0.21382479736592708 0.20859463097134867 0.22120099839935178 0.20359564924613233