5 0.6395479565405692 0.679497374488031 0.6345202262377931 0.6804911182283944 0.6293568621158983 0.6827753315561731 0.6217288681604478 0.6919764908694596 0.6132037736544478 0.6986913647756319 0.6093973631766371 0.7045974670817972 0.6088926065365102 0.7121553124659343 0.6118777814629166 0.7168181512478761 0.6200037148746982 0.7194118549666081 0.6261849480928801 0.7239757045857547 0.6316951371257106 0.7239024861520944 0.6389617486232912 0.7264058714981875 0.6425572757357328 0.725261597136759 0.6462958693039841 0.7200007296243015 0.6462429176678063 0.7149937172907825 0.6521370947950261 0.7030008759331736 0.6539381130799211 0.6886207383312462 0.6515484250661684 0.6838030335331613 0.6466863668557219 0.6804651058579262 0.6395479565405692 0.679497374488031
5 0.6904984578388133 0.7320400521211029 0.6803826129603926 0.7318466508319237 0.6665959914232801 0.7362688822614942 0.6604980558409341 0.7419341355739553 0.6545434944408455 0.7517460881616582 0.6544230336215555 0.7556476030481181 0.6575816210034298 0.761415939277119 0.6652554416848149 0.7683112082872364 0.6688435361605655 0.7699930574894215 0.6765548277518519 0.7710210011077427 0.6865198658113247 0.7698938266852933 0.6900097973778581 0.7669988200830977 0.6937709965826291 0.7615228743060708 0.6982707491558635 0.751775469361872 0.6998156728023496 0.7425873162338197 0.697516407334676 0.7369092983774577 0.6940865523145641 0.7337219013232879 0.6904984578388133 0.7320400521211029
5 0.7141906563418725 0.7490996347779905 0.7026426082731171 0.7487557028677461 0.6990244755241558 0.7501150554937439 0.6972983990590637 0.752760542312079 0.6906731012000711 0.7661987192732467 0.6890903989172361 0.7729909053668239 0.6928066945754149 0.7762084085452068 0.6962439822322178 0.7765696820357633 0.6995230304333818 0.7784365033783045 0.7064202113835073 0.7789439720948481 0.7150961127084552 0.7735496739003043 0.72586008840926 0.7703319290805883 0.7288449556092189 0.7667314754362589 0.728656370153922 0.7630149326901552 0.7256560222276865 0.7557410486091694 0.7203793221967449 0.7508373608335235 0.7141906563418725 0.7490996347779905
5 0.6221747791599433 0.7235542188467722 0.6146142943876048 0.7238468509400795 0.603601656685082 0.7294304566700575 0.5960866909122307 0.7375562246604976 0.5923858759803284 0.74521305920743 0.5929664976196005 0.7507104403185136 0.5950019280857267 0.7561432737860934 0.6037611270465109 0.7609780785231571 0.6071532034302739 0.7617695085428521 0.6241284506224712 0.7600744115140998 0.6262465632715386 0.7592097630607447 0.6291636135619381 0.7562545442101232 0.6293066800177478 0.7521379510590941 0.6335574628628166 0.7364931145988859 0.6333688774075197 0.7327765718527823 0.6307605656652596 0.7272835261367765 0.6280543987402293 0.7254769170426615 0.6221747791599433 0.7235542188467722
5 0.5610529723335697 0.8008499299749534 0.5546760287498477 0.8036589535995878 0.5483368638024746 0.8088639442586973 0.5400455660248109 0.8188652043818345 0.5379274533757437 0.8197298528351895 0.5404530829350628 0.8315203804721302 0.5469433624278314 0.8358992579509203 0.5561246358458012 0.8394736992247817 0.5604664566898443 0.8394951345588385 0.5673936759131802 0.8369614014471993 0.5727378851272339 0.8329565620028665 0.5738232634066327 0.830896097729813 0.5783982655261174 0.8176773344282926 0.5795511529886282 0.8067083429352602 0.5765659780622218 0.8020455041533188 0.5718321210342034 0.8002432304542815 0.5610529723335697 0.8008499299749534
5 0.7105372067681422 0.8141693597796822 0.7062405971971386 0.8137177679164866 0.7017857481704963 0.8147717239052759 0.6986652471514185 0.8196626471370209 0.6912407039246465 0.8269281020691839 0.6885497099994453 0.8277325382741129 0.6735417686373675 0.8272424111378813 0.6724563903579686 0.8293028754109351 0.672192863082869 0.8373209834484238 0.6766028085629191 0.844960476415044 0.6784496535737486 0.8466767671365201 0.6821055649590588 0.8477133815449974 0.6925982730216258 0.8470765759001125 0.7028119730828165 0.8435835405674013 0.7195230775470193 0.8333799667235955 0.7211209528296834 0.8291988259290622 0.7213318361950524 0.8244369979843256 0.7204799469175425 0.821520556048073 0.7166128444404156 0.8169824771580615 0.7105372067681422 0.8141693597796822
5 0.4603958479966156 0.9016069968041627 0.45463699696206705 0.9040460761480847 0.44798878574010714 0.9094360389475502 0.4415969768830036 0.9178973096994116 0.440248071328505 0.9279758820099542 0.44236649170402 0.9353745259828703 0.4444093548068372 0.9379812358868362 0.44802005491910774 0.939448006824452 0.4559951815119413 0.9407211348315554 0.46182958981918754 0.9430739895565832 0.4659979982077629 0.941989927443581 0.47522386744587736 0.9286076273357615 0.4775150848239651 0.9205851839031945 0.47919595001601756 0.9183698536139978 0.4792711995622678 0.9148984952566768 0.4733686666190146 0.9049275828990855 0.47013482969089015 0.9026306050274059 0.4603958479966156 0.9016069968041627
5 0.44045152205718346 0.9260401776288308 0.4418834175210704 0.9179274158236248 0.44054163687681525 0.9169165721442823 0.43736818422155965 0.9168004830425083 0.4277499710730224 0.9201386523590767 0.42009937148105214 0.9295548899369322 0.41741611791898914 0.935796495004519 0.4156525705439956 0.9443093072146503 0.4158036850893911 0.9538931753525499 0.41867583183319823 0.959631405457338 0.42227909930877816 0.9639242999585672 0.43091009708713396 0.9672234507194333 0.4352519179311772 0.9672448860534899 0.44063390578157946 0.9656360136436323 0.4438826079830854 0.962280744388085 0.4461663927244824 0.9570844245191317 0.4460078455423962 0.9503266799448454 0.44555542508555224 0.9463649528099595 0.44305270888920034 0.9426226393347209 0.44045152205718346 0.9260401776288308
5 0.39423672414564265 0.9248795282524227 0.3877842232892229 0.9228966178081073 0.3806232073375505 0.9221439647027815 0.37610054140134885 0.9238431554852788 0.37112576273475056 0.9298439115591609 0.3699425292725817 0.935590812454105 0.37601134976105943 0.9577566382486401 0.3804212952411095 0.9653961312152605 0.38746928301018296 0.9672241756434324 0.4006907636342999 0.9681789008280937 0.403932033199115 0.9676497551361599 0.40954007741471565 0.9638901000806094 0.4121706870670481 0.9609047751057748 0.41338395880242773 0.9521166723826479 0.411680180247408 0.9462837885101427 0.40261905992228053 0.9305445399235506 0.39423672414564265 0.9248795282524227
5 0.49379698992073867 0.922731389512476 0.49575686311416733 0.9233722889111059 0.4969778752126851 0.9200213550506368 0.4962315814810836 0.9188556453551515 0.4928621107338403 0.9178491370708872 0.4883394447976386 0.9195483278533843 0.4728496601584012 0.934664260262992 0.4680482939472708 0.9417705137839336 0.46770177676278274 0.947822811316086 0.47061913477962963 0.9531308848917355 0.4750365128963704 0.9579442542947423 0.4816850318447778 0.9608175839215477 0.48829577215683645 0.9612949465138783 0.5000698765907898 0.95948809577843 0.502459256878095 0.9560425081502437 0.5026701402434643 0.951280680205507 0.49782263957995176 0.934027212976774 0.4927116116413398 0.9247918537855296 0.49379698992073867 0.922731389512476
5 0.5019393272381392 0.9609893082353367 0.4890646715249577 0.9622455779447945 0.474901186803699 0.967498016308429 0.4684415610370361 0.9766045218539983 0.4651553879256286 0.9858271165013415 0.46566819265534126 0.9919697324061332 0.4709600656861118 0.9994844654808233 0.47586504899029125 1 0.4940518674878868 1 0.4970184233870613 0.9967869539215517 0.506704453445158 0.9928035498112756 0.5103752301038498 0.988187917092526 0.5152670188610595 0.9802213505133072 0.5159074093203053 0.9713730355417545 0.5143092263111937 0.9672908839100163 0.5098466369214132 0.9629076710361482 0.5019393272381392 0.9609893082353367
5 0.6099514259375229 0.40174198312180576 0.6065819551902797 0.4007354748375415 0.5996621686036344 0.40044308438556725 0.5961344584007523 0.40094212395328793 0.5921168568311249 0.40334676177791884 0.5869612330723684 0.4110681439683554 0.5862681987033922 0.42317273903266023 0.5889142890820012 0.4310617517831409 0.5953670976648684 0.4413079546537273 0.5980054476803391 0.44375979854155023 0.6083173106507476 0.44484361901321945 0.6132772240439641 0.444495110066564 0.6177998899801659 0.44279591928406675 0.6213350328197386 0.4394707561527328 0.6232645600135092 0.43488956495327413 0.6240783629282227 0.42714674742878067 0.6231660893778441 0.4220494167226224 0.6219899808259185 0.416706901627682 0.6184393572600692 0.4091577270337007 0.6099514259375229 0.40174198312180576
3 0.578579820475073 0.4301930095760408 0.5734084082635922 0.41877676161489097 0.5700237645165198 0.41515920803158257 0.5574352417149578 0.40818229143898216 0.5504928494917929 0.4081049792515771 0.5385605056022007 0.4114173778390103 0.5350479683991476 0.4145274627057751 0.5305256101893934 0.42448994591454337 0.529289732817494 0.4334931269022393 0.5351622274875366 0.44650524108801326 0.5459042130047166 0.4600291593854086 0.5543769713274338 0.4648338579982595 0.5633470536535868 0.4649068347905865 0.5868197052487961 0.4565011992507399 0.5886965885328362 0.4551762881440332 0.5887944437156062 0.4514898515221429 0.5868646087953883 0.4478077502953304 0.5845123916915369 0.4371227201054492 0.578579820475073 0.4301930095760408
3 0.5874941816270208 0.3508893421984087 0.5690935484282849 0.3330812001899402 0.5643822970367863 0.3310638482263338 0.5592489711881019 0.33030685972592994 0.5510025769570305 0.33161467089365754 0.5469849753874032 0.3340193087182885 0.5424548768145108 0.3385446230643992 0.5418903513544101 0.3604481645311729 0.5438353592744573 0.3667413110570296 0.5526778558710772 0.38180521872570095 0.5557008094338325 0.38886402454211755 0.5602086100966526 0.3928170808868473 0.575314714367948 0.39788406382745933 0.5825887585022196 0.3975613256099389 0.5872018469845005 0.3950018217691647 0.5970309434984069 0.3869018245078597 0.604772273362904 0.38488856629799817 0.6055860762776175 0.3771457487735047 0.6029851971720481 0.36882657949388553 0.6004598753391764 0.3652993442832163 0.5874941816270208 0.3508893421984087
4 0.6765459508868259 0.3302403789517606 0.672008111950795 0.3293285244352135 0.6661888766433778 0.32958671500922987 0.6554475065790929 0.3325893815643767 0.6406513717617267 0.35212730376222173 0.6354356714565487 0.36593108960902365 0.6384960959292054 0.3671225700336441 0.641518741765513 0.36591808342378956 0.6487927858997846 0.36559534520626913 0.6632430189855578 0.36863630539311865 0.6714745479432477 0.3729807413526179 0.6750025658725772 0.38074499421116836 0.6828417509198442 0.37504529937941633 0.6858718293928427 0.3710146892059483 0.6890369262320652 0.34916702459252263 0.6862852403075479 0.3395272796012748 0.6801114397260568 0.3321373064185148 0.6765459508868259 0.3302403789517606
4 0.6596323188732872 0.36716953445550293 0.6470741420713833 0.36541470846099094 0.6414961361289933 0.36613316168835885 0.6345010999960978 0.3693121295937058 0.6263454360375531 0.3780229201294275 0.6167879148883323 0.3918052706421725 0.6179417255301856 0.40562615642795335 0.6227437071942108 0.4150464877595539 0.6330029262548889 0.419386588323975 0.638995574017774 0.42023389519701804 0.650151585902554 0.4187969887422822 0.6572974288543973 0.4169385965485638 0.6627924448873987 0.41425433281585955 0.669395444836319 0.4092945265455324 0.6725611571284366 0.4039734467846488 0.674076042501712 0.39782649548477933 0.6742564848271527 0.38508807444044224 0.6753342177836836 0.38034494380624295 0.6735174110460648 0.3755874512565841 0.669914143570485 0.37129455675535483 0.6596323188732872 0.36716953445550293
2 0.7429419487306101 0.39288715798317647 0.7363312084185516 0.392409795390846 0.7190394823150769 0.3971159881235679 0.7093005006208023 0.39609237990032475 0.7048908628671998 0.39671617935997566 0.6857299938428231 0.4081844520620618 0.6815993640905965 0.4116644812095391 0.6794738188048384 0.41535525322650757 0.6786826215266447 0.4228829924864318 0.6798890760782285 0.43344759817946077 0.6822412931820798 0.4441326283693418 0.6852264681084861 0.4487954671512835 0.6885055163096502 0.4506622884938247 0.7038376769461439 0.4535784887887441 0.708292525972786 0.45252453279995486 0.7244233165241643 0.44508687027133653 0.7312601132014209 0.4434134502179745 0.7371772036916083 0.4394688230220676 0.7461321130179324 0.43693075451535035 0.7501497145875597 0.4345261166907193 0.7569183866288094 0.4252346390047939 0.7657373544095671 0.41572374765922115 0.7667471754162684 0.4088713493172178 0.7647343505866618 0.4032234375850689 0.759917503649255 0.3994553533806954 0.7429419487306101 0.39288715798317647