5 0.7252304147465438 0.5471453287197232 0.7353110599078342 0.5400086505190311 0.7370391705069125 0.5356833910034602 0.7358870967741936 0.5313581314878892 0.7327188940092166 0.5272491349480969 0.7278225806451613 0.52530276816609 0.7232142857142858 0.52530276816609 0.7047811059907835 0.5281141868512111 0.7016129032258065 0.5311418685121108 0.6984447004608295 0.5369809688581315 0.6978686635944701 0.5404411764705883 0.6987327188940092 0.5436851211072665 0.7027649769585254 0.5510380622837371 0.7099654377880185 0.5512543252595157 0.7200460829493088 0.5493079584775087 0.7252304147465438 0.5471453287197232
5 0.6923963133640554 0.5365484429065744 0.6978686635944701 0.5333044982698962 0.7004608294930875 0.5302768166089966 0.7019009216589862 0.5263840830449827 0.7013248847926268 0.5190311418685122 0.6972926267281105 0.5116782006920416 0.6892281105990784 0.5056228373702423 0.685483870967742 0.5049740484429066 0.67713133640553 0.5073529411764707 0.6682027649769585 0.5155709342560554 0.6679147465437788 0.5190311418685122 0.6710829493087558 0.5248702422145329 0.6730990783410139 0.5328719723183392 0.6768433179723503 0.5369809688581315 0.6831797235023042 0.539143598615917 0.6923963133640554 0.5365484429065744
5 0.679147465437788 0.5666089965397925 0.6837557603686636 0.5622837370242215 0.6863479262672811 0.557742214532872 0.682315668202765 0.5501730103806228 0.6742511520737328 0.5460640138408305 0.6682027649769585 0.5447664359861591 0.6633064516129032 0.5449826989619377 0.6589861751152074 0.5464965397923875 0.655241935483871 0.5508217993079585 0.6540898617511521 0.5540657439446367 0.6555299539170507 0.5609861591695502 0.6610023041474655 0.5670415224913495 0.6647465437788018 0.5687716262975779 0.6719470046082949 0.569204152249135 0.679147465437788 0.5666089965397925
5 0.643721198156682 0.5568771626297578 0.6471774193548387 0.5538494809688582 0.6497695852534562 0.5493079584775087 0.6503456221198156 0.5434688581314879 0.6477534562211982 0.539143598615917 0.6370967741935484 0.5311418685121108 0.633352534562212 0.5304930795847751 0.6264400921658987 0.5313581314878892 0.6209677419354839 0.534818339100346 0.6183755760368663 0.5389273356401384 0.6195276497695853 0.5467128027681661 0.6224078341013825 0.5521193771626298 0.626152073732719 0.5549307958477508 0.6310483870967742 0.5566608996539792 0.6405529953917051 0.5575259515570934 0.643721198156682 0.5568771626297578
5 0.5305299539170507 0.5333044982698962 0.5360023041474655 0.5259515570934257 0.5357142857142858 0.5222750865051904 0.5299539170506913 0.5179498269896194 0.5253456221198156 0.516219723183391 0.5126728110599078 0.5140570934256056 0.5103686635944701 0.5144896193771626 0.5077764976958525 0.5166522491349481 0.503168202764977 0.5224913494809689 0.5023041474654378 0.5259515570934257 0.5046082949308757 0.5294117647058825 0.5120967741935484 0.5350346020761246 0.5210253456221199 0.5378460207612458 0.5259216589861752 0.536764705882353 0.5305299539170507 0.5333044982698962
5 0.45305299539170507 0.5456314878892734 0.4599654377880184 0.5495242214532873 0.4660138248847926 0.5434688581314879 0.46543778801843316 0.5365484429065744 0.46226958525345624 0.5276816608996541 0.45305299539170507 0.520544982698962 0.4484447004608295 0.5196799307958477 0.44614055299539174 0.5196799307958477 0.4423963133640553 0.5224913494809689 0.44009216589861755 0.5259515570934257 0.4389400921658987 0.5291955017301039 0.4395161290322581 0.5309256055363323 0.4441244239631336 0.5326557093425606 0.4472926267281106 0.5354671280276817 0.4513248847926268 0.5406574394463668 0.45305299539170507 0.5456314878892734
5 0.4519009216589862 0.557742214532872 0.45449308755760376 0.5542820069204153 0.4539170506912442 0.5458477508650519 0.4498847926267281 0.5363321799307958 0.44642857142857145 0.5328719723183392 0.44268433179723504 0.5304930795847751 0.435483870967742 0.5311418685121108 0.4317396313364055 0.5326557093425606 0.42857142857142855 0.5358996539792388 0.42655529953917054 0.5400086505190311 0.42569124423963134 0.5473615916955017 0.42885944700460826 0.5581747404844292 0.43289170506912444 0.5603373702422145 0.4421082949308756 0.5609861591695502 0.445852534562212 0.5607698961937717 0.4519009216589862 0.557742214532872
5 0.280241935483871 0.5259515570934257 0.2831221198156682 0.5229238754325259 0.2831221198156682 0.5153546712802768 0.28110599078341014 0.5090830449826991 0.2793778801843318 0.5071366782006921 0.27620967741935487 0.5058391003460209 0.271889400921659 0.5051903114186851 0.26180875576036866 0.5082179930795848 0.25864055299539174 0.5110294117647058 0.2560483870967742 0.515787197231834 0.25547235023041476 0.5227076124567475 0.25777649769585254 0.5257352941176471 0.2620967741935484 0.5276816608996541 0.26843317972350234 0.5285467128027682 0.27563364055299544 0.5281141868512111 0.280241935483871 0.5259515570934257
5 0.2767857142857143 0.5789359861591696 0.2828341013824885 0.5756920415224914 0.2868663594470046 0.5713667820069205 0.28773041474654376 0.5642301038062284 0.2865783410138249 0.5607698961937717 0.2825460829493088 0.5570934256055364 0.2790898617511521 0.5555795847750866 0.271889400921659 0.5547145328719724 0.2629608294930876 0.5557958477508651 0.25892857142857145 0.559688581314879 0.2566244239631336 0.5640138408304499 0.2563364055299539 0.5694204152249135 0.25806451612903225 0.5761245674740485 0.2606566820276498 0.5780709342560554 0.26612903225806456 0.5798010380622838 0.2698732718894009 0.580233564013841 0.2767857142857143 0.5789359861591696
5 0.41589861751152074 0.7186418685121108 0.42079493087557607 0.7136678200692043 0.42079493087557607 0.7097750865051904 0.41705069124423966 0.703287197231834 0.4112903225806452 0.698961937716263 0.4017857142857143 0.6972318339100346 0.3977534562211982 0.6976643598615918 0.39026497695852536 0.7004757785467128 0.38508064516129037 0.7041522491349481 0.38421658986175117 0.7058823529411765 0.3845046082949309 0.7136678200692043 0.3859447004608295 0.7169117647058825 0.39400921658986177 0.721885813148789 0.40783410138248855 0.7236159169550174 0.41589861751152074 0.7186418685121108
3 0.32258064516129037 0.5661764705882353 0.3306451612903226 0.564446366782007 0.33870967741935487 0.5570934256055364 0.34101382488479265 0.5538494809688582 0.34101382488479265 0.5512543252595157 0.342741935483871 0.548226643598616 0.345910138248848 0.5462802768166091 0.3464861751152074 0.5430363321799309 0.3415898617511521 0.5356833910034602 0.3355414746543779 0.5317906574394464 0.33150921658986177 0.5315743944636678 0.3234447004608295 0.5339532871972319 0.31768433179723504 0.5346020761245676 0.30961981566820274 0.5382785467128028 0.30529953917050695 0.5421712802768167 0.3015552995391705 0.548659169550173 0.2998271889400922 0.5532006920415226 0.2998271889400922 0.5570934256055364 0.30328341013824883 0.5629325259515572 0.3067396313364056 0.5655276816608997 0.31077188940092165 0.566825259515571 0.32258064516129037 0.5661764705882353
3 0.30414746543778803 0.5173010380622838 0.3038594470046083 0.5121107266435987 0.2998271889400922 0.5064878892733564 0.29694700460829493 0.5049740484429066 0.2911866359447005 0.5047577854671281 0.28629032258064513 0.5058391003460209 0.28225806451612906 0.5086505190311419 0.28139400921658986 0.5116782006920416 0.28225806451612906 0.5224913494809689 0.27246543778801846 0.532006920415225 0.2730414746543779 0.5376297577854672 0.27563364055299544 0.5395761245674742 0.2932027649769585 0.5404411764705883 0.29694700460829493 0.5376297577854672 0.3015552995391705 0.5287629757785467 0.30414746543778803 0.5173010380622838
3 0.24539170506912442 0.5467128027681661 0.24971198156682028 0.5387110726643599 0.25144009216589863 0.5328719723183392 0.24855990783410137 0.5276816608996541 0.24164746543778803 0.5242214532871973 0.23819124423963137 0.5207612456747406 0.23214285714285715 0.5188148788927336 0.2269585253456221 0.5188148788927336 0.21975806451612906 0.5224913494809689 0.21370967741935484 0.5330882352941176 0.21342165898617513 0.5378460207612458 0.217741935483871 0.5471453287197232 0.22379032258064516 0.5499567474048443 0.2330069124423963 0.55060553633218 0.24078341013824883 0.5490916955017301 0.24539170506912442 0.5467128027681661