3 0.9480980953232822 0.34949485557237503 0.9437670625636535 0.3487916347576926 0.9279946246870276 0.35339279590452316 0.9231033766381579 0.3563953895748476 0.919364430247987 0.36044798359610264 0.9180525939828726 0.36590138323044696 0.9205115751881461 0.3757638181644807 0.9200202587778795 0.3821270570739283 0.9210666337588471 0.3863238378969213 0.9245056694253835 0.39059271212078356 0.9289936584321576 0.3919254500589149 0.9443807065762483 0.3905407473494694 0.9537254941924049 0.387542179405056 0.9567830076653119 0.3843281364032174 0.9623238175512284 0.37202536239253237 0.9594641556631294 0.35936534195823067 0.9575270727687044 0.35516775599005546 0.9537383859887554 0.3518775938614369 0.9480980953232822 0.34949485557237503
4 0.7337252239286618 0.18139774652198346 0.7299696974085649 0.1830027551599472 0.7188932343552719 0.1933424689638697 0.715710635715437 0.20438862416320341 0.7134736420973778 0.20851250644014524 0.7152537687446576 0.21208057528487156 0.7207715526024728 0.21516250866270484 0.72553900466405 0.21642556863551382 0.7356685735159323 0.2165745863083451 0.7399307073965865 0.21462038269858677 0.7454344894837459 0.2081218135844051 0.7512011544957822 0.19910598112160974 0.752426222572361 0.19211403023389537 0.750874529410471 0.184699985828335 0.7485699260930726 0.18259998512647405 0.7408687565458816 0.18028531451237023 0.7337252239286618 0.18139774652198346
5 0.5060800398903379 0.6386778415540906 0.5014338054567837 0.640282045046872 0.4981670169876834 0.6426567318841119 0.49503802627653204 0.6503462675702334 0.49543741777972283 0.6567103116248634 0.4991367580118661 0.6655948396088356 0.5081458962852663 0.6731554862516808 0.5149206192998775 0.6777070980627438 0.5177496992873948 0.6783390306217394 0.5211032559450308 0.6775028950378695 0.5224661217795583 0.6758257929990367 0.5267308340194828 0.6667386722805545 0.5250043153008866 0.659813983922616 0.5256691680882245 0.6565278475199083 0.5247274306053538 0.6527507447792147 0.52264997159371 0.6503712270708816 0.5213764523069879 0.6464539632543606 0.5155804945740047 0.6398752492874878 0.5113719686220337 0.6384728333840339 0.5060800398903379 0.6386778415540906
0 0.6989675607879812 0.43010941053529006 0.6965391614832898 0.4322750634765625 0.6930618088383609 0.43737685270356563 0.6898970795080872 0.4473041347318286 0.690559353936155 0.4511509154378449 0.6936844771084012 0.45416075541480916 0.7018399352671014 0.4559163920159686 0.7148011624657709 0.44956442513907174 0.7177553276202161 0.44236424550057196 0.7154188532226005 0.4318026154777669 0.7114553408859452 0.42900180939677 0.7058494996599592 0.42794778331992867 0.6989675607879812 0.43010941053529006
0 0.39691813208870996 0.7532653215943876 0.39338717151509767 0.761723730334603 0.39464282149225854 0.7667598673221947 0.39720901855489893 0.7699090632298039 0.40131290700877315 0.7708918010509584 0.4042121750548998 0.7706146994800329 0.4111119832364391 0.7673341990936008 0.414169496709346 0.7641201560917622 0.4158475642177989 0.7601356297454653 0.41488924660500215 0.7539109416214804 0.41214822398565565 0.7512511017614931 0.40671720831637587 0.7497077196370299 0.39691813208870996 0.7532653215943876
0 0.38815124986602595 0.8002507484727193 0.384098390981565 0.8030443082470764 0.38187926667306715 0.8060493173529475 0.38098726957997475 0.8096149707621271 0.3816150945685552 0.812133039255923 0.38269720816864483 0.8140920737367743 0.38788321022260885 0.8170338460387807 0.39188246117838643 0.817596905777636 0.39734921546678836 0.8169025415599578 0.4043536611464244 0.8140417192558248 0.40802241947798557 0.810898159364491 0.4060687564536347 0.8042529880130246 0.40133704301118006 0.8007521816980742 0.39239551443711923 0.7994154180340317 0.38815124986602595 0.8002507484727193
0 0.4473169159885709 0.8149197223891689 0.4439984533602397 0.8153013409080782 0.43793896811256194 0.8130231195669999 0.4346747580027318 0.808264889295516 0.4337330205198612 0.8044877865548223 0.4300655513679349 0.8040648878917942 0.42105254555562954 0.8072036169120349 0.4199691427759049 0.8088110409855451 0.41361039139441047 0.8130710586124031 0.41184555569742176 0.8155170337053299 0.4089807370907824 0.8171228474884759 0.40602786111597233 0.8207565685726136 0.3932541720650299 0.8397661404482655 0.3922217988547186 0.8451498621172876 0.3883424763473288 0.8510205243983847 0.38722333494848177 0.8548656948140365 0.38563332480819945 0.8568223138593414 0.378995110371902 0.8611520094515217 0.38367579424494347 0.8608765181709608 0.39144844103037885 0.8587156961007816 0.3963442457421995 0.8589065565407701 0.39921979863617935 0.8601213325849641 0.40286810929890926 0.8652295629734249 0.40573163872591367 0.8671902077446407 0.41159907369714155 0.8692934290272307 0.41832276714233946 0.8700687432427824 0.42150020906363406 0.8732884222608959 0.42343858113769395 0.8739195496747094 0.4322436011334408 0.8663750059355083 0.43544149072356675 0.8613428946738274 0.44688547419983343 0.8489055956035909 0.4535938766947404 0.8436668658814892 0.4570712293396692 0.838565076654486 0.4610883496050079 0.8380092632222705 0.46171746377322337 0.8369608731617044 0.4608816529680845 0.830036989948948 0.45546850660836596 0.8273747346534142 0.4566425451155314 0.816606486170188 0.45528096846063865 0.814717129654659 0.45119494931632553 0.8126155186624336 0.4473169159885709 0.8149197223891689
0 0.5506161871268522 0.7815862800288264 0.5463004453175142 0.786897103151797 0.5449018408638643 0.7908119515327714 0.54444626307272 0.7949374441000774 0.5472396044411149 0.7978071230012146 0.5573168545439489 0.7977463016328962 0.5626968406438151 0.795513386161848 0.564899384822387 0.7900607916726858 0.5629980405470845 0.7836254593623689 0.5573934885007336 0.7790049747311656 0.5534286869844431 0.7797706272045307 0.5506161871268522 0.7815862800288264
0 0.8600088615661029 0.6295571427752356 0.8540686601769956 0.6354958727312907 0.8526177369742971 0.6392008820711153 0.8537343000138741 0.6424886287641873 0.8612070360756754 0.6486492749391249 0.8647698677295047 0.6486524955198538 0.8746735814552672 0.6455145716447955 0.880909826029104 0.6419537491067089 0.8825700242279957 0.6390880959314829 0.8813501128699572 0.6318142126017497 0.8797613919093099 0.6302043730926927 0.8733005813889887 0.6269117955285276 0.8680609714063413 0.6273266427397337 0.8600088615661029 0.6295571427752356
1 0.29242412608444546 0.1782016141565273 0.2869216331769212 0.181133724716347 0.28454555262127823 0.18350921669876907 0.28332048454469944 0.19050116758648356 0.28497810438432125 0.1947684315199813 0.295767369305001 0.2058971470075527 0.30470760869942676 0.21080036922595696 0.3080790346666239 0.2088453604710164 0.31117357593828804 0.19982711257267458 0.32436710416125236 0.1789297944718579 0.32906694652348994 0.1739689714658641 0.32960929250316984 0.17138203015192793 0.3229557871165814 0.16969768180645523 0.3159870800560677 0.17032075776844668 0.29242412608444546 0.1782016141565273
1 0.2585770461677365 0.22698256522959964 0.25529367756871013 0.2269096666835484 0.2502454732726951 0.2292827432304239 0.24463705368743902 0.23536163426230622 0.24217420494326042 0.23619857499135827 0.23588693080001058 0.23598309993393324 0.23269033038951975 0.23744875264125195 0.22965068622617407 0.23954392247201972 0.22652298469465776 0.24366699960377933 0.22650382620546144 0.24835233132921197 0.22899983520949227 0.2524105613667422 0.23292889810666034 0.2538826552355186 0.2431465243267132 0.25200376560735815 0.24501470834216352 0.25354392715109253 0.2432651635954659 0.26200394618167244 0.24376919259675348 0.26878766831860157 0.24282487675461276 0.2721434826866316 0.24554803006439813 0.2759221957176898 0.2501763951883912 0.275436865395979 0.2591894010006965 0.27229813637573835 0.26935599765133605 0.2666429491520663 0.27473727293083744 0.2608435751266561 0.27248498836248747 0.2589534134659448 0.2719094821229554 0.2566451840132986 0.2714769303599124 0.24538596919208647 0.26920935484127123 0.23748176359372217 0.2646358868255967 0.23104401584785877 0.26133593809664424 0.22852353191851638 0.2585770461677365 0.22698256522959964
1 0.33096019731032317 0.2994261482823441 0.32666361399018146 0.30005163967988213 0.3237809260739809 0.3027763266340988 0.3214392949578251 0.3064805308287413 0.32138439784950673 0.31340360889631547 0.3237221614267573 0.32039878036475866 0.3325411831931601 0.3224347391175725 0.3362265216546475 0.3217387646095299 0.338532414151681 0.3202723067570289 0.3445096433395457 0.3085293719044703 0.3417877792093954 0.30118420031905024 0.3390633367199749 0.300971945842354 0.3334409153640629 0.2974703343822213 0.33096019731032317 0.2994261482823441
2 0.26178857911785935 0.3291540496399258 0.2530894857998443 0.33355181290706437 0.25146373704043967 0.3377461782945109 0.25095455132061195 0.3452282903750293 0.2521221439296022 0.35229233466361276 0.2552115284827262 0.3575399209827185 0.25893131638370076 0.3581726586868963 0.26284379915094264 0.3571971671723815 0.28193663342535197 0.3468646996750987 0.28548417412889027 0.3408538763181745 0.28476958095177435 0.33679725657100856 0.2828146287477883 0.3337185437739041 0.27647632503512515 0.32972677112096743 0.26921157478988234 0.32797193966499016 0.26178857911785935 0.3291540496399258