2 0.7226155362769786 0.277737738577152 0.7398961489841358 0.27274116757207706 0.7500019437057304 0.2649891351316247 0.7535463520277238 0.2604643379710334 0.754058017840077 0.2568236465418364 0.7513018807315077 0.23918361977941177 0.7489757255249218 0.23710959345818208 0.7444122782035321 0.2364682427625136 0.7228362383254359 0.24719439200740828 0.7178657527155081 0.2515187670756032 0.7132564429731237 0.2532732423114238 0.7059153706107186 0.25377024008499344 0.7031821771155945 0.25666193952762706 0.7030445898526108 0.2638494173220943 0.7053234517630987 0.27246844647969765 0.7117472508997161 0.2764286889943038 0.7226155362769786 0.277737738577152
0 0.6133996775949273 0.5478219794591641 0.6185335558314908 0.5485434989917912 0.6220765332783809 0.5481678787360844 0.6343436597048225 0.5415931549209245 0.6356808739009743 0.53828687506653 0.6267517624991027 0.5293883792419966 0.6115292848480806 0.5300880476328127 0.6057031528653922 0.5342921694455698 0.6061675253816475 0.5371964808527465 0.6073069563368916 0.5415059954315482 0.6115235613476672 0.546684755252351 0.6133996775949273 0.5478219794591641
0 0.5717912053323104 0.576916420573661 0.5820145302595461 0.5766061086655196 0.585647801673322 0.5755880134517193 0.5879452897660494 0.5737270211874291 0.588653307944207 0.5666197122299204 0.5858928782103277 0.5614272161821494 0.58251615514028 0.5585503772289091 0.5736744759550874 0.5573077602560513 0.5665584230723453 0.5582731590868292 0.5613485844258252 0.5601616238050557 0.5589909003551738 0.5624509327080751 0.5583731761439021 0.5689157667074902 0.5615693112801782 0.5730775555769179 0.5678282869150564 0.5761410803955865 0.5717912053323104 0.576916420573661
0 0.36373581730792165 0.49897554824047263 0.3686446760648222 0.4992286667158914 0.37495094499579845 0.4957471886981864 0.3777443344688464 0.49242717261682367 0.37837639223704744 0.4879298479101687 0.37663643237766775 0.48375432281377295 0.37434037516004354 0.48146613817317874 0.35964389687830406 0.4804926244275579 0.35680607585936475 0.4820592895355252 0.35464331327941434 0.48503115781511735 0.3541158830350285 0.49085351685643885 0.35560072542578325 0.49477479921499085 0.3581519001120323 0.49731722659342886 0.36373581730792165 0.49897554824047263
0 0.3690259089897084 0.48202956855673873 0.3745954926286684 0.4817203809110224 0.37854550836409656 0.47637903489145234 0.3779177432212057 0.4684288288834537 0.3731751388411476 0.46492325119908784 0.36598455642355227 0.4643494573758348 0.3624114809877002 0.464939235950906 0.3568562309056695 0.4672159328893824 0.35491848780538204 0.470656202226183 0.35466193946165375 0.47455113639322366 0.357287643682756 0.47863275642569275 0.35916375993001615 0.47976998063250587 0.3690259089897084 0.48202956855673873
0 0.31761402796432414 0.46912600367155255 0.3246698848691424 0.46858892147950365 0.326907176983946 0.4671562458539425 0.3287703905493803 0.46217678386311095 0.326386901115077 0.45223272037084106 0.32248417867574686 0.45102906355403755 0.3104893650250662 0.45152718559003224 0.3065852117106327 0.4544727056781134 0.30365566584970416 0.4608310226490587 0.3058012331225185 0.46418999888647566 0.31139948387533717 0.4678158298262793 0.31761402796432414 0.46912600367155255
0 0.33971031890539366 0.4298641015681535 0.3512106620508572 0.42667582644434665 0.35678167656492066 0.42221746189374576 0.35789387128140954 0.4184427809821429 0.3567401067692362 0.41216575711058123 0.3529276782967919 0.410319625335684 0.33857661145056317 0.4089578793698136 0.331400362589897 0.41035159483932054 0.3295084819106042 0.41139603824463206 0.3282916596703002 0.41384568482156847 0.32723823005663194 0.42134122599932694 0.33068948266153275 0.4257572576065984 0.33631783140331334 0.42916893022703767 0.33971031890539366 0.4298641015681535
5 0.483580806777808 0.5754386733241856 0.4878891366305728 0.5758257812820105 0.4932351316649733 0.5708990156742012 0.4943630908134947 0.5649426671504739 0.49170871947853395 0.5569260285324846 0.4880625453829321 0.5518274375486405 0.48130909924283677 0.5460737596421594 0.4775712003052456 0.5457668205212933 0.4647322120885269 0.5564105524043794 0.46333480191445114 0.560145148897503 0.4640098603534401 0.5615503520691281 0.47077764005046474 0.5692715392683689 0.4758656558660336 0.5723888847324851 0.483580806777808 0.5754386733241856
5 0.4581708256889258 0.5596377876842407 0.46386080128373364 0.5584719667610661 0.47078336355087813 0.5526748316488307 0.47721145531280557 0.5441875434487832 0.4773791405647514 0.5367859073349515 0.47556465117051844 0.5310711895845247 0.4729532805063455 0.5289570788448157 0.46486262017009833 0.5265096807927294 0.44803347729737036 0.5282938770073364 0.4453447153481374 0.5329389274233655 0.44302717019806714 0.549429118014434 0.4456371099871367 0.5556924056590276 0.4501245968985699 0.5589437406055497 0.4581708256889258 0.5596377876842407
5 0.432768023781456 0.5665502958614782 0.43679256905173747 0.5627481424959391 0.44128434858848065 0.5535519467278074 0.44208266073352415 0.5458021628122052 0.4402681713392912 0.5400874450617785 0.43609456699930343 0.5408112131192556 0.4226249518894871 0.5518030928041122 0.4129405290133598 0.5565569087734612 0.4102675314961596 0.5590202915773659 0.4103119630420508 0.5607736425507613 0.41518929293488605 0.5653900962504291 0.421823777994237 0.5678512305294835 0.432768023781456 0.5665502958614782
5 0.27526186486954773 0.7828942897320952 0.2798095477589048 0.785717308039888 0.28510824949720737 0.7873355452684526 0.289731892796521 0.787548579325392 0.29274887087412854 0.7888461412061222 0.30318431259920126 0.7828875441575447 0.303204369656544 0.7682583458307664 0.3019459776205555 0.7606562876245382 0.29376788506762924 0.7505530107207763 0.28758343896760424 0.7490286785561386 0.28521142134002353 0.749350478166398 0.2749264695597606 0.7542382836181528 0.2689512785073659 0.7553640201228479 0.2639779311472314 0.7679867490008119 0.26658787093630093 0.7742500366454056 0.27079014239014726 0.7774612871734483 0.27526186486954773 0.7828942897320952
5 0.26811139656663796 0.7530620992552856 0.2729600593456145 0.7537435343694334 0.27716376167456425 0.7528056079925916 0.2815480519372856 0.7505827316995627 0.2836205205503502 0.7482533383780641 0.28737704567018063 0.7380802560770366 0.28713912350869175 0.7314951688221837 0.28557975158308374 0.7260346938096008 0.27947269676811864 0.7177512004892248 0.2687563322107693 0.7112221824046694 0.2647174533835586 0.7130568264774485 0.2601511443119622 0.7207138295915493 0.2641871613889661 0.7271775393285391 0.264000831653486 0.7305728421365025 0.2601167536976901 0.7333755186255674 0.2550731694280125 0.7320115241348468 0.25309099478183383 0.7336984424982518 0.25073187983607903 0.7401369283061557 0.2508508409168234 0.7434294719335822 0.252681094743089 0.7469625220718843 0.2622580283451944 0.7491820255776379 0.26811139656663796 0.7530620992552856