1 0.09965437788018433 0.2597318339100346 0.09994239631336406 0.26297577854671284 0.11059907834101383 0.26773356401384085 0.11635944700460829 0.27314013840830453 0.12269585253456221 0.27314013840830453 0.12730414746543778 0.2711937716262976 0.1313364055299539 0.2673010380622838 0.13392857142857145 0.25994809688581316 0.13277649769585254 0.25519031141868515 0.12932027649769587 0.25064878892733566 0.11635944700460829 0.24459342560553635 0.11002304147465439 0.24329584775086505 0.10455069124423963 0.24416089965397925 0.1016705069124424 0.24783737024221458 0.10224654377880185 0.2532439446366782 0.09965437788018433 0.2597318339100346
1 0.1650345622119816 0.29411764705882354 0.16820276497695855 0.29455017301038067 0.17482718894009217 0.2908737024221454 0.17914746543778803 0.29173875432525953 0.1995967741935484 0.3070934256055363 0.20996543778801846 0.30579584775086505 0.2171658986175115 0.3001730103806229 0.2157258064516129 0.2977941176470588 0.2154377880184332 0.2942618944636678 0.2168778801843318 0.291522491349481 0.22119815668202766 0.2889273356401384 0.2220622119815668 0.28719723183391005 0.22004608294930877 0.28265570934256057 0.2171658986175115 0.2804930795847751 0.2105414746543779 0.2787629757785467 0.2036290322580645 0.27941176470588236 0.1995967741935484 0.28157439446366783 0.19671658986175117 0.2807093425605537 0.1716589861751152 0.2798442906574395 0.15524193548387097 0.28438581314878897 0.15552995391705068 0.2869809688581315 0.1650345622119816 0.29411764705882354
1 0.6428571428571429 0.7716262975778547 0.6445852534562213 0.7742214532871973 0.6445852534562213 0.7766003460207613 0.6408410138248848 0.7776816608996541 0.6394009216589862 0.7794117647058825 0.6405529953917051 0.7813581314878894 0.6442972350230415 0.7830882352941178 0.655241935483871 0.7852508650519032 0.6673387096774194 0.7934688581314879 0.6716589861751152 0.7945501730103807 0.6802995391705069 0.7941176470588236 0.6912442396313364 0.7902249134948097 0.6961405529953917 0.7874134948096886 0.6972926267281105 0.7824394463667821 0.6949884792626728 0.7807093425605537 0.6909562211981567 0.779628027681661 0.6932603686635945 0.7703287197231835 0.691820276497696 0.763840830449827 0.6941244239631337 0.7586505190311419 0.6923963133640554 0.7575692041522493 0.6837557603686636 0.7562716262975779 0.679147465437788 0.7573529411764707 0.6754032258064516 0.7554065743944637 0.6679147465437788 0.7484861591695502 0.6644585253456221 0.747188581314879 0.6607142857142858 0.7480536332179931 0.6592741935483871 0.7493512110726643 0.6512096774193549 0.7623269896193772 0.6471774193548387 0.763840830449827 0.6405529953917051 0.7618944636678202 0.6370967741935484 0.7621107266435987 0.6356566820276498 0.763840830449827 0.6350806451612903 0.7655709342560554 0.6428571428571429 0.7716262975778547
1 0.7137096774193549 0.7720588235294119 0.7232142857142858 0.7815743944636678 0.7335829493087558 0.7813581314878894 0.7517281105990784 0.798659169550173 0.7551843317972351 0.798659169550173 0.7586405529953917 0.7964965397923877 0.7595046082949308 0.7939013840830451 0.7649769585253456 0.7908737024221454 0.768721198156682 0.7926038062283738 0.7724654377880185 0.7923875432525953 0.7753456221198156 0.7934688581314879 0.7796658986175116 0.7913062283737025 0.7897465437788018 0.791522491349481 0.7966589861751152 0.786332179930796 0.7966589861751152 0.7789792387543253 0.7957949308755761 0.780060553633218 0.7908986175115207 0.7798442906574394 0.7894585253456221 0.7785467128027682 0.786578341013825 0.7804930795847752 0.7848502304147466 0.7804930795847752 0.7762096774193549 0.7748702422145329 0.7779377880184332 0.7711937716262977 0.7767857142857143 0.7584342560553634 0.7753456221198156 0.7551903114186852 0.771889400921659 0.7530276816608997 0.7626728110599078 0.7525951557093427 0.7589285714285714 0.7536764705882353 0.7488479262672811 0.7504325259515572 0.7445276497695853 0.7512975778546713 0.7399193548387097 0.7558391003460209 0.7393433179723503 0.7664359861591696 0.7370391705069125 0.7685986159169551 0.7341589861751152 0.767733564013841 0.7307027649769585 0.7651384083044983 0.7226382488479264 0.7631920415224914 0.7168778801843319 0.7629757785467128 0.7125576036866359 0.7651384083044983 0.7122695852534562 0.7688148788927336 0.7137096774193549 0.7720588235294119
1 0.6889400921658987 0.8159602076124568 0.695852534562212 0.8181228373702423 0.6995967741935484 0.8181228373702423 0.7044930875576038 0.8200692041522493 0.7044930875576038 0.8220155709342561 0.7004608294930875 0.8250432525951558 0.6923963133640554 0.8261245674740485 0.6898041474654378 0.8276384083044983 0.6889400921658987 0.8317474048442908 0.6903801843317973 0.8347750865051904 0.6929723502304148 0.8365051903114187 0.7065092165898618 0.8401816608996541 0.7168778801843319 0.8395328719723183 0.7237903225806452 0.8369377162629759 0.7289746543778802 0.8280709342560554 0.7335829493087558 0.8261245674740485 0.7514400921658987 0.8321799307958478 0.7690092165898618 0.8319636678200693 0.7721774193548387 0.8308823529411764 0.7753456221198156 0.8280709342560554 0.773905529953917 0.8237456747404845 0.7690092165898618 0.8198529411764707 0.7638248847926268 0.8183391003460209 0.7508640552995393 0.7997404844290659 0.7476958525345623 0.7969290657439447 0.7456797235023042 0.7928200692041523 0.73963133640553 0.7880622837370244 0.7332949308755761 0.7865484429065744 0.7203341013824885 0.7869809688581315 0.7180299539170507 0.7904411764705883 0.7165898617511521 0.798659169550173 0.7154377880184332 0.8008217993079585 0.7134216589861752 0.8019031141868513 0.7079493087557605 0.8014705882352942 0.7021889400921659 0.7958477508650519 0.6947004608294931 0.7917387543252595 0.6909562211981567 0.7921712802768167 0.6880760368663594 0.7943339100346021 0.6849078341013825 0.8006055363321799 0.6849078341013825 0.807742214532872 0.6889400921658987 0.8159602076124568
1 0.808179723502304 0.7221020761245676 0.8110599078341014 0.7249134948096886 0.8182603686635945 0.7268598615916956 0.8208525345622121 0.7283737024221454 0.8245967741935484 0.728589965397924 0.8389976958525345 0.7251297577854672 0.840725806451613 0.7233996539792388 0.8415898617511521 0.7203719723183392 0.8415898617511521 0.7132352941176471 0.8441820276497696 0.7121539792387543 0.8456221198156681 0.7123702422145329 0.8485023041474655 0.7205882352941176 0.8508064516129032 0.7236159169550174 0.8557027649769585 0.7270761245674742 0.8631912442396313 0.7268598615916956 0.8675115207373272 0.7255622837370244 0.877304147465438 0.717560553633218 0.8770161290322582 0.71280276816609 0.8738479262672811 0.7095588235294119 0.8366935483870968 0.6924740484429066 0.8349654377880185 0.6900951557093427 0.8320852534562212 0.6885813148788927 0.8176843317972351 0.6890138408304499 0.8024193548387097 0.701340830449827 0.80213133640553 0.7082612456747406 0.808179723502304 0.7221020761245676
1 0.18231566820276499 0.5538494809688582 0.18951612903225806 0.5564446366782008 0.1961405529953917 0.5568771626297578 0.20478110599078342 0.5523356401384084 0.2108294930875576 0.5503892733564014 0.21399769585253456 0.5521193771626298 0.21514976958525348 0.5540657439446367 0.2171658986175115 0.5629325259515572 0.2203341013824885 0.5642301038062284 0.2278225806451613 0.5562283737024222 0.23070276497695855 0.5555795847750866 0.2387672811059908 0.5603373702422145 0.24135944700460832 0.5603373702422145 0.24625576036866362 0.5570934256055364 0.24884792626728108 0.553416955017301 0.24884792626728108 0.5464965397923875 0.24711981566820276 0.5426038062283738 0.24337557603686638 0.5393598615916956 0.24193548387096775 0.5363321799307958 0.25 0.5311418685121108 0.2508640552995392 0.5278979238754326 0.24798387096774194 0.5244377162629759 0.23847926267281108 0.5242214532871973 0.2341589861751152 0.5229238754325259 0.22724654377880188 0.52530276816609 0.22235023041474652 0.5328719723183392 0.2096774193548387 0.5365484429065744 0.2033410138248848 0.5406574394463668 0.20146889400921658 0.5406574394463668 0.19412442396313365 0.5376297577854672 0.18922811059907835 0.5341695501730104 0.18058755760368664 0.5354671280276817 0.17713133640552997 0.5404411764705883 0.17713133640552997 0.5464965397923875 0.18231566820276499 0.5538494809688582
0 0.16330645161290322 0.24978373702422146 0.1713709677419355 0.2512975778546713 0.17857142857142858 0.24870242214532876 0.18173963133640553 0.2448096885813149 0.1814516129032258 0.24113321799307957 0.1800115207373272 0.23897058823529416 0.1725230414746544 0.23572664359861592 0.1679147465437788 0.23572664359861592 0.16359447004608296 0.23702422145328722 0.15985023041474655 0.24005190311418687 0.15869815668202764 0.24264705882352944 0.15841013824884792 0.2448096885813149 0.16330645161290322 0.24978373702422146
0 0.1543778801843318 0.26211072664359863 0.15610599078341014 0.2642733564013841 0.16820276497695855 0.26924740484429066 0.1725230414746544 0.2655709342560554 0.1716589861751152 0.2586505190311419 0.16935483870967744 0.2556228373702422 0.16647465437788017 0.2541089965397924 0.16129032258064518 0.25346020761245674 0.15697004608294932 0.2549740484429066 0.15552995391705068 0.2564878892733564 0.15408986175115208 0.2595155709342561 0.1543778801843318 0.26211072664359863
0 0.138536866359447 0.28179065743944637 0.14660138248847926 0.28243944636678203 0.14948156682027652 0.2804930795847751 0.1509216589861751 0.27487024221453293 0.15034562211981567 0.27249134948096887 0.1480414746543779 0.2711937716262976 0.1434331797235023 0.27076124567474047 0.13882488479262672 0.27184256055363326 0.1370967741935484 0.27249134948096887 0.13565668202764977 0.27465397923875434 0.13536866359447003 0.2789792387543253 0.138536866359447 0.28179065743944637
0 0.24798387096774194 0.3094723183391004 0.25144009216589863 0.3094723183391004 0.25518433179723504 0.307742214532872 0.25806451612903225 0.3040657439446367 0.2574884792626728 0.3001730103806229 0.25144009216589863 0.2975778546712803 0.24539170506912442 0.2977941176470588 0.24049539170506912 0.3001730103806229 0.24078341013824883 0.30449826989619383 0.24798387096774194 0.3094723183391004
0 0.17511520737327188 0.3345588235294118 0.17828341013824883 0.3360726643598616 0.18577188940092165 0.33585640138408307 0.19153225806451613 0.33174740484429066 0.18922811059907835 0.32785467128027684 0.18577188940092165 0.32612456747404844 0.1811635944700461 0.3259083044982699 0.17684331797235026 0.3267733564013841 0.17482718894009217 0.32785467128027684 0.173963133640553 0.3298010380622838 0.17338709677419356 0.3315311418685122 0.17511520737327188 0.3345588235294118