3 0.4835829493087558 0.5832612456747406 0.4876152073732719 0.5884515570934257 0.49135944700460826 0.5903979238754327 0.4997119815668203 0.5916955017301039 0.508352534562212 0.5942906574394464 0.5126728110599078 0.5942906574394464 0.5224654377880185 0.5919117647058825 0.5339861751152074 0.5862889273356402 0.5377304147465438 0.5817474048442908 0.5354262672811061 0.5705017301038062 0.5380184331797235 0.5532006920415226 0.5371543778801844 0.5462802768166091 0.5336981566820277 0.5363321799307958 0.5311059907834101 0.5324394463667821 0.5259216589861752 0.5291955017301039 0.5221774193548387 0.5287629757785467 0.5080645161290323 0.5315743944636678 0.5020161290322581 0.5350346020761246 0.497983870967742 0.5393598615916956 0.4916474654377881 0.5497404844290659 0.48905529953917054 0.5564446366782008 0.48617511520737333 0.5592560553633218 0.48156682027649766 0.5674740484429066 0.4818548387096774 0.5774221453287198 0.4835829493087558 0.5832612456747406
4 0.25201612903225806 0.7534602076124568 0.26526497695852536 0.7590830449826991 0.27563364055299544 0.7592993079584776 0.2860023041474654 0.7582179930795848 0.2900345622119816 0.7571366782006921 0.29349078341013823 0.7549740484429066 0.2975230414746544 0.7506487889273357 0.3004032258064516 0.7376730103806228 0.29838709677419356 0.7331314878892734 0.2966589861751152 0.7318339100346021 0.2857142857142857 0.7322664359861593 0.2793778801843318 0.7314013840830451 0.2721774193548387 0.7294550173010381 0.26555299539170507 0.7246972318339101 0.26180875576036866 0.7244809688581315 0.258352534562212 0.7259948096885813 0.2534562211981567 0.7303200692041523 0.24913594470046085 0.7411332179930796 0.24942396313364057 0.7504325259515572 0.25201612903225806 0.7534602076124568
5 0.12125576036866359 0.3304498269896194 0.12644009216589863 0.3393166089965398 0.12960829493087558 0.34191176470588236 0.13450460829493088 0.34342560553633217 0.141705069124424 0.34407439446366783 0.14948156682027652 0.3416955017301038 0.15264976958525348 0.33499134948096887 0.15207373271889402 0.33174740484429066 0.14026497695852536 0.31682525951557095 0.13767281105990783 0.31596020761245674 0.12644009216589863 0.31682525951557095 0.12269585253456221 0.3189878892733564 0.12125576036866359 0.32179930795847755 0.12039170506912442 0.32461072664359863 0.12125576036866359 0.3304498269896194
5 0.18922811059907835 0.3730536332179931 0.19268433179723504 0.37716262975778553 0.20132488479262672 0.37954152249134954 0.20708525345622122 0.3821366782006921 0.21947004608294934 0.3836505190311419 0.22436635944700462 0.3823529411764706 0.22839861751152074 0.3799740484429066 0.22983870967741934 0.37694636678200694 0.23041474654377883 0.36721453287197237 0.22955069124423963 0.3600778546712803 0.22551843317972353 0.3488321799307959 0.21975806451612906 0.3429930795847751 0.20996543778801846 0.3391003460207613 0.1995967741935484 0.3395328719723184 0.19268433179723504 0.342560553633218 0.18577188940092165 0.349264705882353 0.18404377880184333 0.3522923875432526 0.18404377880184333 0.3628892733564014 0.18922811059907835 0.3730536332179931
5 0.28513824884792627 0.3589965397923876 0.2857142857142857 0.3613754325259516 0.28513824884792627 0.36678200692041524 0.283410138248848 0.3698096885813149 0.2842741935483871 0.3717560553633218 0.28629032258064513 0.3719723183391004 0.29579493087557607 0.36786332179930803 0.29781105990783413 0.36786332179930803 0.3004032258064516 0.3680795847750865 0.3101958525345622 0.37240484429065746 0.31394009216589863 0.37240484429065746 0.31538018433179726 0.37002595155709345 0.315668202764977 0.36570069204152256 0.3251728110599078 0.3525086505190312 0.3257488479262673 0.3486159169550173 0.32402073732718895 0.34342560553633217 0.32171658986175117 0.3408304498269897 0.31682027649769584 0.3384515570934256 0.3090437788018433 0.3375865051903114 0.3035714285714286 0.3384515570934256 0.2966589861751152 0.34126297577854675 0.28830645161290325 0.349264705882353 0.28139400921658986 0.3518598615916955 0.28225806451612906 0.35596885813148793 0.28513824884792627 0.3589965397923876
5 0.15610599078341014 0.4048442906574395 0.16474654377880185 0.4108996539792388 0.1713709677419355 0.41198096885813157 0.17914746543778803 0.41198096885813157 0.18922811059907835 0.4078719723183391 0.18980414746543778 0.39987024221453293 0.18836405529953917 0.39446366782006925 0.1765552995391705 0.3853806228373703 0.1716589861751152 0.38343425605536335 0.1641705069124424 0.3830017301038063 0.1546658986175115 0.38948961937716264 0.15236175115207373 0.39273356401384085 0.15264976958525348 0.39727508650519033 0.15610599078341014 0.4048442906574395
5 0.37010368663594473 0.5051903114186851 0.3709677419354839 0.5069204152249135 0.371831797235023 0.515787197231834 0.37442396313364057 0.5198961937716263 0.37989631336405527 0.5237889273356402 0.3873847926267281 0.5250865051903115 0.39055299539170507 0.5235726643598617 0.39602534562211983 0.5181660899653979 0.4086981566820277 0.5004325259515572 0.41013824884792627 0.4961072664359862 0.4086981566820277 0.4859429065743945 0.40437788018433185 0.48183391003460213 0.3879608294930876 0.48291522491349487 0.3810483870967742 0.4896193771626298 0.3660714285714286 0.4980536332179931 0.3654953917050691 0.4995674740484429 0.3652073732718894 0.5017301038062284 0.37010368663594473 0.5051903114186851
5 0.4262672811059908 0.5845588235294118 0.43058755760368667 0.5865051903114187 0.4421082949308756 0.5891003460207613 0.44614055299539174 0.5891003460207613 0.4501728110599078 0.5875865051903115 0.45449308755760376 0.5839100346020761 0.4579493087557604 0.5780709342560554 0.4576612903225807 0.5709342560553634 0.45305299539170507 0.5616349480968859 0.4498847926267281 0.5575259515570934 0.4423963133640553 0.552984429065744 0.43317972350230416 0.5562283737024222 0.4291474654377881 0.559688581314879 0.4254032258064516 0.5672577854671281 0.4245391705069125 0.573961937716263 0.42425115207373276 0.5817474048442908 0.4262672811059908 0.5845588235294118
5 0.33381336405529954 0.6470588235294118 0.33813364055299544 0.65030276816609 0.3461981566820277 0.6524653979238755 0.3522465437788019 0.6520328719723184 0.369815668202765 0.6440311418685122 0.37442396313364057 0.6330017301038062 0.3755760368663595 0.6230536332179931 0.3660714285714286 0.6059688581314879 0.3591589861751152 0.6022923875432526 0.3487903225806452 0.6014273356401384 0.34014976958525345 0.6055363321799309 0.33352534562211983 0.6167820069204153 0.33122119815668205 0.6250000000000001 0.3317972350230415 0.640787197231834 0.33381336405529954 0.6470588235294118
5 0.40293778801843316 0.7060986159169551 0.40754608294930883 0.7106401384083045 0.4150345622119816 0.7138840830449827 0.41877880184331795 0.7141003460207613 0.4213709677419355 0.7132352941176471 0.4251152073732719 0.7149653979238755 0.42857142857142855 0.7153979238754327 0.43029953917050695 0.7145328719723184 0.435483870967742 0.7143166089965398 0.44297235023041476 0.7115051903114187 0.4498847926267281 0.7123702422145329 0.4599654377880184 0.7110726643598617 0.4631336405529954 0.7093425605536333 0.4657258064516129 0.7015570934256056 0.467741935483871 0.6996107266435987 0.46687788018433185 0.6931228373702423 0.46255760368663595 0.6840397923875433 0.4567972350230415 0.6814446366782008 0.44930875576036866 0.6812283737024222 0.44614055299539174 0.6820934256055364 0.4435483870967742 0.6792820069204153 0.4412442396313364 0.6786332179930796 0.4377880184331797 0.6788494809688582 0.4254032258064516 0.682742214532872 0.4118663594470046 0.685121107266436 0.40754608294930883 0.6872837370242215 0.40293778801843316 0.6918252595155711 0.40034562211981567 0.6957179930795848 0.40293778801843316 0.7060986159169551
5 0.2733294930875576 0.7305363321799309 0.28456221198156684 0.7322664359861593 0.29694700460829493 0.7320501730103807 0.3024193548387097 0.7283737024221454 0.3133640552995392 0.723832179930796 0.31768433179723504 0.7205882352941176 0.32142857142857145 0.7132352941176471 0.32142857142857145 0.7069636678200693 0.31739631336405527 0.7041522491349481 0.307315668202765 0.7006920415224914 0.3035714285714286 0.6998269896193772 0.2963709677419355 0.7004757785467128 0.28830645161290325 0.7026384083044983 0.27592165898617516 0.7086937716262977 0.2695852534562212 0.7149653979238755 0.266705069124424 0.7203719723183392 0.2669930875576037 0.7257785467128028 0.2733294930875576 0.7305363321799309
5 0.5918778801843319 0.721885813148789 0.6025345622119815 0.726643598615917 0.6059907834101382 0.7272923875432526 0.6091589861751152 0.7257785467128028 0.619815668202765 0.7173442906574394 0.6215437788018433 0.7138840830449827 0.6252880184331797 0.6998269896193772 0.625 0.6924740484429066 0.6235599078341014 0.6892301038062285 0.616647465437788 0.6872837370242215 0.6091589861751152 0.6879325259515572 0.5930299539170507 0.7004757785467128 0.5869815668202765 0.7099913494809689 0.5869815668202765 0.7173442906574394 0.5918778801843319 0.721885813148789
5 0.23070276497695855 0.8391003460207613 0.23329493087557607 0.8419117647058825 0.23847926267281108 0.8436418685121108 0.24884792626728108 0.8445069204152249 0.2557603686635945 0.8416955017301039 0.2595046082949309 0.8356401384083046 0.25921658986175117 0.8295847750865052 0.25489631336405527 0.8207179930795849 0.24769585253456222 0.8133650519031143 0.24279953917050695 0.8105536332179932 0.24107142857142855 0.810121107266436 0.23819124423963137 0.8109861591695502 0.23041474654377883 0.8166089965397925 0.22868663594470048 0.8222318339100347 0.2289746543778802 0.8343425605536332 0.23070276497695855 0.8391003460207613
5 0.2736175115207373 0.809688581314879 0.27563364055299544 0.8148788927335641 0.2799539170506912 0.8170415224913496 0.28715437788018433 0.8140138408304498 0.2914746543778802 0.8073096885813149 0.2960829493087558 0.8034169550173011 0.2975230414746544 0.8006055363321799 0.29694700460829493 0.7945501730103807 0.29493087557603687 0.7895761245674742 0.2900345622119816 0.7861159169550174 0.2828341013824885 0.7869809688581315 0.2741935483870968 0.7904411764705883 0.2727534562211982 0.7962802768166091 0.2736175115207373 0.809688581314879
2 0.2609447004608295 0.8501297577854672 0.2672811059907834 0.8566176470588236 0.27563364055299544 0.8605103806228375 0.2857142857142857 0.8635380622837371 0.2966589861751152 0.8633217993079585 0.3004032258064516 0.8615916955017301 0.3090437788018433 0.853589965397924 0.3145161290322581 0.846885813148789 0.3228686635944701 0.828287197231834 0.32402073732718895 0.8217993079584776 0.3231566820276498 0.8140138408304498 0.31797235023041476 0.8075259515570934 0.31105990783410137 0.8034169550173011 0.3070276497695853 0.8021193771626299 0.2998271889400922 0.8023356401384083 0.29406682027649766 0.804930795847751 0.27001728110599077 0.8303416955017301 0.26440092165898615 0.8349913494809689 0.2603686635944701 0.8425605536332181 0.2597926267281106 0.8453719723183392 0.2609447004608295 0.8501297577854672