2 0.39087268610086034 0.2289902780869119 0.39854069538819903 0.2264097779344334 0.40894972729488427 0.2264891176419422 0.41408598895907006 0.2220881337940749 0.4225783856401618 0.20971809725361398 0.4270536620559148 0.19790387414536842 0.4282098312535191 0.18825449883321319 0.4275488460050864 0.18084125957283503 0.4249316193730329 0.17391576606971423 0.4203045434286749 0.17083463783706315 0.40811538487471 0.16718722928482807 0.40097185225749 0.16829966129444118 0.3922191510107915 0.17605404407479197 0.3881292643275732 0.1846518087456524 0.37899117334833987 0.19562264996338818 0.37755683027556763 0.20177524468650407 0.38205753187336267 0.21625494367101233 0.381270172278367 0.2202402751624913 0.3832953125409623 0.2224099538296748 0.38428936877288133 0.22639689561151818 0.38736217319607924 0.22919689654733272 0.39087268610086034 0.2289902780869119
2 0.5621804227198373 0.3398452422229402 0.5663596559508612 0.32565311169672606 0.5622622133951622 0.30683808110376204 0.56013243563447 0.30424872435427924 0.5496366355392491 0.3026308333934004 0.5323099261414634 0.3069508672433945 0.5255492048975083 0.31197975792434635 0.5223691846169436 0.31589299601495624 0.5195375262701563 0.3223939805646845 0.5192223245962311 0.3247014048721485 0.5223971881582555 0.3350540009989862 0.533567975272565 0.35366563371225823 0.5475921575821281 0.3539580330416456 0.5570250025664555 0.3489315577962403 0.5621804227198373 0.3398452422229402
2 0.5190510081677708 0.4121144784366765 0.5214806966520972 0.40638236694104213 0.5212395505756866 0.3970813814554993 0.5144355348401283 0.3769352232147682 0.5094600969619928 0.3712663485229988 0.5005708871369804 0.370139423900106 0.4910168245246303 0.3722986356799209 0.4880996871689424 0.37369461042191715 0.47835035133105475 0.3845949685291483 0.47715973269396317 0.3929156316290832 0.4802988576368654 0.40550597409806244 0.4895504311663113 0.4188011476720884 0.4921523668480739 0.4197125972375561 0.5021951675114205 0.41832306365701744 0.5097406699911013 0.41644175859331034 0.5190510081677708 0.4121144784366765
3 0.5416888047864485 0.40290410469119325 0.5480998749169912 0.398853926105485 0.5516116770014073 0.3950808490907022 0.5596510742506249 0.3797033880088236 0.5587642338760727 0.3690032072005557 0.5556927186325098 0.36263674771037924 0.5526199142093119 0.3598367467745646 0.5453909025831913 0.3558441689764459 0.5418982589879714 0.35493191426579596 0.5369381120601271 0.3552770835116795 0.5302309987448552 0.35694935467941924 0.5210776168153308 0.36190615195950204 0.5146129387561047 0.36931295005842263 0.514663968325518 0.3730892476539342 0.5175262085728873 0.378616350979512 0.5216938391871959 0.39652234744255505 0.5232123720892337 0.3990412210815331 0.5303890649663059 0.40282395983850217 0.5416888047864485 0.40290410469119325
3 0.1786206029518151 0.42656210324214605 0.18480323959696818 0.4263579002172718 0.1870555241653183 0.42824806187798314 0.19039121151339305 0.428530799465184 0.19295998693530342 0.42454707826406946 0.19359167946278905 0.41636577109477957 0.19118630618619897 0.4031467166475336 0.18559962344940922 0.39740735884525946 0.17924345042718487 0.3945344593633936 0.17092974684170456 0.395715764193147 0.16514779087937725 0.39871755271828935 0.14994828088301365 0.4127598604264898 0.1460868276851851 0.4175116495365162 0.14708088391710417 0.42149859131835965 0.15060668777217623 0.4273060167955919 0.15774635285049113 0.4368929604490644 0.16066220102654388 0.4390634442614301 0.1667593586627964 0.4337542314288238 0.1786206029518151 0.42656210324214605
5 0.3465250077810494 0.19279607923656114 0.3449018373809148 0.18985752751528379 0.33781191269237826 0.1876133400116847 0.33414444354045214 0.18719044134865656 0.33079088688281616 0.18802657693252645 0.3256546252186304 0.19242756078039372 0.3244129770121255 0.19697192628481702 0.3344314624677358 0.21453355864715862 0.3462875500382143 0.22160726467792852 0.34953646919775355 0.2203514510117594 0.35013113392648176 0.21797434873897292 0.34613575050960943 0.20671191333703196 0.3465250077810494 0.19279607923656114
5 0.3811655347802702 0.219820597080192 0.3817780688185595 0.21632462163633487 0.38066279495861777 0.20947041638890102 0.37586347181682356 0.19974572709514785 0.3624901405239423 0.186586688871038 0.35627305443930196 0.18546217968369189 0.34932092750871435 0.18853284102897439 0.3468044708358523 0.19272640127123863 0.3458920260739287 0.2045438449602129 0.3463960550752162 0.21132756709714212 0.3491881072639761 0.21776370455264105 0.3529589247343639 0.2221727398523304 0.3613057885796965 0.22588660578915923 0.3768485037912973 0.2286978787575246 0.3811655347802702 0.219820597080192
5 0.15343870452962252 0.3231819390658717 0.16655817715507223 0.3138930307580619 0.16746675437809072 0.3127749627321733 0.16647269814617166 0.30878802095032987 0.1630515317891963 0.303400273555397 0.15866818028051904 0.302487213699565 0.15409213390557439 0.3031823830624254 0.15185642946715044 0.30373980678500523 0.1478035705826895 0.30653336655936225 0.14236997655413966 0.3121229015436229 0.13496098265277273 0.3228855140105734 0.13270611972515253 0.32812826945858603 0.1330366123493689 0.33183488908877506 0.13359424927933983 0.33526199171249194 0.1352008395495483 0.33575295805047817 0.13806565815618774 0.33414714426733216 0.1398483631627375 0.3305822960033347 0.1443555106587077 0.3272297022160335 0.15343870452962252 0.3231819390658717
5 0.1412491875649986 0.4171576236936284 0.144532556164025 0.41723052223967977 0.14883042866380172 0.4130385722877799 0.15038598936459685 0.4097532410302545 0.14867605077592666 0.405276138055607 0.14904357119890033 0.4031785527892927 0.14696611218725653 0.4007990350809596 0.13917817445153002 0.3969458132134858 0.1357378496053585 0.3962433975439856 0.13243661169677096 0.39728937216900506 0.12999034308251847 0.4005738982813483 0.12656659836627301 0.40231906799513917 0.1249051109877461 0.4087511797247271 0.1257600802820812 0.41098973121205085 0.12434360651887003 0.4160234527640959 0.12582768998142055 0.41721361419085345 0.13192355843803805 0.41547085991260924 0.13744263147548846 0.41498633473608065 0.1412491875649986 0.4171576236936284
5 0.15936952325062564 0.4398315121703417 0.15830527896009708 0.43675360451841955 0.14484646865831524 0.41848955648657765 0.13698834286397923 0.4155453687490249 0.129669984690053 0.4171471568062598 0.1226821191403431 0.4224555644936839 0.12122990675800968 0.42972703238787047 0.1233213675403094 0.44168705258821844 0.13365763302911507 0.4498083435343723 0.14324485590131747 0.45254430252113975 0.14995196921658932 0.45087203135340015 0.15569947573942938 0.4465415306160375 0.15936952325062564 0.4398315121703417
5 0.23252023900670232 0.43400025001562337 0.23761531105655892 0.43102105754313164 0.2381244967763866 0.4235389454626133 0.2332026668269346 0.4145134512576316 0.2299027180979821 0.41199296732828916 0.224698846734457 0.41017006819735374 0.21671692495282802 0.41149153410293443 0.20545034539253765 0.4163065600168257 0.20047103997549703 0.42133706098814194 0.19557979192662714 0.42433965465846646 0.19308120456332628 0.42741434172965986 0.19294082844610722 0.4292324099895021 0.1945805789761679 0.4346185470940706 0.20393936836298052 0.441200481641672 0.2082525318130483 0.4430225756274253 0.2221899459340758 0.4417764237034425 0.228810291060812 0.4385656012823328 0.23252023900670232 0.43400025001562337
5 0.2185972839433108 0.5726132964630335 0.2226693013169679 0.5651344049632439 0.22515388690961274 0.5524792154000354 0.22421214942674209 0.5487021126593417 0.21710822296754953 0.5368774226637276 0.2084831852470491 0.5296667761378593 0.20186412929994782 0.5293111400046071 0.19789932778365754 0.5300767924779722 0.1923266468175238 0.5339179371677132 0.18788710902089303 0.5434944139338171 0.18564753704356388 0.5547512133194827 0.1883157932450308 0.5654530044181151 0.19472170665703342 0.5756686600498544 0.19987325927151017 0.57728172013964 0.2054969698070573 0.5772168730454107 0.21337425409058947 0.5754757290575309 0.2185972839433108 0.5726132964630335
5 0.9474962678750607 0.5649504369769548 0.953958367575017 0.564676555986758 0.9600721053411954 0.561814928537443 0.9634614006179538 0.5587410466114316 0.9694552099357445 0.5494456971421642 0.9654432463889462 0.5357356763569321 0.9593320869820374 0.5314643866975233 0.9540771860490992 0.5258651899710763 0.947618953888048 0.5154396952981875 0.9415601132301881 0.5113782446799282 0.936513198113808 0.5101848626724419 0.9309418063273093 0.5104595488078207 0.9246711123139855 0.5126916591336869 0.9210725420410337 0.5149261848950996 0.9172812769018146 0.5187689398752049 0.9148694577270495 0.5233821781997685 0.913275580047862 0.5360381729081591 0.9168511242927122 0.5491883545352648 0.9192948145476947 0.5530367455316455 0.9274145340872726 0.5570301284749465 0.9321819861488494 0.5582931884477554 0.9379090450028584 0.5622144779901873 0.9474962678750607 0.5649504369769548
5 1 0.5534655320112208 0.9988472819002023 0.5530387254875386 0.9952844502463728 0.5530355049068099 0.9909176788676216 0.5545700304342689 0.9822874844285809 0.5616252181258482 0.9788101317836521 0.5667270073528514 0.9769380802292966 0.5758862214722027 0.9769495036406827 0.5925996410729415 0.978431008743963 0.6009227196084229 0.9811720313633095 0.6035825594684103 0.9917724689566271 0.6056201285115885 0.9999636657344497 0.6051380187706066 1 0.6051548203478394 1 0.5534655320112208
5 0.9975185070945025 0.6536676329185838 1 0.6530489272483866 1 0.6054810754265241 0.9984093942132898 0.60485689147377 0.9915453246508724 0.6058996455180606 0.978709182619131 0.6044195001974624 0.9705166966616735 0.6084680684928061 0.9661830855427743 0.6148977647868475 0.9643990913565897 0.6220290716052069 0.9646721085132175 0.639791686411694 0.9666079022280073 0.6475557309342312 0.9713740651099491 0.6523852494614021 0.9771713120225674 0.6553975048739129 0.9869690990705985 0.6554063614709171 0.9938510379425765 0.6532447342555556 0.9975185070945025 0.6536676329185838
5 0.9656125568164533 0.6471352477067497 0.9639230658966144 0.6344063544523078 0.964838089017808 0.6154559936546097 0.9633897441743796 0.6120280858857106 0.9598805204492337 0.6086682457917696 0.9523720457683101 0.6047453459589732 0.945074135263215 0.5980953437364136 0.9338969022507303 0.5973160037949511 0.9269103258806555 0.5990579529280132 0.920953544361622 0.6025490975007772 0.9179126110186413 0.6082107258859069 0.9174914826669841 0.6136649306654334 0.9224298927463623 0.6251380102537063 0.9358887030481441 0.6434020582855482 0.9468196332656781 0.6491462469589153 0.9535777761503633 0.6512502733866874 0.9646337915348253 0.6491623498625593 0.9656125568164533 0.6471352477067497
5 0.995541638836721 0.7112187155456317 0.9994515432446927 0.7173761411398407 1 0.7173073468880351 1 0.675939886626346 0.9997809258946038 0.6758376727343958 0.9944545477234206 0.6747139686922317 0.9891447496821636 0.6760378500333589 0.9814933205247511 0.6810659355691288 0.9734756601240001 0.6846251478168508 0.9684082973387884 0.691683556089159 0.9666064338430427 0.6999337360785892 0.9681415468750065 0.7049001951008583 0.9757036294846134 0.7054664754204424 0.9826889166750533 0.7072909848417421 0.9845405205605775 0.7063835610021855 0.9925211531625717 0.7086285536509667 0.995541638836721 0.7112187155456317
5 0.9969133497233645 0.7333879502162615 1 0.7300164409071357 1 0.7198355180343642 0.9940932939932926 0.7077908077767324 0.9898324492922732 0.706178552832129 0.9854490977835961 0.7052654929762969 0.9733109687990446 0.7053943820195734 0.9676004900749617 0.7039206778604326 0.9578524434167089 0.7112545774133018 0.9561399264687689 0.7139103915473781 0.956033999791037 0.7170571720194407 0.9572717804586368 0.7232121821781032 0.9611803956869738 0.7329360663266742 0.9701729538304477 0.7380491275862282 0.9764602279736977 0.738264602643653 0.9934372862580707 0.7349232808889027 0.9969133497233645 0.7333879502162615
5 1 0.8631648819287288 1 0.8192613056797413 0.9994498956543987 0.8185656928741946 0.9957479770629855 0.8168140819989459 0.9895653404178322 0.8170182850238202 0.9799934084959208 0.8202963699747059 0.9752769860037572 0.8228096075974085 0.9716426771116833 0.8272818797009627 0.9663085638626899 0.8475569269849702 0.9670754757888543 0.8518233857732855 0.973186635195763 0.8560946754326946 0.9780051168267532 0.8611340330010151 0.9825275552730146 0.8637954831513668 0.9932504996739899 0.8651338571057735 1 0.8631648819287288
5 0.9886820091715262 0.8932418217324585 0.9882634591791393 0.8915631094032612 0.9896620636327892 0.8876482610222869 0.9886540056302142 0.8740808167484285 0.9734660982505661 0.856024997467372 0.9651371037147947 0.8511922583594723 0.9582551648428167 0.8533538855748338 0.9523507020728313 0.8570548691887474 0.9482621045692483 0.8620861753052459 0.9458668655244089 0.8691469990131008 0.9461093007804546 0.8748815259442816 0.9448332031344625 0.8780971792364844 0.9442716986655864 0.8853694522758533 0.947570358214904 0.8914563947595575 0.9576616100883939 0.9009760758832543 0.9886820091715262 0.8932418217324585