5 0.9808512798178567 0.3796645435977041 0.9826339848244062 0.3760996953337067 0.9840313000984212 0.37575130550709424 0.9783808752011971 0.3530886890629316 0.9766517781233309 0.35329691781371686 0.9736312924491817 0.3507067559190519 0.968375102336608 0.34867401774696694 0.9581408959866289 0.3481053219918363 0.9509271753107995 0.3501267881313705 0.9444624972515735 0.35753358623029113 0.9430804729278492 0.3638960199945566 0.9495539960391914 0.3803355586050986 0.9531499879528729 0.38523394995240967 0.9571836883481378 0.3871257219034854 0.9636279187385328 0.3879707140843594 0.9730071557941766 0.38630085835216643 0.9808512798178567 0.3796645435977041
5 0.9381090817939486 0.29871622304970546 0.9419003469331677 0.2948734680696002 0.94279234402626 0.2913078146604205 0.940959898629932 0.2875299067745446 0.9219819704893675 0.28195327056673036 0.910086321562194 0.2756137998936886 0.9066817353351446 0.272673637882047 0.9036255110418729 0.27232122232952355 0.9000448100784822 0.2734368749198655 0.8951356927200512 0.2775583417612607 0.897805238101153 0.28469367430553116 0.9086110831517591 0.29826997517639364 0.9144427795038647 0.3026109428011249 0.922493600164468 0.3039469013199851 0.9304232031970487 0.30241559637325477 0.9381090817939486 0.29871622304970546
5 0.5571423526555732 0.36249819692491647 0.5545059675343234 0.3602580351472283 0.5485160257554376 0.35885400895341 0.5450578315997049 0.35927046645498056 0.5385944427201138 0.3631108059995392 0.5349078150789913 0.36737323906194375 0.5366177536676616 0.3718503420365912 0.5526121791315016 0.3812354981007361 0.5546028699546098 0.3820764645556991 0.5615549968851974 0.3790058032104165 0.5600569116519909 0.368235139291644 0.5571423526555732 0.36249819692491647
5 0.22729379890205575 0.5753484503046188 0.23283203042870232 0.5701785934026575 0.23912059375158723 0.5668276099057207 0.2402920538994826 0.5631922785312184 0.23446035754737707 0.5588513109064872 0.2252751045376356 0.5553464788656258 0.22227119899341216 0.5552039023542521 0.1949871679411804 0.5660184795925167 0.18958931253175285 0.5693702682346359 0.18784105696469033 0.5742638287108538 0.18937616999665424 0.5792302877331229 0.19218738067461025 0.5809810934631894 0.19733893328908703 0.582594153552975 0.20652547547846356 0.5825325270394746 0.2146299040677504 0.5805118660451225 0.22729379890205575 0.5753484503046188
5 0.16315638323495105 0.5931227726233101 0.16483445074340403 0.5891382462770132 0.16378807576243662 0.5849414654540201 0.15388951875521412 0.573813555111631 0.1476724326705738 0.5726890459242848 0.14098318866486306 0.5732424439209537 0.1368256922823054 0.5756163256130115 0.13422246742090777 0.5782713346019056 0.1343602651788567 0.5835861834507872 0.12969358307647133 0.5934421772233633 0.13079227680648714 0.597848797087506 0.13307901081432436 0.6010676709604377 0.1456165313020668 0.6073028259717913 0.14780120617107745 0.6029691046536998 0.1544215512978137 0.5997582822325901 0.16315638323495105 0.5931227726233101
5 0.10239168271467838 0.6053756276326988 0.1151078962980322 0.6004220509333448 0.11973755060166029 0.5963702620572722 0.12228974589364457 0.5899389554728663 0.12201286119811164 0.582875716329465 0.11829565165640721 0.5751100615165634 0.11171233432842827 0.5725166790411697 0.09824578894883625 0.5756513823354994 0.08173702104662821 0.5880141725693205 0.07670539688053926 0.5928348344994873 0.071061238676161 0.601151471873511 0.07022156033211686 0.6049269643238404 0.07166990517554525 0.6083548720927395 0.07409701530060152 0.609755677705829 0.07827109181308535 0.6098293813970626 0.0835107017957327 0.6094145341858563 0.10239168271467838 0.6053756276326988
5 0.09669391658161672 0.617048884519935 0.09865144714487276 0.6129946802083157 0.09849578007736262 0.6087987045305048 0.0964004517561576 0.6075380599932425 0.09184227469077416 0.6071143561850322 0.08089089680440895 0.6096219577914594 0.07076132795252675 0.6094729401186281 0.06691774406425935 0.6131058560575837 0.0669687736336726 0.6168821536530953 0.058321999064705886 0.6214897559613834 0.05886176668511569 0.6260357317561711 0.063261698323719 0.6293963769952943 0.06902449579685013 0.6310799201955848 0.07672695452367607 0.6298281322553267 0.08940871866754266 0.6235458433437522 0.09669391658161672 0.617048884519935
5 0.12218879672912344 0.6276314483174773 0.12196294160300387 0.6243445067695875 0.11503126234124746 0.6191633778350754 0.10509438835563259 0.6174061309435517 0.09922566420476964 0.6188693682153238 0.09237817477227885 0.6223597076429056 0.08275263492168408 0.6289944121070035 0.07826206755564 0.6347945912775957 0.07616416087516502 0.6406668638490572 0.077856230154274 0.6462628399947754 0.08388062137264693 0.6489955784008141 0.09544324411766643 0.6465584599048916 0.10484163966250652 0.6402032724472659 0.11949751449955519 0.6323143646073632 0.12218879672912344 0.6276314483174773
4 0.21168419081243356 0.371067107997467 0.2191237666143826 0.37233258340582254 0.22275678632682153 0.3714267698566302 0.23661001061858347 0.3615091495705536 0.23930129284815177 0.35682623328066754 0.2420296028764773 0.346339112094278 0.24318577207408162 0.3366897367821228 0.2424035691976262 0.3264092340561542 0.2403810072943008 0.3171066382802469 0.23706576761505724 0.30857211041325144 0.23420352736768796 0.3030450070876735 0.2275168617212473 0.2964654879756186 0.22170174549906782 0.29457210573417864 0.21386019983465782 0.294075503379917 0.20570474167595773 0.29231986677875754 0.20130352085771933 0.29252568009399615 0.19325141101748083 0.2947561801294979 0.18237022118972518 0.29635474760600405 0.1724639291046924 0.3066255885897863 0.16774492825325868 0.3162717433212128 0.16697414878818911 0.32270466019598293 0.16978149192724 0.33515484158913494 0.17311460091604475 0.34257049628505964 0.1770257945036516 0.3451614633249068 0.18248997043278345 0.3516000162159524 0.19862219365457243 0.36630002112897886 0.21168419081243356 0.371067107997467
4 0.13840961493507153 0.4938689061595241 0.14522007656880506 0.4961827716284456 0.1575151618005018 0.4966833997086182 0.16147996331679207 0.49591774723525306 0.16490370803303755 0.49417257752146215 0.173778916087394 0.4857189996523399 0.18113559123971254 0.4747465481442397 0.18064943154798616 0.4668439528362397 0.18260825129087718 0.4592232899702585 0.18904105826988626 0.44335486255039375 0.1885536093985248 0.43901872579675566 0.18459267542113966 0.4290850026070351 0.18403632767080377 0.4220914414289563 0.18127872492153113 0.41698401618567776 0.1721113412213508 0.4123603109737456 0.16860340667583987 0.4054340123254425 0.164692213088233 0.40284304528559545 0.15843938838447036 0.4039562824403908 0.1482727917338308 0.40961146966406287 0.1389471626068703 0.4079247058830437 0.12923614374737497 0.40945440053940957 0.1230011883531735 0.4094487645231341 0.11690531989655598 0.41119151880137855 0.1130617360082885 0.41482443474033415 0.11271208489487601 0.4158031468355777 0.11634252624804486 0.42203025039510916 0.11015731124362164 0.4293673705287072 0.10874083748041052 0.43440109208075234 0.11041116991105326 0.45181531706062694 0.11667283966693168 0.47454841661529423 0.11990131115763965 0.48154439322891973 0.12718135235317346 0.48931326862255 0.1352308838341418 0.49421568569577207 0.13840961493507153 0.4938689061595241
4 0.24326684592808853 0.4989287620229283 0.25082892853769545 0.4994950423425123 0.257483723103919 0.49761293213362306 0.2636153301796587 0.49363243151323727 0.26983370544393415 0.49119048214622146 0.2771533527974954 0.4860222355346246 0.2791453328002387 0.48329674343522566 0.2810862832335686 0.4767949537403153 0.2799021104946522 0.46728332406844053 0.27073988351301204 0.4483937846390608 0.26884111759697965 0.43482553522002015 0.2658385012323913 0.4311165001542845 0.2538599068542549 0.4247419892122862 0.24949442465513877 0.42271005618538326 0.24299787551569546 0.42165522496335955 0.23194186013123352 0.4237431484874875 0.20961926518648122 0.4306460979255067 0.20598495629440725 0.43511837002906084 0.20199841792965065 0.4477022713365826 0.2025560548596216 0.4511293739602995 0.20679774107144477 0.4574269606303356 0.21234610682984223 0.4725369818834751 0.22461816603343765 0.48842231735216607 0.23099091918558798 0.4937428022173231 0.24326684592808853 0.4989287620229283
4 0.4730928720388463 0.38612868891142516 0.4861587367356125 0.3801964001168277 0.48914606214990985 0.37789139124491017 0.4894102342544218 0.37180766934193465 0.48644335650895565 0.3658608879340576 0.4832659145876611 0.36264120891594365 0.4804751515785363 0.3526386129060827 0.47144814399557494 0.34619683943430835 0.46530124596954403 0.34416329611704116 0.46247216598202695 0.3435313635580456 0.4554511401724648 0.34394460047888736 0.4432057953305463 0.3507867285485882 0.4355901047922561 0.3535770677422164 0.4335636753500256 0.35497384762939493 0.4307677556223606 0.35923708583698166 0.43020754033311953 0.36294290032198856 0.4321790726670315 0.36846919850238424 0.4384637684510114 0.375817590668533 0.4509323900597792 0.3793953212554457 0.46640362803313556 0.386682086908094 0.4700710971850618 0.3871049855711222 0.4730928720388463 0.38612868891142516
4 0.5892050799754383 0.41847164585019536 0.5979041732934534 0.41407388258305683 0.6007524117701668 0.41002048341661973 0.6025364059563516 0.40288917659826035 0.5971602873953903 0.39442271640622284 0.5883259746786963 0.386372713715756 0.5718415219842248 0.37978433800669686 0.5651867274180014 0.3816664482155862 0.5551592177049457 0.3890700257337779 0.5470369198060977 0.39220955989920075 0.5438913489650202 0.3974515102020312 0.5461576353040263 0.4089221743547573 0.5480602687589637 0.41179104811071215 0.5520939691542286 0.4136828200617879 0.5707273580985884 0.41817522079489705 0.5817820843034153 0.4196537558251309 0.5892050799754383 0.41847164585019536
4 0.6355791877374798 0.4532690648133676 0.64061048960866 0.4493400175217914 0.6497629046534581 0.44705806415748006 0.6551084413138372 0.4434964364742113 0.6553368747992268 0.4396504609133773 0.6524057356728831 0.4314659331633587 0.6490355988853209 0.42985448336393733 0.6427483247420711 0.42963900830651214 0.6344869399056392 0.43103015217741536 0.6280937390846575 0.4339614575920529 0.6215601621464569 0.4387108312665327 0.6187642424187919 0.44297406947411944 0.6163690033739527 0.4500348931819742 0.6173451902963107 0.4551407081348883 0.6204524441589958 0.4592694212829233 0.6243291883071154 0.46053167611054996 0.6311409391204841 0.4592790830251097 0.6331150498136662 0.45767246409678153 0.6355791877374798 0.4532690648133676
4 0.9681135085913661 0.3476248225412187 0.9721995277356792 0.34972643353344407 0.9769682689768912 0.34742303495189103 0.9713701628287155 0.3249702575488781 0.9662007409046776 0.32447607063016315 0.9593889900913091 0.3257286637156035 0.9574493288376142 0.328663994856152 0.9546725675991453 0.3282419013383061 0.952088501226944 0.32621157860176775 0.9477395991577537 0.326627230958156 0.9365419184764379 0.3340996812964881 0.9351267338928618 0.3355669442941712 0.9345141998545724 0.3390629197380285 0.9372870935541362 0.35018438891896003 0.9419651990679074 0.35704181474712277 0.9453187557255435 0.3562056791632529 0.9497914537820265 0.35152437316373125 0.9583859096019447 0.34670693181429335 0.9681135085913661 0.3476248225412187
2 0.5194988508811049 0.4293877371955417 0.5234113336483468 0.428412245681027 0.5263284710040346 0.42701627093903066 0.5299627798961086 0.4225439988354765 0.5314533092568343 0.40590186749042456 0.5291691536082672 0.39555007650876906 0.5252056412716118 0.3927492704277723 0.5185521358850235 0.3910649220822996 0.5135396702081307 0.39120025228703365 0.5076199164878545 0.38888719196329424 0.5076212056674895 0.3853207334089323 0.5092469544268943 0.3811263680214859 0.5004789622299046 0.38286670686418367 0.49136002973986753 0.38915221635648684 0.480927971805081 0.4044575840374963 0.48010616277059803 0.40711420331675485 0.4827578388421389 0.41536840903209615 0.486982944924036 0.4192184103188411 0.49732049959247676 0.423773242710633 0.506471303162731 0.425949362539274 0.5126003318792007 0.42910177902761193 0.5194988508811049 0.4293877371955417