0 0.5722859494957085 0.7147297037172371 0.5770086483950695 0.713623262875689 0.5801229040396092 0.7110735670921432 0.5818590931845655 0.7077520389166609 0.5815491281563521 0.7046856735776255 0.5785772729303861 0.6989984433053967 0.5750734639846573 0.6960868309609328 0.5612257928113822 0.6957436729778872 0.5534118808596087 0.7024410724815476 0.5523102762995177 0.708423188396806 0.5555083142488774 0.7115251383106651 0.5593932884321065 0.7133846529662772 0.5722859494957085 0.7147297037172371
0 0.3457507948480881 0.4124775719538055 0.35442966813996485 0.40911218273998207 0.35650513137001166 0.40191273402694544 0.35531555047325636 0.3989865013363679 0.34740946815297435 0.39351884932576187 0.3437925678455488 0.3918998771604828 0.3397379566197746 0.3919793227736478 0.3356121451847135 0.39617723141470035 0.33534826534075435 0.3991933918327982 0.3386489341552166 0.4077315474141983 0.34148465542735873 0.41167015498704523 0.3457507948480881 0.4124775719538055
0 0.25148939816347504 0.37622627892334837 0.2544151682051868 0.375830983438444 0.2598813490192656 0.37283578724905625 0.26075677085596294 0.3694389516921676 0.2576864787967386 0.36157221866082867 0.25586650734696226 0.35924210113890576 0.25282345191170935 0.3576733338945643 0.24291310657066728 0.35528666756910743 0.23855272434852393 0.355556450751668 0.23459654995600804 0.3578153991239432 0.23152418546387832 0.3631909177561915 0.2319283932935058 0.3651800829459062 0.2331745198711095 0.36745999554689146 0.2406428912730428 0.37462606533594184 0.25148939816347504 0.37622627892334837
0 0.6619955700998726 0.26104692588719447 0.6664124980028645 0.26013082261504156 0.6705194608776427 0.2561483540038534 0.6719687275865127 0.2528017233679024 0.6720776249163654 0.24825238028028682 0.6706011215835237 0.24530104512924034 0.6673276893930329 0.24306085533483762 0.6639411658408452 0.24211330571961964 0.6533250357056509 0.2411845146822742 0.6491426785897415 0.24602874341291905 0.6482944933770156 0.25572354475680503 0.6508621407733541 0.2594216098393191 0.6548036606374316 0.2606348044053387 0.6619955700998726 0.26104692588719447
0 0.7618634264181992 0.26956714210047117 0.7635053727617416 0.2673228140743097 0.7631388620526798 0.2649027688248667 0.754250532998753 0.25413904379517754 0.7531405403749732 0.2536077538935741 0.747594771287919 0.25420800729398774 0.7348235896497024 0.2580837221807045 0.733717791057767 0.2608091351875318 0.7382603924179887 0.2683705004614864 0.7435464756929282 0.2740431103876016 0.7509499133503243 0.2753420944493826 0.7618634264181992 0.26956714210047117
1 0.7443654501808445 0.33077500739151583 0.7476095733144585 0.33995948306250845 0.7585817536621206 0.35003716519602257 0.7723582246261088 0.3544987862069555 0.7755332199833413 0.35455947324224807 0.7777071200466465 0.3495395272883218 0.7784003227452657 0.3383115432749181 0.780861145244657 0.33331669978146056 0.7833450103361758 0.3313631191665696 0.7837408301021146 0.3268388785394228 0.7879085326895855 0.32546679274707285 0.7919673379472043 0.32864405004233854 0.7980827578745867 0.3248372986544318 0.8079658665916574 0.3209259991928911 0.8092077991374167 0.3199492088854457 0.8095470732225071 0.3160712883478912 0.7972722206163928 0.30436001370298427 0.7908991873098008 0.30119737675383235 0.7816799722344725 0.3008249780785591 0.7690030333976698 0.30362349281595535 0.7637818838672674 0.30381796861710936 0.7552119079052432 0.3026340147433172 0.7490315542333233 0.3005736804039548 0.7388426745198837 0.3046753174348908 0.7312130541390939 0.3059616137314793 0.7343775889997323 0.31275114661349757 0.7285721341005632 0.3196242633404398 0.7278893918985381 0.32412340150711777 0.7328278130246985 0.32716052615392566 0.7362708822577344 0.32746175567955116 0.7443654501808445 0.33077500739151583
1 0.6524957973852752 0.31014628846750647 0.6639768888605728 0.314407089794689 0.6668838103420017 0.31422723433964883 0.6654408100978814 0.3075883162204432 0.6703666491285086 0.30085533214195886 0.6702074725825576 0.2960654465640103 0.6670010465695093 0.28645009083328954 0.6631684240352842 0.2806875531796543 0.6598007490433794 0.2795245635345723 0.6423487596582118 0.28733254211153975 0.6391591097725409 0.29074399801454204 0.6392198494852337 0.29335438083338033 0.6430378174910203 0.3025890614253105 0.6473081509435941 0.3066531813005015 0.6524957973852752 0.31014628846750647
1 0.6609781903389045 0.5403515436203047 0.6684235191487107 0.5444763505307881 0.6718854369420295 0.5445621400265496 0.6761662308911973 0.5418974140550149 0.6809224328792796 0.5371033902453075 0.6891594012209632 0.5321797159014976 0.690857893245354 0.5292890677857438 0.6889206364020365 0.5249948875345749 0.6837706870809208 0.5210709003078418 0.6814899621206688 0.5173979376857966 0.6812365427733036 0.5136852522571687 0.6839319360597773 0.5126185342222029 0.6852869599672335 0.5103491037355727 0.6803338843126348 0.5107841220270598 0.6728927495346728 0.509916018025007 0.6680108740893609 0.5062325732886067 0.6695501895678005 0.49855203959490424 0.6689156049829351 0.4958914518551283 0.6660798837107931 0.49195284428228125 0.6629048883535607 0.49189215724698876 0.6583560205285893 0.49431634072819053 0.6493755702721877 0.50112877041984 0.6468205049713822 0.5072008140626183 0.6476100720703544 0.5113945844719119 0.6454319779752049 0.5131578275174076 0.643008852596379 0.5177217909511369 0.6429753495076578 0.521409373919296 0.6441083847235647 0.5249819266994661 0.6501191013529392 0.5289812213076056 0.6609781903389045 0.5403515436203047
1 0.5757433290949473 0.5033703466553312 0.5784764195019868 0.5018727485606373 0.5777098949951418 0.5007202410299103 0.5813791469515712 0.49843619019716634 0.5871406382654251 0.5019795022851088 0.592305242114979 0.502431346573547 0.5964352475818845 0.5014901408409254 0.6046114762108754 0.49395608367827704 0.6118431552267876 0.4806950734368174 0.612046295358054 0.47506853019988116 0.6086555777740219 0.4708642776762325 0.6019767734710608 0.46789197829647594 0.5867279932060752 0.46373572504292726 0.5775276266910299 0.4631478863377899 0.5733976212241244 0.46408909207041155 0.5713598551146432 0.4708576607237197 0.5728112434224524 0.48400998465978695 0.5710080481000535 0.4947066787715871 0.5736510897375232 0.49754298373464456 0.5692949015472241 0.5010694698256358 0.5707337077595002 0.5044516850364106 0.5747129247441431 0.5052339995427021 0.5757433290949473 0.5033703466553312
1 0.5332055850780117 0.5467571034330292 0.5356747956410919 0.5482756657564332 0.5461024401734582 0.5513588570924199 0.5509759275550815 0.5485288960119588 0.5586809421770025 0.5463808395959137 0.5646183369981512 0.5379996426599225 0.5740553467331843 0.5292733551599647 0.5759234758001204 0.5244437467754335 0.5748888774174719 0.5230506967543735 0.5658581479449716 0.520523897780459 0.5496355090100302 0.5175849773246888 0.5422655744413551 0.5125984102947487 0.5388790508891674 0.5116508606795308 0.5353228902944347 0.5126422713330899 0.5256555038041637 0.5206971362829868 0.5158289407679416 0.523962115654935 0.5157765891189376 0.5278651386529581 0.5185746132705141 0.5322346262855333 0.5253518544067337 0.5373864284244 0.5332055850780117 0.5467571034330292
1 0.43178597868381347 0.6253709308949783 0.4385171346357787 0.6244402072767115 0.44385137552787784 0.6229530912963728 0.44878140859034943 0.6194768101263192 0.44980761890930926 0.6143564543305176 0.4491918828847267 0.6114804265608774 0.4455707885454568 0.6066047514871674 0.4367096961155017 0.6021389922444758 0.42898163890145347 0.6012457857819541 0.41932471290777656 0.6025718048851252 0.41571200663219543 0.6042095356282768 0.41303965593784875 0.6083175165418091 0.40977880584289117 0.6158474354726987 0.4103945418674737 0.6187234632423388 0.413305657380747 0.6218003106957293 0.41720948012425885 0.6234443853214773 0.43178597868381347 0.6253709308949783
5 0.511452028248589 0.6599111183817985 0.5197308877426827 0.6578132668866912 0.5241247730535473 0.6538559007359714 0.5235194975255589 0.6442510271196058 0.520759170494548 0.6394506594273024 0.4958157671153199 0.637051305336653 0.4942115178923429 0.6388647533030861 0.49398952920079375 0.6447067365698864 0.49533409261165584 0.649166151929982 0.4987813558765361 0.6527240843640383 0.511452028248589 0.6599111183817985
5 0.6832006429123234 0.28634774841049315 0.6878290990102702 0.2863185077182656 0.6916910306013722 0.2851367594953111 0.6977499048479064 0.2819763281969967 0.7000599388650356 0.27870500494245215 0.7000934419537568 0.275017421974293 0.6941497315018247 0.2636429614298354 0.6898605494889682 0.25979428158450857 0.6873347932450395 0.2589220393506971 0.6797805671053809 0.259346575527829 0.672842076990305 0.2626471394746011 0.6700000892534131 0.2686940806569106 0.6700985260866715 0.27087358341602064 0.6733426492202854 0.2800580590870132 0.6773637573573384 0.2836661964420072 0.6832006429123234 0.28634774841049315
5 0.27874702959167663 0.378611012667884 0.28262780974306134 0.3772138244150653 0.28803325084444736 0.3716082454068391 0.29207947400653284 0.3650153939768123 0.2871599014406553 0.3617628293001404 0.2831241387751638 0.3616268348834413 0.27925801315221754 0.35955188019796513 0.2735761101113393 0.3584035108989969 0.26336838183761685 0.362720587959797 0.2627652279085673 0.36961466891544925 0.2652951781843403 0.3737436140576915 0.2722232078028222 0.37717189595764516 0.27874702959167663 0.378611012667884