4 0.8761520737327189 0.4984861591695502 0.8715437788018432 0.5023788927335641 0.8683755760368663 0.511461937716263 0.868663594470046 0.5168685121107266 0.883352534562212 0.5341695501730104 0.8873847926267281 0.53719723183391 0.890552995391705 0.5378460207612458 0.8971774193548387 0.5374134948096886 0.9020737327188939 0.5352508650519032 0.9040898617511521 0.5330882352941176 0.9066820276497696 0.5259515570934257 0.9043778801843319 0.51340830449827 0.9049539170506913 0.5080017301038062 0.9014976958525345 0.5045415224913495 0.8810483870967742 0.4967560553633218 0.8761520737327189 0.4984861591695502
4 0.7404953917050692 0.4530709342560554 0.736463133640553 0.45263840830449825 0.7315668202764977 0.45350346020761245 0.7249423963133641 0.4558823529411765 0.719758064516129 0.4599913494809689 0.7183179723502304 0.46431660899653987 0.7194700460829493 0.47166955017301043 0.7263824884792627 0.48205017301038067 0.731278801843318 0.4878892733564014 0.7341589861751152 0.4898356401384083 0.7422235023041475 0.4907006920415225 0.7517281105990783 0.4878892733564014 0.753168202764977 0.4844290657439447 0.7528801843317973 0.47037197231833916 0.7502880184331797 0.4593425605536333 0.7459677419354838 0.455666089965398 0.7404953917050692 0.4530709342560554
4 0.661578341013825 0.47037197231833916 0.6584101382488479 0.47145328719723184 0.6546658986175116 0.474264705882353 0.6503456221198156 0.4811851211072665 0.6500576036866359 0.49113321799307963 0.6512096774193548 0.49480968858131497 0.6581221198156681 0.5025951557093425 0.6730990783410139 0.4993512110726644 0.6817396313364055 0.4945934256055364 0.684331797235023 0.4878892733564014 0.6834677419354838 0.4785899653979239 0.6794354838709677 0.47361591695501737 0.6719470046082949 0.4701557093425606 0.661578341013825 0.47037197231833916
4 0.6826036866359446 0.49351211072664364 0.675979262672811 0.4984861591695502 0.661578341013825 0.5015138408304499 0.6589861751152073 0.5041089965397925 0.6595622119815668 0.5125432525951558 0.6630184331797235 0.5222750865051904 0.6684907834101382 0.5263840830449827 0.6745391705069125 0.5285467128027682 0.6794354838709677 0.5285467128027682 0.6826036866359446 0.5276816608996541 0.6857718894009217 0.5255190311418685 0.6947004608294931 0.5155709342560554 0.6944124423963134 0.5118944636678201 0.6898041474654377 0.5012975778546713 0.6860599078341014 0.49589100346020765 0.6826036866359446 0.49351211072664364
4 0.2727534562211981 0.5674740484429066 0.26699308755760365 0.5676903114186851 0.2615207373271889 0.5666089965397925 0.2586405529953916 0.564446366782007 0.252016129032258 0.569204152249135 0.2514400921658986 0.5717993079584776 0.25432027649769584 0.5778546712802768 0.2566244239631336 0.5798010380622838 0.2658410138248848 0.583044982698962 0.2698732718894009 0.5832612456747406 0.2727534562211981 0.5826124567474049 0.2805299539170506 0.5780709342560554 0.2836981566820276 0.573961937716263 0.28485023041474655 0.5670415224913495 0.28312211981566815 0.5653114186851211 0.27966589861751145 0.5653114186851211 0.2727534562211981 0.5674740484429066
5 0.23099078341013826 0.5380622837370242 0.22839861751152074 0.5384948096885813 0.22033410138248843 0.5445501730103807 0.21889400921658986 0.5467128027681661 0.219758064516129 0.55060553633218 0.22811059907834103 0.557742214532872 0.23876728110599074 0.557742214532872 0.24481566820276496 0.5547145328719724 0.24683179723502305 0.5501730103806228 0.24711981566820276 0.5443339100346021 0.24625576036866353 0.5423875432525952 0.24164746543778798 0.5397923875432526 0.23099078341013826 0.5380622837370242
5 0.2661290322580645 0.5445501730103807 0.2620967741935484 0.5449826989619377 0.2580645161290322 0.5473615916955017 0.25489631336405527 0.553416955017301 0.2563364055299539 0.5609861591695502 0.2612327188940092 0.5661764705882353 0.2658410138248848 0.5679065743944637 0.27131336405529954 0.5683391003460209 0.2773617511520737 0.5670415224913495 0.2808179723502304 0.5653114186851211 0.28312211981566815 0.5612024221453288 0.28283410138248843 0.5538494809688582 0.27966589861751145 0.5501730103806228 0.2724654377880184 0.5458477508650519 0.2661290322580645 0.5445501730103807
5 0.2762096774193548 0.40916955017301043 0.2698732718894009 0.4137110726643599 0.26728110599078336 0.41846885813148793 0.2681451612903226 0.42171280276816614 0.271889400921659 0.4266868512110727 0.2762096774193548 0.42928200692041524 0.28110599078341014 0.42949826989619383 0.28657834101382484 0.4282006920415225 0.29147465437788017 0.4253892733564014 0.29262672811059903 0.4225778546712803 0.2917626728110599 0.4169550173010381 0.28917050691244234 0.414143598615917 0.28312211981566815 0.41068339100346024 0.2762096774193548 0.40916955017301043
5 0.3251728110599078 0.4160899653979239 0.3220046082949309 0.4180363321799308 0.32171658986175117 0.4219290657439447 0.32315668202764974 0.4253892733564014 0.3248847926267281 0.4282006920415225 0.32805299539170507 0.43036332179930803 0.33726958525345624 0.42928200692041524 0.34591013824884786 0.43036332179930803 0.34907834101382484 0.4273356401384083 0.3493663594470046 0.4234429065743945 0.34562211981566815 0.41673875432525953 0.34216589861751145 0.4145761245674741 0.3251728110599078 0.4160899653979239
5 0.33294930875576034 0.42928200692041524 0.32776497695852536 0.43036332179930803 0.3220046082949309 0.4353373702422146 0.3211405529953916 0.4381487889273357 0.3225806451612903 0.44420415224913495 0.3245967741935484 0.4474480968858132 0.33122119815668205 0.4493944636678201 0.3387096774193548 0.4491782006920416 0.3441820276497696 0.4478806228373703 0.3485023041474654 0.44052768166089973 0.3485023041474654 0.4353373702422146 0.34706221198156684 0.4320934256055364 0.34187788018433174 0.43014705882352944 0.33294930875576034 0.42928200692041524
5 0.29608294930875567 0.4586937716262976 0.28139400921658986 0.46518166089965407 0.27937788018433174 0.4669117647058824 0.279089861751152 0.47037197231833916 0.28341013824884786 0.4762110726643599 0.2857142857142857 0.4768598615916956 0.29349078341013823 0.4764273356401384 0.3029953917050691 0.47296712802768165 0.30702764976958524 0.47037197231833916 0.3090437788018433 0.4671280276816609 0.3084677419354838 0.4647491349480969 0.30529953917050684 0.4608564013840831 0.3004032258064516 0.4586937716262976 0.29608294930875567 0.4586937716262976
5 0.2762096774193548 0.5092993079584776 0.2692972350230415 0.5110294117647058 0.2681451612903226 0.5121107266435987 0.26728110599078336 0.5155709342560554 0.26872119815668205 0.5263840830449827 0.27044930875576034 0.5294117647058825 0.2727534562211981 0.5309256055363323 0.2836981566820276 0.5281141868512111 0.28657834101382484 0.5289792387543253 0.29349078341013823 0.5289792387543253 0.29550691244239624 0.5261678200692042 0.2952188940092165 0.5203287197231834 0.290610599078341 0.5140570934256056 0.28341013824884786 0.5101643598615917 0.2762096774193548 0.5092993079584776
5 0.28341013824884786 0.5307093425605537 0.27966589861751145 0.530060553633218 0.27361751152073727 0.5322231833910035 0.2692972350230415 0.5395761245674742 0.27073732718894006 0.5434688581314879 0.28312211981566815 0.5527681660899655 0.2900345622119816 0.553416955017301 0.2978110599078341 0.5497404844290659 0.30069124423963134 0.5395761245674742 0.29723502304147464 0.5339532871972319 0.29349078341013823 0.5311418685121108 0.2868663594470046 0.5294117647058825 0.28341013824884786 0.5307093425605537
5 0.43980414746543783 0.47037197231833916 0.4279953917050691 0.4751297577854672 0.4268433179723502 0.4775086505190312 0.4326036866359447 0.48399653979238755 0.434331797235023 0.4907006920415225 0.4337557603686636 0.4945934256055364 0.43461981566820274 0.495242214532872 0.4455645161290322 0.497188581314879 0.4504608294930875 0.4969723183391004 0.45420506912442393 0.4954584775086506 0.46543778801843316 0.4775086505190312 0.4660138248847926 0.47383217993079585 0.4602534562211981 0.4671280276816609 0.4533410138248848 0.4599913494809689 0.4412442396313364 0.4682093425605537 0.43980414746543783 0.47037197231833916
5 0.47494239631336405 0.47361591695501737 0.47091013824884786 0.47448096885813157 0.466589861751152 0.4770761245674741 0.459389400921659 0.4878892733564014 0.4570852534562212 0.49178200692041524 0.45593317972350234 0.4980536332179931 0.4637096774193548 0.5034602076124568 0.47033410138248843 0.5054065743944637 0.4763824884792626 0.5030276816608997 0.4838709677419355 0.5017301038062284 0.4893433179723502 0.4982698961937716 0.49279953917050684 0.49416089965397925 0.4953917050691244 0.48810553633218 0.4942396313364055 0.48464532871972327 0.49078341013824883 0.4796712802768167 0.48444700460829493 0.4751297577854672 0.47494239631336405 0.47361591695501737
5 0.5069124423963134 0.45004325259515576 0.4939516129032258 0.45263840830449825 0.4902073732718894 0.45415224913494817 0.4818548387096774 0.46042387543252594 0.4798387096774193 0.4632352941176471 0.47868663594470046 0.47037197231833916 0.4807027649769585 0.47361591695501737 0.48502304147465436 0.47534602076124577 0.4951036866359447 0.48291522491349487 0.4982718894009216 0.48421280276816614 0.5046082949308756 0.48226643598615915 0.5086405529953917 0.4798875432525952 0.5109447004608294 0.4772923875432526 0.5164170506912442 0.467560553633218 0.5210253456221199 0.4565311418685122 0.5198732718894009 0.45371972318339104 0.5184331797235023 0.45220588235294124 0.5123847926267281 0.45025951557093424 0.5069124423963134 0.45004325259515576
5 0.5472350230414746 0.46345155709342567 0.5400345622119815 0.46366782006920415 0.5227534562211982 0.4688581314878893 0.5190092165898618 0.47188581314878897 0.5161290322580645 0.4770761245674741 0.5164170506912442 0.48075259515570934 0.518721198156682 0.48464532871972327 0.5216013824884793 0.4878892733564014 0.5262096774193548 0.4907006920415225 0.5342741935483871 0.4915657439446367 0.5434907834101382 0.4889705882352942 0.5535714285714286 0.48421280276816614 0.5576036866359446 0.48075259515570934 0.559331797235023 0.4772923875432526 0.5587557603686636 0.4673442906574395 0.5573156682027649 0.46518166089965407 0.5538594470046083 0.46539792387543255 0.5472350230414746 0.46345155709342567
5 0.4743663594470046 0.42474048442906576 0.46716589861751145 0.4243079584775087 0.4602534562211981 0.4266868512110727 0.4567972350230415 0.42928200692041524 0.4550691244239631 0.43252595155709345 0.45420506912442393 0.43879757785467133 0.4556451612903226 0.4455017301038063 0.4553571428571428 0.4498269896193772 0.4570852534562212 0.45371972318339104 0.4602534562211981 0.4569636678200692 0.47091013824884786 0.46237024221453293 0.4775345622119816 0.46215397923875434 0.4855990783410138 0.4571799307958478 0.4899193548387097 0.45220588235294124 0.4902073732718894 0.43339100346020765 0.4890552995391705 0.4312283737024222 0.48502304147465436 0.4282006920415225 0.4743663594470046 0.42474048442906576
5 0.6857718894009217 0.4288494809688582 0.6817396313364055 0.43014705882352944 0.6751152073732719 0.43014705882352944 0.6719470046082949 0.427984429065744 0.6713709677419354 0.42841695501730104 0.6679147465437788 0.4364186851211073 0.6682027649769585 0.4455017301038063 0.6702188940092165 0.45047577854671284 0.6748271889400922 0.4548010380622838 0.6788594470046083 0.4567474048442907 0.6857718894009217 0.4567474048442907 0.6923963133640554 0.4530709342560554 0.6944124423963134 0.4498269896193772 0.6941244239631337 0.44096020761245674 0.6929723502304148 0.4342560553633218 0.689516129032258 0.43036332179930803 0.6857718894009217 0.4288494809688582
5 0.711405529953917 0.4762110726643599 0.7082373271889401 0.4803200692041523 0.7073732718894009 0.4852941176470589 0.709389400921659 0.49113321799307963 0.7168778801843319 0.49567474048442917 0.7237903225806452 0.495242214532872 0.7289746543778801 0.49221453287197237 0.7304147465437788 0.49113321799307963 0.7298387096774194 0.4863754325259516 0.7243663594470047 0.4794550173010381 0.7171658986175116 0.4749134948096886 0.711405529953917 0.4762110726643599
5 0.8545506912442397 0.5045415224913495 0.8496543778801844 0.5010813148788927 0.8421658986175116 0.5006487889273357 0.8378456221198156 0.5025951557093425 0.836405529953917 0.5047577854671281 0.836405529953917 0.515787197231834 0.8387096774193548 0.5231401384083045 0.8424539170506913 0.5270328719723183 0.8502304147465438 0.5302768166089966 0.8565668202764977 0.5304930795847751 0.8631912442396313 0.52530276816609 0.8654953917050691 0.5190311418685122 0.8646313364055299 0.5168685121107266 0.8629032258064516 0.5136245674740485 0.8577188940092165 0.5103806228373703 0.8545506912442397 0.5045415224913495
5 0.8951612903225806 0.48248269896193774 0.8873847926267281 0.48269896193771633 0.8839285714285714 0.48399653979238755 0.8801843317972351 0.4907006920415225 0.8807603686635945 0.49416089965397925 0.8824884792626728 0.4963235294117648 0.8931451612903226 0.5021626297577855 0.9012096774193548 0.5045415224913495 0.9061059907834101 0.504325259515571 0.9133064516129032 0.501946366782007 0.9164746543778802 0.4982698961937716 0.9161866359447005 0.49437716262975784 0.9138824884792627 0.49091695501730104 0.9081221198156681 0.4859429065743945 0.8951612903225806 0.48248269896193774