3 0.3435894257158354 0.6277106433751612 0.33200850706751583 0.6323240645440451 0.32758170683931 0.6351417242365178 0.32035241228457745 0.6442176223692908 0.3201873089480478 0.651920833247423 0.3215657191112936 0.6592888447900446 0.3251979255895943 0.6671359155280989 0.3365266218331159 0.6761767368289676 0.34329995371193 0.6789430194800066 0.3533401669941166 0.6801927550164828 0.3706124829646781 0.6778945497900363 0.38224750001395996 0.6688707392051583 0.387291847721892 0.6617624548955495 0.3891803189620187 0.6528778962383655 0.3866181041066406 0.6441527871441718 0.38263813175434624 0.6393271183579412 0.3733953203557073 0.6329406097607876 0.36803061117380254 0.6304737391068941 0.35647990505914645 0.6280185607303019 0.3435894257158354 0.6277106433751612
3 0.3723794605964229 0.5407494036724513 0.3632441356006292 0.5463248406579677 0.3595276181877027 0.5499567588813836 0.35478888088645144 0.5597831357199036 0.35573873277379986 0.566396771131011 0.3607584842153533 0.5774130011065782 0.3721202011261808 0.5849131802318205 0.3812372565219605 0.5877354478565213 0.3979369886137514 0.5895163301363253 0.402477601911167 0.5889338063515639 0.413662982950895 0.5820253668755393 0.4226486660765304 0.5702274787880881 0.4239764963715359 0.5667511127018956 0.42362592236389973 0.5642445572838696 0.4155851852574072 0.5508174416280707 0.4025661417775943 0.5414173259306276 0.3936289407856363 0.5377489098623853 0.38509922033591926 0.5377046171660248 0.3723794605964229 0.5407494036724513
3 0.5846452490146549 0.45918078755720215 0.5703552817744415 0.45437460589980727 0.5662312838192738 0.45438240075134156 0.5638995032359577 0.4556555208424207 0.5596223448779098 0.4646956316368283 0.5597600438144185 0.46958897767402197 0.5682412821304581 0.48509957452607616 0.5745888638670171 0.4926394384154508 0.5976242347617176 0.5006310795198881 0.6047123118472193 0.5019166023947297 0.6148754729986227 0.501202621533809 0.6194940705642996 0.498867918462536 0.6208338437929546 0.4967206574410845 0.6213495211371205 0.4915240019809781 0.6151220791361356 0.47649246432435666 0.6148944529977161 0.4720221925089336 0.6128865524210948 0.46761570051870677 0.6099554939580665 0.4647817406167044 0.6067546538893058 0.4632170033800141 0.5846452490146549 0.45918078755720215
5 0.5127106249394895 0.5011540657986819 0.5184497939963293 0.5087857020000838 0.5205146011075555 0.5143097619441664 0.536111320909118 0.5185093247557362 0.5415420714256346 0.5178949110583768 0.5440537064127724 0.5157756425237563 0.5452796665722176 0.5113932455945933 0.5274804407229203 0.49677627680174724 0.5211026464526978 0.4963050124578488 0.5167749082264097 0.4945007456234422 0.5134511202884323 0.49489972478414906 0.5119314926559557 0.49789313424914194 0.5127106249394895 0.5011540657986819
5 0.5465997828653751 0.4705502829841934 0.5433898079966075 0.47318439805261175 0.532234639490543 0.47302423798316023 0.5266148997701977 0.47868365242916955 0.5259671397568082 0.4900428765917816 0.5297792006389305 0.49704379888629446 0.5399030144566634 0.5075972698759588 0.5421687537053677 0.5094054341361324 0.5494036645273851 0.5113854507430591 0.5617306947919325 0.5115736032993417 0.567194465975755 0.5094185474263558 0.5686691300072761 0.5066366750722484 0.5708962323213896 0.49892956676834893 0.5715348575347722 0.49176919491084564 0.5661434543519259 0.48111615675762004 0.5604942124969969 0.4730614463344476 0.5567748869504279 0.47116540718801375 0.5496418462639706 0.47009142142405735 0.5465997828653751 0.4705502829841934
5 0.44267083223349113 0.4358571206795375 0.4299840931613005 0.4373612650103377 0.42630059641568 0.4394525410581272 0.41754253942846387 0.4557207009610017 0.41257617598879326 0.4610768059840984 0.41191366490811177 0.4655789677121196 0.41627723193534827 0.47137054974074954 0.4203801521568594 0.4742325021295829 0.4358750018228615 0.4775260340981822 0.44358062638808937 0.4745209323558878 0.4583174215042142 0.4716837855345795 0.4707645915043358 0.4643802643236151 0.4753593032027138 0.45938735112285983 0.4760337572170448 0.4562142944595798 0.47460124865283665 0.45325667233295225 0.4575964677810934 0.4498632889982071 0.4512391896177991 0.4454166859399713 0.44943502931229806 0.4428222556356852 0.44774187394236453 0.4369350038692609 0.44267083223349113 0.4358571206795375
5 0.4735052734280522 0.42516581877510173 0.48106406425676446 0.4214662233007225 0.49066096819576155 0.4151045202710937 0.4923154866311042 0.4114764994734448 0.48741235639240293 0.408223362775439 0.47622135908539 0.4040758875117641 0.46395404348909003 0.410533260279187 0.4549444744961555 0.41967293823715607 0.44874301609703265 0.4336102924945247 0.44817043221826197 0.4376893800007752 0.44995351479010637 0.44315355754542873 0.4528515525858288 0.4475281596230575 0.4560074290536341 0.4493044339706331 0.4730907558203671 0.4520512294928364 0.47669626829772627 0.45171213273155864 0.4812699022624479 0.449588966771171 0.49161010968403024 0.4425008800968592 0.49247636103583226 0.43981078005477886 0.49172111461959755 0.4392080586347209 0.4868299273145456 0.4372840270014562 0.48409066618898844 0.4349330237206536 0.4763372698891627 0.43262170520398346 0.4718957185936648 0.4285823024618652 0.4735052734280522 0.42516581877510173
5 0.5863672630454442 0.3222471785505025 0.5874309280020021 0.3310959498693215 0.589516812846885 0.3337502625730366 0.5927176529156456 0.33531499980972684 0.6010106124269361 0.335087872995773 0.6144048261807635 0.3288700298260663 0.6184360888003779 0.32375735182645304 0.619278454284881 0.3184090416548905 0.6169438655679224 0.31415420437611974 0.611600234119674 0.30881758648185864 0.6035082067458616 0.30532881761190356 0.5953410032374302 0.3091201853983101 0.5887861626970287 0.31502302686780287 0.5863672630454442 0.3222471785505025
5 0.656656470022598 0.36836192383004446 0.6591048718087664 0.37485189701652677 0.6623745613457814 0.37886330727181383 0.6658121623529686 0.38069946401881855 0.6703078120494289 0.38032847734494263 0.6769884085926895 0.37798987684790253 0.6830367065889322 0.3730848385334074 0.6860942314538993 0.35870031499320437 0.6853720057049705 0.35655695139752 0.6752510000208801 0.35153143777770557 0.663532382436052 0.35125151290939594 0.6568068222918357 0.3538016505173214 0.6555808621323905 0.35818404744648447 0.656656470022598 0.36836192383004446
5 0.6476736284932807 0.29702891425886374 0.6448591912331046 0.3019580476344227 0.6437470441428691 0.30857558047129735 0.6474452919557817 0.31334136685809877 0.6509278565639243 0.3149659864942181 0.6649122133974569 0.31705407562270155 0.6686526166776822 0.3160803675287677 0.6724049628915572 0.3164357644995751 0.6757168078958851 0.31470768027412716 0.6796131797126332 0.3102296136071697 0.6818971885613515 0.3036400732571263 0.6804169082625453 0.2953660308715341 0.6743629939990177 0.28921515444632967 0.667916350260541 0.28629721708383443 0.6642658741822263 0.28684785095599763 0.656515286016043 0.2900644898091772 0.6476736284932807 0.29702891425886374
5 0.7115864619983713 0.30110694636519136 0.7036679623620158 0.3064988387266534 0.6995587154741403 0.3133636960127787 0.6997203002779477 0.32091525217945455 0.7062596793519778 0.32893807269002895 0.7100387195667942 0.33747963716016827 0.7149088291381895 0.3422734160338005 0.7269450000633481 0.34660053849576267 0.7301788607994146 0.34662463355682666 0.7351241465054289 0.3441382757740974 0.7367006806725103 0.3422624342629602 0.7373484406858998 0.3309032101003482 0.7344778072901984 0.3139320511073934 0.7308456008118978 0.3060849803693391 0.7254450628290445 0.29963079452122227 0.7187855440194403 0.2990996477778948 0.7115864619983713 0.30110694636519136
5 0.7045841166456543 0.24677698569956358 0.698997397592615 0.25089575796994645 0.6956433971209742 0.25836333667612943 0.6967969892794431 0.26678903377317775 0.6999437309472414 0.2727641604258621 0.7093214331487464 0.2785160576903596 0.7184715092118321 0.2797976831394341 0.7270672709961609 0.2767606914845418 0.7297587603871202 0.2737952745063799 0.7318509718983676 0.2667227775351367 0.7309699694792735 0.26255581514262605 0.7288721417007414 0.2585723973741698 0.7239001619937857 0.2528725876575671 0.7216344227450813 0.2510644233973933 0.708843005403688 0.24613457951537324 0.7045841166456543 0.24677698569956358
5 0.7190932856233597 0.239469567062832 0.7177654553283542 0.24294593314902474 0.7246223877427146 0.25501595125325144 0.7302358007966953 0.25908334648220055 0.7334246979318065 0.25931897865414977 0.7377735138917509 0.2582534982481888 0.7416818286421486 0.25510453664597244 0.7442475620302489 0.24857487869535805 0.7464058148761079 0.23842109737286168 0.7431241824054433 0.23308058205283344 0.7375107693514626 0.22901318682388444 0.7296674458497261 0.22712494252898482 0.7253186298897815 0.22819042293494585 0.7181223560023549 0.23572567889209223 0.7190932856233597 0.239469567062832