2 0.5077980774903742 0.5924700541720813 0.5144137081314958 0.6000368507378229 0.5221018426578844 0.603595479835566 0.5308097694158183 0.6035752434340144 0.5309719468850005 0.5998910760826988 0.5289262191351314 0.5952821508396071 0.5287498133631374 0.5919921848396543 0.5316389275725577 0.589732278583498 0.5359270013843721 0.5902587878436009 0.5424189379072216 0.5941063164406865 0.5459548202641171 0.5936689199113628 0.552752840914503 0.5855702418997553 0.5541233439112737 0.5744083907134774 0.5507617665476099 0.5639728355558655 0.5479861606616663 0.5605816149842024 0.5434689694241358 0.5571944416928497 0.5400912220284062 0.5563439323160644 0.5312778719630284 0.5572227726550221 0.5220691844947362 0.5613213777592523 0.5048966767073962 0.571196647944874 0.5026806864723119 0.5750644129435114 0.5016000975710119 0.5838651033019226 0.5024232714904808 0.5889775790287081 0.5041081026803294 0.5917990951623073 0.5077980774903742 0.5924700541720813
4 0.21805492046430927 0.725974436494382 0.226841914702826 0.7253102471397759 0.24004471937944566 0.7264955735687216 0.25733687877704126 0.7227358327969623 0.2616817067505941 0.7204367786431555 0.2675126468231568 0.7154876641621402 0.2707180309549089 0.7106519460937658 0.2751134698034213 0.6937606722843677 0.27470584582694896 0.6734471245662765 0.2715774283970173 0.6634759719947076 0.2690126691259615 0.6583675435482327 0.26566532006510923 0.6549061217418892 0.25600648276141796 0.6484908758932064 0.24587324057422907 0.6459393477628506 0.23874876420671623 0.6472434427902009 0.23021724322077639 0.6505536451917056 0.22347597673212882 0.6558267597894033 0.21722334342979047 0.6642102900200427 0.20654681467331643 0.6755368273575433 0.2011173552904472 0.6890328333149681 0.20011179136171373 0.6995858321655317 0.2018676050161122 0.7065559182364899 0.20616990713073835 0.7140565608478613 0.21805492046430927 0.725974436494382
4 0.13201307972931078 0.6042874196407316 0.14214227940848323 0.6092352092162943 0.15198965000821782 0.6117516367293099 0.15412253025470274 0.6109240861289338 0.15817744413278492 0.6109861928029934 0.16594464613975646 0.6139008689476823 0.18471079011231264 0.6146798521843343 0.18923606636587587 0.6132745025852737 0.19155343740038763 0.6109443950944371 0.20185694207279165 0.605019232983064 0.2039411531735711 0.6022247229061842 0.20341193585758915 0.5923548249063257 0.20673082831281797 0.5818679800101322 0.2058589852476434 0.5747885448068433 0.2028502194279674 0.5709329216491369 0.19510322996107796 0.5560369382784147 0.1948558417245339 0.548598402341103 0.19244517490662752 0.5445983294337257 0.1857504767849231 0.5376754858210389 0.17650929020299094 0.5302220856679386 0.17263886711293558 0.5286574221034185 0.1606018621049777 0.5297941086046886 0.15126543801039694 0.5325697071854695 0.1400516069219081 0.538818869413525 0.13007051545861464 0.5539348759543619 0.12690377372728126 0.5820892555217483 0.1281182425416485 0.5863782279284677 0.1287447981490415 0.6001820448813335 0.13201307972931078 0.6042874196407316
4 0.23154490225960353 0.5877472971326386 0.23448268561472943 0.587454350352986 0.24191130438052472 0.5907632278490377 0.2553695823097213 0.5945945673248818 0.2618168921948817 0.594078875000257 0.2742269212869097 0.5875408132728595 0.28341329543635746 0.581260597707774 0.2862273846732113 0.5772483829594657 0.2878391326197472 0.5617584114688177 0.29006320787086437 0.5530981235797671 0.29319356703004995 0.5465100970192408 0.2944282483844994 0.538817762199927 0.29356044782734114 0.5293420655514313 0.2893068148584205 0.5238083824165636 0.2822167793338014 0.5201053035691492 0.2754612845423422 0.5184042848155787 0.26873618808576033 0.5140923536324499 0.26481305334198313 0.5129569920366326 0.2616157542262639 0.5130001872145935 0.251056776301283 0.5162793362790683 0.24634700925969297 0.5191872427685893 0.2354636763963475 0.5298347265356952 0.22657335962914932 0.5455204375145959 0.22406745529859426 0.5517493633410997 0.2229118414247278 0.5587977452073589 0.21941654319750498 0.5659946241035996 0.21873129169911967 0.5715755496967385 0.21947944064602223 0.5749357169313717 0.22523341401676444 0.5847934730902992 0.23154490225960353 0.5877472971326386
4 0.46817171074870406 0.6457803966171491 0.4708986474889422 0.6472046577123085 0.47263619033251236 0.6495968718772048 0.47578482030252617 0.6475867172227402 0.4801256057680626 0.6476839245141404 0.4866438981177731 0.6513168021268743 0.498451785700015 0.6473194515943543 0.5081612338786659 0.6391424777874459 0.5159161493120799 0.618523841448771 0.5163378425418554 0.615089425699147 0.515097017900627 0.6110151042767791 0.5129945359890196 0.6092317424475969 0.49904358236549734 0.6046862487840179 0.49532725172859154 0.6042299407585954 0.4902829439538416 0.6051357871542725 0.47893733373104797 0.6124582043040856 0.4645525593537008 0.6185359107257504 0.45822085857077954 0.6275633939094443 0.45724973548493997 0.6331092188852431 0.46164937589097715 0.6445437804496217 0.46271379476021146 0.6453281358720371 0.46817171074870406 0.6457803966171491
4 0.5830998558223477 0.593654128259526 0.5911752427356182 0.5987855154824102 0.5975171293133348 0.5991284270951913 0.6132602791634032 0.5890776538228687 0.6175827938181115 0.5845969892082067 0.6244375686302358 0.5736727477826896 0.624626101926279 0.5697739294470224 0.6230203382170135 0.5663084603603686 0.617803667178286 0.5615280793108863 0.605853814666944 0.5572282899686887 0.5972736245352986 0.5585715328936895 0.5778445423832017 0.5655550857110316 0.5704605502550953 0.5666094291366901 0.5678045959794074 0.5693337379788896 0.5658055956459898 0.5832509513443969 0.5665537445928923 0.5866111185790299 0.567798611742137 0.5882891785561914 0.5710972916572837 0.5897836408860312 0.5830998558223477 0.593654128259526
4 0.6479660322485956 0.540392425742134 0.6550337544543701 0.5419138941286933 0.6643134243872124 0.541963858961822 0.6674093427035042 0.5403830062760604 0.6701443644597751 0.5370147444808065 0.6713790458142246 0.5293224096614928 0.669878705412403 0.524998336637433 0.6563677158294846 0.5215962991302918 0.6497967118260521 0.5183927234862608 0.6453849438959656 0.514146946257502 0.639122124798832 0.5131600816916662 0.6358194023756689 0.5140618808070332 0.6319104959347034 0.5199006525624844 0.6312516002631791 0.5252669271712719 0.6332973280130482 0.5298758524143635 0.6375773168088297 0.5351948845648797 0.6479660322485956 0.540392425742134
4 0.9749363473892873 0.6047247974157319 0.990241633977514 0.6076934856738598 0.9929562841441945 0.5855844342856557 0.9883559829180648 0.5852374753925641 0.9847450755886029 0.5839225634297356 0.9829548210913105 0.5819596512335423 0.9752930423917829 0.5781863711514474 0.9716334659166156 0.5749044997121153 0.968203006867164 0.574483292304033 0.9639251188501448 0.5833271778404053 0.9629986224019943 0.5932362237379143 0.9635886363877308 0.5978842968786565 0.9683126317321328 0.6019505237404038 0.9749363473892873 0.6047247974157319
5 0.9933779773739702 0.5821500185360317 0.9981483820358065 0.5432981903684108 0.9927695335278968 0.5422019766702441 0.9830458570464344 0.5434048171258843 0.9765945046532577 0.5463167708957156 0.9739912620312914 0.5486117777692121 0.9690767916615926 0.5650035483752269 0.96924915492557 0.5706897758203864 0.9701290830067775 0.5729766881332623 0.9780463349588822 0.5793959812622553 0.9933779773739702 0.5821500185360317
5 0.9418992554618775 0.6658165874108926 0.950047566568952 0.6585373654390405 0.9569692813376098 0.6541579553960888 0.9650871941098067 0.649489645853795 0.9744236182043874 0.646714047273014 0.9757596803582643 0.6405593699615009 0.9720777905642526 0.6350958880613137 0.9676883359530105 0.6330317212934101 0.9603610979866426 0.6312605013051591 0.954850470344428 0.6312375425287499 0.9485045412586951 0.6332908923611754 0.9425418220518276 0.6393132617639483 0.9379253507936323 0.6485513486516833 0.9338359960726562 0.6534964158523884 0.9323762398005074 0.6559318251952457 0.932161350677603 0.6600452945152643 0.9362345353665134 0.6646852730953858 0.9392473436942057 0.6661446348078854 0.9418992554618775 0.6658165874108926
5 0.5794363958886722 0.6234906150843841 0.5830026765804451 0.6204423061255022 0.5866784230876784 0.6141391317840077 0.5872055396248979 0.6098461120969778 0.5852611926744561 0.6067748443616867 0.5868263722540489 0.6034808310814237 0.5840467238600888 0.6024858719549673 0.5814779220810167 0.5997737049536989 0.5762531660262563 0.5997858467946298 0.5692787396038764 0.6045945588062845 0.5635491803307412 0.6110813307951006 0.5609905643464642 0.6177395585903074 0.5637398144055468 0.6213454301463219 0.5669594268401107 0.6234838454292163 0.5741062165264681 0.6243613608627211 0.5794363958886722 0.6234906150843841
5 0.21602409035043837 0.46600369091859506 0.22241464607386038 0.46831356200788 0.2325032616233602 0.4665018692165255 0.24208093066770614 0.4593981503313744 0.24109962178707126 0.45557358051069796 0.23416367871560162 0.45297885720238124 0.23016551899925788 0.4500911871144119 0.22133389812305201 0.4463921555473077 0.2083155842344592 0.44370427222790154 0.19958130164966442 0.4439391596138046 0.19419841063373827 0.4452392073608447 0.18925144115039944 0.4500789727095292 0.18851347799829216 0.4560892002713711 0.19131543971109674 0.45926576985868267 0.19902993006434638 0.46260974797207455 0.21602409035043837 0.46600369091859506
5 0.1496714837261639 0.46047126012522865 0.15448263156718148 0.4591010111435082 0.16387580982350058 0.45349984914881764 0.1646624421213134 0.44945658106347935 0.1682591211479637 0.44379735967503936 0.1678495554422373 0.4400429910890433 0.1478993409901913 0.4323641230161135 0.14283676240461335 0.42869209750572884 0.139718530769477 0.4280913397306353 0.13050580079316823 0.43458620628007216 0.12803029479749062 0.4382042196770176 0.13326119413902976 0.44995873407776854 0.13478384785969585 0.4564644175626834 0.13600235918207954 0.4583571285241964 0.13904152333663294 0.4596018392523445 0.1496714837261639 0.46047126012522865
5 0.08557949397466283 0.45543428525493523 0.09684813749563598 0.4629187387450652 0.11108900521462897 0.4651030715807778 0.12045178513607072 0.4621128220156453 0.12069303008583591 0.45778470171127517 0.12220549801170673 0.454919990399715 0.12185268646771881 0.4483400583998093 0.1197765603829722 0.4463420455862758 0.11723815693877734 0.4410189661554493 0.11378538457048124 0.43841614828651176 0.10206869199287147 0.43458076153035724 0.07714515223062557 0.4319563097904634 0.072413071870191 0.4326826058191295 0.06926444190017736 0.43469276047359395 0.06896644278867368 0.44184644419187374 0.07103852636540392 0.4462407184506139 0.07487855112058173 0.45041629444469217 0.08557949397466283 0.45543428525493523
5 0.07615575833395782 0.4329242628602004 0.08990395035862506 0.4343944415081781 0.09341751939667606 0.43177543451799927 0.09337289275898694 0.4274122135962889 0.08885974402947293 0.42162877885972955 0.07912183924519867 0.4158574859641012 0.07195273623999679 0.4127983600697413 0.060386093607519974 0.4124675902978911 0.054739644322984046 0.4159141478884461 0.05387798705260473 0.41820510748163214 0.052343205807889356 0.4188882083323372 0.053091354754791945 0.4222483755669703 0.06575895787815929 0.43251924457335944 0.06877176620585158 0.43397860628585916 0.07615575833395782 0.4329242628602004
5 0.08865698243061797 0.4185534638441283 0.09429534669912107 0.4198994291439865 0.10217201452155289 0.41955923990606275 0.10924782174336031 0.4162881854022088 0.11390487713122843 0.41380958088139075 0.11619993484689564 0.40929786292969894 0.10854219865538442 0.40312832140239746 0.08456746866013368 0.39277643422584985 0.07768019473436957 0.3921486703940366 0.07247775199845374 0.39434242269582287 0.06987450937648765 0.3966374295693193 0.06830932979689494 0.3999314428495825 0.06856480304947184 0.40257745589648086 0.0716749496685752 0.40797073656198773 0.07585355766492947 0.4117521112047033 0.08865698243061797 0.4185534638441283