5 0.3407258064516129 0.7826557093425606 0.3490783410138249 0.7897923875432526 0.3626152073732719 0.7917387543252595 0.3692396313364056 0.7893598615916956 0.37211981566820274 0.7874134948096886 0.3758640552995392 0.7828719723183392 0.37788018433179726 0.7763840830449827 0.37788018433179726 0.7724913494809689 0.3649193548387097 0.761029411764706 0.35944700460829493 0.7590830449826991 0.34706221198156684 0.7601643598615918 0.3421658986175115 0.7627595155709344 0.3389976958525346 0.7660034602076126 0.3378456221198157 0.7698961937716263 0.3407258064516129 0.7826557093425606
5 0.3317972350230415 0.8090397923875432 0.33813364055299544 0.8127162629757786 0.3453341013824885 0.8146626297577855 0.3485023041474654 0.8131487889273357 0.3522465437788019 0.8129325259515572 0.35627880184331795 0.8107698961937716 0.3577188940092166 0.8034169550173011 0.3551267281105991 0.7991637110726645 0.3551267281105991 0.7967128027681661 0.34994239631336405 0.7893598615916956 0.3418778801843318 0.7835207612456748 0.3332373271889401 0.7871972318339101 0.3306451612903226 0.7900086505190311 0.3300691244239632 0.7923875432525953 0.3297811059907834 0.8073096885813149 0.3317972350230415 0.8090397923875432
5 0.32776497695852536 0.7374567474048443 0.33093317972350234 0.7368079584775087 0.33381336405529954 0.7378892733564014 0.33842165898617516 0.742863321799308 0.3487903225806452 0.740916955017301 0.35627880184331795 0.7342128027681661 0.3600230414746544 0.7279411764705883 0.35944700460829493 0.7221020761245676 0.35743087557603687 0.7177768166089966 0.3522465437788019 0.7134515570934257 0.3487903225806452 0.7119377162629759 0.3263248847926267 0.7186418685121108 0.32402073732718895 0.7225346020761246 0.3257488479262673 0.7357266435986161 0.32776497695852536 0.7374567474048443
5 0.32114055299539174 0.7147491349480969 0.32373271889400923 0.7138840830449827 0.3289170506912443 0.7145328719723184 0.3464861751152074 0.7119377162629759 0.3487903225806452 0.710423875432526 0.3453341013824885 0.703287197231834 0.3415898617511521 0.70090830449827 0.3320852534562212 0.6976643598615918 0.3245967741935484 0.6967993079584776 0.3194124423963134 0.698961937716263 0.31682027649769584 0.7028546712802768 0.31768433179723504 0.7115051903114187 0.32114055299539174 0.7147491349480969
5 0.43980414746543783 0.7076124567474049 0.4484447004608295 0.7117214532871973 0.45305299539170507 0.7121539792387543 0.45622119815668205 0.7108564013840831 0.4642857142857143 0.703287197231834 0.4663018433179723 0.6961505190311419 0.46687788018433185 0.6924740484429066 0.4657258064516129 0.6887975778546713 0.4616935483870968 0.6825259515570935 0.4602534562211981 0.6814446366782008 0.45593317972350234 0.6816608996539794 0.44671658986175117 0.6855536332179931 0.4375 0.6920415224913495 0.43519585253456217 0.6967993079584776 0.43519585253456217 0.7026384083044983 0.43980414746543783 0.7076124567474049
5 0.3597350230414747 0.6710640138408305 0.3591589861751152 0.67560553633218 0.3626152073732719 0.6868512110726643 0.3663594470046083 0.6879325259515572 0.3755760368663595 0.6864186851211074 0.3787442396313364 0.6875000000000001 0.38018433179723504 0.6896626297577855 0.38392857142857145 0.6913927335640139 0.39746543778801846 0.6823096885813149 0.39717741935483875 0.6788494809688582 0.39343317972350234 0.6732266435986161 0.38997695852534564 0.661764705882353 0.3853686635944701 0.6565743944636678 0.38018433179723504 0.6535467128027682 0.3761520737327189 0.6533304498269896 0.3726958525345622 0.6541955017301039 0.3591589861751152 0.666089965397924 0.35829493087557607 0.6680363321799309 0.3597350230414747 0.6710640138408305
5 0.46054147465437795 0.5051903114186851 0.4717741935483871 0.5060553633217993 0.47897465437788017 0.5086505190311419 0.48963133640552997 0.5164359861591696 0.49539170506912444 0.5242214532871973 0.5002880184331797 0.5250865051903115 0.5048963133640554 0.5227076124567475 0.5048963133640554 0.5118944636678201 0.5002880184331797 0.5051903114186851 0.4876152073732719 0.4967560553633218 0.4778225806451613 0.49567474048442917 0.47206221198156684 0.4965397923875433 0.4660138248847926 0.5032439446366783 0.46054147465437795 0.5051903114186851
5 0.4481566820276498 0.5291955017301039 0.45852534562211983 0.5400086505190311 0.46370967741935487 0.5430363321799309 0.4697580645161291 0.5443339100346021 0.4737903225806452 0.5439013840830451 0.478110599078341 0.5406574394463668 0.48675115207373276 0.5384948096885813 0.49107142857142855 0.5358996539792388 0.49308755760368667 0.5322231833910035 0.4936635944700461 0.5276816608996541 0.49251152073732724 0.5220588235294118 0.48905529953917054 0.516219723183391 0.48329493087557607 0.5110294117647058 0.4697580645161291 0.5045415224913495 0.4634216589861751 0.5041089965397925 0.45103686635944706 0.5084342560553633 0.4478686635944701 0.5118944636678201 0.44614055299539174 0.5164359861591696 0.44614055299539174 0.5229238754325259 0.4481566820276498 0.5291955017301039
5 0.5331221198156683 0.5612024221453288 0.5466589861751152 0.5633650519031141 0.5555875576036866 0.5674740484429066 0.5550115207373272 0.5713667820069205 0.5527073732718895 0.5733131487889274 0.5498271889400922 0.5741782006920416 0.5391705069124424 0.5849913494809689 0.5394585253456221 0.5884515570934257 0.5432027649769585 0.5901816608996541 0.5466589861751152 0.5903979238754327 0.5538594470046083 0.5903979238754327 0.557315668202765 0.5895328719723184 0.5650921658986175 0.583044982698962 0.5717165898617511 0.5737456747404844 0.5745967741935484 0.5676903114186851 0.5771889400921659 0.5562283737024222 0.5769009216589862 0.553416955017301 0.5743087557603687 0.5490916955017301 0.5705645161290323 0.5454152249134949 0.5645161290322581 0.5428200692041523 0.5509792626728112 0.5443339100346021 0.5472350230414746 0.5456314878892734 0.5357142857142858 0.5544982698961938 0.533410138248848 0.5575259515570934 0.5322580645161291 0.5603373702422145 0.5331221198156683 0.5612024221453288
5 0.5478110599078342 0.5449826989619377 0.5645161290322581 0.5432525951557093 0.570852534562212 0.5458477508650519 0.5743087557603687 0.5490916955017301 0.5780529953917051 0.5555795847750866 0.5817972350230415 0.5557958477508651 0.5918778801843319 0.552984429065744 0.5950460829493088 0.5503892733564014 0.5973502304147466 0.5467128027681661 0.599078341013825 0.536764705882353 0.6028225806451613 0.5294117647058825 0.6045506912442397 0.5229238754325259 0.6042626728110599 0.5183823529411765 0.6002304147465438 0.5151384083044983 0.5921658986175116 0.5129757785467128 0.5852534562211982 0.51340830449827 0.5743087557603687 0.5166522491349481 0.5645161290322581 0.5214100346020761 0.5529953917050692 0.529628027681661 0.5495391705069125 0.5335207612456748 0.5475230414746544 0.5400086505190311 0.5469470046082949 0.5441176470588236 0.5478110599078342 0.5449826989619377
3 0.402073732718894 0.5415224913494809 0.40437788018433185 0.5445501730103807 0.40783410138248855 0.5467128027681661 0.41445852534562216 0.5581747404844292 0.4182027649769585 0.5609861591695502 0.4375 0.5607698961937717 0.4421082949308756 0.5620674740484429 0.45622119815668205 0.5631487889273357 0.46054147465437795 0.5614186851211074 0.4639976958525346 0.5544982698961938 0.4639976958525346 0.5467128027681661 0.4616935483870968 0.5428200692041523 0.445852534562212 0.5274653979238755 0.432315668202765 0.52530276816609 0.4112903225806452 0.5246539792387543 0.40437788018433185 0.5266003460207613 0.39976958525345624 0.5311418685121108 0.3994815668202765 0.5356833910034602 0.402073732718894 0.5415224913494809
3 0.5904377880184332 0.3382352941176471 0.5964861751152074 0.34753460207612463 0.5993663594470047 0.3496972318339101 0.603110599078341 0.35056228373702425 0.6091589861751152 0.35380622837370246 0.6157834101382489 0.35532006920415227 0.6342165898617511 0.35445501730103807 0.6373847926267281 0.3533737024221454 0.6512096774193549 0.3421280276816609 0.6543778801843319 0.33520761245674746 0.6549539170506913 0.3243944636678201 0.648905529953917 0.3142301038062284 0.6434331797235023 0.30990484429065746 0.633352534562212 0.30579584775086505 0.6224078341013825 0.30493079584775085 0.6091589861751152 0.3073096885813149 0.6057027649769585 0.3088235294117647 0.5944700460829493 0.3198529411764706 0.5904377880184332 0.3282871972318339 0.589573732718894 0.3315311418685122 0.5904377880184332 0.3382352941176471
3 0.586405529953917 0.44031141868512114 0.6019585253456221 0.4463667820069205 0.6091589861751152 0.4467993079584775 0.6226958525345623 0.44355536332179935 0.6270161290322581 0.4413927335640139 0.633352534562212 0.4353373702422146 0.6353686635944701 0.4320934256055364 0.6396889400921659 0.4227941176470589 0.6399769585253456 0.4173875432525952 0.6385368663594471 0.41284602076124577 0.6347926267281105 0.4070069204152249 0.6310483870967742 0.40268166089965407 0.6270161290322581 0.39987024221453293 0.6094470046082949 0.39814013840830453 0.5973502304147466 0.39878892733564014 0.5918778801843319 0.39987024221453293 0.5884216589861752 0.4016003460207613 0.5815092165898618 0.4067906574394464 0.5743087557603687 0.4227941176470589 0.5745967741935484 0.427984429065744 0.586405529953917 0.44031141868512114