3 0.18490272544680253 0.6679550583581798 0.184047783133166 0.6759318106274883 0.18591928208290065 0.6801086659661231 0.18927528074735656 0.6830389923912513 0.19610803758042952 0.6854415454940371 0.20316071017254417 0.6897993314031342 0.2080012085517216 0.6914831289147558 0.2137203308093159 0.6927648190530209 0.2206813946155597 0.6914931411741188 0.22920243282662564 0.6868136220395409 0.23316326816963623 0.6806764883259169 0.23362470293699977 0.6757155216372864 0.22938800207862683 0.65674122538831 0.22552424467499693 0.6518456144585112 0.2187141302489541 0.6487946676530749 0.2115256032146585 0.6483272439598825 0.19806594952728435 0.6541326716276589 0.18490272544680253 0.6679550583581798
4 0.42409274876896186 0.43719150663239964 0.42187406624476476 0.44295668806774363 0.42204114972073603 0.4464248395135737 0.4239805758915611 0.448656513744256 0.443986182589626 0.4534666260795088 0.44865205002382214 0.45189840337951753 0.45262043283584275 0.44554513843167676 0.45231645575994034 0.4377443106031492 0.450217493582154 0.43182835369241995 0.44855836292245127 0.42982286239431333 0.4428694305408971 0.42767664731918076 0.4350599327322766 0.4284859076345719 0.42799320435989197 0.4327834227925112 0.42409274876896186 0.43719150663239964
4 0.4476224767652043 0.4566231354372131 0.4425027220326546 0.46293619359161775 0.4414354114289864 0.4687415818203979 0.4464203508771051 0.47454192448050037 0.45602587294535935 0.4800708318459133 0.46088901373156704 0.48110623565488436 0.46552469128972296 0.4804025378917608 0.4702433910069894 0.4773213965522511 0.47385600361778735 0.4729032610140037 0.47552919005776034 0.4662534512450738 0.47635394249535656 0.4591412239126331 0.47570929015625146 0.45284326302526495 0.47238348136783576 0.44904841166326903 0.46552808212773267 0.4472942522631341 0.46205132395911575 0.4478220255854768 0.45736281411788954 0.4500386419881187 0.4476224767652043 0.4566231354372131
5 0.4080456257336479 0.4675755848107522 0.4124171418764518 0.47443648024522134 0.4158410677619984 0.4754216255623972 0.4195981214417375 0.4751200351726306 0.42751328381649867 0.4712849375782023 0.428725035489108 0.46959609449790285 0.4306332326261428 0.46446925506685066 0.42778499270086073 0.46350421314639273 0.4218761445602649 0.4594027652649485 0.41585408438451826 0.4585432858967584 0.4129605596451758 0.45887503138160224 0.4088552832332241 0.4608956199467452 0.4080456257336479 0.4675755848107522
5 0.5608195311555676 0.1530790562307614 0.5595559863576379 0.16450385654918173 0.5605186715529153 0.1699473441980411 0.5678667345941723 0.17409905057128042 0.5724420324002477 0.17512440268189228 0.5801750163610175 0.16825341611006808 0.5814396003166972 0.16505165439025 0.5819161300220809 0.1596584252331858 0.579112135753109 0.14917355730882384 0.5726125067142288 0.14548426849909551 0.5703324052802011 0.14475546120957256 0.566575351600462 0.1450570515993393 0.5630080238037244 0.1481783997322851 0.5608195311555676 0.1530790562307614
5 0.5889185953761442 0.06642040413013808 0.5875634417923438 0.07221574066055911 0.5883902725454402 0.08154959052532336 0.590784625172369 0.08725946790019475 0.5927466937502242 0.08884274842822641 0.5995945455213171 0.09081303906257823 0.603071303689934 0.09028526574023558 0.607842835690271 0.08569120576120728 0.6094782847851935 0.08012205216336214 0.6099699094285973 0.07429656053786404 0.6076510314917692 0.0664253708208233 0.6045828758074455 0.06350509609405401 0.6006134538376747 0.061635322443292305 0.5965987470538436 0.06106233619783223 0.5931144414162167 0.061806240754391874 0.5889185953761442 0.06642040413013808
5 0.6159638580438038 0.09246664204012678 0.6238951545143353 0.09642232057586701 0.6308562183205791 0.09515064269696491 0.6409523258744871 0.08663101983827719 0.6428076907284516 0.08301709904674333 0.6432238406817548 0.07935291976341441 0.6394431054372355 0.0720798652572296 0.6313598204287527 0.06422377280722547 0.6281407153642278 0.06562612276479482 0.6169244649235811 0.0814640524917813 0.6152210886075681 0.08897838719757871 0.6159638580438038 0.09246664204012678
5 0.6396846244455572 0.06516366576228778 0.6395487700033763 0.06905402797819242 0.6416779220572026 0.074105459952054 0.648177551096083 0.07779474876178227 0.6519572471828523 0.07684476466936489 0.654911151674275 0.07478396931078572 0.6589862382101866 0.07362790568251035 0.6635680443275221 0.06621408796030304 0.6638397532118842 0.05843336352849331 0.6612103898878936 0.051200515815744294 0.6572636103251531 0.048682348462332034 0.6541199799507288 0.047923386077731944 0.6465681352462004 0.04960722302834997 0.6438869787968896 0.052110332553722126 0.6396846244455572 0.06516366576228778
5 0.6467242804151518 0.08639979133702358 0.6466196550067611 0.09764866721466312 0.6490592924477501 0.10206175718423287 0.6550058779333962 0.1050825488945923 0.6615885291313871 0.10639439412793435 0.6660420282755515 0.10265480738741477 0.6706766666759574 0.09372807102568874 0.6704406168211455 0.08398206208920884 0.6694477417498278 0.07940309937721723 0.6675309579860327 0.0765230314438841 0.6629783025869875 0.07484928563062114 0.6595090918873808 0.07516092771874687 0.6486400250211967 0.08105682067175443 0.6467242804151518 0.08639979133702358
5 0.6692504683978162 0.07679947286825488 0.6706831749872173 0.08528890119286939 0.672069557604808 0.08685207832418315 0.676061621981609 0.08807345827229396 0.6789702416589714 0.08730945031901624 0.6829849484428026 0.0878824365644764 0.6865447287705301 0.08497721966574759 0.688990874522779 0.08095113980249788 0.6897854370843352 0.07470343740692495 0.688231970990773 0.06967210882978145 0.6840652756689908 0.06519870867005757 0.680361054272322 0.06398738042030568 0.6759679348802381 0.06599791728708979 0.6729687455747548 0.0693555000509705 0.6692504683978162 0.07679947286825488
5 0.6296704998930096 0.06308280644598678 0.6307841344684884 0.06420366941050748 0.6350640418254214 0.06543510105697728 0.6385936322771089 0.06339440909511626 0.6456366790847132 0.051522249041225356 0.6463255770801284 0.048300383924689425 0.6434622422168262 0.04776760447266541 0.6391445975148429 0.04761682899728017 0.6344636351426266 0.04961731416570529 0.6308585700008387 0.053819318469735665 0.6292759531889865 0.057875553428062346 0.6296704998930096 0.06308280644598678