2 0.1605806531780221 0.35926429912879904 0.15342016874938869 0.3584763469861816 0.13999927781077376 0.35877404692977993 0.13192152015635233 0.36244333507533816 0.12773215138433208 0.36534877074494 0.1238122336378658 0.37047595844514547 0.12139292271418714 0.37734276089177843 0.12529278340331057 0.3868447715183511 0.13068034823339555 0.3919697106937065 0.13506320762101362 0.3938960113055623 0.1404077717803106 0.3931184226026376 0.14516757146750475 0.39029315576999446 0.1544005245092028 0.3887517145911133 0.16447479036673196 0.38536301737490997 0.16858819872879585 0.3850675659561619 0.17102184320940378 0.38016827280228893 0.1752398790952828 0.3811978557182072 0.17795587728327084 0.3846370007925827 0.18130393323946004 0.383578821160303 0.18426071533914362 0.38530469967976233 0.18828382973432167 0.38565172321910773 0.1896052794984408 0.38452711097683767 0.18969700434043002 0.37973545911385953 0.1847164777988831 0.3696447941746407 0.17892330555536345 0.36533640385826405 0.1605806531780221 0.35926429912879904
2 0.1676623402523877 0.4144198676736449 0.15568329103373962 0.4127363220975151 0.1488839824726497 0.4093784701225234 0.1414382825864295 0.40855043356142656 0.12117078979062659 0.4120352843664067 0.11569006924344896 0.415851173958914 0.10671223367037597 0.41764685787563893 0.10069118019698656 0.42116842031182306 0.09605034159053685 0.42728623077189265 0.09011958208403335 0.4301653182499833 0.08900738736754454 0.43393999916158627 0.08944166189483774 0.4370584688881275 0.09476759987189548 0.4467609016070965 0.09686873559881867 0.448366526871118 0.10216743733712123 0.44998476409968247 0.12292796976303788 0.45333924328739894 0.13438245048750683 0.45254679409508114 0.15116573093924027 0.4531584238119633 0.16521867964605624 0.44836339916171 0.17436276959597166 0.44331525603603783 0.17799890275995425 0.4339988070124684 0.17810639203397619 0.4270254875373657 0.17704292148868872 0.42010598870771043 0.17321615945931507 0.41629234764005324 0.1676623402523877 0.4144198676736449
3 0.2832390147606124 0.28740037477955427 0.27885615537299435 0.2854740741676986 0.2665918906967595 0.2837504441730895 0.24167208748778432 0.28308724233561006 0.23737809119194883 0.28466764367054537 0.23269282103960792 0.28903210315721956 0.23175978338178743 0.29567101105751986 0.23789693618571445 0.30374034605853123 0.24178389419301188 0.3071256704874594 0.25712390204967495 0.31386772262895424 0.2640278381345801 0.3185506089386124 0.2751211429915056 0.32032805957866894 0.2867418780928169 0.31628315117740397 0.3009137878803773 0.3147806701545771 0.3040669223458654 0.31303993114572454 0.2969551620884335 0.3015577992618489 0.2973622003769714 0.29659207349798555 0.29527825995718426 0.2886556037169551 0.29377765313439685 0.2869159889705276 0.29009995017472967 0.28618073321093246 0.2832390147606124 0.28740037477955427
3 0.30419015124602444 0.2604256657168917 0.29701390238535835 0.26181938118639875 0.29291482758022386 0.26408234189790697 0.28914539977856746 0.26813873800128996 0.28857353798829033 0.2722077460692159 0.2903120669725666 0.28053244807049615 0.292682653725044 0.2843598253651214 0.2999162368134273 0.2908361470666544 0.3063715648141098 0.29043305435701144 0.31398208820206913 0.2921578086140457 0.3178102811065461 0.29182227277681827 0.33375081786734484 0.2984303354359071 0.3359279140042245 0.297425976449075 0.33746148056618075 0.29065307906636867 0.3427773776116192 0.28594047177792403 0.34396553273806457 0.2795558066154675 0.34072639693100076 0.2694914898677597 0.32148366663500766 0.26154578090946146 0.30419015124602444 0.2604256657168917
3 0.6722085095294348 0.5287884823050997 0.6692072958838599 0.5253092528122449 0.6634585551862313 0.5227542134692639 0.6520800348717191 0.5209366784107281 0.6465706472106829 0.5208175494177152 0.6400995547779678 0.5234023097394828 0.6318842098605626 0.5342590756795083 0.6302746828886499 0.5436419573130682 0.6259921583995369 0.5554882217505327 0.6280904323762534 0.5653922008243232 0.6353985449994897 0.5734077151798872 0.6418825401140309 0.5769396410557642 0.6565030579858139 0.5805231390522386 0.6593552125616824 0.5809239832370314 0.6659911284961366 0.5792359406112013 0.6694739099651029 0.5792886369942235 0.6784847052773447 0.568980440948365 0.6804081148207028 0.5635726623188044 0.6808008195523116 0.5566394272621811 0.680144387295562 0.5447542026686624 0.6746980573626566 0.5359084032271514 0.6722085095294348 0.5287884823050997
3 0.717576443079776 0.6116004401046232 0.7064100395631006 0.6041346199056511 0.6994602410572008 0.6018475595274819 0.6808008443582072 0.6000987056037868 0.6749302808296276 0.6025494764431482 0.6724823027920903 0.6054812603042612 0.6696573844549769 0.613164611609873 0.6629741752244247 0.6213976570720767 0.6622819214782998 0.6263232984174609 0.665102547190103 0.6310874778265028 0.675067892898507 0.6388212769902868 0.6844943365558025 0.6421115720928631 0.6884873529620187 0.642672753951573 0.6947176614830382 0.6418012601847216 0.7078232389751044 0.6416776341420086 0.716725114138221 0.6424919344761373 0.7226558736447244 0.6396128469980468 0.7348155107971441 0.6400114426579894 0.7394248205395285 0.6382569674221689 0.7449356390756681 0.634226919510297 0.745732520345608 0.6306263124995793 0.7450431283496899 0.6272536000351943 0.7416377381657837 0.6204417424964338 0.7347037040919167 0.6159730145061401 0.717576443079776 0.6116004401046232
5 0.8979571976322456 0.4497925152249945 0.89091710515946 0.4481479298049189 0.8876894411591186 0.4483494761597404 0.8833352488853592 0.4503581941334048 0.8785138223451379 0.4577609545096616 0.8764671590957251 0.4723237202264494 0.8781024914312896 0.47517421098817875 0.8837451737299995 0.48055339290137794 0.8866116618627974 0.4829217463789307 0.892105285091801 0.4852225429840681 0.9034092758714601 0.485500885388573 0.9085144869941649 0.4822873863356799 0.9091178776485073 0.47385504304350484 0.9073492506752692 0.46574449936158907 0.901333920702293 0.45266935417823495 0.8979571976322456 0.4497925152249945
5 0.9435931017212461 0.4520568452767949 0.9380378516392153 0.4543335422152713 0.931024995405185 0.46077315228560034 0.9289367623600878 0.4652842132192235 0.928124116658115 0.4710664878420657 0.929219116067468 0.4736226514474719 0.9398609510899641 0.47861247687799624 0.9474413764889613 0.480551389454395 0.9565997999958065 0.4774707556214829 0.9586120726309467 0.4755696789387134 0.9616018144697993 0.4687830453290389 0.9612879318983538 0.46480794232503964 0.9573135416743771 0.45376673904443604 0.9501086256998527 0.45122543592842296 0.9435931017212461 0.4520568452767949
5 0.9650616523253206 0.44830401550700294 0.9612477929777727 0.45060706063699046 0.957853874600589 0.4540610662007591 0.9608077949500661 0.4640852985299874 0.9603090318195386 0.47384267615682896 0.9611790117492287 0.47593043870502694 0.9686247116354488 0.4767584752661237 0.9738947462598928 0.474441693909168 0.9822462475651784 0.4605466270795599 0.9831033248130423 0.4565177034301133 0.9796520722081412 0.45210167182284183 0.9723124307208397 0.4484494926915268 0.9650616523253206 0.44830401550700294
5 0.9736468079726803 0.4969008449885071 0.9614398775241627 0.5030472521649381 0.9584959981063049 0.5074380598431234 0.9616763688105481 0.5137815163246755 0.9665236007144212 0.5186121283437078 0.9722121454341257 0.5215954843254181 0.9859626833762188 0.5230912197736945 0.9895658568010329 0.5222872828792589 0.9953016948168354 0.5187256360245953 1 0.5131592383105965 1 0.49252417690642336 0.993869869222592 0.49166264321013153 0.9900115783291531 0.4922123373667235 0.985056857151258 0.49435504482279385 0.9736468079726803 0.4969008449885071
5 0.9535957494059201 0.5257491582800029 0.9431918365449128 0.5273444201043315 0.9292291818049827 0.5314969697964913 0.9229974424088596 0.5365176404682271 0.9245854814483263 0.5459131340663301 0.9276769890607872 0.5487498886010913 0.9362922178912132 0.5536732814216252 0.9425812915150535 0.5565226479209293 0.9497116779547252 0.5575247583829115 0.9561827703874404 0.5549399980611439 0.9615889613997645 0.5495849158146057 0.9670109168441214 0.542048165955943 0.968199071970567 0.5356635007934865 0.9642533488604489 0.5285573160984028 0.9604108223990429 0.5269253426428703 0.9535957494059201 0.5257491582800029
5 0.9140626323124701 0.5876751306048378 0.9062858545476683 0.5892028355567509 0.8978469210257037 0.5954420235346833 0.8950234335636937 0.5989761979354107 0.8933995730348517 0.6063915702762105 0.8949747093924924 0.6096703776766688 0.900767881636012 0.6139787679930454 0.9113351871236551 0.6174294007695389 0.9168445747846914 0.6175485297625516 0.9208390220660105 0.6139605347163769 0.9262767419424002 0.6042421172455897 0.9268787017216391 0.5999589508582993 0.9259040942681344 0.5965461539754349 0.9218379792021686 0.5902966025578095 0.9178306292390233 0.5877679114063394 0.9140626323124701 0.5876751306048378
5 0.9253222163521334 0.6296594003775529 0.9190632407172552 0.6265958755588841 0.9150401263220773 0.6262488520195387 0.9047709389738472 0.6289549898591691 0.8908369513477756 0.637042558136849 0.8874272685385594 0.6426782313127422 0.8877253866779722 0.648835001928866 0.888595366607662 0.6509227644770639 0.89369771598016 0.6560076192339401 0.8969397135374304 0.6577735821718786 0.9107647810143771 0.6608085102741861 0.9146230719078158 0.660258816117594 0.9177002459633474 0.6611280613595951 0.9246959068902416 0.6610192958062754 0.9288695112302294 0.6602955277487981 0.9329384880464018 0.6582467253566544 0.9402064617490572 0.6520613580241693 0.9439916539827463 0.6458232943086617 0.9443986922712846 0.6408575685447985 0.9431689673491542 0.6371905289240903 0.9386814804377211 0.6339391939775683 0.9253222163521334 0.6296594003775529
5 0.8236450396321262 0.5874159006615592 0.8187963768531494 0.5867344655474114 0.8140222436090261 0.5875922230872948 0.8117548535052606 0.5892390570322205 0.8096666204601632 0.5937501179658435 0.809302582842413 0.6046183716079871 0.810952248734907 0.6094363716624763 0.8150341282329053 0.6135042554679773 0.8289638232336669 0.6178642179049512 0.8347139948063986 0.6162700803430476 0.8378370312829249 0.6147434996535599 0.8396242844384023 0.6123740219135819 0.8407063811659293 0.6088134993213435 0.8399567931920873 0.6058691034956876 0.8379316178751207 0.6016534939808126 0.8285983299349177 0.5894223701103736 0.8236450396321262 0.5874159006615592
5 0.8704418874147123 0.6186706484021043 0.8657881461264371 0.6186717726645294 0.8582808193871895 0.6224212296470462 0.8555461950169617 0.6294621059945644 0.8554544701749724 0.6342537578575426 0.8578852529053739 0.6376528185134388 0.8620129948243669 0.6393248763874506 0.8674607556323759 0.644021498924077 0.8738702212120636 0.6460142321459231 0.8824883117926969 0.642639271156688 0.8844704864388755 0.6409523527932829 0.8864841899491195 0.6349020992056288 0.8871320121493532 0.6282231068868491 0.8859323852161852 0.6243419089467765 0.8820454272088878 0.6209565845178485 0.8704418874147123 0.6186706484021043
5 0.8400714864534173 0.6650684561793734 0.8305074555331377 0.6689656388712643 0.8249364410190744 0.673424003421865 0.8238543442915475 0.6769845260141034 0.8261948330550629 0.6810260616280933 0.8330529067189734 0.6881047738692406 0.846502464771447 0.6917420925111623 0.8540241250676239 0.6899601448214054 0.8578379844151713 0.6876570996914182 0.8670136032291522 0.6782456213414969 0.8685170718021464 0.6716868822781551 0.8665965240089951 0.6687963070979465 0.8613580182486164 0.666749753230653 0.8400714864534173 0.6650684561793734
5 0.8750756460633319 0.7636765574912745 0.8692781811945023 0.7718156978895516 0.8670709870686604 0.7730342151957483 0.8535468994813338 0.7678577038997956 0.8492987656064928 0.7670422793032419 0.8465512385544395 0.7679664694531155 0.8491024132406884 0.7705088968315537 0.8751129232337064 0.7861757929890928 0.8864169140133656 0.7864541353935977 0.892420772179619 0.7892634174744225 0.8972694349585953 0.7899448525885704 0.8991011196599643 0.789328725821988 0.8978111987599104 0.786090002840009 0.9007579399279754 0.7734008413520546 0.9032818783754688 0.767859073240088 0.907547207557446 0.7623436533196325 0.9067818551515711 0.7615809251061011 0.8898194176411696 0.7581050684005216 0.8803012491418848 0.7596064251609234 0.8750756460633319 0.7636765574912745
5 0.8519517060663503 0.7792080948261155 0.8465168479401675 0.7806281584871337 0.8388432668240775 0.7876300746785978 0.8351182705683124 0.7934398217553762 0.8340204094087527 0.7991820119597391 0.8358950947809095 0.8044684130714368 0.8489677125338071 0.8128572991578572 0.8530510229069088 0.8127760060584738 0.8615788195206561 0.810043520027332 0.8656936587578233 0.8055988917036995 0.8678277542239151 0.798692004838587 0.8686862623468825 0.7905139042842559 0.8667513809968016 0.7856558198112873 0.8581963481442992 0.7803041103520242 0.8519517060663503 0.7792080948261155
5 0.6885876382487324 0.5695267623176817 0.6816220753108 0.5694213695516371 0.6696831650127333 0.5819387056635564 0.668179696439739 0.5884974447268981 0.669214499871168 0.5914819249710336 0.6714503611108682 0.5941984262503568 0.6773037293323116 0.5980784999280043 0.6883970341892371 0.5998559505680607 0.7022980620761401 0.6002808944195147 0.7052577059260305 0.5937084191292048 0.7058324294665141 0.5813410572515096 0.7032067252454121 0.5772594372190406 0.6944266729132467 0.5714393267025694 0.6885876382487324 0.5695267623176817