2 0.835844507027517 0.3760837888434797 0.8367794109232859 0.3746219622873416 0.8424688598898478 0.37372084209701784 0.8449338007890794 0.37639585590590857 0.8444863552391823 0.3790942289706038 0.8429825064467572 0.3806461675457742 0.8438082746218681 0.38401871825112005 0.8491517709873044 0.386456772384528 0.8621083614917516 0.38725111342164076 0.8645733023909834 0.38992612723053177 0.87073638511848 0.3920154129157122 0.8721249163771967 0.39157653244845225 0.8753155934616028 0.3877867980295585 0.88018691702494 0.37803794861336826 0.8777034306865568 0.36419897734375717 0.8744327280102017 0.36011887261614656 0.8647344765560085 0.3559619979994977 0.8510874418081462 0.3526495079357546 0.8327997185643637 0.35685975107238055 0.8202552816680544 0.3623499342249876 0.8143890350149867 0.36765823083743765 0.810973904676214 0.37739540062572596 0.8113998828692882 0.38192606544849866 0.8136280068880527 0.38310587631963744 0.8230570714376897 0.3763574499047612 0.8283334876477062 0.37530278895544356 0.8336363894067402 0.376871437758967 0.835844507027517 0.3760837888434797
2 0.8667850178848475 0.45176010266675465 0.8810824840801507 0.4536558221838759 0.908188853222104 0.4480488427522478 0.9120161371690143 0.4445961971536795 0.9144901817989677 0.4325995347679559 0.907996432014118 0.42289906636546615 0.904325939355726 0.4199770757552823 0.887171385051041 0.4110892780261762 0.8594436945903559 0.40540881159643777 0.8527178487792535 0.4071309570838631 0.843688574211653 0.41272126938131243 0.8286791964161118 0.41553643872502855 0.8243029739705324 0.4210466561292554 0.8224731789749693 0.4279052288147837 0.8241108907402545 0.4364041895924228 0.829345251385033 0.44367662098731453 0.8455248889979747 0.4500913256993065 0.8496766581891878 0.45052854366447415 0.8561918753308605 0.452999974179496 0.8667850178848475 0.45176010266675465
3 0.7048650054944192 0.31318667247536897 0.7213767711235496 0.3180160622305762 0.7323020416937256 0.3151908757610502 0.741080674795922 0.30985921989279597 0.7552981153992762 0.30388510026341287 0.7590577373803385 0.30000525382548665 0.765134612702836 0.29050338121058933 0.7651960928556333 0.2872092628963737 0.7631647729213621 0.2835897353897349 0.7581534045721143 0.2795663662995425 0.7530128941042215 0.27840991468420795 0.7310208472191233 0.2794845667909712 0.7165465833373145 0.28199602369597593 0.7124486515270126 0.28373986593711337 0.7095700960608078 0.28397682561259635 0.7053168339208231 0.28289880638839204 0.6993429125059332 0.2838449825882322 0.6944792317144822 0.288118653483902 0.6970180163926123 0.294942187285724 0.6974101636027628 0.29925925168881773 0.6903307224186486 0.3097957500204955 0.6907505187986724 0.31060509568969474 0.6945701599736966 0.312627628611647 0.7048650054944192 0.31318667247536897
3 0.6557909787418617 0.2942462707781045 0.6571856918136287 0.297528709464418 0.6589940194523691 0.2978991746663575 0.6617372509868782 0.2968078133121589 0.6633902482959355 0.29435641704875676 0.6700045979592726 0.2910097404089817 0.67382806052024 0.2902946840706736 0.6752027671940197 0.29160966297036106 0.6797066707994086 0.2924290257653702 0.6857759033500199 0.2884023316709934 0.6963352149210832 0.2869488597385731 0.7002639918167654 0.28413701539904135 0.7023844410737071 0.2809547058575702 0.7026627317089849 0.2771883306944806 0.7051153089821153 0.27242070619622494 0.7052044383047859 0.26561886914811483 0.7031731183705148 0.26199934164147604 0.6992181532637948 0.2591224070408083 0.6962381048488182 0.2587185654572547 0.6924184636737939 0.25669603253530243 0.6741922205828088 0.2576121573577129 0.6524293478062919 0.2656571909227488 0.6502074056005782 0.2681986992051834 0.6488450625528996 0.27432635861264265 0.6482146375034461 0.27771058894589074 0.6492095605931766 0.28215114174963096 0.6507872531645 0.2847477231673916 0.656618207875808 0.2884223238093565 0.6575592935846275 0.2906818164067918 0.6557909787418617 0.2942462707781045
3 0.35360177993289155 0.5864662705115875 0.3590482302059354 0.5803486282299382 0.3642516817854612 0.5690144638569632 0.36306759738312383 0.5615384491682024 0.3553020948321014 0.5419673054509679 0.3483408930993671 0.5329977503265473 0.34522552075269475 0.5317395070642782 0.33454470983487244 0.5305847179510358 0.330277623109951 0.5312605580937787 0.3211468555935787 0.5362100691321914 0.3120622826862313 0.5488158188974297 0.30965590002212584 0.5612396821225111 0.30715566718113474 0.5675475655680351 0.30659290409752904 0.5713589967406408 0.3098559640019982 0.5809142799887721 0.31989870709848095 0.5909284779557831 0.33677643172672406 0.5943861531738847 0.3464284885718919 0.590886789063708 0.35360177993289155 0.5864662705115875
3 0.28666668408504226 0.6572813964736197 0.298648357897746 0.6556026444936183 0.3068165723484762 0.6556226787452382 0.3149647804012191 0.6536752532102319 0.3248274659158167 0.6459823130976077 0.3299694373425452 0.6379422670388485 0.32910983818451034 0.6343561159138238 0.3212275571409439 0.6250945279785938 0.3174293833227425 0.6158429571691738 0.3123703594056342 0.6133598470262498 0.30156040636916664 0.6150719753878653 0.29481455416007696 0.6148266610886644 0.28474270093488524 0.6175166795296418 0.27200145995408287 0.6254465793177489 0.2679850146945656 0.6258637630312969 0.25164094302121914 0.6312988730485778 0.24681109321269212 0.6357861443639266 0.24400638152538562 0.6401716240323406 0.24376810368608254 0.6478729187686824 0.24521047232571025 0.6496150985077276 0.25157654095075066 0.6529859867109813 0.2626909728335335 0.6531962621264757 0.2772590868922279 0.656800785001028 0.28666668408504226 0.6572813964736197
5 0.09936534470407243 0.49470125726753605 0.10317880406604607 0.4930024710359149 0.10394455304719523 0.49047264238138244 0.10735204061408185 0.4862106511136147 0.10712286650550049 0.47924026965534205 0.10325084890840068 0.46584017885299095 0.09785351516205308 0.46122106451327805 0.08831059403754311 0.45988605136197086 0.08399585174476104 0.4621021504519821 0.07620449896040907 0.4773495376444973 0.07337831991627976 0.4889640552003792 0.07447473595478207 0.4940454092631561 0.07995973806496479 0.501059184228853 0.09041755668725636 0.4989649110373958 0.0937835704993329 0.4999644978704699 0.09803065082626702 0.49732119794110086 0.09936534470407243 0.49470125726753605
5 0.05367587720274306 0.4879243998640656 0.051984328056546805 0.4772443788801216 0.048409146533876145 0.4712418703754011 0.04261202280549194 0.46778087015311504 0.035595522733010886 0.4658267524964832 0.02695985633439631 0.4665376315229324 0.02396598333448301 0.46788764930632604 0.021099791494379252 0.47556724728895583 0.021227472654188784 0.4818968274881919 0.02269602950485427 0.4893277861674365 0.025966732181209505 0.4934078908950473 0.029718711390385948 0.4950032229776416 0.04375935430723424 0.4934362797703848 0.04953028982458058 0.49120850105247127 0.05367587720274306 0.4879243998640656
5 0.022088532771059162 0.47628648093912285 0.02684453880068784 0.467650689630843 0.019523559881891448 0.4637741681971012 0.011755135413197873 0.46259601982805465 0.006383989877888005 0.46366568442854134 0.001784775136777883 0.46592683952806874 0 0.4677686878553226 0 0.47859308949828605 0.0005901260448831658 0.48231899870801637 0.005370859326713967 0.4885684840140299 0.012590345296738577 0.49180420418873505 0.018916401125804443 0.49124017281873655 0.02157196429647857 0.48775415083855406 0.022088532771059162 0.47628648093912285
5 0.02014375821949573 0.5247654215825106 0.01884435628344987 0.5184024650016605 0.0159257880212705 0.5147045051038914 0.010866764104162211 0.5122213949609673 0 0.5104117393210708 0 0.5382599133814774 0.008465102294271703 0.5375630750137159 0.013748579465746402 0.5340987497872455 0.01815863289424957 0.5288021328026974 0.02014375821949573 0.5247654215825106
5 0.04151189984589921 0.5713036288125177 0.044939393810773005 0.5690090973313762 0.048569873673190364 0.5679961683683079 0.060457697309008476 0.5602014366087493 0.06200920166929415 0.5571092390863106 0.061867695924547904 0.5525335182540216 0.05838018276571233 0.548925670375285 0.04786234494945909 0.5451175642068635 0.037296851565345235 0.5428497169857106 0.029629920045423343 0.5423123698757006 0.02365599863053335 0.5432585460755408 0.016882497251570396 0.5465209505102344 0.01347500968468382 0.5507829417780021 0.01479441801871691 0.5591133581454784 0.01753000678133988 0.5634971753118003 0.023828413440532336 0.5664408626756963 0.027735722979391707 0.5708580562236324 0.03465073010310099 0.5721713726212276 0.04151189984589921 0.5713036288125177
5 0.09221161271534886 0.6318076628302234 0.09557144471437479 0.6290859305097241 0.0943873603120374 0.6216099158209631 0.09124579975432734 0.6146628936184947 0.08814425199259164 0.6116507909892784 0.07760640777835118 0.6058752250342311 0.07144332505085432 0.6037859393490506 0.0648666277563843 0.6046086271482443 0.06013827089662911 0.6097366997226297 0.0595078458471755 0.6131209300558775 0.0626617700309867 0.6275105905654927 0.06801144820947372 0.6336699638524739 0.07310430310950602 0.6363666744150768 0.07722224131779512 0.6365902919605656 0.0850252272488303 0.6333837919122441 0.09221161271534886 0.6318076628302234
5 0.17912485797204952 0.617166122239552 0.1786112114151401 0.6102407967907955 0.17536815790865817 0.6026529733292905 0.17246959604446613 0.6009224732181473 0.16796569243907727 0.6001031104231381 0.16565608186952854 0.6002499580795888 0.1593500324384499 0.6027814492362135 0.153300806285826 0.6087756031172165 0.15024545313311538 0.6134197392148256 0.14762990275841578 0.6208406807682603 0.1483065224168943 0.6251126891618378 0.1550447318540978 0.6308331819815592 0.16003609380535835 0.6328890912851255 0.1738875754095998 0.6282866861928481 0.17732889395941026 0.6242382953447593 0.17912485797204952 0.617166122239552
5 0.12514455369210356 0.657464777062842 0.13268380405221575 0.6516725439736158 0.13330804728861873 0.6445669944867947 0.13238078616473603 0.6405536425224121 0.12994967624842838 0.6380922291332001 0.1232991351750599 0.6347663969394626 0.1165532829659702 0.6345210826402617 0.10755165756824299 0.6366036762038166 0.10191604598259234 0.6396858566004455 0.09894217938066627 0.6430033341704654 0.09796580173008743 0.649726738827445 0.10103970032194964 0.6562465601905558 0.11280310269333767 0.6642365627335224 0.11956277948736402 0.6627280176657759 0.12277346296975758 0.6609057430335084 0.12514455369210356 0.657464777062842
5 0.0935390017989763 0.6751702105271281 0.09679734084923046 0.6718076769475921 0.1013641855662522 0.6601364237542919 0.09559471100774139 0.6531677047981113 0.09061717364141755 0.6493579361275978 0.07914442553140824 0.6450441967286884 0.06846361461358583 0.643889407615446 0.05789047845758579 0.6470967389148136 0.04494625157923974 0.6537450361848475 0.04267665380566566 0.6578268034145504 0.04208005973913607 0.6614246341674772 0.0430749828288665 0.6658651869712174 0.050855770923661246 0.6744859736474108 0.06584368136237953 0.6788998421911625 0.07166845426063703 0.6788531236795541 0.0935390017989763 0.6751702105271281
5 0.15749180326959406 0.703358858029628 0.16110227673402425 0.7003784692799336 0.16440827135213898 0.6954756767531294 0.16411761709076036 0.6917994136090722 0.16190331765693297 0.6888657433709862 0.15091184607974467 0.6820672313270606 0.1374201416615653 0.6815766027286589 0.12518782638345732 0.6835140111378554 0.12137436702148366 0.6852127973694765 0.11935541071331357 0.6890359081699844 0.11929393056051633 0.6923300264842 0.1282326148466106 0.7027380489089545 0.13622403161083502 0.7071652595827006 0.14108006963039982 0.7083667672075512 0.14769059790779376 0.7077576798280366 0.15749180326959406 0.703358858029628
5 0.10258019296696681 0.8077409637607662 0.11544911510757876 0.8061406441718951 0.14181884539709186 0.7903592769868112 0.1424154394636215 0.7867614462338844 0.14067477379072899 0.7868181818713028 0.12439836408323046 0.7926804927279415 0.12081553978867374 0.7921531627437414 0.11220898351876821 0.7801598253622022 0.10959489410290413 0.778384269241543 0.10293052844459902 0.7768122964147527 0.09201908245935966 0.7778836235173314 0.08586218154491335 0.7795156569857244 0.08353874639042803 0.7814163640091225 0.09079678419759155 0.7977835014311736 0.0923330030141049 0.805641660949776 0.09081532963674314 0.8089474588918936 0.09189173927725822 0.8120613531680444 0.09719522284672025 0.8105644877282 0.10258019296696681 0.8077409637607662