5 0.5135368663594471 0.1864186851211073 0.5213133640552996 0.18814878892733566 0.5250576036866359 0.1907439446366782 0.5290898617511521 0.19204152249134948 0.5331221198156683 0.1903114186851211 0.5362903225806452 0.18533737024221456 0.538594470046083 0.17387543252595156 0.536578341013825 0.16630622837370243 0.5305299539170507 0.15938581314878894 0.5262096774193549 0.1578719723183391 0.5221774193548387 0.1578719723183391 0.5184331797235023 0.16003460207612458 0.5138248847926268 0.16782006920415227 0.5112327188940092 0.17603806228373703 0.5112327188940092 0.18425605536332182 0.5135368663594471 0.1864186851211073
5 0.43490783410138245 0.2164792387543253 0.440668202764977 0.22794117647058826 0.44268433179723504 0.22967128027681666 0.445852534562212 0.23053633217993083 0.45593317972350234 0.23205017301038064 0.4602534562211981 0.23183391003460208 0.4619815668202765 0.22880622837370246 0.46284562211981567 0.22015570934256057 0.4614055299539171 0.21583044982698962 0.4567972350230415 0.20999134948096887 0.45074884792626724 0.20653114186851212 0.44614055299539174 0.20523356401384082 0.4395161290322581 0.20566608996539792 0.435483870967742 0.2082612456747405 0.434331797235023 0.20999134948096887 0.43490783410138245 0.2164792387543253
5 0.3513824884792627 0.24545847750865052 0.3557027649769585 0.24870242214532876 0.3654953917050691 0.25151384083044986 0.37327188940092165 0.2512975778546713 0.37644009216589863 0.2493512110726644 0.3787442396313364 0.2448096885813149 0.378168202764977 0.23767301038062288 0.37355990783410137 0.2285899653979239 0.369815668202765 0.2240484429065744 0.3626152073732719 0.22015570934256057 0.35714285714285715 0.21950692041522496 0.3522465437788019 0.22058823529411767 0.3493663594470046 0.22253460207612458 0.34735023041474655 0.22642733564013842 0.3482142857142857 0.24134948096885817 0.3513824884792627 0.24545847750865052
5 0.3888248847926267 0.2538927335640139 0.38680875576036866 0.2588667820069204 0.3925691244239632 0.26621972318339104 0.39400921658986177 0.2673010380622838 0.4014976958525346 0.2670847750865052 0.40783410138248855 0.2655709342560554 0.41273041474654376 0.26275951557093424 0.41705069124423966 0.25519031141868515 0.41676267281105994 0.25108131487889274 0.41849078341013823 0.2484861591695502 0.41877880184331795 0.24459342560553635 0.41676267281105994 0.23659169550173012 0.41388248847926273 0.2350778546712803 0.3989055299539171 0.2378892733564014 0.3942972350230415 0.24156574394463667 0.39112903225806456 0.24697231833910038 0.3888248847926267 0.2480536332179931 0.3914170506912443 0.2512975778546713 0.3888248847926267 0.2538927335640139
5 0.518721198156682 0.7067474048442908 0.5224654377880185 0.7073961937716263 0.5371543778801844 0.6987456747404844 0.5383064516129032 0.6963667820069205 0.5383064516129032 0.6892301038062285 0.5362903225806452 0.6855536332179931 0.5325460829493088 0.6820934256055364 0.5296658986175116 0.6810121107266436 0.5256336405529953 0.6810121107266436 0.5175691244239632 0.6853373702422145 0.5135368663594471 0.6929065743944637 0.5138248847926268 0.7030709342560554 0.518721198156682 0.7067474048442908
5 0.48819124423963134 0.7270761245674742 0.494815668202765 0.7337802768166091 0.5 0.736159169550173 0.5051843317972351 0.7355103806228375 0.5210253456221199 0.7246972318339101 0.5227534562211982 0.7197231833910035 0.5227534562211982 0.7143166089965398 0.5210253456221199 0.7093425605536333 0.519873271889401 0.7078287197231835 0.5118087557603687 0.7045847750865052 0.4939516129032258 0.7130190311418685 0.49135944700460826 0.7153979238754327 0.4884792626728111 0.7208044982698962 0.4873271889400922 0.7236159169550174 0.48819124423963134 0.7270761245674742
5 0.5648041474654378 0.7389705882352942 0.5691244239631337 0.7422145328719724 0.5745967741935484 0.742863321799308 0.5806451612903226 0.740916955017301 0.5884216589861752 0.7344290657439447 0.5913018433179723 0.7275086505190311 0.5907258064516129 0.7233996539792388 0.5869815668202765 0.7192906574394464 0.5820852534562213 0.7179930795847752 0.5783410138248848 0.7184256055363323 0.5702764976958525 0.721885813148789 0.5633640552995393 0.7283737024221454 0.5625 0.7348615916955018 0.5648041474654378 0.7389705882352942
5 0.8951612903225806 0.8775951557093427 0.8971774193548387 0.8804065743944637 0.900921658986175 0.8817041522491349 0.9043778801843319 0.8810553633217995 0.905241935483871 0.8788927335640139 0.9138824884792627 0.872621107266436 0.9262672811059908 0.8698096885813149 0.9274193548387097 0.8672145328719724 0.9265552995391705 0.8626730103806229 0.921947004608295 0.8581314878892734 0.9147465437788019 0.8548875432525952 0.9104262672811061 0.8542387543252596 0.9049539170506913 0.8544550173010382 0.9006336405529953 0.855968858131488 0.8957373271889402 0.8620242214532873 0.8942972350230415 0.8665657439446367 0.8940092165898618 0.8737024221453288 0.8951612903225806 0.8775951557093427
5 0.9248271889400922 0.9217128027681663 0.929147465437788 0.9238754325259515 0.9346198156682028 0.9247404844290659 0.9461405529953918 0.9245242214532873 0.9567972350230415 0.9217128027681663 0.9616935483870968 0.9186851211072666 0.965725806451613 0.9115484429065746 0.9654377880184333 0.9039792387543253 0.9637096774193548 0.8972750865051904 0.9605414746543779 0.892733564013841 0.9565092165898618 0.8899221453287198 0.9524769585253458 0.8901384083044983 0.9444124423963134 0.892733564013841 0.9389400921658986 0.8968425605536332 0.9317396313364055 0.8990051903114187 0.9248271889400922 0.9024653979238755 0.9202188940092165 0.9074394463667821 0.9202188940092165 0.9147923875432526 0.9248271889400922 0.9217128027681663
4 0.5233294930875576 0.7221020761245676 0.5244815668202765 0.724264705882353 0.5325460829493088 0.7314013840830451 0.5362903225806452 0.7335640138408305 0.5408986175115207 0.7344290657439447 0.5460829493087558 0.7339965397923877 0.5524193548387097 0.7318339100346021 0.5576036866359447 0.7270761245674742 0.5659562211981567 0.7102076124567475 0.5648041474654378 0.703287197231834 0.5616359447004609 0.698529411764706 0.557315668202765 0.6961505190311419 0.5532834101382489 0.6959342560553634 0.5293778801843319 0.7024221453287198 0.5230414746543779 0.7078287197231835 0.5221774193548387 0.7106401384083045 0.5233294930875576 0.7221020761245676
4 0.9127304147465438 0.8981401384083046 0.9150345622119817 0.9009515570934257 0.9193548387096774 0.9035467128027683 0.9216589861751153 0.9037629757785467 0.9274193548387097 0.90030276816609 0.9392281105990783 0.8966262975778548 0.9470046082949309 0.8897058823529413 0.9464285714285715 0.8838667820069205 0.9415322580645162 0.8760813148788928 0.935483870967742 0.872188581314879 0.9285714285714286 0.8695934256055364 0.9182027649769585 0.8711072664359862 0.9112903225806452 0.8737024221453288 0.9029377880184333 0.8821366782006921 0.9023617511520738 0.8836505190311419 0.9127304147465438 0.8981401384083046
3 0.46543778801843316 0.22080449826989623 0.46860599078341014 0.22556228373702422 0.470910138248848 0.22794117647058826 0.4807027649769585 0.23226643598615918 0.4879032258064516 0.23140138408304498 0.48963133640552997 0.22967128027681666 0.4916474654377881 0.22080449826989623 0.4899193548387097 0.21107266435986163 0.49135944700460826 0.19982698961937717 0.49078341013824883 0.1961505190311419 0.48127880184331795 0.18901384083044986 0.47350230414746547 0.18728373702422146 0.47033410138248855 0.18793252595155713 0.46658986175115214 0.1903114186851211 0.4634216589861751 0.19398788927335642 0.46226958525345624 0.19788062283737026 0.46255760368663595 0.21345155709342561 0.46543778801843316 0.22080449826989623
3 0.32862903225806456 0.2750865051903114 0.33352534562211983 0.2858996539792388 0.33496543778801846 0.28654844290657444 0.345910138248848 0.2861159169550173 0.3554147465437788 0.28287197231833916 0.36347926267281105 0.2768166089965398 0.37039170506912444 0.2664359861591696 0.37067972350230416 0.26167820069204156 0.36664746543778803 0.2538927335640139 0.3554147465437788 0.24826989619377166 0.3485023041474654 0.24351211072664364 0.3418778801843318 0.24113321799307957 0.32776497695852536 0.24091695501730107 0.32142857142857145 0.24459342560553635 0.3199884792626728 0.24740484429065748 0.320852534562212 0.26232698961937717 0.32862903225806456 0.2750865051903114