5 0.3163053704067805 0.24912134341998954 0.3200559157752596 0.24098376397693685 0.3201183738428402 0.22626673665346736 0.3144304806190362 0.22018991312999767 0.3083103033461589 0.2182396864533676 0.297993240875459 0.21989833499959383 0.2898193862388557 0.22516085263899469 0.28676632549255204 0.22851338983419786 0.2836377900561478 0.2297046146872317 0.28146335318826093 0.23345925925579167 0.28135664946437006 0.23865646057535703 0.284582262840155 0.24849798036574575 0.29126303113527663 0.24999584117722393 0.30190463477340895 0.2576308357023258 0.30909316180770463 0.25716341200913356 0.3163053704067805 0.24912134341998954
5 0.27473861260158844 0.28021897386484357 0.2741166026695136 0.2871653284548625 0.27532835434212294 0.2888541715351619 0.2789107770768806 0.29240778213654156 0.28577372378599375 0.2908697539706236 0.29173540420965993 0.288281224728698 0.2967354385957987 0.28291314453702937 0.3011608261794231 0.2693421291434762 0.300488062279778 0.2583294878967718 0.29658005921983777 0.2537052728226664 0.2912856735423068 0.25064423487987475 0.28432460973606294 0.24937255700097255 0.2787715317966899 0.25540913429201006 0.2678863308347356 0.2573040174691711 0.2653636712346361 0.2593396638623547 0.265226777634705 0.2636723402450523 0.2677031132629941 0.26856294504516964 0.27492183017332994 0.2689600462888451 0.2785118003770978 0.2727297881244416 0.2766780387724135 0.27798729963416113 0.27473861260158844 0.28021897386484357
5 0.3683716424614233 0.2711065768759474 0.3744249316709602 0.26288858384602265 0.3743041721667993 0.2594304840985517 0.3643449582128223 0.2465781848571663 0.36142124359743966 0.24538191443545482 0.35013498762020234 0.24404488079772096 0.33323527395151153 0.24701537457728912 0.3249859446248077 0.25011657987452074 0.3241450580914412 0.2507951286722486 0.32653837156061966 0.2533082898959796 0.33562754826293995 0.2577515743996227 0.3458379070097489 0.2612901271729619 0.36494771657587677 0.27209172219312333 0.3683716424614233 0.2711065768759474
5 0.47302135203092144 0.47843705619210947 0.4836197491704935 0.4683291861147049 0.4876505900500948 0.45996542373907623 0.48857553790032193 0.45344127991913225 0.4823421485922938 0.4482490847292482 0.47541882213110026 0.4480580630214307 0.4705858712209327 0.4499579917672694 0.45876817493974126 0.4581608875301577 0.45600295717356987 0.46150337302700184 0.4572826360672697 0.4651373972152536 0.4632432773331859 0.4707719065719306 0.46662842671593185 0.47692914368227235 0.4695747837383447 0.47877380780663453 0.47302135203092144 0.47843705619210947
5 0.43375394722877747 0.47634598742146467 0.43395225973853907 0.4655193223138999 0.4280681323204737 0.45382308670078997 0.42364482305234946 0.4509480248971382 0.41696405475722775 0.44945016408566013 0.4129493479733967 0.45002315033112 0.4078587439591372 0.4527976557121856 0.40394970174144695 0.4563964792366827 0.4055021286772589 0.45958818925814154 0.4155529514171067 0.46681102471152763 0.4275119712939891 0.47916069959596613 0.43160970023693085 0.48096515692689235 0.43375394722877747 0.47634598742146467
5 0.46327789720498586 0.49652167853882245 0.4665357787723111 0.490781646068874 0.46747582156055845 0.48468976471736386 0.4669540070411144 0.4779997481549979 0.4626298540278711 0.4697113537975638 0.4563436324367725 0.46300623996816126 0.45516207064020325 0.4621819218247296 0.4493750211615185 0.4615184308550423 0.4413380601248463 0.46244827211174544 0.436262551048607 0.46565503996124474 0.4345193590720434 0.4735061262815674 0.43438246547211223 0.47783880266426504 0.436418969582318 0.4866398730770053 0.44003158219311594 0.49105800861525273 0.44503812489051475 0.4941290982564034 0.4532184878383779 0.4973057504498219 0.46327789720498586 0.49652167853882245
0 0.6242037263481814 0.4997742114573862 0.6147512319756283 0.4931796663099329 0.610963988419849 0.4920135509832984 0.6063358583307032 0.4915259844543919 0.6020408560357499 0.4923251536324279 0.5964877780963769 0.49836173092346536 0.5961536111444342 0.5052980338151252 0.603227886985829 0.5098116802072814 0.6165139488859717 0.5106460894880683 0.6246274237704946 0.503654521974932 0.6250974451646183 0.500608581299177 0.6242037263481814 0.4997742114573862
0 0.5738418697673018 0.47708027410862347 0.5775234487569402 0.47522055215622083 0.5811069106494481 0.47055112415899797 0.5826150919289497 0.4642230081765528 0.580820106827066 0.4623381372587545 0.576426987434982 0.4603276003919704 0.565974070522101 0.45809588672229173 0.5553993549473091 0.4606291119037447 0.551512955136649 0.4648763291308926 0.5513534191296878 0.4685606118109396 0.5538071123509467 0.47280282290840603 0.5596771839887421 0.4758437574544798 0.566645795263996 0.47733156656759884 0.5695015826582882 0.47658265588135784 0.5738418697673018 0.47708027410862347
0 0.3639161193030465 0.5231457116289716 0.36232595502218423 0.5188733454364279 0.35875862722544666 0.5157519973034822 0.35263090248355927 0.5135856393926351 0.3457151234913757 0.5136107489190347 0.3401243082069524 0.5185666700389875 0.3394872033368574 0.5250807621605724 0.342539224925411 0.5299512635639718 0.34722018729762716 0.5319517487323969 0.35731733400928534 0.5322483329924822 0.3612565661030159 0.5295140344048527 0.3639161193030465 0.5231457116289716
0 0.362967489888039 0.5372445003448673 0.3602335011556579 0.5332284721799766 0.35702194356014305 0.5320422534566241 0.3495153836696749 0.5316552039113078 0.3463793007642607 0.5326302975301248 0.3396446610283185 0.5378425566777305 0.33939455539323654 0.5389332645471743 0.3400597718238716 0.5497297745596619 0.3440367412626524 0.5480761321431171 0.3510053525379063 0.5495639412562362 0.35733035063180524 0.5491266726581209 0.3621104692589023 0.5457138252727637 0.362967489888039 0.5372445003448673
0 0.31141991487959 0.5466183992470827 0.3109962174572767 0.5427380887295369 0.30831506100796596 0.5402349792041647 0.30221752614211883 0.5389331462301856 0.2944533131475587 0.5394206733200959 0.28820378974376026 0.5420192542603806 0.28653711161504736 0.5438086143242701 0.28700609385142095 0.5489857122471173 0.2921258485839705 0.5552987704015222 0.29618584018186195 0.5560225715613638 0.3059725015063577 0.5556808138171572 0.3088131939626297 0.5544996406624823 0.31141991487959 0.5466183992470827
0 0.3276848753584454 0.5914933218163286 0.3265647324717068 0.58417501494803 0.3218460327544403 0.5810938736085203 0.3183692745858234 0.5805661002861777 0.31380152424875807 0.5818075836310065 0.3067035668425831 0.5848685821348021 0.30506707858991045 0.5875224671355593 0.3053463349432825 0.5955193228015859 0.30776983828850124 0.5988970089621846 0.3205028566354097 0.6003999153423404 0.3245251108882509 0.6000430603310971 0.3270553179573605 0.5982235451721306 0.3276848753584454 0.5914933218163286
0 0.7155533182372666 0.697614980425725 0.7064792364729665 0.6936039583905158 0.6966246479273802 0.69200053502677 0.6930034486898221 0.6955893068529081 0.6929873145940519 0.7033800829830767 0.6951229749591384 0.7067678208420345 0.706817833420669 0.7115529025288803 0.7108249927354898 0.7107637850492032 0.7180296538655558 0.7025055852258424 0.7155533182372666 0.697614980425725
2 0.6636158998853137 0.7948587808003232 0.6662064867065038 0.7947683155150921 0.6723342114483912 0.7969346734259389 0.6788931810816019 0.8031974730885485 0.6944583052580223 0.8115261136784151 0.6965713232160786 0.8142654578347219 0.7006916945660505 0.8167183088682991 0.703865514816515 0.8168238714205668 0.7086682758506424 0.8140594177378603 0.7105171323933467 0.8092341686965747 0.7123896705008312 0.7968342747593373 0.7116252978153154 0.7914510973006321 0.7008478397350021 0.7799257405596254 0.6882139776429742 0.7730095016256874 0.6821164427771271 0.7717076686517081 0.6728979199438859 0.7718131917649798 0.6666333016020672 0.7739795102368305 0.6628299239505178 0.7806041710403646 0.6576844093376878 0.7983118349791165 0.6573804322617853 0.806112662807644 0.6582816985472324 0.8071631638836516 0.6595850590057124 0.8032225431759518 0.6615622225215878 0.802071525116354 0.6614263680794068 0.7981811629004494 0.6636158998853137 0.7948587808003232