3 0.3284792254224635 0.26730343408035234 0.31957364339639427 0.26746693427112483 0.31548753112448524 0.26852114514581954 0.314110487077709 0.2706446968620967 0.3122280759685512 0.28263939651705894 0.31032715246029363 0.2857517590317218 0.2994008398229232 0.29210728421366544 0.2942295750107396 0.2940207257863173 0.29097411738991563 0.29659841788018904 0.29491791262457123 0.30128209161907105 0.30074012143327467 0.30551162498035866 0.3079393742887542 0.30761760662536897 0.3145138217979212 0.3060281153037884 0.32016031748716917 0.3033365831024707 0.3237450602318067 0.30061296088909334 0.3272176221245081 0.2945341659792734 0.34350616519573257 0.2803165944413809 0.3438318216035488 0.2750649402174585 0.34179257859314804 0.2723746280683303 0.3376429340537198 0.26986294607686256 0.3284792254224635 0.26730343408035234
4 0.3955709771947054 0.24173174307650327 0.3863847586292394 0.24183045321706148 0.3836531804698967 0.2434193345125474 0.38217883925428675 0.24596432656826459 0.38158380127417874 0.24982207967343859 0.38318520702482717 0.2544088733500467 0.38925428747161245 0.26269052996715103 0.3954057814041294 0.26677413320893284 0.3991139599678079 0.2660765726234639 0.4034059215444897 0.262850370001355 0.41539850550392227 0.2633995603629392 0.41747151341563765 0.26210253930646477 0.4175052783169524 0.25811520610086225 0.41519665373425985 0.2540309928329857 0.40118370798263864 0.24302754408078814 0.3955709771947054 0.24173174307650327
4 0.4269307422693928 0.26850345438907175 0.4140926199757728 0.262654169772428 0.4040158432076998 0.26276922993206353 0.4004423554301672 0.2641637410769067 0.39789774535738476 0.2713445768664636 0.3987843060248817 0.28286878612475413 0.40127626997813703 0.28743922978228487 0.4061218783825044 0.29077744243355547 0.4127598581591907 0.29275384397813736 0.43236339358364806 0.2910650324899037 0.4366927487776417 0.28895722076660907 0.43755716833004143 0.2864933687801834 0.43566024235689416 0.27806517201747855 0.4327903446954083 0.2738513786491735 0.4269307422693928 0.26850345438907175
4 0.3831361896212975 0.27126587690155113 0.37354589869739374 0.2692737353639867 0.3628592002661105 0.26946993559291366 0.35833525073444916 0.27242062799508837 0.3570928974738189 0.2752411302707397 0.35719382335865013 0.27992541403571647 0.3648007772885647 0.2892279714632663 0.3730027691985873 0.29467277578564205 0.378420905648853 0.29681145746880694 0.38688865041517007 0.2985444388055144 0.3902675438550349 0.2979928083395511 0.39380363801525553 0.2954799062958937 0.39839874606554354 0.28966027158693086 0.3987991897079839 0.2866453991606367 0.396572978611023 0.2783631325174375 0.3949490629261647 0.27643456097789787 0.3831361896212975 0.27126587690155113
4 0.2697071192237416 0.22354940929851413 0.26647417153712744 0.22346887925531744 0.2615348946799235 0.22565783104790352 0.24946352595075655 0.23441241816605865 0.2430273979437328 0.2418045841514303 0.2419832677367677 0.2488879298526186 0.24341258908395816 0.25165938207103816 0.24714690629784392 0.2534093234529176 0.2582714419888793 0.2513166416965107 0.25995526122525936 0.2517053819977962 0.2658148636512747 0.2570533062578978 0.2681721368183842 0.26092679935605445 0.2726623214487309 0.2619634401594824 0.27884758028256257 0.26205971019566165 0.28453146958912257 0.2604865688931582 0.28634635089565114 0.2564665356494012 0.28628281862813193 0.25290064278323854 0.2821335429078165 0.23374267740998622 0.2790316572913508 0.2292533738217469 0.2697071192237416 0.22354940929851413
4 0.3045989809235395 0.259348777844793 0.2971564851459753 0.25829639704838253 0.2892275035242419 0.25935121794917204 0.279311556192522 0.2626107306355301 0.27157716890845623 0.26282267085743954 0.26472208485989257 0.264347372128806 0.257174665662387 0.2701512668447865 0.2562503425584654 0.27415495006946633 0.25999954345545345 0.2796815044872284 0.26942500740789393 0.2900697527754378 0.2765269630945396 0.2925971747598882 0.2893015531206405 0.2948805665103693 0.3004373437787809 0.2914587736854283 0.31009516450531394 0.28547624881178757 0.31198483304646657 0.2836929973656589 0.3147951959755434 0.2728003385904335 0.3141929005634406 0.26644664348677416 0.3090779105867813 0.2617145297167552 0.3045989809235395 0.259348777844793
4 0.22702275130878968 0.27783895322573815 0.2222406751719416 0.2780666334406302 0.2173126532818425 0.27892647416468214 0.21204409130082488 0.28126135607677405 0.2036696461682316 0.2906474936779943 0.2025133351093303 0.29437566668273996 0.2068310665171063 0.3102432494097639 0.20909104251538202 0.31453818284736057 0.21220418309895242 0.3176983753670656 0.22206385559514796 0.3210844180233784 0.23301993559872294 0.32228211891319997 0.2358862045442114 0.32139018817708814 0.2379443287728246 0.3163165540847312 0.23831500504906034 0.30574845558667185 0.2443132957963318 0.30025277112878007 0.24473624937298175 0.2945796765654177 0.2396176306803251 0.2847418386909818 0.2320742090179298 0.2790051741295946 0.22702275130878968 0.27783895322573815
5 0.21616544375049954 0.2096346784693388 0.2110504537738403 0.2049025646993198 0.20980447179721265 0.20261734287055444 0.20696071278593386 0.20085105146959772 0.20167726712181402 0.19940932034580708 0.18924684590262913 0.20075661151170276 0.18474903502117485 0.20615480588122576 0.18280309164449782 0.21458361267002535 0.18373830089641163 0.22589710175859584 0.18650327513795606 0.23696717063929182 0.1888605483050656 0.24084066373744842 0.19664721288954556 0.24552372745023562 0.2039437629138591 0.24720826875580607 0.22146303545949605 0.24814558939258108 0.22536580836084236 0.24660514812823217 0.22825458724054054 0.24305499525505203 0.22931360113060806 0.23974826258974646 0.22868879578429552 0.23605278962315532 0.22626799034966685 0.22861340365883617 0.22107821313838355 0.22164450809118877 0.21616544375049954 0.2096346784693388
5 0.5664125751610986 0.22257841654104676 0.5622890692718774 0.22251423651692726 0.5590336116510535 0.22509192861079885 0.5537686783860334 0.23253253462730758 0.5516506506058984 0.2391459999579188 0.5530948556361912 0.24569406521222095 0.5568778214344937 0.24723328642438033 0.5746777305195276 0.2482353971113696 0.5782138246797481 0.24572249506771224 0.5794899428416931 0.23891465958645824 0.5764592157438541 0.2315564136914306 0.5726613662624493 0.2262405794433886 0.5664125751610986 0.22257841654104676
5 0.5987601956072268 0.24891233749509797 0.5909172561872224 0.2508748291249817 0.5874185556443138 0.2545061220674532 0.585835662292765 0.2588016655311446 0.5891506546459979 0.2713304255808033 0.588888530505701 0.28014797267088837 0.5911710164381864 0.28178468397141654 0.5953319159447196 0.28296725489435026 0.6018352049352598 0.2842467058795579 0.6052140983751247 0.2836950754135946 0.6090086879596449 0.2672589021754354 0.608294211695606 0.2575500343753333 0.605435569001225 0.25200712993849417 0.5987601956072268 0.24891233749509797
5 0.5308345292870152 0.25120853979356894 0.5264303868583975 0.25107956971923523 0.5223330196193836 0.25346289166246405 0.5212253571448991 0.25698034449748974 0.5225947749405678 0.26129162795416355 0.526198030084305 0.2674503428810855 0.5279715202384113 0.27385247801588186 0.5316833275180873 0.2782606415348297 0.5417974979034723 0.27926397227400845 0.5466768712091543 0.27861485171967637 0.5504562082914595 0.275048348827419 0.5515003384984247 0.2679650031262309 0.5477362539183346 0.2586618356725864 0.5443911253797843 0.25522613293294705 0.5308345292870152 0.25120853979356894
5 0.5766345600441968 0.25512376263582026 0.5729376364476231 0.254492212152755 0.5620225787773576 0.25951862626616456 0.5585013683002392 0.26580814134570446 0.5549837865391183 0.27720338052966126 0.558369937410978 0.2868631982725315 0.55861680904906 0.2909153215283483 0.5612772286897759 0.29219538253965077 0.5744297524241073 0.2941221240009062 0.5808582541800236 0.2931647931884855 0.583649735890888 0.2900360806547454 0.5883984159455343 0.2771494502636715 0.5879046726693703 0.26904520375203783 0.5836653572122157 0.26052012692705906 0.5766345600441968 0.25512376263582026