1 0.6956823323053647 0.439368202490814 0.694934183358462 0.4427283697254472 0.6974583584998453 0.4443794236458891 0.7027317837003111 0.4424246060103165 0.7039239391958338 0.44031724406445205 0.7080802338733434 0.43871747988259163 0.7188683292240402 0.4391359649158165 0.7258995098081585 0.4467702403413808 0.7314628491040951 0.4471765835336747 0.7389968911773341 0.44472630997502904 0.7449434403521361 0.4411636335969753 0.7500364172725915 0.44010252051614895 0.7532296738802943 0.4377494542489031 0.7571447236080387 0.43182156976267255 0.7565142845421378 0.41250702845134823 0.7584545889845631 0.4070394992708505 0.7551214682265226 0.40352678772592554 0.7518978132839423 0.4032689415636132 0.7492235881974262 0.4051225046274756 0.7399114191509439 0.4167244747179346 0.7331599668675011 0.4208217549167118 0.7279352108127408 0.42080961307578085 0.7219988474327342 0.4150018946573593 0.7189556407701644 0.41385034394030074 0.7142681870474189 0.40876082698992455 0.7058907585146285 0.4043422690493223 0.703265202573818 0.4042288726366811 0.6954189330862633 0.4064995958283154 0.6929474695986022 0.4052778438765765 0.692327057277988 0.4073150045877606 0.6869299379592502 0.41298909019198893 0.6861290773586258 0.41591995545791915 0.6873637587130752 0.42361229027723296 0.690850971924265 0.4260166462830603 0.6966251578350894 0.42814019735016606 0.6986830131090078 0.4307200564426944 0.6983525148838645 0.43511837798174485 0.6956823323053647 0.439368202490814
1 0.6884100658209896 0.396683709941896 0.6931806295323346 0.4048134412905332 0.6959825912451392 0.40163687170322177 0.6967570960189027 0.39849135545294 0.6995103885860019 0.39728174534213206 0.7025008835948496 0.39800399409048764 0.7092563783863088 0.39630297533691705 0.7188848173551227 0.38727681705867606 0.7215022882799005 0.3825976905809039 0.7350315486736472 0.374617781167701 0.7310293464492871 0.3751091898104636 0.7207866384466378 0.3744058525582069 0.7035329623999524 0.3780495471064191 0.6877674992310394 0.3701803842949516 0.6796313156480142 0.3700899466587194 0.6748769219687352 0.3715452610909087 0.6712173454935677 0.3748271325302409 0.6646017148524461 0.3823939290959823 0.6617510839939359 0.3875374581597975 0.6604311918721246 0.39096782662911106 0.6613455607962261 0.39368808819100015 0.6665966726778473 0.39391488101628275 0.6741387997671194 0.3962571303480504 0.6824817874570159 0.39566851441388784 0.6884100658209896 0.396683709941896
0 0.6285109123686544 0.3909651768182053 0.6244256001556949 0.38841637106270693 0.6199793913827146 0.38765497441670077 0.6134570565249877 0.3888915905842282 0.6100306399835524 0.3917090594375172 0.6089175519686127 0.39446037433643616 0.6089743061303511 0.39728593775034565 0.611814751194066 0.4015128034830056 0.6189919392153008 0.403246200479059 0.6256156548724552 0.40047192680373084 0.6292975446664673 0.3950084449035436 0.6285109123686544 0.3909651768182053
0 0.6193507349965591 0.4156217090564551 0.6216032668532998 0.41033373024296865 0.6211288619698022 0.40647001252464177 0.6174348446517409 0.40474471008920904 0.6119242170095264 0.40476766886561827 0.605300501352372 0.40754194254094633 0.601513188250916 0.4121468205037277 0.6017544332006812 0.4164749408080978 0.6036054843677282 0.4197338534710209 0.6072731458589286 0.42124450492210197 0.611666642978187 0.421576599599405 0.6165751291106155 0.41901292962811815 0.6193507349965591 0.4156217090564551
0 0.23878466963033876 0.46648920067360977 0.24171841047744821 0.4643858860080557 0.24498264954970103 0.45788424980345105 0.24549359605485485 0.45259222370965446 0.24371756986037427 0.4475810025545792 0.24085481147781493 0.4455357472827745 0.2328727203479391 0.4443369541074446 0.2289232297773009 0.4452576647189105 0.2213932302120781 0.45010419972276267 0.21861762432613446 0.45349542029442586 0.21716595307001843 0.4558525338419819 0.217640357953516 0.4597162515603088 0.22081938625840714 0.46433731864433164 0.22451340357646843 0.4660626210797642 0.2318973957045746 0.46711696450542295 0.23878466963033876 0.46648920067360977
0 0.3142670552918311 0.4336893252124354 0.31165977016184854 0.4289980568937324 0.307627169602611 0.42687855310693684 0.3038054156582612 0.4264762571949534 0.29653088934561533 0.4286767791519074 0.29108105837315557 0.43392156278743277 0.2909046526011615 0.43721152878738573 0.29338015859683925 0.4408295421843313 0.2990266078813751 0.4442760997748863 0.3054739177665355 0.444791792099511 0.3114204669413374 0.44122911572145734 0.3142670552918311 0.4336893252124354
0 0.3336576540930178 0.4332694427098061 0.3354215527634491 0.4310918795292612 0.33591018594975836 0.4279814638963197 0.3348640378913522 0.42418794741267307 0.33121868971899643 0.42049568550073674 0.3231838869353986 0.41886759035670396 0.31572891234274236 0.42196181686840417 0.3136527862579958 0.4239598296819377 0.3119943108950084 0.4269959967998885 0.3169939920320691 0.43226506411727594 0.3192363380940144 0.4363474801002648 0.32225318892972327 0.43728437983297186 0.32932091113549783 0.43576291144641244 0.3336576540930178 0.4332694427098061
0 0.33088803244434456 0.4556161038587708 0.3314293772843758 0.45293499019453226 0.3302514500916648 0.4480682187891283 0.3234351586304507 0.44454741268358255 0.32078324686277915 0.4442193652865899 0.31283155406778074 0.44563148454081813 0.30857387859084373 0.4487689062304792 0.3074080789221819 0.4510909191606952 0.30793519545940146 0.4553839388477251 0.30965446749214365 0.4575695965888906 0.31514682432353014 0.4621245097185433 0.3185022584004152 0.4634556108026131 0.3283455864921333 0.45854292184439077 0.33088803244434456 0.4556161038587708
0 0.23740576351851833 0.5119790202348857 0.23883107894777345 0.5094072557029781 0.23710372189899837 0.5024290750713993 0.22867762422050247 0.4999774766073008 0.2186761611676184 0.5036022596594141 0.21522338879932232 0.5062050775283515 0.21434346071811486 0.5084919898412275 0.2138548275318056 0.5116024054741689 0.21508142387022217 0.5145022174030693 0.21640940100806622 0.515864371824169 0.22025751077927688 0.5164813187205038 0.23143285851685547 0.5153270456285879 0.23740576351851833 0.5119790202348857
0 0.5713644484205375 0.8921497618195392 0.5683395125687958 0.8864203391964185 0.5639683287683821 0.8839066340582604 0.5600938631703103 0.883075036177574 0.5551813345298653 0.8832424447036541 0.5504269408505861 0.8846977591358435 0.546169265373649 0.8878351808255045 0.5455224972261739 0.8896576905523371 0.545293379800458 0.8925183545835867 0.5471221176486606 0.8979588777073652 0.5578392305348073 0.9025259326779487 0.5628794958015408 0.9010355176284193 0.5677089144533864 0.897827894704078 0.5713644484205375 0.8921497618195392
0 0.598238478420004 0.8746873861026725 0.6039174268181797 0.8665819384358974 0.6032098620009497 0.8631826233036136 0.5984737391324986 0.8600600658297409 0.5914810418992907 0.859829225724148 0.5877910670892458 0.8605001847339221 0.5845187430009601 0.8622092980481133 0.5802914658589003 0.8679576321673323 0.5802204833943503 0.8721062021046914 0.5820451787345364 0.8751504637832628 0.5860514234669131 0.877055316585707 0.5895873058238085 0.8774927131150305 0.5935895080481687 0.8770013044722678 0.598238478420004 0.8746873861026725
0 0.6507620097241298 0.4374755640932527 0.651171575429856 0.4337211955072567 0.6488765177141887 0.4292094775555649 0.6436254058325676 0.42898268473028234 0.6408194016117466 0.42976299287238734 0.6375734333503218 0.4316867571709301 0.6366407936153923 0.43354436751510284 0.6363589645359544 0.4359757295776497 0.6374537817400661 0.43780228658479264 0.6409146391243952 0.4399919916062684 0.644710037241884 0.44017963653390046 0.6486331719856613 0.43904427493808323 0.6507620097241298 0.4374755640932527