0 0.4026235300845452 0.45138372081244443 0.40526735683618387 0.4469192453190239 0.4042962337503443 0.44137342034322513 0.39576067025638817 0.4356669564965139 0.3882489415019934 0.4359356195943045 0.3781684109685265 0.4389164496933634 0.37653224892438364 0.439771006350459 0.3746669694545248 0.4434862270388044 0.3749913243928894 0.4508545617414357 0.37767363449543834 0.4537935215679866 0.3880258083135478 0.45775172420285604 0.39493943806617293 0.45733861135539444 0.3981854063275978 0.45541484705685165 0.4026235300845452 0.45138372081244443
1 0.36783839141975305 0.46349873341662234 0.3737808980865385 0.4575397955933621 0.3748149186208954 0.4541445277413885 0.37082694469934696 0.44766180303288283 0.36998355823979573 0.44079297153363495 0.36834335368763643 0.43925126674552395 0.36267459108425604 0.437986319615824 0.3504571377962877 0.4377433376693002 0.34433014034147547 0.44219971860210006 0.3346003205732341 0.45276353438814176 0.33247956785079835 0.4591247681233856 0.3322058237873933 0.4663486530763457 0.333300640991505 0.46817521008348856 0.3363702034809358 0.4695414117848987 0.3475232378996698 0.47056874915383784 0.35596356388097744 0.4660462142666679 0.36783839141975305 0.46349873341662234
1 0.32007730567578635 0.5188234229243683 0.32335367227208855 0.5195105710553837 0.32667870801409615 0.5182307597098953 0.32867576661825987 0.5155887939433075 0.33037886861893634 0.5081894059036463 0.3328199337717202 0.5068002454258271 0.3379129106921756 0.5057391323450006 0.34027490836437646 0.5037060189141268 0.3398532151346009 0.5002716031645028 0.3333268377688575 0.4991119578868237 0.33103178005319034 0.4946002399351319 0.3332498710670371 0.4843050872468807 0.33246323876922423 0.48026181916154254 0.3285320190094141 0.4766046578669464 0.3237208711683966 0.47523440888522595 0.3208134861481481 0.47755237453513166 0.3136139848080687 0.4780005879999334 0.3025521453939669 0.4848059879196687 0.2968347136448809 0.48550800026647256 0.29075638533577414 0.4879974217227687 0.28050753404634615 0.4990607407121937 0.27924439608627327 0.505316672595417 0.2804080949761726 0.5171575773520896 0.2823605269426472 0.5188788325072119 0.29421304116257824 0.5185129621180213 0.31189649545507203 0.5230962062098465 0.3162142338534258 0.5196609662524707 0.32007730567578635 0.5188234229243683
1 0.4372536219991373 0.6247096446612657 0.43582830656988236 0.6272814091931733 0.43643449058768474 0.6322183818332576 0.44101247849496994 0.6340530334010214 0.4449619690656082 0.6331323227895556 0.448757367183097 0.6333199677171877 0.45154510059308983 0.6371175314811444 0.45518640625742923 0.6384135319478741 0.4644883895091162 0.6361819566538903 0.4793415845326904 0.6271679402165804 0.48497186378516055 0.6210294520263087 0.4906427271673035 0.6081314814691201 0.488479448585941 0.6046930184391858 0.483822393198073 0.6022144139183677 0.47514696555377894 0.5906421722594857 0.4692186871898053 0.5896269767314776 0.4635803229213022 0.5909729420313359 0.45742696963962903 0.5952146719797843 0.4542600688587871 0.5977823892313816 0.45120263389340565 0.6036049718655915 0.44826889304629614 0.6057082865311455 0.435795966505751 0.60811131763152 0.4200426308608872 0.6074309391556725 0.4156531762496452 0.6094951059235759 0.41428057247411215 0.6124961724241866 0.4141528358478236 0.6138191789476357 0.41542810133194574 0.6147520314000325 0.4234852174343879 0.6141985160832101 0.4310800561773821 0.6169700673836808 0.4340259245485408 0.6220555370537466 0.4372536219991373 0.6247096446612657
2 0.7283192159391484 0.2632301094105154 0.731565184200573 0.26130634511197265 0.7422580420386213 0.2514958314113164 0.7468421732326853 0.24156382673739815 0.7478519387189437 0.22379099021418472 0.7448899003157192 0.2091204747632922 0.7426739100806349 0.20525270976465498 0.7343755490284274 0.2014781047771072 0.7273037843146365 0.20060331171845985 0.7248100075081306 0.20156317022757606 0.7165380022827841 0.1980032162243798 0.7126898925115734 0.19738626932804487 0.7086613344603523 0.19766302698645602 0.6960606712935186 0.2013890646102797 0.6927396780595274 0.2050651374009746 0.6906189253370917 0.21142637113621846 0.686083463288733 0.21939141633363296 0.6828657925834235 0.23808901074862238 0.6822919486297525 0.25232212967019124 0.6841166439699384 0.2553663913487627 0.6917945927015319 0.2611781570474945 0.7106215333438428 0.2656209986699588 0.7215373653208281 0.26471647717973457 0.7283192159391484 0.2632301094105154
2 0.5174619115991327 0.2191783805105409 0.5189358961740931 0.21463965650212974 0.5173058774167292 0.20372755691754355 0.5141836032735764 0.20193205324743047 0.5105726959441144 0.20324696521025903 0.5084134598707685 0.2022047636255313 0.5034218637497406 0.20172821919855707 0.5002549629688988 0.20429593645015437 0.4987546225670772 0.2086200094742142 0.4983754551962282 0.2149852904897684 0.5017916859428682 0.22153821643295452 0.5062682930507258 0.22491052550851878 0.5103495627556689 0.22506306981881066 0.5136745984976766 0.22378325847332237 0.5174619115991327 0.2191783805105409
2 0.5404412634604451 0.18890309968695468 0.5405507292759054 0.19215796506956728 0.5428944561372783 0.19470272354475543 0.541495496534884 0.19748913906101456 0.5373919135110965 0.19951820521157795 0.5276459237107894 0.20049697521679297 0.5254541885238037 0.21100677888939562 0.5253689777564418 0.22212948217802295 0.5313276544552931 0.2257555901355892 0.5383243941965175 0.22838269168638878 0.544692636601095 0.228254431057959 0.5520198745674627 0.226483211069708 0.5544041855585082 0.22226848717797915 0.5566486323992159 0.21218798547407952 0.5476144089736636 0.18824023523780134 0.5408021600204659 0.18711569057746233 0.5398046811077652 0.18135521461731208 0.5320517074036054 0.1772957574107325 0.528489469219849 0.17664370989705733 0.5251117218241194 0.17749421927384254 0.5194510442367718 0.18102179503455607 0.517585764766913 0.18473701572290152 0.5278548285964231 0.18565500395950982 0.5335195486917872 0.184523689644003 0.5380184691184895 0.1857143882587121 0.5386469664551365 0.18846975043794134 0.5404412634604451 0.18890309968695468
4 0.7562233830144636 0.20925410757748525 0.7595747745833322 0.20818894721634837 0.7631289277510558 0.20404847183961022 0.7656369328603733 0.19611447997922565 0.764917240519094 0.18552638051132186 0.7602257442883322 0.17804060211573897 0.7557227813536136 0.17445364205582323 0.7457395891115577 0.1735005532018748 0.7377351846628374 0.17448337048740012 0.7274559350385319 0.18293577704726705 0.719854953008759 0.19193088198847827 0.7190540924081346 0.19486174725440839 0.7233766070628428 0.1993424118690704 0.7276160117289516 0.20078286208547116 0.734947292203336 0.20140790354242682 0.7479290644702725 0.20787576403514416 0.7562233830144636 0.20925410757748525
4 0.462539171667963 0.4052431060789946 0.4615336077392295 0.39469010722843095 0.4644552210622897 0.3853980082272569 0.472838792881859 0.3780499099261773 0.47278203872012065 0.3752243465122677 0.47004701696384965 0.37185608471701376 0.4614404710053434 0.3702981908076614 0.4548573394778616 0.36631298211607255 0.4436515934054056 0.3648563427784303 0.43442463512628515 0.36533560958026196 0.42933165820582986 0.36639672266108847 0.42309923744357364 0.3699944996564823 0.41965050758329403 0.37499357897062646 0.41895507029011325 0.37878304817396274 0.4201370399908407 0.38604608102457344 0.4284961977128031 0.39504251087123743 0.4414333433420505 0.405873592285665 0.4519659654401703 0.4089380903657883 0.4600494373694737 0.40859922603331744 0.462539171667963 0.4052431060789946
4 0.16260700572517423 0.4723564485191368 0.16920840806348403 0.47176378530466384 0.18630394914900356 0.4668321848503427 0.18929040164983496 0.46515817215349153 0.19671497790761386 0.4594530332122333 0.20465454317856296 0.4508521296223849 0.20598866360318585 0.4404476278018029 0.20443771232640479 0.43017948117027116 0.20000977436425255 0.42484021261820326 0.1945214600408825 0.42268156093375725 0.19075241775025473 0.4227085669904767 0.18364621219356994 0.4168266000570645 0.17657444747977902 0.4159518069984173 0.1694276577934215 0.41682932243192206 0.15799683680326604 0.4206296085707363 0.1479771029395539 0.42883226352891163 0.13291306130109193 0.4361290720914095 0.12800861767667976 0.44108900350790314 0.12347315562832124 0.44905404870531773 0.12272500668141866 0.4524142159399509 0.12299260745804488 0.4569569872286725 0.12458414286449859 0.46046565149328716 0.12783819614195618 0.4633344100851577 0.13369144953336345 0.46610191410531804 0.14911428695308387 0.4711806141202161 0.16260700572517423 0.4723564485191368
5 0.4799752377239127 0.41726488610813117 0.48668206336966646 0.41753082683106435 0.4952845668201563 0.41669245929521004 0.499335438190222 0.4142340911759437 0.5042094834797568 0.40666324732989195 0.5094099844864185 0.392297820499583 0.5054787647266085 0.38864065920498686 0.49892603153400417 0.38726636294295613 0.4918238684853359 0.3837806574547506 0.48700867813630183 0.3800141470278235 0.4801437175293824 0.37846030039878154 0.47637467523875443 0.378487306455501 0.46603867145271066 0.3841141496014583 0.46365436046166525 0.3883288734931872 0.4618721909804058 0.3950843085797938 0.46203841095760445 0.4011647373763161 0.46370901384464114 0.40531735459398527 0.4679261051919056 0.4089394152712411 0.4717822999791492 0.4143488850579895 0.473994247706217 0.4158203886114201 0.4799752377239127 0.41726488610813117
5 0.4145410425317559 0.4279138399085934 0.4275553139123323 0.42282969514398044 0.4304688422193597 0.40874507325239307 0.4203457858269661 0.40192620658627387 0.41608002533399613 0.4002711053855215 0.4125704988039616 0.4000483598405493 0.40173373430755943 0.40159683428382814 0.39562905017159167 0.40387160475577294 0.3914240863483765 0.4074383284141369 0.3889911062116256 0.41362001178236946 0.3891532836808078 0.41730417913368506 0.3912902064353092 0.42052799117926787 0.39436381143275645 0.42429045432588464 0.39975074495669893 0.42798676351813125 0.40476869690458794 0.428677958929457 0.4145410425317559 0.4279138399085934
5 0.24435010970503765 0.4527326261790151 0.251902422589105 0.44570448071430757 0.2545198935138829 0.4410253542365356 0.254485452670989 0.4360181803617708 0.24989533723965454 0.4269947444583872 0.2448469869568882 0.4236926366175034 0.23223419626600528 0.420229889905707 0.22625724875632597 0.4211816538542026 0.21303617326887822 0.4269448521892102 0.20792088302957829 0.43018757573089184 0.2064692117734622 0.43254468927844786 0.20601097692203035 0.43826601734094756 0.2066475592747102 0.4458139024105902 0.20943529268470318 0.4496114661745471 0.21918936750104306 0.4534252190597455 0.2336451243429402 0.45535435554405146 0.23710193921925282 0.4551477991203206 0.24435010970503765 0.4527326261790151
5 0.10841929978465455 0.44698046247134054 0.12419494874836286 0.445479230486333 0.13205544653872908 0.4362343739434301 0.1467809049360148 0.42854336402956933 0.14877796354017844 0.42590139826298135 0.1492929525533487 0.4230056336143913 0.1469451831839595 0.41806461369399645 0.1408060582050979 0.4153322102911764 0.13407287673248322 0.41485161858389186 0.12318340058235897 0.4159707910584676 0.11491543786502886 0.41480709850047803 0.09617969222735008 0.4181969941666882 0.08641543161621487 0.4237536360779651 0.08452379631949505 0.42725420578195916 0.08437374637436215 0.4307588227662634 0.08560034271277864 0.43365863469516386 0.09156306191964622 0.4396810040979367 0.0991842564895012 0.44266720638275886 0.10457119001344377 0.44636351557500553 0.10841929978465455 0.44698046247134054